1.719842548482120037e-03
2.481769537553191185e-03
2.952211536467075348e-03
1.677189371548593044e-03
2.182557014748454094e-03
3.879748517647385597e-03
1.902133342809975147e-03
2.414829097688198090e-03
-5.989014171063899994e-04
2.088936511427164078e-03
-2.315539168193936348e-03
2.284595509991049767e-03
1.091575832106173038e-03
-2.013229532167315483e-03
2.515948843210935593e-03
1.326933706877753139e-04
-1.636597211472690105e-03
-1.107251737266778946e-03
1.573582179844379425e-03
-3.703091992065310478e-03
8.751159184612333775e-04
-2.740649506449699402e-03
-3.511017188429832458e-03
-5.718654138036072254e-04
1.807791995815932751e-03
-3.151834011077880859e-03
3.431445220485329628e-03
-1.201466657221317291e-03
-1.893626642413437366e-03
-2.705816878005862236e-03
-1.863902085460722446e-03
3.315878566354513168e-04
7.212519412860274315e-04
-1.903213706100359559e-04
2.752647269517183304e-03
-5.222986801527440548e-04
1.840724027715623379e-03
2.292286371812224388e-03
-3.664455842226743698e-03
3.766019362956285477e-03
9.003793238662183285e-04
-3.213803982362151146e-03
-3.755211830139160156e-03
-1.190985320135951042e-03
-3.317157505080103874e-03
-1.782380626536905766e-03
1.721773413009941578e-03
6.612049182876944542e-04
-2.709711669012904167e-03
6.396485259756445885e-04
4.146728606428951025e-04
-3.544321516528725624e-03
-2.540183253586292267e-03
1.671302365139126778e-03
3.635904053226113319e-03
8.692181436344981194e-04
-2.786209806799888611e-04
1.944437040947377682e-03
-1.302051357924938202e-03
-1.739539089612662792e-03
-3.104951465502381325e-03
-2.364415675401687622e-03
4.341560124885290861e-04
-3.736335085704922676e-03
-3.475494217127561569e-03
-3.857433563098311424e-03
-2.875585574656724930e-03
2.888852264732122421e-03
4.030895652249455452e-04
1.621669856831431389e-03
-1.618654350750148296e-03
-1.776146702468395233e-03
-3.650969825685024261e-03
2.658487064763903618e-03
-9.553593117743730545e-04
3.527032386045902967e-04
-3.128260374069213867e-03
1.988890348002314568e-03
2.775931730866432190e-03
-1.410786993801593781e-03
-8.581900037825107574e-04
-3.258122131228446960e-03
6.841167341917753220e-04
-2.503530820831656456e-03
3.589793108403682709e-03
-4.828035307582467794e-04
-1.991716912016272545e-03
2.841124078258872032e-03
-1.957800937816500664e-03
-3.555396106094121933e-04
-2.011460252106189728e-03
-2.538432832807302475e-03
-3.476167097687721252e-03
-2.762965857982635498e-03
-3.620711155235767365e-03
2.663770457729697227e-03
2.781230956315994263e-03
-3.574680769816040993e-03
-2.181214513257145882e-03
-3.432444529607892036e-03
3.852237714454531670e-03
-2.632767427712678909e-03
-1.818758086301386356e-03
1.381235546432435513e-03
-3.869592444971203804e-03
-6.118700257502496243e-04
1.956786494702100754e-03
2.403535880148410797e-03
-1.803942373953759670e-03
3.633677028119564056e-03
-3.235372947528958321e-03
3.290713997557759285e-03
3.184477100148797035e-03
-2.368655987083911896e-03
-1.358645735308527946e-03
3.608927363529801369e-03
-2.355863573029637337e-03
3.544312668964266777e-03
-2.627255860716104507e-03
1.361055532470345497e-03
-3.463610773906111717e-03
8.339420892298221588e-04
1.733980374410748482e-03
3.455178346484899521e-03
-3.247704124078154564e-03
3.692161059007048607e-03
-2.064097207039594650e-03
9.912090608850121498e-04
3.549146465957164764e-03
-8.263028576038777828e-04
-4.847843083553016186e-04
1.367981894873082638e-04
1.540274941362440586e-03
2.485920675098896027e-03
-1.720202504657208920e-03
-3.784619038924574852e-03
-2.839884255081415176e-03
1.458621583878993988e-03
9.662475204095244408e-04
3.043075324967503548e-03
5.249740206636488438e-04
2.219296758994460106e-03
-3.516616299748420715e-03
-1.025884062983095646e-03
3.423000220209360123e-03
2.333227079361677170e-03
-1.060788752511143684e-03
3.745923982933163643e-03
3.792260395130142570e-05
-3.817754099145531654e-03
2.208931837230920792e-04
1.201262464746832848e-03
2.608706010505557060e-03
-1.216786331497132778e-03
6.091812392696738243e-04
-2.958033932372927666e-03
5.681472830474376678e-04
-2.110806963173672557e-04
-8.733753929845988750e-05
-1.146950060501694679e-03
3.859176766127347946e-03
1.474338467232882977e-03
-2.995905106217833236e-06
3.464732435531914234e-04
-2.912609837949275970e-03
-3.860450582578778267e-03
-2.767830388620495796e-03
-2.839853055775165558e-03
-1.375284162349998951e-03
-4.270952485967427492e-04
-2.295795362442731857e-03
2.179049421101808548e-03
-2.201067283749580383e-03
-3.017161507159471512e-03
3.175924066454172134e-03
-4.059467755723744631e-04
-2.227691002190113068e-03
-3.729524323716759682e-03
1.770576578564941883e-03
2.564201364293694496e-03
9.387602913193404675e-04
3.680867841467261314e-03
-3.738349070772528648e-03
4.982741083949804306e-04
-2.449919702485203743e-03
2.109091728925704956e-03
1.254237373359501362e-03
-2.457257127389311790e-03
9.556768927723169327e-04
3.325951402075588703e-04
4.856033774558454752e-05
1.347354846075177193e-04
1.772071700543165207e-03
-1.113422447815537453e-03
1.525406842119991779e-03
2.794515108689665794e-03
-2.359486185014247894e-03
-3.646858269348740578e-03
-2.069575013592839241e-03
1.957697095349431038e-03
-1.799418358132243156e-03
8.880643290467560291e-04
2.115305745974183083e-03
-1.878267852589488029e-03
-6.064710905775427818e-04
-2.707455540075898170e-03
2.246349351480603218e-03
-2.796322572976350784e-03
5.278288736008107662e-04
-2.259373664855957031e-03
1.652290375204756856e-04
2.206126693636178970e-03
7.402464398182928562e-04
3.071723040193319321e-03
2.914630109444260597e-03
-1.499031670391559601e-03
6.194307352416217327e-04
2.730096457526087761e-03
-2.842141082510352135e-03
-1.017976668663322926e-03
-3.742043394595384598e-03
-3.258538432419300079e-03
2.564145717769861221e-03
3.769499016925692558e-03
-2.104873274220153689e-04
-5.143913440406322479e-04
3.015442285686731339e-03
-1.762650208547711372e-03
-3.448544070124626160e-03
-3.155650570988655090e-03
1.090279314666986465e-03
-1.690701232291758060e-03
2.727382117882370949e-03
-2.691745990887284279e-03
-1.185229397378861904e-03
1.134809572249650955e-03
-3.245232161134481430e-03
1.194551587104797363e-03
-7.814449054421856999e-05
-2.006546361371874809e-03
1.614365493878722191e-03
-1.121660927310585976e-03
7.613082998432219028e-04
9.474952821619808674e-04
-1.348400604911148548e-03
2.546228002756834030e-03
-2.659154357388615608e-03
-1.114455983042716980e-03
-1.300721196457743645e-03
-1.250889090442797169e-05
2.088174922391772270e-03
3.242517821490764618e-03
3.630280727520585060e-03
2.762231510132551193e-03
6.062188767828047276e-04
-3.960999893024563789e-04
