-2.998059615492820740e-03
1.577064904267899692e-05
1.178309539682231843e-04
-2.080872654914855957e-03
-2.475366927683353424e-03
2.497090725228190422e-03
2.149613137589767575e-04
-3.439124207943677902e-03
-1.871174317784607410e-04
3.331332933157682419e-03
-3.521128557622432709e-03
3.768200054764747620e-03
3.025628160685300827e-03
-2.244080882519483566e-03
-3.453881246969103813e-03
2.909193979576230049e-03
1.651783706620335579e-03
1.580108655616641045e-03
1.663294737227261066e-03
-3.348805010318756104e-03
3.070647595450282097e-03
-1.366562937619164586e-04
2.572094323113560677e-03
-1.983424648642539978e-03
-2.673190552741289139e-03
-1.373762148432433605e-03
2.450015395879745483e-03
-1.271901419386267662e-03
2.938261488452553749e-03
-2.390075242146849632e-03
-1.168187242001295090e-03
-2.457217080518603325e-03
2.546156058087944984e-03
1.724150730296969414e-03
3.576567862182855606e-03
-2.577041508629918098e-03
1.146695285569876432e-04
3.404771909117698669e-03
-1.532812952063977718e-03
1.640849979594349861e-03
-3.227185225114226341e-03
2.348741982132196426e-03
-1.660426147282123566e-03
1.625902717933058739e-03
-2.986475883517414331e-04
2.852976555004715919e-03
3.782642306759953499e-03
1.637470093555748463e-03
-2.950626658275723457e-03
-3.442873479798436165e-03
4.533821775112301111e-04
3.500639868434518576e-04
9.360247640870511532e-04
8.315787999890744686e-05
1.818160060793161392e-03
-2.145813778042793274e-03
-1.103993621654808521e-03
3.226355882361531258e-03
-3.145077265799045563e-03
-2.495191583875566721e-04
-3.520479192957282066e-03
2.515149302780628204e-03
-8.421434176852926612e-05
5.335821770131587982e-04
-1.788055873475968838e-03
3.436474071349948645e-04
-2.697467803955078125e-03
-3.486729692667722702e-03
-3.099915571510791779e-03
1.246624859049916267e-03
-3.786529705394059420e-04
3.696856088936328888e-03
-2.246833639219403267e-03
6.071532261557877064e-04
-1.412014535162597895e-04
-7.004771032370626926e-04
-2.083504950860515237e-04
-1.516087679192423820e-03
-1.703053712844848633e-04
-2.091881353408098221e-03
-5.807343768537975848e-05
3.054057015106081963e-04
-2.341732848435640335e-03
3.468948183581233025e-03
-2.632069401443004608e-03
-2.604682464152574539e-03
-1.847396488301455975e-04
8.418319630436599255e-04
1.779084559530019760e-03
-3.443241352215409279e-03
5.335820023901760578e-04
2.722773002460598946e-03
-9.460692672291770577e-05
3.117040963843464851e-03
-2.741076285019516945e-03
-1.871895627118647099e-03
-1.410318538546562195e-03
-3.709043376147747040e-03
-3.888378618285059929e-03
2.020885469391942024e-03
-2.192018087953329086e-03
1.691302401013672352e-03
2.320399042218923569e-03
7.172300829552114010e-04
1.766433124430477619e-03
1.731516327708959579e-03
1.196152414195239544e-03
2.274714643135666847e-03
-2.917692530900239944e-03
-2.534511266276240349e-03
2.747465623542666435e-03
3.896229201927781105e-03
-2.628175541758537292e-03
3.806250169873237610e-03
9.011070360429584980e-04
2.942961407825350761e-03
2.932461677119135857e-03
1.296716276556253433e-03
-1.783825107850134373e-03
-1.977950101718306541e-03
2.594760153442621231e-03
-1.767596113495528698e-03
-1.851585227996110916e-03
-3.657633787952363491e-04
-7.520800572820007801e-04
-3.610865212976932526e-03
-1.040435163304209709e-03
-1.327071688137948513e-03
2.481801435351371765e-03
1.378414919599890709e-03
1.790806883946061134e-03
-2.962232567369937897e-03
2.502674236893653870e-03
-1.025244360789656639e-03
1.015826477669179440e-03
-2.468882594257593155e-03
3.625489538535475731e-03
-1.427853247150778770e-03
2.558605978265404701e-03
3.468850394710898399e-03
1.234924537129700184e-03
-1.336961169727146626e-03
4.758935247082263231e-04
5.043405690230429173e-04
2.094529627356678247e-04
1.604967983439564705e-03
2.191074192523956299e-03
-3.472044831141829491e-03
-1.707265153527259827e-03
-3.220204031094908714e-03
-3.878901945427060127e-03
-3.867568448185920715e-03
-3.273005713708698750e-04
-3.329975996166467667e-03
9.421561262570321560e-04
4.886986571364104748e-04
1.616269815713167191e-03
-1.879054470919072628e-03
-3.017435548827052116e-03
-3.583691781386733055e-03
2.321608131751418114e-03
2.289785305038094521e-03
-4.183463461231440306e-04
-1.846773557190317661e-05
-8.035600185394287109e-04
-2.557264408096671104e-03
-1.438388018868863583e-03
3.212348558008670807e-03
5.986834876239299774e-04
-6.815213710069656372e-04
2.267324831336736679e-03
3.477455582469701767e-03
1.889454782940447330e-03
-3.013005014508962631e-03
2.090057823807001114e-04
-3.459192346781492233e-03
-3.661163384094834328e-03
7.038470357656478882e-04
-2.699560951441526413e-03
3.124831710010766983e-03
9.555160067975521088e-04
-5.709021934308111668e-04
-2.545537892729043961e-03
1.067571458406746387e-03
3.179617924615740776e-03
-3.151110140606760979e-03
8.070552721619606018e-04
3.895842237398028374e-03
-2.593705896288156509e-03
2.880344865843653679e-03
1.827942905947566032e-03
1.384388422593474388e-03
-9.274138719774782658e-04
-2.168065635487437248e-03
-1.513631665147840977e-03
-1.043944386765360832e-03
2.595035126432776451e-03
2.227616729214787483e-03
1.237708842381834984e-03
-2.731401007622480392e-03
3.268905682489275932e-03
-7.682276773266494274e-04
-9.679485810920596123e-04
7.879366166889667511e-04
1.552652567625045776e-03
-3.611946012824773788e-03
-7.206645677797496319e-04
1.675964449532330036e-03
1.440311432816088200e-03
-2.280531218275427818e-03
-1.633088570088148117e-03
-1.705768052488565445e-03
1.185408676974475384e-03
5.441205576062202454e-04
8.198746945708990097e-04
3.188780974596738815e-03
-2.758888062089681625e-03
-3.259648801758885384e-03
-2.716839546337723732e-03
-3.134563739877194166e-04
6.455911207012832165e-04
-2.614135853946208954e-03
-1.041760551743209362e-03
-1.743661239743232727e-03
1.797446515411138535e-03
5.815626936964690685e-04
1.154584315372630954e-04
-3.214142518118023872e-03
3.279769560322165489e-03
4.415218427311629057e-04
-3.516368800774216652e-03
-1.076050801202654839e-03
-1.152453711256384850e-03
3.165457164868712425e-03
-2.298212610185146332e-03
2.536372281610965729e-03
-1.974249491468071938e-03
-2.226975746452808380e-03
2.532835118472576141e-03
3.587814513593912125e-03
3.232739109080284834e-04
3.607391146942973137e-03
-1.424310379661619663e-03
-4.767660284414887428e-04
1.341031311312690377e-04
3.106645308434963226e-03
-4.140962264500558376e-04
3.423051675781607628e-03
3.470523748546838760e-03
-2.241114852949976921e-04
1.733746496029198170e-03
-5.938715185038745403e-04
-2.271052449941635132e-03
-3.287972649559378624e-04
-3.037654561921954155e-03
3.820019308477640152e-03
