6.254854961298406124e-04
-1.457518665120005608e-03
-3.284871112555265427e-03
-7.995764608494937420e-04
1.511563314124941826e-03
2.331025665625929832e-03
1.813293783925473690e-03
6.534181302413344383e-04
2.773362211883068085e-03
3.706748131662607193e-03
-3.827079432085156441e-03
2.595117315649986267e-03
-5.625807680189609528e-04
2.301493659615516663e-03
-1.009424799121916294e-03
-3.138332860544323921e-03
2.534840488806366920e-03
1.566897961311042309e-03
1.173889264464378357e-03
-3.282620105892419815e-03
1.182835781946778297e-03
5.647328798659145832e-04
-1.839056378230452538e-03
2.577619627118110657e-03
-2.994211623445153236e-03
-3.657541936263442039e-03
1.319481991231441498e-03
8.785423706285655499e-04
5.078436515759676695e-05
1.734929974190890789e-03
1.987277530133724213e-03
-1.513939001597464085e-03
2.678735880181193352e-03
-1.971861347556114197e-03
3.600997151806950569e-03
2.091900911182165146e-03
-1.156525686383247375e-03
2.232439350336790085e-03
3.866611979901790619e-03
2.660649362951517105e-03
-4.520759684965014458e-04
-1.985149719985201955e-04
-3.146390430629253387e-03
1.026583020575344563e-03
3.287408035248517990e-03
3.031332744285464287e-03
-1.184160006232559681e-03
-1.797311590053141117e-03
2.659281482920050621e-03
6.820817361585795879e-04
-1.106793759390711784e-03
-1.041254261508584023e-03
2.592438831925392151e-03
-4.645563603844493628e-04
-2.436576411128044128e-03
-7.023173966445028782e-04
2.555942395702004433e-03
3.694925224408507347e-03
-2.796564484015107155e-03
-2.079864963889122009e-03
-1.807551132515072823e-03
1.870544743724167347e-03
-3.612195840105414391e-03
2.256357111036777496e-03
1.751738251186907291e-03
1.179134240373969078e-03
-8.487374288961291313e-04
-2.809339901432394981e-03
-1.350638340227305889e-03
-2.467233935021795332e-05
-1.447288785129785538e-03
9.428361081518232822e-04
-2.239617984741926193e-03
1.111215446144342422e-03
3.403111128136515617e-03
-1.124557573348283768e-03
-3.938022127840667963e-04
-3.773503703996539116e-03
-3.700084052979946136e-04
-2.603037748485803604e-03
1.794692012481391430e-03
-2.392389113083481789e-03
-1.786737120710313320e-03
-3.568708896636962891e-03
-1.840313430875539780e-03
-2.776180161163210869e-03
3.675090614706277847e-03
-3.181135514751076698e-03
2.560236491262912750e-03
1.792830182239413261e-03
8.416599011979997158e-04
-2.358297351747751236e-03
3.329346422106027603e-03
2.751172520220279694e-03
8.846597629599273205e-04
-2.942508552223443985e-03
1.019674353301525116e-03
-2.148122759535908699e-03
-2.690650289878249168e-03
2.016684506088495255e-03
-1.942055183462798595e-03
-1.252838119398802519e-04
-1.189132919535040855e-03
2.875989768654108047e-03
3.876589704304933548e-03
8.607637137174606323e-04
-3.601032309234142303e-03
1.019438495859503746e-03
2.360857324674725533e-03
-2.335195196792483330e-03
2.836412983015179634e-03
-3.542353399097919464e-03
4.219714028295129538e-04
-2.226415555924177170e-03
-2.131921355612576008e-04
-1.132918041548691690e-04
-1.249123597517609596e-03
-6.856617983430624008e-04
6.863683229312300682e-04
9.993425337597727776e-04
-2.016705926507711411e-03
-1.101719914004206657e-03
-3.127569099888205528e-03
-2.296222839504480362e-03
-2.823347924277186394e-03
-1.614362117834389210e-04
-3.846871433779597282e-03
-2.584306523203849792e-03
2.894845558330416679e-03
-2.633146708831191063e-03
2.632913645356893539e-03
3.518397919833660126e-03
2.621943131089210510e-03
-2.239169261883944273e-04
6.118860910646617413e-04
-1.289029023610055447e-03
5.742912180721759796e-04
3.700318280607461929e-03
-9.710363519843667746e-05
-2.478876849636435509e-03
3.540556179359555244e-03
2.554453443735837936e-03
6.953878328204154968e-04
2.891884185373783112e-03
1.310878666117787361e-03
2.706331666558980942e-03
-3.238385776057839394e-03
8.753828296903520823e-05
4.191581974737346172e-04
-8.180881268344819546e-04
3.669079160317778587e-03
1.422417815774679184e-03
-2.938853576779365540e-03
-2.796425716951489449e-03
-3.716582665219902992e-03
3.670425154268741608e-03
-8.270076941698789597e-04
-7.087659905664622784e-04
-1.801340025849640369e-03
-1.652089646086096764e-03
-2.741505624726414680e-03
2.866893075406551361e-03
4.916214384138584137e-04
-2.300226362422108650e-03
-1.833253074437379837e-03
-3.793831449002027512e-03
-2.573448931798338890e-03
-2.685905434191226959e-03
-3.741037799045443535e-03
7.926788530312478542e-04
2.633141586557030678e-03
1.882871962152421474e-03
-1.654766616411507130e-03
-1.133994199335575104e-03
-8.345723617821931839e-04
-2.294242731295526028e-04
-3.505075583234429359e-03
-1.173110096715390682e-03
2.978288335725665092e-03
2.969770692288875580e-03
3.576189337763935328e-04
-2.311330987140536308e-03
3.756125923246145248e-03
2.106474246829748154e-03
2.726177452132105827e-03
3.776648372877389193e-04
-1.231191563419997692e-03
3.230664413422346115e-03
2.616696059703826904e-03
-1.843316713348031044e-03
-1.852200803114101291e-04
1.912853564135730267e-03
-1.046937075443565845e-03
-3.259365214034914970e-03
3.257354954257607460e-03
5.365494289435446262e-04
1.865713158622384071e-03
-2.348886337131261826e-03
2.681218553334474564e-03
3.482719184830784798e-03
2.754684304818511009e-03
-3.803417319431900978e-03
3.858655691146850586e-03
6.025697221048176289e-04
-3.810605267062783241e-04
-3.797150682657957077e-03
-1.990383258089423180e-03
1.995600527152419090e-03
2.183969831094145775e-03
-2.083737403154373169e-03
1.045833923853933811e-03
-3.526284359395503998e-03
2.851312980055809021e-03
3.910377272404730320e-04
2.478534588590264320e-03
1.951074344106018543e-03
2.890042727813124657e-03
1.367659424431622028e-03
4.479787821765057743e-05
-1.756397308781743050e-03
-7.164696580730378628e-04
2.126458799466490746e-03
-3.000817087013274431e-04
1.488410402089357376e-03
1.612303778529167175e-03
-2.035944722592830658e-03
1.772448187693953514e-03
3.778609680011868477e-03
-1.617650617845356464e-03
-1.235294388607144356e-03
-3.883111523464322090e-03
1.851284760050475597e-03
-2.054309239611029625e-03
-1.706596696749329567e-03
-3.622030140832066536e-03
1.750536495819687843e-03
2.917843172326683998e-03
-9.617448667995631695e-04
1.390447723679244518e-03
2.422240329906344414e-03
-6.875278777442872524e-04
1.762795378454029560e-03
1.116555999033153057e-03
2.966273110359907150e-03
-3.565814811736345291e-03
2.058491343632340431e-03
-3.137833904474973679e-03
-9.146205266006290913e-04
2.055716468021273613e-03
2.771864645183086395e-03
-3.353363834321498871e-03
1.058209571056067944e-03
-1.917269313707947731e-03
1.573766814544796944e-03
-3.463943954557180405e-03
7.330539519898593426e-04
