8.700709440745413303e-04
3.125162096694111824e-03
-8.463702979497611523e-04
-8.740446064621210098e-04
2.829383360221982002e-03
-5.837183562107384205e-04
1.303636236116290092e-03
3.334249369800090790e-03
-4.415677394717931747e-04
-2.896044403314590454e-03
1.987114781513810158e-03
-3.634689375758171082e-03
1.334058353677392006e-03
-3.179688937962055206e-03
-2.519849687814712524e-03
2.950296504423022270e-03
1.300996518693864346e-03
8.794543100520968437e-04
2.858266001567244530e-03
-1.312698819674551487e-03
-1.700899912975728512e-03
-2.403172664344310760e-03
-2.631355775520205498e-03
8.797543705441057682e-04
2.767470199614763260e-03
2.075718017295002937e-03
9.998743189498782158e-04
-1.163532957434654236e-03
4.962017410434782505e-04
-1.770251314155757427e-03
2.839714288711547852e-03
-3.154080361127853394e-03
6.054064142517745495e-04
1.908863661810755730e-03
-3.448756178840994835e-03
-2.423594472929835320e-03
-2.213163068518042564e-03
6.285610725171864033e-04
9.197206236422061920e-04
-2.330123446881771088e-03
-2.530063036829233170e-03
2.670741407200694084e-03
2.460408490151166916e-03
1.126224407926201820e-03
-8.553651277907192707e-04
-9.661204530857503414e-04
3.325980389490723610e-03
-1.254122587852180004e-03
3.443386405706405640e-03
-1.450593234039843082e-03
2.171273576095700264e-03
-2.656193450093269348e-03
3.597643459215760231e-03
-2.915565855801105499e-03
1.035311957821249962e-03
3.095082938671112061e-04
-3.005560254678130150e-03
-1.758208090905100107e-04
1.677115797065198421e-03
-1.977903069928288460e-03
5.653486587107181549e-04
1.299587660469114780e-03
-2.908001421019434929e-03
3.054663306102156639e-03
-7.425953517667949200e-04
4.139966622460633516e-04
-3.325332887470722198e-03
-3.177265170961618423e-03
1.098813838325440884e-03
-2.828969736583530903e-04
2.970585774164646864e-04
-3.284525126218795776e-03
1.294902409426867962e-03
-2.676612464711070061e-03
-3.636445384472608566e-03
-4.942354280501604080e-04
2.577294828370213509e-03
1.767895155353471637e-04
2.159593161195516586e-03
-1.437327475287020206e-03
2.645265485625714064e-04
2.384981140494346619e-03
-1.156449085101485252e-03
1.994104357436299324e-03
-3.888295730575919151e-03
2.573258941993117332e-03
2.398394048213958740e-03
-3.284318838268518448e-03
5.713181453756988049e-04
3.497742116451263428e-03
3.239073557779192924e-03
3.474032506346702576e-03
-1.615703804418444633e-04
-2.567437244579195976e-03
-1.528799883089959621e-03
-2.428832696750760078e-03
-2.442847238853573799e-03
-1.299463328905403614e-03
6.855902611277997494e-04
2.267846139147877693e-03
3.202086547389626503e-03
3.158576786518096924e-03
-1.765362103469669819e-03
2.609932096675038338e-03
3.751000040210783482e-04
-2.526010852307081223e-03
3.349071368575096130e-03
-2.238208428025245667e-03
-1.036802190355956554e-03
2.405103528872132301e-03
-3.250445472076535225e-03
-6.276421481743454933e-04
2.155312569811940193e-03
-6.360980332829058170e-04
-2.201206516474485397e-03
5.179171566851437092e-04
-1.822582562454044819e-03
3.794607007876038551e-03
-3.137532155960798264e-03
1.197999226860702038e-03
1.180740946438163519e-04
-3.510639304295182228e-03
-1.440020045265555382e-03
-1.414796570315957069e-03
1.867672894150018692e-03
-2.566895680502057076e-03
3.184470115229487419e-03
-4.034292069263756275e-04
3.692634170874953270e-03
-3.434354905039072037e-03
1.459819497540593147e-03
-1.186129637062549591e-03
-3.523431718349456787e-03
2.806035336107015610e-03
-2.331969735678285360e-04
2.288207411766052246e-03
3.555803792551159859e-03
2.916113007813692093e-03
5.019145319238305092e-04
2.251746365800499916e-03
-1.031216233968734741e-03
1.524366671219468117e-03
-1.622244250029325485e-03
7.030230335658416152e-05
4.052787844557315111e-04
-5.991456055198796093e-05
-3.781028091907501221e-03
-2.451200271025300026e-03
3.034813795238733292e-03
-1.524267718195915222e-03
-3.715465543791651726e-03
1.319168368354439735e-03
3.397931111976504326e-03
4.023174406029284000e-04
-2.127105835825204849e-03
-6.206037942320108414e-04
-3.624302335083484650e-03
-3.462787717580795288e-03
1.140441047027707100e-03
-2.250978723168373108e-03
-2.031616400927305222e-03
-1.066662603989243507e-03
-3.912069369107484818e-04
3.671605372801423073e-03
2.944515319541096687e-03
5.772598669864237309e-04
1.866153557784855366e-03
-3.780339146032929420e-03
7.312007364816963673e-04
3.221853403374552727e-03
-1.915921689942479134e-03
2.691068220883607864e-03
-1.084454590454697609e-03
-2.913659438490867615e-03
-1.296131813433021307e-04
1.539777440484613180e-04
-3.735177451744675636e-03
-3.885656828060746193e-03
-2.675348892807960510e-03
2.919876947999000549e-03
2.469366183504462242e-03
-9.916154667735099792e-04
1.557709649205207825e-03
-1.660887151956558228e-03
1.648870762437582016e-03
2.929864451289176941e-03
-2.978275064378976822e-03
2.720138290897011757e-03
-2.474760403856635094e-03
3.254568669945001602e-03
1.917120098369196057e-04
2.725669182837009430e-04
1.522573875263333321e-03
1.223108265548944473e-03
1.504225539974868298e-03
-1.156646758317947388e-04
-4.367784131318330765e-04
1.918960246257483959e-03
2.277607331052422523e-03
3.715126775205135345e-03
8.087589521892368793e-04
3.206099150702357292e-03
-1.878467155620455742e-03
3.339183982461690903e-03
2.096643904224038124e-03
-1.631161081604659557e-03
2.547012874856591225e-03
-2.284061629325151443e-03
-7.930399151518940926e-04
-2.440512413159012794e-03
-3.217029385268688202e-03
-1.285081380046904087e-03
-3.250914160162210464e-03
-3.244469175115227699e-03
-1.437826547771692276e-03
-2.096006181091070175e-03
2.465400029905140400e-04
-1.737646176479756832e-03
-2.184232696890830994e-03
2.463304670527577400e-03
-5.321613934938795865e-05
-2.059164224192500114e-03
4.772786051034927368e-04
-6.653705495409667492e-04
2.342664636671543121e-03
-2.045853616436943412e-04
-6.122289341874420643e-04
-3.419635817408561707e-03
-3.285039274487644434e-04
4.677500110119581223e-04
-4.799812450073659420e-04
-1.364042283967137337e-03
3.125093644484877586e-04
1.409941585734486580e-03
2.634703181684017181e-03
-1.462638610973954201e-03
3.046837809961289167e-04
-2.936970209702849388e-03
2.598351566120982170e-03
-2.783658914268016815e-03
-3.677822242025285959e-04
-2.831101883202791214e-03
3.272224683314561844e-03
-4.347271751612424850e-04
3.488182788714766502e-03
3.303494071587920189e-03
-2.212940453318879008e-04
1.665395917370915413e-03
1.234268769621849060e-03
3.449497511610388756e-03
-2.177546732127666473e-03
2.033902332186698914e-03
4.130906017962843180e-05
-1.768631511367857456e-03
3.516222350299358368e-03
-2.786310855299234390e-03
