2.939981641247868538e-03
2.780955284833908081e-03
3.792925039306282997e-03
2.567911287769675255e-03
2.962027676403522491e-03
-6.653286982327699661e-04
-2.653750707395374775e-04
3.904712619259953499e-03
9.131275583058595657e-04
2.279686508700251579e-03
3.678231732919812202e-03
-1.411820179782807827e-03
-3.863469464704394341e-04
9.391963831149041653e-04
-1.125758397392928600e-03
3.553932998329401016e-03
-3.457337617874145508e-03
-2.858107443898916245e-03
1.973855542019009590e-03
2.691816771402955055e-04
-2.605028450489044189e-03
-2.529438817873597145e-03
-2.749324077740311623e-03
4.781112074851989746e-04
-1.087967422790825367e-03
1.049907645210623741e-03
-3.311094362288713455e-03
1.511771115474402905e-04
3.294519614428281784e-03
-6.311163888312876225e-04
7.252029026858508587e-04
1.792356604710221291e-03
2.590843359939754009e-04
-1.285739475861191750e-03
3.506968729197978973e-03
3.837703843601047993e-04
9.474842954659834504e-06
-1.698649255558848381e-03
6.368201575241982937e-04
-3.297099610790610313e-03
-1.689731143414974213e-04
3.380997339263558388e-03
-2.176501788198947906e-03
1.527212771179620177e-05
-1.781419268809258938e-03
-3.980757901445031166e-04
3.589750267565250397e-03
-1.280631520785391331e-03
2.722096862271428108e-03
1.617545960471034050e-03
1.839589793235063553e-03
-1.293241162784397602e-03
6.096467259339988232e-04
-1.258684671483933926e-03
-2.022738568484783173e-03
3.687686519697308540e-03
-3.308223793283104897e-03
-1.091540791094303131e-03
-9.168915566988289356e-04
3.189343260601162910e-03
3.497362513371626846e-06
3.531081834807991982e-03
5.323683144524693489e-04
6.827681499999016523e-05
2.836282365024089813e-04
-3.614217275753617287e-03
3.552016336470842361e-03
3.486705711111426353e-03
-2.111372159561142325e-04
1.365325297228991985e-03
2.641984028741717339e-03
2.247642260044813156e-03
2.913320204243063927e-03
2.924976404756307602e-03
3.113657236099243164e-03
3.542897989973425865e-03
-1.235441537573933601e-03
-5.474129648064263165e-05
-1.962064765393733978e-03
-7.497722399421036243e-04
3.546176711097359657e-03
1.356624881736934185e-03
-1.263455604203045368e-03
1.200612285174429417e-03
-1.782641338650137186e-04
-1.082483446225523949e-03
4.421066259965300560e-04
2.691067755222320557e-03
3.735811682417988777e-03
-1.130496966652572155e-03
-2.277447376400232315e-03
3.595860209316015244e-03
2.695051953196525574e-03
-1.466931076720356941e-03
1.759650302119553089e-03
-3.267083549872040749e-03
-3.350999439135193825e-03
-5.109866033308207989e-04
-4.656450764741748571e-04
-3.675216576084494591e-03
-3.619518363848328590e-03
-3.452267730608582497e-03
-2.372386166825890541e-03
-4.047676338814198971e-04
4.314087618695339188e-06
-2.249461365863680840e-03
-2.360627986490726471e-03
1.334721804596483707e-03
-2.023878740146756172e-03
6.796356756240129471e-04
-3.054524539038538933e-03
7.064094534143805504e-04
-2.592592500150203705e-03
2.812127582728862762e-03
2.841800684109330177e-03
-4.836443695239722729e-04
-3.369623795151710510e-03
-7.524784305132925510e-04
1.724213594570755959e-03
3.904232056811451912e-03
3.022151999175548553e-03
-1.033288659527897835e-03
3.757069120183587074e-03
-2.110611647367477417e-03
-9.690667502582073212e-05
8.799355127848684788e-04
-2.780032809823751450e-03
-1.702665933407843113e-03
-3.026145277544856071e-03
-2.999071497470140457e-03
1.835981733165681362e-03
-3.587477840483188629e-03
-3.244931576773524284e-03
1.215700409375131130e-03
-1.848085084930062294e-03
1.090137229766696692e-04
-1.168071030406281352e-04
-2.365736989304423332e-03
8.267577504739165306e-04
-3.294312627986073494e-03
3.482399042695760727e-03
-9.115842403843998909e-04
1.611556624993681908e-03
-1.661691931076347828e-03
1.488981186412274837e-03
-2.511122729629278183e-03
-1.731212134473025799e-03
-4.606219226843677461e-05
-1.319800270721316338e-03
-2.578699495643377304e-03
-2.911769784986972809e-03
-3.666715230792760849e-03
2.367759123444557190e-03
2.775427885353565216e-03
-3.072833642363548279e-03
1.766293891705572605e-03
-3.018232993781566620e-03
2.728211460635066032e-03
-6.835189560661092401e-05
-3.523983759805560112e-03
2.137815812602639198e-03
-1.346688950434327126e-03
1.343025825917720795e-03
-1.448972383514046669e-03
2.431731205433607101e-03
7.760658627375960350e-04
-1.777876052074134350e-03
-9.856318356469273567e-04
3.046342637389898300e-03
-3.331635380163788795e-03
2.254790160804986954e-03
1.737135229632258415e-03
-3.882886841893196106e-03
-3.792356001213192940e-03
3.689282108098268509e-03
4.141769895795732737e-04
-3.259132383391261101e-03
7.160795939853414893e-05
-1.119600026868283749e-03
-3.105701180174946785e-03
-1.644023810513317585e-03
1.862631412222981453e-03
-3.174982732161879539e-03
3.465104615315794945e-03
-3.533557057380676270e-03
-1.906097983010113239e-03
1.353115774691104889e-03
1.757197896949946880e-03
-2.242423361167311668e-03
1.527335727587342262e-03
-1.626512501388788223e-03
2.985421800985932350e-03
-1.936804619617760181e-04
-8.989659836515784264e-04
3.186398884281516075e-03
-1.593879773281514645e-03
-3.561604069545865059e-03
3.329877741634845734e-03
1.171176903881132603e-03
-2.498377114534378052e-03
-2.819944638758897781e-03
-1.453455624869093299e-04
-3.166241105645895004e-03
6.782416021451354027e-04
1.910304068587720394e-03
-5.123307346366345882e-04
-1.049960730597376823e-03
-1.713180448859930038e-03
2.031640848144888878e-03
2.771232277154922485e-03
2.431837609037756920e-03
2.946487395092844963e-03
3.166697919368743896e-03
-3.837562631815671921e-03
-1.814614166505634785e-03
2.617290476337075233e-03
-1.753956195898354053e-03
-4.665691085392609239e-05
-2.550567296566441655e-05
2.936696633696556091e-03
2.710888162255287170e-03
3.471916308626532555e-03
-4.815432184841483831e-04
-7.226784946396946907e-04
4.946546978317201138e-04
3.673878090921789408e-04
-1.956442603841423988e-03
-3.278115764260292053e-03
1.845216756919398904e-04
-3.595090005546808243e-03
-2.253687474876642227e-03
5.749236879637464881e-05
1.227249507792294025e-03
2.350938739255070686e-03
2.248834818601608276e-03
-2.074113348498940468e-03
5.272709531709551811e-04
-8.386543049709871411e-05
8.937504026107490063e-04
3.145509632304310799e-03
-1.312685315497219563e-03
-3.609294304624199867e-03
8.032441837713122368e-04
-1.404878101311624050e-03
-2.237572800368070602e-03
2.683286089450120926e-03
-2.264573238790035248e-03
-3.553136019036173820e-03
-2.043401123955845833e-03
7.909896085038781166e-04
-3.195496974512934685e-03
2.752294531092047691e-03
-3.152840072289109230e-03
-3.120244946330785751e-03
-2.321933279745280743e-04
-1.879701507277786732e-03
