3.841405734419822693e-03
2.704758953768759966e-04
2.304294146597385406e-03
3.403894836083054543e-03
7.556659984402358532e-04
2.998437848873436451e-04
2.277927938848733902e-03
3.599596442654728889e-03
3.769394243136048317e-04
4.692530201282352209e-04
1.527706277556717396e-03
-3.357436216901987791e-04
3.717616898939013481e-03
2.778451656922698021e-03
3.339181886985898018e-03
1.123508322052657604e-03
-1.380817615427076817e-03
3.965975483879446983e-04
5.416096537373960018e-04
1.505700754933059216e-03
-2.086767228320240974e-03
3.113059559836983681e-03
2.683418104425072670e-03
-8.455697097815573215e-04
-2.961063059046864510e-03
-1.007959130220115185e-03
6.960449973121285439e-04
-5.210960516706109047e-04
-4.693090886576101184e-05
-1.328839804045855999e-03
-2.300828229635953903e-03
7.444311049766838551e-04
2.478839596733450890e-03
-3.809393616393208504e-03
1.775078242644667625e-03
-1.299768569879233837e-03
3.096151165664196014e-03
3.158724168315529823e-03
-2.863807138055562973e-03
-4.396473232191056013e-04
-1.895178458653390408e-03
-1.013166620396077633e-03
-3.855405142530798912e-03
-3.133746562525629997e-03
1.939671463333070278e-03
2.978281350806355476e-03
-3.434146521613001823e-03
-2.505800453945994377e-03
2.211706480011343956e-03
-7.262392318807542324e-05
2.370225498452782631e-03
2.577055012807250023e-03
3.867151390295475721e-04
-1.287500490434467793e-03
-7.878993055783212185e-04
-9.984790813177824020e-04
1.362275797873735428e-03
-3.892897861078381538e-03
-3.688528900966048241e-03
3.321678843349218369e-03
-7.409935642499476671e-05
8.770016720518469810e-04
-2.628762740641832352e-03
-1.711207674816250801e-03
9.843774605542421341e-04
-3.592680674046278000e-03
2.233250532299280167e-03
2.222284674644470215e-04
2.607870381325483322e-03
-1.223392202518880367e-03
-3.352921921759843826e-03
-1.112177269533276558e-03
2.160800155252218246e-03
-2.533072620281018317e-05
1.808636123314499855e-03
1.621488714590668678e-03
2.285581780597567558e-03
-6.789638428017497063e-04
-6.331546464934945107e-04
2.611897885799407959e-03
-1.878320239484310150e-03
-2.026228467002511024e-03
1.732461620122194290e-03
-3.522024257108569145e-03
-3.596707014366984367e-03
-1.033140695653855801e-03
-2.511263126507401466e-03
-3.215358592569828033e-04
-4.024042282253503799e-04
2.927626948803663254e-03
-9.698341600596904755e-04
-1.824468141421675682e-03
1.827083528041839600e-03
3.722979454323649406e-03
-3.696887055411934853e-03
5.637391004711389542e-04
1.741966349072754383e-03
2.849677985068410635e-04
-6.030211807228624821e-04
2.602516440674662590e-03
4.705811152234673500e-04
-1.914710883283987641e-04
3.244468709453940392e-03
-8.720251498743891716e-04
-2.229814883321523666e-03
-2.735473681241273880e-03
2.801777562126517296e-03
-3.195053199306130409e-03
-1.463291351683437824e-03
-2.558126579970121384e-03
-1.319481059908866882e-03
1.337489578872919083e-03
-3.023522440344095230e-03
2.482660056557506323e-04
3.443994326516985893e-03
3.334543434903025627e-03
-1.902920659631490707e-03
7.454355945810675621e-04
3.321272786706686020e-03
3.245788626372814178e-03
-2.691870555281639099e-03
-3.282140009105205536e-03
1.994850113987922668e-03
2.830445766448974609e-03
-2.664614003151655197e-03
-1.608694554306566715e-03
2.515377011150121689e-03
1.439409446902573109e-03
-3.418085630983114243e-03
1.056758919730782509e-03
-8.964583976194262505e-04
-3.525946056470274925e-03
-1.751585747115314007e-03
6.459610303863883018e-04
8.365743560716509819e-04
1.751744071952998638e-03
2.254199935123324394e-03
3.001246601343154907e-03
-2.074783405987545848e-04
1.962686423212289810e-03
3.084972966462373734e-03
3.204162232577800751e-03
-1.969317672774195671e-03
-3.360985545441508293e-03
-1.244783052243292332e-03
-2.162032993510365486e-03
1.547058345749974251e-03
3.515673102810978889e-03
1.773835276253521442e-03
2.984793158248066902e-03
5.232025287114083767e-04
2.978252712637186050e-03
3.576014714781194925e-04
-2.336127217859029770e-04
1.714126090519130230e-03
-3.396161133423447609e-03
-1.967408694326877594e-03
-1.470351242460310459e-03
-3.692073049023747444e-03
1.740175765007734299e-03
-3.673744620755314827e-03
1.306185149587690830e-03
1.222044811584055424e-03
-2.847606549039483070e-03
-1.759349484927952290e-03
-3.239581594243645668e-03
-2.027395414188504219e-03
-3.335558343678712845e-03
4.298803978599607944e-04
9.326083236373960972e-04
2.529356861487030983e-03
-1.473212265409529209e-03
3.671935060992836952e-03
1.590441795997321606e-03
-3.088476834818720818e-03
-1.756573677994310856e-03
2.904335269704461098e-04
2.250468125566840172e-03
5.658158916048705578e-04
-1.402006717398762703e-03
-1.143721281550824642e-03
2.826694864779710770e-03
8.924870635382831097e-04
2.756488975137472153e-03
2.845992799848318100e-03
-2.393526723608374596e-03
3.288148145657032728e-04
-1.521190744824707508e-03
6.603828514926135540e-04
-3.483041291474364698e-05
-1.817702548578381538e-03
3.523543942719697952e-03
2.149868756532669067e-03
3.152178134769201279e-03
2.417568583041429520e-03
-2.768028352875262499e-04
1.096820924431085587e-03
-5.970107158645987511e-04
1.452170661650598049e-03
3.669795580208301544e-03
-4.517534398473799229e-05
3.473616205155849457e-03
1.947250217199325562e-03
-6.864531314931809902e-04
2.744928002357482910e-03
2.505928277969360352e-03
4.943173844367265701e-04
2.358306897804141045e-03
-2.773181302472949028e-03
3.478575963526964188e-03
1.509520458057522774e-03
1.409564865753054619e-03
2.127626357832923532e-04
-3.479709848761558533e-03
-9.884976316243410110e-04
-3.410197969060391188e-04
-1.878211274743080139e-03
3.821511287242174149e-03
-3.622636431828141212e-03
3.272665664553642273e-03
2.981162862852215767e-03
-1.543159829452633858e-03
-3.536425065249204636e-03
-8.933080243878066540e-04
1.466592802898958325e-04
-1.317229471169412136e-03
-2.689985325559973717e-03
-9.105204371735453606e-04
-1.272518187761306763e-03
-4.210460756439715624e-04
-3.150170086883008480e-04
-8.865958661772310734e-04
1.293346984311938286e-03
-5.034524947404861450e-04
3.877559211105108261e-03
9.724227711558341980e-04
-3.317915601655840874e-03
-8.040293469093739986e-04
-8.525348966941237450e-04
-1.224934123456478119e-03
1.350857899524271488e-03
-4.662591090891510248e-04
-1.271753426408395171e-04
1.798707176931202412e-03
-3.322544740512967110e-03
-2.436144277453422546e-03
2.549622906371951103e-03
7.237523677758872509e-04
2.511868369765579700e-04
3.665387630462646484e-03
-3.760003717616200447e-03
-3.344485536217689514e-03
6.008221535012125969e-04
2.067235298454761505e-03
-3.745158202946186066e-03
-1.565352547913789749e-03
