4.340379964560270309e-04
1.057462999597191811e-03
3.333136904984712601e-03
-2.130776119884103537e-04
-8.460315875709056854e-04
-3.270518500357866287e-03
-1.737547718221321702e-04
3.057131310924887657e-03
-1.552810077555477619e-03
2.038410864770412445e-03
1.203491265187039971e-04
3.900985466316342354e-03
-3.428116673603653908e-03
-2.558776875957846642e-03
3.925192868337035179e-04
-1.745918300002813339e-03
-2.520480658859014511e-03
2.927443478256464005e-03
-1.116293133236467838e-03
9.182698559015989304e-04
-9.193464647978544235e-04
-1.928869984112679958e-03
-2.092028269544243813e-03
-1.546608866192400455e-03
-9.463879978284239769e-04
-3.123929491266608238e-04
-2.255815779790282249e-03
3.180242609232664108e-03
2.008217154070734978e-03
4.981649690307676792e-04
2.375694457441568375e-03
-2.423421945422887802e-03
1.457834383472800255e-03
6.291949102887883782e-05
6.934780394658446312e-04
2.739858347922563553e-03
2.256524981930851936e-03
-1.033326843753457069e-03
-2.094678056892007589e-04
-2.171584637835621834e-03
-1.872592838481068611e-04
3.388633718714118004e-03
9.742318070493638515e-04
-8.414048934355378151e-04
1.948409131728112698e-03
2.556440886110067368e-03
1.347192213870584965e-03
9.175373998004943132e-05
3.700996050611138344e-03
-1.052897889167070389e-03
3.282410325482487679e-04
2.279534004628658295e-03
1.243141712620854378e-03
-3.356814384460449219e-03
6.900926382513716817e-05
-2.041600178927183151e-03
-2.291633980348706245e-03
1.594031229615211487e-03
1.290733576752245426e-03
-2.020811429247260094e-03
-3.328670514747500420e-03
2.822857350111007690e-03
3.812461392953991890e-03
-2.994708484038710594e-03
-2.470171311870217323e-03
-3.759257728233933449e-03
-2.999931748490780592e-04
3.601821837946772575e-03
-1.520192367024719715e-03
9.787824637896846980e-06
1.727293129079043865e-03
2.215359359979629517e-03
-3.638518042862415314e-03
1.006579026579856873e-03
-8.358509512618184090e-04
2.891307522077113390e-04
-1.574369729496538639e-03
-3.087505465373396873e-04
3.019262105226516724e-03
-2.683582250028848648e-03
9.446287876926362514e-04
-3.008597530424594879e-03
-2.914894721470773220e-04
-2.404672792181372643e-03
-2.389194909483194351e-03
-1.854136120527982712e-03
7.691489299759268761e-04
-1.807263470254838467e-03
-6.395862437784671783e-04
-2.887298585847020149e-03
-1.192493131384253502e-03
2.197235124185681343e-03
3.301973687484860420e-03
-4.156102077104151249e-04
3.023596946150064468e-03
1.098444103263318539e-03
2.317620208486914635e-03
-3.680893918499350548e-03
6.004715396557003260e-05
1.947464770637452602e-03
-3.725466958712786436e-04
-3.212753916159272194e-03
-6.252055754885077477e-04
1.584501587785780430e-03
2.579228719696402550e-03
3.396590705960988998e-03
-3.049310063943266869e-03
3.052522893995046616e-03
2.705807564780116081e-03
2.260592300444841385e-03
-2.643449930474162102e-03
3.879528725519776344e-03
2.029583090916275978e-03
1.268484978936612606e-03
-2.127991989254951477e-03
-2.567167859524488449e-03
-1.250107539817690849e-03
-3.215391421690583229e-03
4.386395739857107401e-04
2.765798242762684822e-03
1.326363533735275269e-03
-2.936836332082748413e-03
-3.769785864278674126e-03
-1.826566527597606182e-03
3.816849552094936371e-03
-3.654677653685212135e-03
-3.691727295517921448e-03
1.521357567980885506e-03
4.493104352150112391e-04
2.071475144475698471e-03
7.744797039777040482e-05
-2.738321200013160706e-03
4.158236260991543531e-04
9.302358957938849926e-04
2.796816406771540642e-03
-1.308933016844093800e-03
-1.596205169335007668e-03
-1.794233685359358788e-03
1.395807135850191116e-03
2.364822430536150932e-03
2.815818181261420250e-03
1.183206331916153431e-03
-7.713095983490347862e-04
3.366592573001980782e-03
2.549054101109504700e-03
8.124867454171180725e-04
-1.944055082276463509e-03
6.673106690868735313e-04
-3.596698166802525520e-03
-8.515220251865684986e-04
-1.706337323412299156e-03
1.201748731546103954e-03
1.662727445363998413e-03
1.183297485113143921e-03
-1.009912462905049324e-03
2.378836274147033691e-03
-3.938150184694677591e-04
3.771902294829487801e-03
-3.249283327022567391e-05
3.251946996897459030e-03
-1.240752404555678368e-03
-1.509915571659803391e-03
2.583491383120417595e-03
7.175923092290759087e-04
1.595435314811766148e-03
2.294516656547784805e-03
-1.576527953147888184e-03
-4.144371487200260162e-04
3.148101968690752983e-03
3.247517161071300507e-03
1.301141339354217052e-03
-1.373844133922830224e-04
-2.350596711039543152e-03
3.296145703643560410e-03
-8.721170597709715366e-04
3.889041952788829803e-03
-3.078864887356758118e-03
1.145935966633260250e-03
1.316845067776739597e-03
2.511067781597375870e-03
2.130666514858603477e-03
-3.683652495965361595e-03
1.382732880301773548e-03
-2.824874361976981163e-03
-2.084450796246528625e-03
-1.521260826848447323e-03
-3.317395457997918129e-03
-2.578904386609792709e-03
2.541306661441922188e-03
2.663158811628818512e-03
4.302495799493044615e-04
-3.036171430721879005e-03
9.028650820255279541e-04
-1.828736276365816593e-03
-1.817158772610127926e-03
2.892951597459614277e-04
-2.046856796368956566e-03
-3.844828344881534576e-03
2.890799427404999733e-03
3.181281033903360367e-03
-2.845786279067397118e-03
2.608011011034250259e-03
-5.589250358752906322e-04
2.515278174541890621e-04
-2.209519501775503159e-03
-1.595226814970374107e-03
-1.970434328541159630e-03
1.813676557503640652e-03
9.362592827528715134e-04
7.939178030937910080e-04
-2.562253503128886223e-04
-3.356315428391098976e-03
-1.885485369712114334e-03
-8.581422152929008007e-04
2.721840748563408852e-03
1.347030163742601871e-03
2.732508291956037283e-04
2.053956035524606705e-03
-2.879033330827951431e-03
-1.032687840051949024e-03
-2.189708640798926353e-03
-3.479989478364586830e-03
-3.134303027763962746e-03
-7.156108767958357930e-05
-3.450656775385141373e-03
5.648998194374144077e-04
2.386572537943720818e-03
2.430202672258019447e-03
3.378333989530801773e-03
3.198739606887102127e-03
-2.095841336995363235e-03
-8.028728771023452282e-04
3.761914558708667755e-03
3.393782244529575109e-04
2.442806726321578026e-03
-2.393823117017745972e-03
3.000672673806548119e-03
-2.218288427684456110e-04
-2.384487539529800415e-03
1.384196104481816292e-03
3.092095255851745605e-03
3.706502728164196014e-03
-2.962742932140827179e-03
-9.952337713912129402e-04
-3.333333879709243774e-03
-3.517525969073176384e-03
-3.086504526436328888e-03
-2.665817271918058395e-03
-1.781204016879200935e-03
-3.889501793310046196e-03
2.659969730302691460e-03
-1.524432795122265816e-03
2.126584528014063835e-03
-8.936205995269119740e-04
-8.298936299979686737e-04
5.390974693000316620e-04
