3.202473744750022888e-03
-1.109813922084867954e-03
-2.823996474035084248e-04
-3.266181098297238350e-03
-1.021847710944712162e-04
3.279380965977907181e-03
-2.725209342315793037e-03
5.399963119998574257e-04
2.008951501920819283e-03
1.336363493464887142e-04
7.448821561411023140e-04
-1.493941643275320530e-03
3.715539060067385435e-04
-1.486185123212635517e-03
1.346215140074491501e-03
2.057859906926751137e-03
-3.199957078322768211e-03
2.515868283808231354e-03
-2.798854839056730270e-03
-3.337212139740586281e-03
-2.603797474876046181e-04
5.391176091507077217e-04
2.861728426069021225e-04
-3.584784222766757011e-03
-2.814071252942085266e-03
-3.064423566684126854e-03
1.665685325860977173e-03
2.598509308882057667e-04
-7.100777002051472664e-04
-3.726209513843059540e-03
-1.295536349061876535e-04
3.855818184092640877e-03
3.049731021746993065e-03
2.358100144192576408e-03
3.617455717176198959e-03
2.879298990592360497e-03
1.821751648094505072e-04
-2.680405275896191597e-03
-1.699144020676612854e-03
2.919986145570874214e-04
-8.615551632829010487e-04
2.658263780176639557e-03
-2.532196813262999058e-04
-1.515195122919976711e-03
1.231765840202569962e-03
1.454246812500059605e-03
1.424297224730253220e-03
-3.858988406136631966e-03
-1.306832302361726761e-03
2.585810609161853790e-03
9.240467334166169167e-04
2.167203463613986969e-03
-2.184464596211910248e-03
-3.226599656045436859e-03
-1.876059570349752903e-03
2.029828028753399849e-03
2.719950396567583084e-03
-1.432254677638411522e-03
2.551678335294127464e-04
-2.383543644100427628e-03
-3.905992489308118820e-03
3.635797416791319847e-03
-1.857895753346383572e-03
-1.447645248845219612e-03
2.155850641429424286e-03
-8.883532136678695679e-04
1.965014729648828506e-03
-1.534081180579960346e-03
3.298406023532152176e-03
2.975331153720617294e-03
2.004156354814767838e-03
3.468921408057212830e-03
-3.502889740047976375e-05
-6.449650391004979610e-05
-2.563443849794566631e-04
-3.127321368083357811e-03
-3.122624475508928299e-03
1.846791943535208702e-03
3.008323023095726967e-03
2.010333817452192307e-03
-8.726703817956149578e-04
-2.001525368541479111e-03
-1.881381031125783920e-03
-2.323357155546545982e-03
1.590083469636738300e-03
-1.564264879561960697e-03
2.246178919449448586e-03
-3.713531419634819031e-03
-1.698031439445912838e-03
6.439777207560837269e-04
1.257893978618085384e-03
2.385612344369292259e-03
-2.635933458805084229e-03
-3.481829189695417881e-04
9.626281098462641239e-04
-8.651592361275106668e-05
2.528601791709661484e-03
2.363042905926704407e-03
1.246636616997420788e-03
-2.780155278742313385e-03
-5.486120935529470444e-04
-9.425885509699583054e-04
-2.488522091880440712e-03
-1.713837962597608566e-03
2.879204461351037025e-03
2.619913546368479729e-03
-3.848458873108029366e-03
2.748874947428703308e-03
-2.618771977722644806e-03
-6.357526290230453014e-04
1.391356578096747398e-03
-2.756108064204454422e-03
2.303500194102525711e-03
1.054262509569525719e-03
-1.914641819894313812e-03
-7.185321883298456669e-04
2.940082224085927010e-03
3.609179693739861250e-04
-1.267393468879163265e-03
-2.615217119455337524e-03
-3.352322382852435112e-03
3.035840811207890511e-03
-3.287347266450524330e-03
2.500742906704545021e-03
-3.777662990614771843e-03
1.599353854544460773e-03
-3.078207606449723244e-03
-2.501895651221275330e-03
3.776324680075049400e-03
2.861568937078118324e-03
-4.395053110783919692e-05
-1.363613409921526909e-03
2.836225321516394615e-03
7.117296918295323849e-04
-1.369738369248807430e-03
2.559008309617638588e-03
-2.493339125066995621e-03
-2.083052648231387138e-03
-2.213397296145558357e-03
-2.763092052191495895e-04
-6.863206508569419384e-04
-2.895130077376961708e-03
-4.968640278093516827e-04
-3.234971372876316309e-04
-8.575041429139673710e-04
3.565274877473711967e-03
-1.868621620815247297e-04
-3.337055211886763573e-03
-1.588100916706025600e-03
2.966554835438728333e-03
7.155584753490984440e-04
2.103791572153568268e-03
1.775275333784520626e-03
-6.832315702922642231e-04
1.624985598027706146e-03
1.331857172772288322e-03
3.627404104918241501e-03
-2.391413145232945681e-04
1.279661810258403420e-04
-1.763401553034782410e-03
-1.366129377856850624e-03
4.572015313897281885e-05
-9.553515119478106499e-04
1.003056881017982960e-03
1.134381047450006008e-03
-3.570007625967264175e-03
2.804588060826063156e-03
3.870171960443258286e-03
-1.610701903700828552e-03
3.394584869965910912e-03
-5.039765965193510056e-04
-2.239968860521912575e-03
1.926075085066258907e-03
1.704559079371392727e-03
3.692849306389689445e-03
-3.742830129340291023e-03
2.515658969059586525e-03
1.258912263438105583e-03
-2.832643687725067139e-03
-2.975722076371312141e-03
-3.643116913735866547e-03
2.111979294568300247e-03
2.659903839230537415e-03
3.265349660068750381e-04
-1.615964109078049660e-03
2.290655625984072685e-03
2.544549992308020592e-03
-5.592629313468933105e-04
1.218724995851516724e-03
2.521543297916650772e-03
-2.758880145847797394e-03
1.250337576493620872e-03
-1.381373149342834949e-04
2.967339940369129181e-03
3.260221099480986595e-03
2.579378895461559296e-03
5.552681977860629559e-04
-2.515721134841442108e-03
-5.344418459571897984e-04
2.532323123887181282e-03
-9.178532636724412441e-04
6.955793360248208046e-04
-8.290570694953203201e-04
2.984286518767476082e-03
3.224678104743361473e-03
-2.497694920748472214e-03
-2.171902917325496674e-03
-2.203639829531311989e-03
2.324318978935480118e-03
-3.093449631705880165e-04
2.005748916417360306e-03
-1.775723765604197979e-03
2.328056609258055687e-03
-1.520859310403466225e-03
-3.101575421169400215e-03
8.885488496161997318e-04
1.520264078862965107e-03
-2.114356728270649910e-03
1.174354576505720615e-03
2.888849005103111267e-03
2.093974035233259201e-03
2.166735706850886345e-03
-3.514946671202778816e-03
2.519972156733274460e-03
2.084203530102968216e-03
-1.377725624479353428e-03
-7.593049667775630951e-05
-9.453982056584209204e-05
3.540039528161287308e-03
-9.082309552468359470e-04
1.760827377438545227e-03
-1.158426282927393913e-03
9.596601012162864208e-04
-3.825663588941097260e-03
2.612576354295015335e-03
7.114874315448105335e-04
2.657725010067224503e-03
-7.451928831869736314e-05
3.590519074350595474e-03
-1.972520491108298302e-03
-2.014286816120147705e-03
3.891419153660535812e-03
8.257002918981015682e-04
-9.792580967769026756e-04
-9.152080165222287178e-04
-1.712013152427971363e-03
-1.512834685854613781e-03
-2.807293785735964775e-03
-6.293742917478084564e-04
-3.115105209872126579e-03
-2.756123663857579231e-03
-2.707420382648706436e-03
-1.215947908349335194e-03
2.573892707005143166e-03
1.113662030547857285e-03
-3.077941015362739563e-03
