-7.110736332833766937e-04
-3.584028454497456551e-03
-3.303836798295378685e-03
3.252964525017887354e-04
-1.586220460012555122e-03
1.085158903151750565e-03
1.243359176442027092e-03
3.519433783367276192e-03
2.260111505165696144e-03
3.585706872399896383e-04
1.409664284437894821e-03
-1.977098407223820686e-03
3.249791916459798813e-03
-2.809896832332015038e-03
9.501448948867619038e-05
-3.260051133111119270e-03
3.141510533168911934e-03
8.167770574800670147e-04
-2.904009306803345680e-03
1.186692505143582821e-03
-3.747011534869670868e-03
-3.356049535796046257e-03
1.170186209492385387e-03
-1.110687735490500927e-03
-3.383993171155452728e-03
-9.432710357941687107e-04
5.582431913353502750e-04
8.491829503327608109e-04
1.967618474736809731e-03
7.485455716960132122e-04
7.245744200190529227e-05
3.157804021611809731e-03
8.277741726487874985e-04
-1.595064066350460052e-03
3.816644661128520966e-03
2.207899233326315880e-03
1.137724975706078112e-04
-8.511322666890919209e-04
5.560322897508740425e-04
2.195070963352918625e-03
2.559181069955229759e-03
-3.049334045499563217e-03
-3.296960145235061646e-03
3.282375400885939598e-03
-1.299474621191620827e-03
-2.777957357466220856e-03
-3.635063068941235542e-03
2.792470855638384819e-03
-1.345661585219204426e-03
3.421649103984236717e-03
2.844388131052255630e-03
-1.587145146913826466e-03
7.835943833924829960e-04
1.530890469439327717e-03
1.897914917208254337e-03
7.788966177031397820e-04
2.829702338203787804e-03
1.625825650990009308e-03
2.527934731915593147e-03
-1.094401115551590919e-03
-2.520685549825429916e-03
2.243546070531010628e-03
-1.278370735235512257e-03
2.559623215347528458e-03
-1.008939230814576149e-03
2.269021206302568316e-04
-3.644030075520277023e-03
-1.740235951729118824e-03
3.587662649806588888e-04
-2.244844334200024605e-03
5.464745918288826942e-04
-3.849435597658157349e-03
-2.505737822502851486e-03
3.048594342544674873e-03
-9.336719085695222020e-05
-2.225693082436919212e-03
5.453897756524384022e-04
-1.196141311083920300e-04
1.170983538031578064e-03
1.515045179985463619e-03
-2.439854433760046959e-03
3.862265264615416527e-03
-8.869106386555358768e-05
-2.392599359154701233e-03
-2.419433789327740669e-03
-2.127238549292087555e-03
-2.261503133922815323e-03
7.024256046861410141e-04
1.269181258976459503e-03
3.279305063188076019e-03
-1.089791301637887955e-03
-1.579657313413918018e-03
1.317390706390142441e-03
-1.323326287092640996e-04
-1.621835050173103809e-03
1.182552310638129711e-03
7.357490248978137970e-04
4.674761294154450297e-05
2.503004856407642365e-03
1.156674814410507679e-03
-3.115104278549551964e-03
4.279433924239128828e-04
3.371947444975376129e-03
-2.008589217439293861e-03
-2.633519470691680908e-03
-2.871787175536155701e-03
2.168798586353659630e-03
2.323851920664310455e-03
-2.606794238090515137e-03
1.419307081960141659e-03
-1.183230269816704094e-04
-6.290666642598807812e-04
-1.540656783618032932e-03
-2.986185718327760696e-03
1.775919576175510883e-03
-3.351308405399322510e-03
-7.786895148456096649e-04
-5.497148376889526844e-04
3.384270239621400833e-04
-2.625199733301997185e-03
3.433316713199019432e-03
3.533350769430398941e-03
1.314891502261161804e-03
2.138236537575721741e-03
-8.280391921289265156e-04
-3.163002547807991505e-04
-8.181917364709079266e-04
-3.253428440075367689e-04
3.007835010066628456e-03
-3.126299474388360977e-03
-2.393205184489488602e-03
-1.000606571324169636e-03
1.535724033601582050e-03
-3.066406585276126862e-03
2.956860233098268509e-03
2.212051913375034928e-04
4.657511817640624940e-05
-1.421388733433559537e-04
2.970397181343287230e-04
-2.120347053278237581e-04
-2.937843324616551399e-03
2.420286415144801140e-03
1.361159724183380604e-03
5.499859107658267021e-04
-1.724952599033713341e-03
2.751128282397985458e-03
-1.446862239390611649e-03
-2.295300364494323730e-03
-3.158865729346871376e-03
-2.311750780791044235e-03
-6.657076301053166389e-04
7.902160868979990482e-04
3.176341531798243523e-03
1.947597600519657135e-03
6.959087913855910301e-04
2.824477851390838623e-04
1.515033538453280926e-03
-3.534430637955665588e-03
2.938432851806282997e-03
3.779729828238487244e-03
1.225421787239611149e-03
-1.747935020830482244e-04
3.242305712774395943e-03
4.414055001689121127e-05
1.692952355369925499e-03
-2.270496683195233345e-03
8.784330566413700581e-04
5.793877062387764454e-04
-9.938927832990884781e-04
-3.546214196830987930e-03
1.785015687346458435e-03
7.503477390855550766e-04
2.936767414212226868e-03
9.470478398725390434e-04
1.943668234162032604e-03
2.115032635629177094e-03
-1.515343086794018745e-03
1.074570813216269016e-03
-2.866686088964343071e-03
3.710186108946800232e-03
-2.188629237934947014e-03
1.397718908265233040e-03
-3.055449342355132103e-03
1.166489673778414726e-03
-1.093448256142437458e-03
3.571765497326850891e-03
3.242552746087312698e-03
-1.253832830116152763e-03
-2.457604976370930672e-03
3.908675163984298706e-03
-2.684534993022680283e-03
9.201317443512380123e-04
1.103652175515890121e-03
2.505118958652019501e-03
-3.259322606027126312e-03
-1.495861914008855820e-03
-5.468911258503794670e-04
2.875547797884792089e-04
-5.723110516555607319e-04
-1.653085811994969845e-03
-3.178064012899994850e-03
-6.430424982681870461e-04
2.584224566817283630e-03
-1.151072327047586441e-03
-1.926145167089998722e-03
2.070466056466102600e-03
1.930182566866278648e-03
-7.080580107867717743e-04
3.598089097067713737e-03
-2.013994846493005753e-03
-2.692204434424638748e-03
9.007359622046351433e-04
2.702330704778432846e-03
-2.998564741574227810e-04
5.051324260421097279e-04
-3.292195033282041550e-04
1.207296969369053841e-03
1.106106559745967388e-03
2.074821619316935539e-03
1.656149164773523808e-03
-1.916629960760474205e-03
-7.553640753030776978e-04
2.144078956916928291e-03
-1.723062596283853054e-03
3.660340560600161552e-03
-2.628882066346704960e-04
1.876928727142512798e-03
-4.012469144072383642e-04
-2.978775883093476295e-03
-3.526995889842510223e-03
-3.293976886197924614e-03
-7.388523081317543983e-04
4.234422158333472908e-05
5.429132143035531044e-04
3.321996657177805901e-03
-2.767148660495877266e-03
-6.044983747415244579e-04
3.705194452777504921e-03
2.202963689342141151e-03
2.212432678788900375e-03
-4.307319759391248226e-04
-2.272363984957337379e-03
-2.960724232252687216e-04
3.324408084154129028e-03
-3.018516348674893379e-03
2.110566245391964912e-03
-3.678830573335289955e-03
3.396896645426750183e-03
-7.296443800441920757e-04
-3.161716740578413010e-03
-2.965702209621667862e-03
1.648810110054910183e-03
-3.921838360838592052e-04
-3.072538645938038826e-03
3.780221566557884216e-03
1.781743019819259644e-03
