-4.913926240988075733e-04
1.920973765663802624e-03
2.630899893119931221e-03
-5.990181816741824150e-04
3.341108327731490135e-03
2.584036265034228563e-04
5.022123223170638084e-04
3.068755380809307098e-03
3.669947618618607521e-04
2.950793830677866936e-03
-8.707636734470725060e-04
3.607738995924592018e-03
-5.103971343487501144e-04
2.638410544022917747e-03
-3.167400835081934929e-03
-2.417220966890454292e-03
2.885083202272653580e-03
-2.897355472669005394e-03
-3.823692910373210907e-03
-3.097438020631670952e-03
-3.176163183525204659e-03
-1.003329525701701641e-03
-2.828073687851428986e-03
-1.404845970682799816e-03
1.777881989255547523e-03
6.818682886660099030e-04
-9.428359917365014553e-04
-3.011882537975907326e-03
-3.667199285700917244e-03
-2.292544348165392876e-03
2.164536621421575546e-03
3.750798758119344711e-03
-3.259720280766487122e-03
3.567878156900405884e-03
3.244783729314804077e-03
4.153196059633046389e-04
-5.522460560314357281e-04
-2.403041580691933632e-03
8.783212397247552872e-04
1.711538061499595642e-04
-3.058406291529536247e-03
8.758262847550213337e-04
-7.106667035259306431e-04
1.891358522698283195e-03
3.428396594244986773e-04
-2.456188900396227837e-03
3.289519576355814934e-03
-2.356971846893429756e-03
-2.444701036438345909e-03
-2.813476836308836937e-03
-2.953207353129982948e-03
2.657362725585699081e-03
-3.766049630939960480e-04
3.497060679364949465e-04
2.676092321053147316e-03
-1.402589725330471992e-03
1.257614814676344395e-03
1.491873641498386860e-03
-2.094412222504615784e-03
7.903616060502827168e-04
2.142243320122361183e-03
-1.813384587876498699e-04
-1.222544233314692974e-03
2.353355754166841507e-03
-3.514471231028437614e-03
-4.991349996998906136e-04
2.125283703207969666e-03
5.520480335690081120e-04
-9.753577178344130516e-04
3.389779012650251389e-03
2.913773525506258011e-03
-2.136435825377702713e-03
2.190007129684090614e-03
-3.103577531874179840e-03
-2.317333419341593981e-04
1.855746842920780182e-03
1.934623694978654385e-03
-2.832617145031690598e-03
2.894277451559901237e-03
2.152000321075320244e-03
2.386824693530797958e-03
2.245355717604979873e-04
2.943143947049975395e-03
3.248532768338918686e-03
-1.988261239603161812e-03
-1.191399293020367622e-03
2.978154225274920464e-03
6.353597855195403099e-04
1.630406011827290058e-03
2.610281575471162796e-03
2.160363132134079933e-03
8.806828409433364868e-04
-1.138314954005181789e-03
-7.623684359714388847e-04
2.563832327723503113e-03
-1.632614759728312492e-03
-9.167686221189796925e-04
-3.450290067121386528e-03
-2.740962198004126549e-03
2.044049790129065514e-03
-1.566730672493577003e-03
2.789248945191502571e-03
-2.775303320959210396e-03
3.622199641540646553e-03
2.053066156804561615e-03
3.506207372993230820e-03
3.110738238319754601e-03
-1.689631608314812183e-03
-2.749783743638545275e-04
-5.345250829122960567e-04
4.399344470584765077e-05
-1.269011758267879486e-03
-1.724505680613219738e-03
1.306735066464170814e-04
-1.362692448310554028e-03
3.085392527282238007e-03
-2.327333204448223114e-03
2.902929205447435379e-03
2.962119644507765770e-03
-2.722523175179958344e-03
-2.415292692603543401e-04
-3.547207452356815338e-03
-2.877838443964719772e-03
7.984489784575998783e-04
2.931253984570503235e-04
-7.508966373279690742e-04
3.862835932523012161e-03
2.213176339864730835e-03
3.563612932339310646e-03
2.813413273543119431e-03
3.539860947057604790e-03
-2.584503265097737312e-03
2.936040749773383141e-03
3.801641287282109261e-05
-3.407103708013892174e-03
1.141558641393203288e-05
-7.902841316536068916e-04
-3.382217371836304665e-03
1.981664914637804031e-03
3.195778699591755867e-03
1.769172842614352703e-03
3.319432726129889488e-03
2.686401829123497009e-03
-3.386190393939614296e-03
3.648552577942609787e-03
-1.029993873089551926e-03
2.243436174467206001e-03
-4.588927258737385273e-04
-3.309628460556268692e-03
-1.457845792174339294e-03
3.505619009956717491e-03
2.316305879503488541e-03
-5.213752738200128078e-04
1.002582488581538200e-03
-1.970146549865603447e-03
-1.478340593166649342e-03
-3.624922130256891251e-03
-2.503098454326391220e-03
-7.478048210032284260e-04
-1.095361774787306786e-03
-3.808240406215190887e-03
4.756343842018395662e-04
1.285348116653040051e-04
-2.018856117501854897e-03
2.826495096087455750e-03
-2.610021270811557770e-03
-5.500766565091907978e-04
-9.528064401820302010e-04
8.680811733938753605e-04
2.561313565820455551e-03
1.018293318338692188e-03
4.758301365654915571e-04
-8.320031338371336460e-04
1.909151469590142369e-04
-3.332421183586120605e-03
2.994096837937831879e-03
3.695498220622539520e-03
3.842758946120738983e-03
-1.039226306602358818e-03
2.468010643497109413e-03
-2.662028186023235321e-03
3.815732896327972412e-03
-3.915711771696805954e-03
-2.380850026383996010e-03
1.463328488171100616e-03
2.909647068008780479e-03
1.717640319839119911e-03
-3.505674656480550766e-03
3.684770781546831131e-04
4.387728695292025805e-04
-2.924449741840362549e-03
2.963439328595995903e-04
-1.285874634049832821e-03
-5.794466705992817879e-04
2.370077418163418770e-03
-2.249844372272491455e-03
-1.320390496402978897e-03
2.401403151452541351e-03
-2.615558449178934097e-03
-1.828745880629867315e-04
2.150405896827578545e-03
1.455826102755963802e-03
1.559536438435316086e-03
1.221170066855847836e-03
1.134127960540354252e-03
-1.513643539510667324e-03
-1.979019492864608765e-03
-2.436351031064987183e-03
-2.569294301792979240e-03
2.661716891452670097e-03
-1.967968884855508804e-03
2.023860870394855738e-04
1.543353660963475704e-03
-2.388004941167309880e-04
-2.909667324274778366e-03
-1.898905728012323380e-03
-4.634162178263068199e-04
5.722055211663246155e-04
6.955845310585573316e-05
7.355358102358877659e-04
-4.306911723688244820e-04
-1.254613860510289669e-03
1.215763677464565262e-05
3.505015280097723007e-03
6.575573934242129326e-04
-2.591839060187339783e-03
2.154579618945717812e-03
-3.844073042273521423e-03
8.707923698239028454e-04
5.099747795611619949e-04
-1.613333937712013721e-03
-2.052692463621497154e-03
1.528652792330831289e-04
-1.787922694347798824e-03
-5.001386161893606186e-04
3.010591026395559311e-03
-1.489219604991376400e-03
5.249402020126581192e-04
2.271634759381413460e-03
-5.435461644083261490e-04
2.328836591914296150e-03
-2.284376183524727821e-03
2.100550103932619095e-03
8.295653242385014892e-05
-1.499773468822240829e-03
-2.722235862165689468e-03
-2.935647498816251755e-03
2.580420346930623055e-03
3.355019260197877884e-03
2.281181979924440384e-03
-1.113547710701823235e-03
1.423010253347456455e-03
9.107632213272154331e-04
-2.710726985242217779e-04
1.866417936980724335e-03
-2.210817910963669419e-04
