-3.515391843393445015e-03
2.291030716150999069e-03
-1.813750830478966236e-03
-1.549463602714240551e-03
2.682672347873449326e-03
-2.768433187156915665e-03
1.045147306285798550e-03
-2.515723928809165955e-03
1.016083057038486004e-03
2.585713518783450127e-03
2.506605349481105804e-03
-2.690155291929841042e-03
2.656402066349983215e-03
-1.378264627419412136e-03
4.740215663332492113e-04
7.509933784604072571e-04
-3.246497130021452904e-03
1.950108271557837725e-04
-7.479821797460317612e-04
-5.231505492702126503e-04
8.785348036326467991e-04
-7.633502245880663395e-04
-2.503295429050922394e-03
-2.632881980389356613e-03
-1.314444380113855004e-04
3.372191684320569038e-03
3.683769376948475838e-03
2.135365270078182220e-03
-4.667764587793499231e-04
2.179888775572180748e-03
-2.326322719454765320e-03
7.888703839853405952e-04
-1.057432149536907673e-03
-1.410562894307076931e-03
-6.818079855293035507e-04
2.809877041727304459e-03
-2.116825664415955544e-03
1.385328796459361911e-04
5.828739958815276623e-04
-6.544632487930357456e-04
1.584421959705650806e-03
3.806013148277997971e-03
-3.139662730973213911e-04
-6.091219984227791429e-05
2.715837210416793823e-03
2.242841292172670364e-03
-8.175381808541715145e-04
2.332333242520689964e-03
-2.159289550036191940e-03
3.131020814180374146e-03
-2.068037283606827259e-04
-2.376223914325237274e-03
6.387881585396826267e-04
1.936550834216177464e-03
8.427056018263101578e-04
-3.394037019461393356e-03
3.562698373571038246e-03
6.573521532118320465e-04
6.786045851185917854e-04
2.584244590252637863e-03
-1.972123980522155762e-03
-1.651545870117843151e-03
3.205176908522844315e-03
1.337887602858245373e-03
-2.699414268136024475e-03
9.829337941482663155e-04
1.947481068782508373e-04
-5.990237696096301079e-04
8.279634639620780945e-04
2.373187802731990814e-03
-1.489431248046457767e-03
2.921701874583959579e-03
-3.715291619300842285e-03
-1.463261665776371956e-03
-1.553010661154985428e-03
4.234970547258853912e-04
1.069199061021208763e-03
1.574073336087167263e-03
-1.459299237467348576e-03
1.197330770082771778e-03
2.312739379703998566e-03
2.593008801341056824e-03
-2.594355260953307152e-03
-4.895919701084494591e-04
-2.246642485260963440e-03
-6.374408840201795101e-04
-3.720603417605161667e-03
2.488580998033285141e-03
2.479786518961191177e-03
1.319859526120126247e-03
-2.426884835585951805e-03
-2.165520563721656799e-03
1.321400515735149384e-03
1.287792110815644264e-03
-1.708500320091843605e-03
3.418056061491370201e-03
-3.765323708648793399e-05
3.751134965568780899e-03
7.157764048315584660e-04
1.650429097935557365e-03
3.626892343163490295e-03
2.662482205778360367e-03
3.867320483550429344e-03
3.155285259708762169e-03
-2.128386637195944786e-03
3.232001326978206635e-03
-2.234292682260274887e-03
-3.083451418206095695e-03
5.041589611209928989e-04
-3.132727229967713356e-03
1.559737371280789375e-03
5.237401928752660751e-04
-2.871189499273896217e-03
-3.071274841204285622e-04
-3.102309303358197212e-03
7.328388164751231670e-04
2.454952336847782135e-03
2.811874437611550093e-04
2.758714137598872185e-03
-2.584075788035988808e-03
-3.350745188072323799e-03
1.071891630999743938e-03
2.630550006870180368e-04
2.504579955711960793e-03
-1.976550789549946785e-03
-5.357961053960025311e-04
-2.229512436315417290e-03
-3.341651288792490959e-03
-2.997861942276358604e-03
2.369119552895426750e-03
3.390494734048843384e-03
2.409724751487374306e-03
3.358297049999237061e-03
-1.239564153365790844e-03
1.409140066243708134e-03
9.057955467142164707e-04
3.651633858680725098e-03
1.177576254121959209e-03
2.919327467679977417e-03
2.525058807805180550e-03
2.071969443932175636e-03
2.511164871975779533e-03
2.754672896116971970e-03
5.230380338616669178e-04
8.298066095449030399e-04
-3.168271156027913094e-03
1.854696893133223057e-03
-2.231372985988855362e-03
1.288443105295300484e-03
-3.424951573833823204e-04
-3.301804419606924057e-03
-1.664742478169500828e-03
-1.187330228276550770e-03
1.137145911343395710e-03
-1.267872517928481102e-03
8.822334930300712585e-04
3.165720729157328606e-03
3.717058571055531502e-03
-1.410498283803462982e-03
1.408986572641879320e-04
-1.995928178075700998e-04
1.464491942897439003e-03
1.945536234416067600e-03
-3.601260250434279442e-03
-1.970588695257902145e-03
-3.127804258838295937e-03
-2.108577406033873558e-03
3.866199636831879616e-03
2.241774229332804680e-03
1.891998253995552659e-04
-3.691388759762048721e-03
-2.525826683267951012e-03
-1.913512358441948891e-03
-1.465076056774705648e-04
8.767682011239230633e-04
-3.737140679731965065e-03
1.034866552799940109e-03
-2.545812632888555527e-03
3.347274614498019218e-03
8.700193575350567698e-05
-2.458782633766531944e-03
7.021302008070051670e-04
1.915018074214458466e-03
-1.110403216443955898e-03
-3.083897288888692856e-03
-3.493720199912786484e-03
9.386276942677795887e-04
-3.873007604852318764e-03
3.642405616119503975e-03
2.373188268393278122e-03
-1.270305365324020386e-03
3.128435695543885231e-03
2.648599620442837477e-04
1.117797102779150009e-03
3.493560652714222670e-04
-1.953706843778491020e-03
-1.654385123401880264e-03
1.740561914630234241e-03
-1.268152962438762188e-03
-3.644154872745275497e-03
-3.893203393090516329e-05
2.722429344430565834e-03
-1.117725623771548271e-03
-3.538270015269517899e-03
1.152372919023036957e-03
2.616486977785825729e-03
3.444578498601913452e-03
3.230546135455369949e-03
-4.362636245787143707e-04
-2.799764275550842285e-03
-1.810790388844907284e-03
1.584239180374424905e-05
8.899484528228640556e-04
-3.627795260399580002e-03
4.719944263342767954e-04
3.199846716597676277e-03
3.223270410671830177e-03
-3.254823852330446243e-03
-2.776932087726891041e-04
1.116882078349590302e-03
4.597629886120557785e-04
1.052379608154296875e-03
5.219280137680470943e-05
3.840480698272585869e-03
-3.749903524294495583e-03
-1.768239540979266167e-03
-3.745923982933163643e-03
9.224164532497525215e-04
-2.308647148311138153e-03
-3.415430663153529167e-03
1.864952791947871447e-04
-3.614924615249037743e-03
1.748819486238062382e-03
-1.036693458445370197e-03
2.397513482719659805e-03
-2.700566779822111130e-03
3.117071930319070816e-03
-2.151492983102798462e-03
1.690736971795558929e-03
-3.760777646675705910e-03
-2.961445366963744164e-03
-1.515021198429167271e-03
-2.809283323585987091e-03
-1.007016282528638840e-03
-3.069768892601132393e-03
3.709713229909539223e-03
3.648515790700912476e-03
-8.504540310241281986e-04
2.483793767169117928e-03
7.965633994899690151e-04
-6.323707057163119316e-04
-2.005059039220213890e-03
1.739463885314762592e-03
-1.482908730395138264e-03
3.205250483006238937e-03
5.601186421699821949e-04
