1.539611374028027058e-03
-1.138826133683323860e-03
-2.670784946531057358e-03
3.243330167606472969e-03
5.950324703007936478e-04
-1.653338316828012466e-03
-2.970176050439476967e-03
-2.257589250802993774e-03
-3.559665521606802940e-03
-3.138345899060368538e-03
-2.226758515462279320e-03
-2.552835969254374504e-03
-2.410948043689131737e-03
2.372657036175951362e-04
-7.040222990326583385e-04
1.497962395660579205e-03
2.149013336747884750e-03
1.817012904211878777e-03
-1.305058714933693409e-03
-3.504580585286021233e-03
-6.650928989984095097e-04
4.755737900268286467e-04
1.495764241553843021e-03
6.002852460369467735e-04
-2.247224096208810806e-03
1.292056520469486713e-03
1.115284627303481102e-03
-2.891661366447806358e-03
7.854587165638804436e-04
2.852224977687001228e-03
-2.136310329660773277e-03
-2.074741525575518608e-03
6.714253686368465424e-04
-6.908613722771406174e-04
3.896183101460337639e-03
1.313410000875592232e-03
1.754866912961006165e-03
2.758785616606473923e-03
2.277567982673645020e-03
2.023368841037154198e-03
-7.294487440958619118e-04
-1.437567058019340038e-03
8.460755343548953533e-04
2.519295318052172661e-03
-3.563248319551348686e-03
-7.643048593308776617e-05
-2.338129561394453049e-04
2.827263204380869865e-03
-2.930924063548445702e-03
2.868272829800844193e-03
-3.840012941509485245e-03
6.256531341932713985e-04
-2.543125767260789871e-03
-2.271447796374559402e-03
-3.175429999828338623e-03
-2.832061843946576118e-03
3.044891403988003731e-03
-1.714851008728146553e-03
2.943334169685840607e-03
-2.191709587350487709e-03
-3.058561356738209724e-03
-2.130275388481095433e-04
-3.216855460777878761e-03
2.851761819329112768e-04
-3.024505916982889175e-03
8.584170718677341938e-04
-4.435441514942795038e-04
-2.842891262844204903e-03
-6.828449550084769726e-04
4.736287519335746765e-04
-3.066932084038853645e-03
-4.709926724899560213e-04
-1.237857504747807980e-04
1.327484264038503170e-03
3.274822374805808067e-03
-2.542403526604175568e-03
-1.101769041270017624e-03
-4.492743464652448893e-04
2.601781161502003670e-04
-2.668363740667700768e-03
1.067933742888271809e-03
-3.197191748768091202e-03
-1.470523537136614323e-03
3.547707805410027504e-03
1.722315093502402306e-03
-2.434749156236648560e-03
2.592495409771800041e-03
-1.853384193964302540e-03
-2.949395915493369102e-03
3.727259812876582146e-03
-2.790835918858647346e-03
-2.510548103600740433e-03
3.939433663617819548e-04
-9.136459557339549065e-04
3.989352553617209196e-04
-9.001063299365341663e-04
-2.396668307483196259e-03
1.092573511414229870e-03
-2.325049368664622307e-03
1.002260367386043072e-03
-3.595869988203048706e-03
-2.894615288823843002e-03
3.482000203803181648e-03
1.749885967001318932e-03
1.523150946013629436e-03
3.395438834559172392e-04
-7.862863712944090366e-04
3.590177744626998901e-03
-2.245792653411626816e-03
3.038393333554267883e-03
-3.787398338317871094e-03
-1.117364852689206600e-03
-1.076763612218201160e-03
3.715760249178856611e-04
1.969979843124747276e-03
-3.828064363915473223e-04
-3.792441202676855028e-05
1.733414828777313232e-03
3.234131494536995888e-03
-3.416534047573804855e-03
1.148698735050857067e-03
8.636710117571055889e-04
-1.577934832312166691e-03
-3.323912620544433594e-03
2.200763439759612083e-03
1.969245029613375664e-03
-3.426192095503211021e-03
-2.554313978180289268e-03
-1.099104920285753906e-04
2.887941198423504829e-03
2.749860985204577446e-03
5.551684298552572727e-04
1.202361774630844593e-03
-3.096437780186533928e-03
1.738009043037891388e-03
7.896753959357738495e-04
3.892932087182998657e-03
-2.850574441254138947e-03
-3.935300992452539504e-05
1.391634112223982811e-03
2.667917869985103607e-03
1.916332519613206387e-03
-3.351593157276511192e-03
3.717841580510139465e-03
1.543013611808419228e-03
-3.838689532130956650e-03
-4.938068450428545475e-04
-2.285839291289448738e-03
3.499519079923629761e-03
-3.660666523501276970e-03
-3.645278047770261765e-03
-2.714566886425018311e-03
-6.033395766280591488e-04
2.767139812931418419e-03
-4.662279970943927765e-04
-1.947004580870270729e-03
2.629106165841221809e-03
-2.948836423456668854e-03
9.715026244521141052e-04
-4.888379480689764023e-04
-2.230831421911716461e-03
-8.427598513662815094e-04
-2.312615280970931053e-03
-2.563024405390024185e-03
2.387114102020859718e-03
3.671359736472368240e-04
-3.827178850769996643e-03
2.555171726271510124e-03
3.379486035555601120e-03
2.795861801132559776e-03
-2.390531124547123909e-03
-1.573619083501398563e-03
-3.303967183455824852e-03
3.419911954551935196e-03
3.015213180333375931e-03
-2.696054056286811829e-03
2.811833051964640617e-03
2.366266679018735886e-03
1.970481593161821365e-03
-3.785230801440775394e-04
2.384163672104477882e-03
-3.182614454999566078e-03
-3.507522633299231529e-03
-3.802980529144406319e-03
-1.762457657605409622e-03
-3.980991896241903305e-04
3.402357106097042561e-04
2.849537879228591919e-03
-2.792604733258485794e-03
3.661949420347809792e-03
6.587921525351703167e-04
-2.427916973829269409e-03
2.196765039116144180e-03
-6.429241038858890533e-04
7.101621595211327076e-04
-1.931866165250539780e-03
-3.447999013587832451e-03
1.542860176414251328e-03
-3.302131080999970436e-03
3.276719246059656143e-03
7.721605943515896797e-04
3.675188170745968819e-03
2.735041314736008644e-03
3.370455466210842133e-03
-3.617863403633236885e-03
1.907398691400885582e-03
2.060190599877387285e-04
-1.338744536042213440e-03
-3.428219584748148918e-03
-3.101770533248782158e-03
-1.357750734314322472e-03
6.268445285968482494e-04
1.344618387520313263e-03
1.358046545647084713e-03
-3.266006824560463428e-04
3.777887439355254173e-03
-8.576223626732826233e-04
2.254585269838571548e-03
-2.095374511554837227e-03
-3.532930975779891014e-03
2.266315976157784462e-03
-8.195035043172538280e-04
-9.452484082430601120e-04
-2.849936950951814651e-03
-2.023544861003756523e-03
2.551760524511337280e-03
1.498346915468573570e-03
-2.612667391076683998e-03
2.613049000501632690e-03
1.889565028250217438e-03
3.140242188237607479e-05
-3.063118783757090569e-03
-3.322406206279993057e-03
1.168251386843621731e-03
3.795051714405417442e-03
2.150760032236576080e-03
-7.148298900574445724e-04
2.643190091475844383e-03
-5.855521303601562977e-04
3.284030535724014044e-04
3.104254603385925293e-03
-2.144862897694110870e-03
-2.262623049318790436e-03
1.457229605875909328e-03
3.311282023787498474e-03
2.379534766077995300e-03
3.219822654500603676e-03
-1.234902651049196720e-03
-1.511469599790871143e-03
-3.336852649226784706e-03
-3.268370172008872032e-03
2.409106818959116936e-03
-4.952083691023290157e-04
-3.195058088749647141e-03
3.120840294286608696e-03
-3.046539844945073128e-03
