9.793305071070790291e-04
-1.507778884842991829e-03
1.622846233658492565e-03
-2.047575777396559715e-03
1.904030563309788704e-03
1.049117883667349815e-03
8.744201040826737881e-04
-1.390431658364832401e-03
2.111149718984961510e-03
3.770010080188512802e-03
2.122701145708560944e-03
2.321969019249081612e-03
-1.841228688135743141e-03
3.115386236459016800e-03
-2.540425164625048637e-03
1.613301457837224007e-03
3.802180755883455276e-03
-2.085215877741575241e-03
3.013784298673272133e-03
1.347624463960528374e-03
-2.536376705393195152e-03
3.062210089410655200e-05
1.854526693932712078e-03
-1.423523528501391411e-03
2.364626852795481682e-03
-1.943234528880566359e-04
2.900831867009401321e-03
1.844315207563340664e-03
-1.476273057051002979e-03
8.019644301384687424e-04
-3.752788295969367027e-03
-3.872607136145234108e-03
-2.997168805450201035e-03
-9.518174920231103897e-04
8.425458509009331465e-05
2.823911374434828758e-03
-3.397496417164802551e-03
1.926279044710099697e-03
3.032420529052615166e-03
-2.118470380082726479e-03
-1.445428002625703812e-03
-2.346523106098175049e-03
3.492793766781687737e-03
-3.859121119603514671e-03
3.050806117244064808e-04
1.897939946502447128e-03
6.652065203525125980e-04
3.166666720062494278e-03
-3.572592744603753090e-03
-1.842224271968007088e-03
-3.031484084203839302e-03
-1.996869454160332680e-03
8.352955919690430164e-04
-2.522198716178536415e-03
-8.569224155507981777e-04
-1.148991868831217289e-03
-2.346792025491595268e-04
-3.665718249976634979e-03
3.780828090384602547e-03
-1.913204905577003956e-03
-3.185728797689080238e-03
2.401697915047407150e-03
1.881021424196660519e-03
2.078369725495576859e-03
-2.528999932110309601e-03
2.656003227457404137e-03
-1.944931456819176674e-03
-1.947785844095051289e-03
2.729706000536680222e-03
-1.267316518351435661e-03
-3.700511064380407333e-03
1.257609692402184010e-03
1.451108983019366860e-04
-5.916498485021293163e-04
9.536003344692289829e-04
8.102516876533627510e-04
1.550952205434441566e-03
1.702013891190290451e-03
2.222589449957013130e-03
3.831831272691488266e-03
-3.754109377041459084e-03
1.656913198530673981e-03
8.598594577051699162e-04
-2.687662141397595406e-03
-3.723404370248317719e-03
8.144396124407649040e-04
2.931673312559723854e-03
1.584988669492304325e-03
3.886735532432794571e-03
-1.477464335039258003e-03
-3.152090124785900116e-03
-1.401129644364118576e-03
3.102491376921534538e-03
8.779473137110471725e-05
-7.248902111314237118e-04
1.979101914912462234e-03
1.930677448399364948e-03
1.518385019153356552e-03
2.218211157014593482e-04
-2.916806843131780624e-03
2.606261288747191429e-03
-7.723697344772517681e-04
-9.971265681087970734e-04
-3.665164345875382423e-03
-1.066635886672884226e-04
-3.076574532315135002e-03
-4.793981206603348255e-04
2.416570903733372688e-03
1.982295798370614648e-04
-2.885052701458334923e-03
-8.346707327291369438e-04
3.456176258623600006e-03
1.167683512903749943e-03
2.914469456300139427e-03
2.215042710304260254e-03
2.469679573550820351e-03
2.868784125894308090e-03
4.858074826188385487e-04
1.380309462547302246e-03
3.867981489747762680e-03
-3.737274324521422386e-03
-9.833555668592453003e-05
-2.764855744317173958e-03
-1.989123644307255745e-03
3.577969735488295555e-03
1.888212165795266628e-03
-6.564179784618318081e-04
3.860582131892442703e-03
-3.773696487769484520e-03
1.870234380476176739e-03
-2.277062973007559776e-03
-1.927219564095139503e-03
3.860413795337080956e-03
-2.801338443532586098e-03
2.698131371289491653e-03
-3.004049416631460190e-03
-8.119668345898389816e-04
-2.837533131241798401e-03
-1.309231854975223541e-03
2.322324784472584724e-03
-3.900679526850581169e-03
5.017750663682818413e-04
-3.086374141275882721e-03
-1.977212494239211082e-03
8.515322115272283554e-04
-3.756311256438493729e-03
3.234528237953782082e-03
-3.128512063995003700e-03
-2.863121451810002327e-03
1.918094814755022526e-03
-5.835741758346557617e-04
-2.407318679615855217e-03
-2.512099919840693474e-03
-2.662901533767580986e-03
1.447660382837057114e-03
2.423771220492199063e-04
-8.399140206165611744e-04
-1.483582425862550735e-03
1.277888077311217785e-03
2.306107431650161743e-03
-2.215882064774632454e-03
2.173300599679350853e-03
-5.688189412467181683e-04
-1.226293854415416718e-03
-5.755585152655839920e-04
3.767834743484854698e-03
1.120827510021626949e-03
1.837004092521965504e-04
1.335208769887685776e-03
-1.642577466554939747e-03
-2.069767564535140991e-03
1.184734865091741085e-03
1.766017056070268154e-03
-1.479806727729737759e-03
1.883778488263487816e-03
-9.422106668353080750e-04
-2.538625616580247879e-03
1.967620570212602615e-03
-1.320083742029964924e-03
4.906600224785506725e-04
3.103836672380566597e-03
2.670989139005541801e-03
-3.034232882782816887e-03
-3.087070304900407791e-03
2.408006461337208748e-03
-3.645227989181876183e-03
7.367722573690116405e-04
-3.858808660879731178e-03
-3.284101607277989388e-03
-3.712530247867107391e-03
1.343667507171630859e-03
-8.376956102438271046e-04
3.885114565491676331e-04
2.094589639455080032e-03
-9.928996441885828972e-04
-1.126492745243012905e-03
1.797476899810135365e-03
-2.242220332846045494e-03
1.661995658650994301e-03
-2.361735794693231583e-03
4.868658434133976698e-04
-3.296782262623310089e-03
3.514504933264106512e-04
6.162445060908794403e-04
7.894356385804712772e-04
1.956694293767213821e-03
1.777761732228100300e-03
-2.667782129719853401e-03
3.770931158214807510e-03
3.957877634093165398e-04
-8.502408745698630810e-04
-1.819305354729294777e-03
1.894124085083603859e-03
-1.229910878464579582e-03
6.311459583230316639e-04
3.546918975189328194e-03
1.246122294105589390e-03
-2.341688144952058792e-03
-2.557405503466725349e-03
2.403869992122054100e-03
1.740284729748964310e-03
1.317897113040089607e-03
1.511126640252768993e-03
1.816498843254521489e-05
2.258734079077839851e-03
-1.208089757710695267e-03
2.255963860079646111e-03
3.546793712303042412e-03
2.173836575821042061e-03
-3.718334482982754707e-03
-1.381782116368412971e-03
2.996069670189172029e-04
-1.855185953900218010e-03
3.393646329641342163e-03
2.442574128508567810e-03
1.646467833779752254e-03
-3.245584433898329735e-03
-1.154997502453625202e-03
3.819431411102414131e-03
1.639129128307104111e-03
3.308561630547046661e-03
-9.544700151309370995e-04
3.108597593382000923e-03
-1.175029552541673183e-03
-2.061981242150068283e-03
2.948053181171417236e-03
1.775524578988552094e-03
1.304929464822635055e-04
-1.373225590214133263e-03
2.094954717904329300e-03
3.646390046924352646e-03
2.459320006892085075e-03
-9.818384423851966858e-04
-1.687722746282815933e-03
-3.471635747700929642e-03
-2.262044465169310570e-03
