-1.064869691617786884e-03
-1.996056409552693367e-03
-8.937377715483307838e-04
-2.210934413596987724e-03
-1.906410558149218559e-03
-2.385760657489299774e-03
-1.667747390456497669e-03
-2.203426091000437737e-03
-1.829011132940649986e-03
2.730998210608959198e-03
-2.931142458692193031e-03
-3.091287566348910332e-03
3.132188692688941956e-03
-2.842576068360358477e-04
3.450867254287004471e-03
-8.054243517108261585e-04
-3.878524526953697205e-03
2.826143288984894753e-03
-3.603068878874182701e-03
-3.625581040978431702e-03
-3.934947380912490189e-05
3.489644499495625496e-03
3.852581372484564781e-03
-1.661304617300629616e-03
-3.300150856375694275e-04
7.069617277011275291e-04
1.643547322601079941e-03
-3.692651167511940002e-03
2.568369032815098763e-03
-3.116078674793243408e-03
1.819767639972269535e-03
-1.537283882498741150e-03
1.756231882609426975e-03
-3.790295682847499847e-03
2.926566638052463531e-03
1.780302030965685844e-03
-3.465415677055716515e-03
2.230795100331306458e-03
-3.427679650485515594e-03
3.602384123951196671e-03
1.263349549844861031e-03
2.744666533544659615e-03
2.979067852720618248e-03
-1.170526607893407345e-03
2.261092886328697205e-03
3.652855055406689644e-03
-3.838432952761650085e-03
3.219336795154958963e-04
1.203568652272224426e-03
1.229425426572561264e-03
-5.289188702590763569e-04
-1.782596576958894730e-03
-4.625254368875175714e-04
2.207912970334291458e-03
8.119840058498084545e-04
-1.672587473876774311e-03
-2.298557199537754059e-03
-1.881430624052882195e-03
1.213764073327183723e-03
3.518285928294062614e-03
-8.199698640964925289e-04
-8.571585058234632015e-04
3.077271860092878342e-03
-8.210027590394020081e-04
1.558141317218542099e-03
2.051457064226269722e-03
1.232571550644934177e-03
-2.260192297399044037e-03
-3.492632182314991951e-03
1.774352858774363995e-03
-3.846602514386177063e-03
3.579769749194383621e-03
-1.135914702899754047e-03
1.735873054713010788e-03
-2.116099785780534148e-04
-3.071612678468227386e-03
2.680185250937938690e-03
2.989644184708595276e-03
2.886159345507621765e-03
1.928806188516318798e-03
8.196546114049851894e-04
2.452864078804850578e-03
1.926291384734213352e-03
-7.620142423547804356e-04
-1.630366663448512554e-03
2.876589773222804070e-03
1.035485765896737576e-03
7.411853293888270855e-04
-1.978271873667836189e-03
1.381546142511069775e-03
3.687842516228556633e-03
-1.136609935201704502e-03
3.015020396560430527e-03
3.474081866443157196e-03
3.766840556636452675e-03
2.148755127564072609e-03
-3.542159451171755791e-03
1.875470741651952267e-03
3.753649769350886345e-03
-3.125035203993320465e-03
-2.648275578394532204e-03
-3.291243687272071838e-03
1.540324417874217033e-03
3.901075397152453661e-04
-2.635247539728879929e-03
3.356169210746884346e-03
3.234921023249626160e-03
-3.171205986291170120e-03
1.101779285818338394e-03
-3.036732319742441177e-03
1.773232943378388882e-03
2.159849042072892189e-03
-1.513099879957735538e-03
1.975528430193662643e-03
1.257238909602165222e-03
-3.798726713284850121e-03
2.938123419880867004e-03
-1.615803805179893970e-03
8.587760967202484608e-04
9.417994297109544277e-04
-1.539314049296081066e-03
3.184882225468754768e-03
2.666904823854565620e-03
-1.175070647150278091e-04
1.625415403395891190e-03
-3.749002004042267799e-03
3.806542139500379562e-03
-2.443261444568634033e-03
9.834549564402550459e-05
-3.418394597247242928e-03
1.772712916135787964e-03
2.853747690096497536e-03
-2.385445404797792435e-03
3.549525281414389610e-03
5.593881942331790924e-04
-3.887681756168603897e-03
2.248140983283519745e-03
-1.062717754393815994e-03
-2.252515172585844994e-03
3.730151103809475899e-03
-4.890312557108700275e-04
2.256031846627593040e-03
1.169575261883437634e-03
-2.492254134267568588e-03
-9.110148530453443527e-04
3.280186094343662262e-03
1.668944489210844040e-03
4.625707806553691626e-04
2.406552957836538553e-04
3.453803248703479767e-03
-2.736227586865425110e-03
3.634211141616106033e-03
-1.314927707426249981e-03
3.719776403158903122e-03
1.389766694046556950e-03
1.192398951388895512e-03
2.822560782078653574e-04
-1.551168272271752357e-03
3.729954594746232033e-03
1.932667335495352745e-03
-1.175187644548714161e-03
-5.401785019785165787e-04
-2.839538035914301872e-03
-2.553437370806932449e-03
-8.115437813103199005e-04
-2.425870625302195549e-03
-2.839836059138178825e-03
-2.364039188250899315e-03
2.678571501746773720e-03
3.440872300416231155e-03
3.131508128717541695e-03
-2.230829792097210884e-03
5.711276317015290260e-04
2.187613165006041527e-03
2.765438519418239594e-03
-4.102271341253072023e-04
-1.559945754706859589e-03
2.496630419045686722e-03
2.439275616779923439e-03
-2.351375762373209000e-03
-1.983556663617491722e-03
-2.592129167169332504e-03
1.382547081448137760e-03
2.442704280838370323e-03
1.731399213895201683e-03
-1.630149781703948975e-03
3.604109631851315498e-03
-2.660281024873256683e-03
-2.509993209969252348e-04
-2.815042156726121902e-03
2.770379651337862015e-03
1.164251938462257385e-03
2.148917177692055702e-03
-2.188077894970774651e-03
2.308956347405910492e-03
-2.194944070652127266e-03
3.258115844801068306e-03
-2.340712817385792732e-03
-8.924127541831694543e-06
3.844032180495560169e-04
-2.471005776897072792e-03
1.477848971262574196e-03
3.333307104185223579e-03
-2.528601791709661484e-03
-3.526074811816215515e-03
3.037512768059968948e-03
1.011415384709835052e-03
-6.930569652467966080e-04
3.095304127782583237e-03
-2.734128618612885475e-03
1.275390619412064552e-03
1.889675157144665718e-03
-1.510808477178215981e-03
-2.509295940399169922e-03
2.183518139645457268e-03
2.837713109329342842e-03
4.280862049199640751e-04
-2.420330187305808067e-03
2.347137080505490303e-03
6.910056108608841896e-04
3.891897154971957207e-03
-3.338547423481941223e-03
3.380267182365059853e-03
-8.935418009059503675e-06
1.662038732320070267e-03
3.049087245017290115e-03
3.563867881894111633e-03
-6.420692079700529575e-04
-9.257650235667824745e-04
-3.788722679018974304e-03
1.991365279536694288e-04
-1.589246210642158985e-03
1.579735544510185719e-03
6.113442359492182732e-04
2.178107853978872299e-03
3.190475748851895332e-03
3.052035579457879066e-03
-2.390759298577904701e-03
-2.174847759306430817e-03
1.204827567562460899e-03
-1.999131171032786369e-03
-2.005208516493439674e-03
-2.210058970376849174e-03
-7.320119184441864491e-04
3.754483303055167198e-03
-2.776010660454630852e-03
-1.236289972439408302e-03
-8.514882647432386875e-04
-9.602494537830352783e-04
2.992556430399417877e-03
-1.648459328862372786e-05
-3.900345647707581520e-03
-1.139504136517643929e-03
2.367271081311628222e-04
5.613073008134961128e-04
-2.246105577796697617e-03
