1.775181037373840809e-03
-1.273455913178622723e-03
2.560228109359741211e-03
1.180150546133518219e-03
-8.116626995615661144e-04
5.178714054636657238e-04
-9.053940884768962860e-04
1.447396469302475452e-03
-6.960791652090847492e-04
6.134279537945985794e-04
-1.411064178682863712e-03
1.771831593941897154e-04
-2.463009674102067947e-03
8.483837009407579899e-04
-3.246289212256669998e-03
2.903434215113520622e-03
-7.101304945535957813e-04
1.033053849823772907e-03
1.194686628878116608e-03
3.781766165047883987e-03
1.187896239571273327e-03
-4.109475703444331884e-04
-7.773208199068903923e-04
1.201460254378616810e-03
5.670015816576778889e-04
-2.613825257867574692e-03
2.665943931788206100e-03
8.733037975616753101e-04
-3.773133503273129463e-03
-3.087482182309031487e-03
-3.609074978157877922e-03
3.286591032519936562e-03
3.267033258453011513e-03
2.904942026361823082e-03
1.146425784099847078e-04
-1.291319495067000389e-03
-3.184962086379528046e-03
-1.783705432899296284e-03
9.299492230638861656e-04
9.375477675348520279e-04
4.573102633003145456e-04
-7.569981971755623817e-04
-9.221025975421071053e-04
-3.601746633648872375e-03
-2.913050819188356400e-03
2.703365636989474297e-03
3.688992932438850403e-03
8.585620089434087276e-04
-1.855820999480783939e-03
6.984767387621104717e-04
1.304397126659750938e-03
3.000481287017464638e-03
2.705521415919065475e-03
-2.046332694590091705e-03
2.065248554572463036e-03
1.022750046104192734e-03
2.169369952753186226e-03
1.066645141690969467e-03
2.728617517277598381e-03
3.121465269941836596e-04
-2.263088244944810867e-03
-1.043028896674513817e-04
-3.095630090683698654e-03
3.563907695934176445e-03
-6.609980482608079910e-04
1.164900138974189758e-03
2.935971599072217941e-03
-3.605937527026981115e-04
1.321599003858864307e-03
-3.232811577618122101e-03
7.032461144262924790e-05
1.969779841601848602e-03
-2.579878550022840500e-03
-2.022230328293517232e-04
-2.850601915270090103e-03
-2.926846267655491829e-03
2.917788515333086252e-04
2.664606319740414619e-03
1.071012928150594234e-03
8.338269544765353203e-04
-3.243235638365149498e-03
1.603238866664469242e-03
-3.116848820354789495e-04
-2.036670775851234794e-04
-3.537015756592154503e-03
4.245677846483886242e-04
-9.769430616870522499e-04
2.452623157296329737e-04
2.460236893966794014e-03
-2.034472301602363586e-03
-3.799238242208957672e-03
2.835761290043592453e-03
3.861324163153767586e-03
1.568887266330420971e-03
1.896721660159528255e-03
3.448682138696312904e-03
1.769492868334054947e-03
-3.607103368267416954e-03
3.167973831295967102e-03
3.683677641674876213e-03
1.983608672162517905e-04
-2.869980176910758018e-03
-3.345455741509795189e-03
-3.562084166333079338e-03
3.254302311688661575e-03
7.695264066569507122e-04
-1.325294142588973045e-03
-2.994416863657534122e-04
1.470577553845942020e-03
-3.287311410531401634e-03
3.854427486658096313e-03
3.257752396166324615e-03
-5.259764293441548944e-05
-9.455042891204357147e-04
1.205156673677265644e-03
-1.010890468023717403e-03
1.362888957373797894e-03
-1.535368501208722591e-03
-3.813114482909440994e-03
3.608374390751123428e-03
9.970713872462511063e-04
2.406924031674861908e-03
-3.866842715069651604e-03
1.469874987378716469e-03
-3.114081686362624168e-03
3.530261339619755745e-03
2.547146053984761238e-03
6.493080873042345047e-04
1.683982554823160172e-03
4.450304550118744373e-04
2.911574905738234520e-03
-9.504840127192437649e-04
-1.657235552556812763e-03
-3.557444550096988678e-03
-3.309672465547919273e-03
3.688731929287314415e-03
-2.135277492925524712e-03
3.291854867711663246e-03
-2.885451307520270348e-03
-3.350852057337760925e-03
-6.797131936764344573e-05
1.899285009130835533e-03
8.234962006099522114e-04
1.400725333951413631e-03
3.487332432996481657e-04
3.793153213337063789e-03
1.411127392202615738e-03
1.924639451317489147e-03
3.741362597793340683e-03
1.481496874475851655e-04
3.337226575240492821e-03
-1.227367087267339230e-03
-2.564924070611596107e-04
3.130601020529866219e-03
-1.610085368156433105e-03
-1.624316792003810406e-03
-3.351988736540079117e-03
1.585342572070658207e-03
2.086566761136054993e-03
1.064203912392258644e-03
-1.040260191075503826e-03
-1.359627349302172661e-03
2.357602585107088089e-03
1.577101298607885838e-03
-3.260443219915032387e-03
1.078728673746809363e-04
3.430457354625104927e-06
1.141136162914335728e-03
3.425086382776498795e-03
-1.507558859884738922e-03
-8.936437661759555340e-04
-1.335200387984514236e-03
-2.436764305457472801e-03
5.475931684486567974e-04
-2.043629065155982971e-03
2.542820526286959648e-03
2.028101822361350060e-03
3.327541984617710114e-03
-3.156936436425894499e-04
2.034409670159220695e-03
1.091513317078351974e-03
-1.263135462068021297e-03
2.342713298276066780e-03
-1.131439581513404846e-03
-2.820683643221855164e-03
-2.214242005720734596e-03
-3.551149973645806313e-03
4.081197257619351149e-04
-2.940327627584338188e-03
3.699824213981628418e-03
9.719895315356552601e-04
1.358041045023128390e-04
-1.951946615008637309e-04
1.896982546895742416e-03
7.122094393707811832e-04
-2.145424485206604004e-03
-2.337255282327532768e-03
-1.612288062460720539e-03
-1.887755817733705044e-03
2.986078616231679916e-03
-1.053222571499645710e-03
3.201034385710954666e-03
-1.388762728311121464e-03
1.826968160457909107e-03
2.312134485691785812e-03
-6.788868922740221024e-04
3.103106748312711716e-03
-2.615899080410599709e-03
2.363575855270028114e-03
1.958709442988038063e-03
-2.509195124730467796e-03
-2.959185047075152397e-03
3.865294624119997025e-03
-2.552771707996726036e-03
-2.164479345083236694e-03
-6.234779139049351215e-04
-2.632198389619588852e-03
2.975383540615439415e-03
2.654496347531676292e-03
-3.012641565874218941e-03
1.392958220094442368e-03
2.702171681448817253e-03
3.451685886830091476e-03
2.217445289716124535e-03
-1.287407474592328072e-03
-1.591245643794536591e-03
2.139283809810876846e-03
-1.002419448923319578e-04
4.029847914353013039e-04
1.896003843285143375e-03
1.540745608508586884e-03
-2.505168784409761429e-03
-3.367592114955186844e-03
-3.405279014259576797e-03
3.218969795852899551e-03
1.749399234540760517e-03
3.490704111754894257e-04
-2.717217197641730309e-03
-8.735709125176072121e-04
-2.346944762393832207e-03
1.189267612062394619e-03
-2.732624299824237823e-03
2.783356932923197746e-03
-1.909864600747823715e-03
-3.136957995593547821e-03
1.003004610538482666e-03
3.224157495424151421e-03
1.264868304133415222e-03
-3.318806411698460579e-03
2.549653581809252501e-04
1.105848117731511593e-03
1.860022544860839844e-03
-2.021804102696478367e-04
6.447992636822164059e-04
2.202896168455481529e-03
-3.463866887614130974e-03
