2.794665982946753502e-03
-1.170427422039210796e-03
-1.368049881421029568e-03
3.749046474695205688e-03
1.532182679511606693e-03
-3.891736036166548729e-03
-2.815640065819025040e-03
2.756924135610461235e-03
1.205916865728795528e-03
-2.717690309509634972e-03
2.083986037177965045e-04
-1.953166676685214043e-03
-2.631487557664513588e-03
-1.750227762386202812e-03
2.419535303488373756e-03
3.832573536783456802e-03
1.929217105498537421e-04
5.176438135094940662e-04
2.335746772587299347e-03
-1.179918879643082619e-03
8.606706978753209114e-04
1.448600203730165958e-03
9.152606944553554058e-04
8.095766534097492695e-04
2.596331527456641197e-03
3.345082281157374382e-03
-1.769404159858822823e-03
2.979527227580547333e-03
-2.111846348270773888e-03
1.455867430195212364e-03
8.602762827649712563e-04
-6.922482280060648918e-04
-5.305302911438047886e-04
1.808545785024762154e-03
2.079540863633155823e-03
4.799023445229977369e-04
-3.464608220383524895e-03
-3.711621975526213646e-04
-1.229549292474985123e-03
-4.356767931312788278e-06
-2.854707185178995132e-03
2.162182005122303963e-03
1.787063898518681526e-03
-1.815222320146858692e-03
-2.238409128040075302e-03
-2.012865617871284485e-03
1.893819775432348251e-03
-9.721729438751935959e-04
1.414113445207476616e-03
-3.275293391197919846e-03
-8.248518570326268673e-04
-3.175868885591626167e-03
1.297120354138314724e-03
-2.994043752551078796e-03
1.871520071290433407e-03
2.249744953587651253e-03
-4.331053423811681569e-05
9.965189965441823006e-04
4.070563300047069788e-04
2.454724162817001343e-03
-1.062136609107255936e-03
3.897160757333040237e-03
3.740717889741063118e-03
-2.291773678734898567e-03
8.377539925277233124e-04
1.293825684115290642e-03
3.567212028428912163e-03
2.843897789716720581e-03
3.179436316713690758e-03
-3.894426918122917414e-04
3.121350193396210670e-03
-2.936399076133966446e-03
-2.209776779636740685e-03
2.466740552335977554e-03
-2.338523045182228088e-03
-1.965162344276905060e-03
-1.149085001088678837e-03
-3.254799870774149895e-03
-1.387085998430848122e-03
-1.389923505485057831e-03
1.779660698957741261e-03
-3.278672695159912109e-03
1.833640271797776222e-03
-1.070160302333533764e-03
3.669661935418844223e-03
-1.516422140412032604e-03
-2.922923536971211433e-03
9.105488425120711327e-05
1.274769078008830547e-03
9.387712925672531128e-04
3.850280772894620895e-03
3.478419734165072441e-03
2.033627592027187347e-03
-3.378080902621150017e-03
-2.861368004232645035e-03
-1.897898036986589432e-04
-2.886965405195951462e-03
1.980114029720425606e-05
-2.927826244558673352e-05
8.298447937704622746e-04
-2.008265350013971329e-03
6.963138002902269363e-05
-2.899175742641091347e-03
1.707301591522991657e-03
6.411337526515126228e-04
3.030994907021522522e-03
7.145202253013849258e-04
3.001849399879574776e-03
-3.818877972662448883e-03
2.871925476938486099e-03
3.806615481153130531e-03
-1.967053860425949097e-03
-7.212805212475359440e-05
-1.671188394539058208e-03
-1.923038624227046967e-03
4.975147894583642483e-04
2.834744052961468697e-03
-8.245945209637284279e-04
-5.794194876216351986e-04
-3.248046850785613060e-03
-2.844708273187279701e-03
-3.195532830432057381e-03
3.708295116666704416e-04
2.783264731988310814e-03
3.363448195159435272e-03
3.317631315439939499e-03
-2.734600566327571869e-03
-2.217307453975081444e-03
-3.413300262764096260e-03
-3.099113702774047852e-03
1.367250457406044006e-03
1.844120743044186383e-05
3.424199298024177551e-03
-6.387655739672482014e-04
-1.295019639655947685e-03
7.788625225657597184e-05
-3.846340114250779152e-03
1.960227265954017639e-03
2.115931594744324684e-03
-3.701590234413743019e-03
8.151722140610218048e-04
2.141076838597655296e-03
-3.772066673263907433e-03
-1.655970583669841290e-03
-2.087567190756089985e-05
1.991679891943931580e-03
8.682464249432086945e-04
1.190776005387306213e-03
1.575617119669914246e-03
2.739107934758067131e-03
8.171727531589567661e-04
-1.133211189880967140e-03
7.327554048970341682e-04
3.209916176274418831e-03
-1.673532678978517652e-04
3.545520594343543053e-03
-1.360467402264475822e-03
3.438155399635434151e-03
-1.137765357270836830e-03
7.604195852763950825e-04
3.210501512512564659e-03
-2.024425659328699112e-03
3.000372089445590973e-03
-2.891199837904423475e-04
-2.386854263022542000e-03
-3.633270738646388054e-03
6.211834261193871498e-04
2.155729103833436966e-03
-3.482837695628404617e-03
3.848755033686757088e-03
-3.281554672867059708e-03
3.472061594948172569e-03
1.679782290011644363e-03
-3.652283689007163048e-03
-2.247470896691083908e-03
3.016761969774961472e-03
-1.975879538804292679e-03
-2.141569275408983231e-03
2.497305627912282944e-03
-1.118017709814012051e-03
-4.419744655024260283e-04
-2.650451380759477615e-03
1.154781552031636238e-03
3.320868359878659248e-03
-2.229068195447325706e-03
-2.191836945712566376e-03
-9.955925634130835533e-04
-3.003126010298728943e-03
1.688009215286001563e-04
-8.226373465731739998e-04
-2.283223904669284821e-03
-7.078449707478284836e-04
9.039172437041997910e-04
-2.356887329369783401e-03
-2.908112481236457825e-03
2.187354257330298424e-04
-3.600085154175758362e-03
2.882118802517652512e-03
2.507470780983567238e-04
1.155014033429324627e-03
1.056489301845431328e-03
-2.044089196715503931e-04
2.823795890435576439e-03
-3.208140842616558075e-03
-2.038913546130061150e-03
2.518190303817391396e-03
-2.776022534817457199e-03
3.378762630745768547e-03
-2.577393781393766403e-03
2.092287642881274223e-03
-1.202816492877900600e-03
-2.355960663408041000e-03
-2.151343505829572678e-05
-8.809805876808241010e-05
2.243389375507831573e-03
1.417794148437678814e-03
-5.939069087617099285e-04
2.578431973233819008e-03
-3.080243011936545372e-03
2.196256304159760475e-03
1.410777796991169453e-03
2.425634302198886871e-03
1.820899429731070995e-03
2.567622577771544456e-03
1.010939595289528370e-03
7.762125460430979729e-04
-3.435723017901182175e-03
2.314815064892172813e-03
4.203690041322261095e-04
1.322024734690785408e-03
-3.652375424280762672e-03
-1.435907091945409775e-03
-2.473147353157401085e-03
-3.024033969268202782e-03
1.021709409542381763e-03
8.918806561268866062e-04
9.355846123071387410e-05
-3.909662365913391113e-03
1.286396291106939316e-03
2.022692933678627014e-03
-2.469030208885669708e-03
2.659567864611744881e-03
-3.747896756976842880e-03
2.910615294240415096e-04
-3.513790667057037354e-03
3.176270984113216400e-03
-3.870409214869141579e-03
1.397392246872186661e-03
1.813443610444664955e-03
4.814146668650209904e-04
-5.886016297154128551e-04
-1.313729793764650822e-03
1.868741936050355434e-03
1.913686632178723812e-03
-2.112097805365920067e-03
-2.389698522165417671e-03
