1.185422996059060097e-03
1.067936886101961136e-03
-8.669996750541031361e-04
5.132706719450652599e-04
-1.698155392659828067e-04
-9.642069344408810139e-04
-3.314601024612784386e-03
-1.257798052392899990e-03
-1.281415607081726193e-04
-1.924878801219165325e-03
3.189078764989972115e-03
2.760229399427771568e-03
-3.962563932873308659e-04
1.368403900414705276e-03
2.387962013017386198e-04
2.878646191675215960e-04
8.251390536315739155e-04
1.102913985960185528e-03
-1.397609827108681202e-03
3.180602332577109337e-03
-5.358316702768206596e-04
3.409434109926223755e-03
-3.736454993486404419e-03
-3.465412650257349014e-03
-1.272353809326887131e-03
3.767767630051821470e-04
3.360390837769955397e-04
-1.927048549987375736e-03
1.553237234475091100e-04
-2.015378791838884354e-03
1.774011063389480114e-03
-4.203210992272943258e-04
-2.367937006056308746e-03
-3.719282976817339659e-04
2.792838262394070625e-03
-6.293933838605880737e-04
3.083122894167900085e-03
-6.576279411092400551e-04
-2.196608576923608780e-03
8.422791725024580956e-04
-3.647089470177888870e-03
-9.934706613421440125e-04
-3.253627102822065353e-03
-2.978106727823615074e-03
1.890302286483347416e-03
-3.147823736071586609e-03
3.228120971471071243e-03
-3.119248664006590843e-03
6.251806044019758701e-04
3.647669509518891573e-04
2.483253367245197296e-03
-5.034887581132352352e-04
-1.957487780600786209e-03
3.155520884320139885e-03
2.319493563845753670e-03
-3.186778165400028229e-03
1.389164011925458908e-03
2.144747646525502205e-03
4.335680278018116951e-04
1.966569107025861740e-03
1.870169304311275482e-03
1.278443727642297745e-03
1.621777191758155823e-03
-3.109318902716040611e-03
-3.126282943412661552e-03
-1.172607764601707458e-03
8.614002726972103119e-04
-3.069125523325055838e-04
2.978434553369879723e-03
-3.654382657259702682e-03
2.284337300807237625e-03
-3.350089536979794502e-03
-1.042468473315238953e-03
-1.130504999309778214e-03
-6.214678287506103516e-04
1.787713554222136736e-04
1.937746652401983738e-03
-2.956596901640295982e-03
7.319162250496447086e-04
-1.074167550541460514e-03
2.700544428080320358e-03
-3.771859919652342796e-03
-2.135571325197815895e-03
-2.805814379826188087e-03
-1.916353539854753762e-05
-2.552718156948685646e-03
-3.866180311888456345e-03
4.613633791450411081e-05
-4.353170807007700205e-04
-9.311040048487484455e-04
-2.955132862553000450e-03
-8.334878948517143726e-04
1.974370330572128296e-03
3.417723346501588821e-03
-3.770232899114489555e-03
-2.500621485523879528e-04
1.163286622613668442e-03
-3.626571502536535263e-03
1.769990049069747329e-04
-1.358406851068139076e-03
-9.133408311754465103e-04
-2.774341264739632607e-03
-3.564571030437946320e-03
2.786056604236364365e-03
2.589914482086896896e-03
2.629887079820036888e-03
2.853932324796915054e-03
3.684167051687836647e-03
-1.896452449727803469e-04
-3.537551267072558403e-03
-2.839565509930253029e-03
-7.831074181012809277e-04
-4.353906842879951000e-04
-1.842977828346192837e-03
-1.656517037190496922e-03
1.769365393556654453e-03
-2.299248706549406052e-03
-2.599313738755881786e-04
-1.769943395629525185e-03
-4.270882345736026764e-04
6.864925671834498644e-05
6.325112190097570419e-04
3.847751533612608910e-03
8.444592240266501904e-04
3.874987596645951271e-03
-1.431736862286925316e-03
1.093096798285841942e-03
9.973399573937058449e-04
-1.371640595607459545e-03
-4.134510891162790358e-05
2.932261442765593529e-03
-3.186203306540846825e-03
-6.135173607617616653e-04
-2.077851677313446999e-04
1.775239245034754276e-03
-1.711378223262727261e-03
-1.924879266880452633e-03
-1.893538865260779858e-03
4.455833186511881649e-05
-1.286568935029208660e-03
-2.087524859234690666e-03
-1.520899240858852863e-03
-2.629943657666444778e-03
2.978556090965867043e-03
-2.536478219553828239e-03
2.574581420049071312e-03
2.988645341247320175e-03
-3.718396881595253944e-03
2.352539217099547386e-03
-1.453534932807087898e-03
-3.017552895471453667e-03
2.769465325400233269e-03
-6.985127110965549946e-04
1.441020722268149257e-04
-6.915606791153550148e-04
-8.838458597892895341e-05
2.907178131863474846e-03
2.646844368427991867e-03
2.108479384332895279e-03
3.394519211724400520e-03
1.807725289836525917e-03
5.941462586633861065e-04
-8.995173848234117031e-04
1.151049043983221054e-03
1.914646592922508717e-03
2.173938788473606110e-03
3.879840485751628876e-03
1.520267687737941742e-03
2.873318037018179893e-03
2.999361604452133179e-03
2.353618154302239418e-03
8.379530045203864574e-04
-1.788927591405808926e-03
-2.812036545947194099e-04
2.219562884420156479e-03
3.506499633658677340e-04
3.804233856499195099e-03
3.173667471855878830e-03
2.152119763195514679e-03
2.200419781729578972e-03
-1.978075830265879631e-03
2.360183512791991234e-03
-1.886671991087496281e-03
9.088527294807136059e-04
3.752228338271379471e-03
-3.666797652840614319e-03
-5.380467046052217484e-04
2.302025095559656620e-04
3.284298873040825129e-04
-2.112234709784388542e-03
-3.451495431363582611e-03
-2.719975309446454048e-03
-2.958800410851836205e-03
-1.231620670296251774e-03
3.649601247161626816e-03
-2.570556942373514175e-03
5.637995200231671333e-04
8.721843478269875050e-04
-1.420807675458490849e-03
-1.669959863647818565e-03
9.177207248285412788e-04
-1.638888847082853317e-03
1.334885368123650551e-03
-2.975290408357977867e-03
-3.890676423907279968e-03
2.897172933444380760e-03
-1.118867308832705021e-03
-1.724595786072313786e-03
3.604274010285735130e-03
-1.748972339555621147e-03
3.709331853315234184e-03
1.684506656602025032e-03
1.594880945049226284e-03
3.412019694223999977e-03
-1.358136883936822414e-03
-1.872175955213606358e-03
2.852097619324922562e-03
3.767571877688169479e-03
-5.099053378216922283e-04
2.445479156449437141e-03
-6.708407890982925892e-04
-3.271664027124643326e-03
-1.630934420973062515e-03
-1.809646026231348515e-03
-1.512479502707719803e-03
2.685670508071780205e-03
3.651680657640099525e-03
-1.161276130005717278e-03
8.489702013321220875e-04
3.243245417252182961e-03
-1.470618764869868755e-03
2.344498177990317345e-03
-2.312572440132498741e-03
3.504437627270817757e-04
1.303651253692805767e-03
-3.177518956363201141e-03
-2.332108095288276672e-03
2.377995057031512260e-03
-1.333539024926722050e-03
2.215439453721046448e-03
3.146195958834141493e-04
-2.806422300636768341e-03
1.776990946382284164e-03
1.780311693437397480e-03
3.185822628438472748e-03
1.479834434576332569e-03
-3.875229973345994949e-03
1.887580496259033680e-03
-2.055465942248702049e-03
3.885134356096386909e-03
2.265022369101643562e-03
1.672685029916465282e-03
4.972795140929520130e-04
1.860255491919815540e-03
-1.789857633411884308e-03
-1.296240137889981270e-03
