-2.353379968553781509e-03
-5.293959402479231358e-04
2.892927033826708794e-03
-2.382717328146100044e-03
7.936407928355038166e-04
-6.840187706984579563e-04
-1.794975250959396362e-03
-1.450143754482269287e-03
3.876566188409924507e-03
-3.004153957590460777e-03
-2.254607388749718666e-03
-1.071983133442699909e-03
1.189233269542455673e-03
-7.619613461429253221e-05
2.513579325750470161e-03
2.046129433438181877e-03
-2.528696320950984955e-03
2.783854492008686066e-03
1.612399937584996223e-03
1.389221753925085068e-03
-3.774384735152125359e-03
1.975118415430188179e-03
-1.407986506819725037e-03
1.923101488500833511e-03
-2.755700144916772842e-03
-2.802059752866625786e-03
-1.224782667122781277e-03
7.289517088793218136e-04
-1.930033206008374691e-03
8.720619953237473965e-04
-8.577839471399784088e-04
-7.265955791808664799e-04
3.868939587846398354e-03
4.074914904776960611e-04
2.234080340713262558e-03
-1.804447616450488567e-03
-2.008945913985371590e-03
-2.998727373778820038e-03
-3.303522244095802307e-03
-2.223721472546458244e-03
5.828349967487156391e-04
-1.565625309012830257e-03
5.746429087594151497e-04
3.240804420784115791e-03
-3.705957671627402306e-03
-2.502899733372032642e-04
-8.978902478702366352e-04
-1.259505283087491989e-03
-5.087947938591241837e-04
1.727414928609505296e-05
-1.423315028659999371e-03
-2.024845452979207039e-03
-1.594154629856348038e-03
1.137058832682669163e-03
5.425261333584785461e-04
-3.205613465979695320e-03
-2.309002447873353958e-03
1.419171341694891453e-03
1.158056082203984261e-03
7.571924361400306225e-04
3.550326917320489883e-03
1.550907967612147331e-03
-2.864167072402779013e-05
4.901079955743625760e-05
1.088056596927344799e-03
-1.333671156316995621e-03
-1.655282685533165932e-04
3.611355787143111229e-03
2.832916798070073128e-03
-2.287753857672214508e-03
1.955759711563587189e-03
-1.492244424298405647e-03
3.796156961470842361e-03
2.706454833969473839e-03
2.473483560606837273e-03
2.745452569797635078e-03
-2.272934187203645706e-03
-1.694690436124801636e-03
-6.155863520689308643e-04
-3.832910442724823952e-03
3.464158391579985619e-03
2.270090626552700996e-03
4.093098104931414127e-04
-9.086502832360565662e-04
-4.982276586815714836e-04
-2.058908576145768166e-03
-7.805731911503244191e-06
-3.586177714169025421e-03
2.530019730329513550e-03
7.577124779345467687e-05
3.079203888773918152e-03
9.595379233360290527e-04
3.503961779642850161e-04
-7.537049823440611362e-04
2.233163453638553619e-03
3.752880962565541267e-03
-2.389146015048027039e-03
-3.087325952947139740e-03
-1.245365128852427006e-03
-1.965839881449937820e-03
3.694936400279402733e-03
-1.710777054540812969e-03
-3.313745837658643723e-03
1.910125836730003357e-03
7.918688352219760418e-04
2.586086979135870934e-03
-1.255881274119019508e-03
2.346162451431155205e-03
-1.656093518249690533e-03
1.115247432608157396e-04
3.787225345149636269e-03
3.089260309934616089e-03
3.647348203230649233e-04
1.564020290970802307e-03
8.469087188132107258e-04
-1.882539014331996441e-03
-3.675096202641725540e-03
-1.562978257425129414e-03
2.423519967123866081e-03
-2.401035511866211891e-03
2.791938837617635727e-03
-3.718500491231679916e-03
-1.339331385679543018e-03
-2.350998809561133385e-03
-2.570572542026638985e-03
3.492680378258228302e-03
-1.979626016691327095e-03
7.354601402767002583e-04
2.426382154226303101e-03
-3.823864972218871117e-03
-2.886970294639468193e-03
-1.926387543790042400e-03
3.019847674295306206e-03
-1.106669427827000618e-03
3.590044332668185234e-03
2.456779358908534050e-03
4.813342820852994919e-04
2.284144051373004913e-03
-3.784534987062215805e-03
3.732264041900634766e-03
-2.650862094014883041e-03
-2.781895687803626060e-03
2.589008538052439690e-03
3.134987084195017815e-03
-1.264505903236567974e-03
-2.589084673672914505e-03
-3.043749602511525154e-03
-3.136339364573359489e-03
-2.369965426623821259e-03
2.195634413510560989e-03
-2.038506790995597839e-03
-2.097564050927758217e-03
-2.829732839018106461e-03
-2.474050037562847137e-03
2.636901102960109711e-03
1.621462870389223099e-04
-3.357379464432597160e-04
2.771864412352442741e-03
-5.924292490817606449e-04
2.518807072192430496e-03
1.232322421856224537e-03
-1.466074900235980749e-04
-2.736614085733890533e-03
-3.042829688638448715e-03
1.081494963727891445e-03
-9.321964462287724018e-04
3.528992878273129463e-03
3.489327616989612579e-03
1.685233437456190586e-03
-3.262385260313749313e-03
1.221088896272704005e-04
-1.924363430589437485e-03
-1.182592241093516350e-03
1.678845961578190327e-03
-3.089542966336011887e-03
-7.447936804965138435e-04
7.528522983193397522e-04
-1.922384370118379593e-03
1.714321901090443134e-03
2.285942900925874710e-03
-1.279881456866860390e-03
1.524761319160461426e-03
-3.081002971157431602e-03
-7.764200563542544842e-04
2.367764245718717575e-03
6.102181578171439469e-05
-1.447795890271663666e-03
3.702350426465272903e-03
-2.166595804737880826e-04
7.289914065040647984e-04
-4.058615013491362333e-04
-2.036382677033543587e-03
-1.773258205503225327e-03
1.396996434777975082e-03
3.424198832362890244e-03
2.126544131897389889e-05
-9.210635907948017120e-04
-7.385605567833408713e-05
2.808920573443174362e-03
2.808313816785812378e-03
-2.018638915615156293e-04
8.178217103704810143e-04
-3.580679418519139290e-03
6.548621458932757378e-04
-1.299175084568560123e-03
-1.075584092177450657e-03
2.611769596114754677e-03
-3.836410120129585266e-03
-6.315836071735247970e-05
2.774669090285897255e-03
1.354662002995610237e-03
4.976752097718417645e-04
2.811501501128077507e-03
3.909920342266559601e-04
-1.940254005603492260e-03
-2.653397852554917336e-03
-3.629849525168538094e-03
4.380919854156672955e-04
-1.296860747970640659e-03
1.780274207703769207e-03
1.662152237258851528e-03
3.143048379570245743e-03
-2.466585254296660423e-03
-1.638908404856920242e-03
1.572031294927000999e-03
-2.303352812305092812e-03
-1.965655479580163956e-03
3.050233703106641769e-03
1.767352689057588577e-03
2.376027405261993408e-03
1.630596583709120750e-03
-1.794398704078048468e-04
-3.546129912137985229e-03
3.096558153629302979e-03
1.399516942910850048e-03
-2.022927161306142807e-03
2.903680549934506416e-03
-1.392819569446146488e-03
2.751839580014348030e-03
2.699407516047358513e-03
2.487263409420847893e-03
2.691865665838122368e-03
1.088262884877622128e-03
-1.026341225951910019e-03
2.273642458021640778e-03
-4.057481710333377123e-04
-3.789759706705808640e-03
-1.206438173539936543e-03
-2.924292813986539841e-03
-5.013611516915261745e-04
-3.481924650259315968e-04
-2.451249863952398300e-03
3.525354433804750443e-03
-1.243065344169735909e-03
-1.852189656347036362e-03
1.255302573554217815e-03
