2.169432351365685463e-03
-8.016392821446061134e-04
-3.824891755357384682e-03
-2.967327367514371872e-03
-1.180111430585384369e-03
-2.320480998605489731e-03
4.539708606898784637e-05
-8.837368804961442947e-04
-2.316728234291076660e-03
-8.695684373378753662e-04
3.196507459506392479e-03
-2.970556030049920082e-03
-2.106706611812114716e-03
-2.593692624941468239e-03
1.893780543468892574e-03
1.109013333916664124e-03
7.722188020125031471e-04
-3.188364207744598389e-03
-1.464431872591376305e-03
-7.044706726446747780e-04
-3.751832060515880585e-03
-1.665371586568653584e-03
4.359706945251673460e-04
-4.641157574951648712e-04
1.983569934964179993e-03
1.232550566783174872e-04
8.439292432740330696e-04
-1.410791301168501377e-03
-1.379396999254822731e-03
1.735982019454240799e-03
1.376744476146996021e-03
3.304113401100039482e-03
-2.937284763902425766e-03
6.703029503114521503e-04
2.101326361298561096e-03
2.673720940947532654e-03
3.074513515457510948e-03
1.406270195730030537e-03
1.579416682943701744e-03
2.481153234839439392e-03
-1.536168274469673634e-03
-1.798678189516067505e-03
2.746080048382282257e-03
3.347322111949324608e-03
3.544858889654278755e-03
7.837120792828500271e-04
-3.257474629208445549e-03
5.987009717500768602e-05
3.307334845885634422e-03
-1.868835068307816982e-03
-5.125194438733160496e-04
-9.713441831991076469e-04
-3.279628930613398552e-03
-3.136128420010209084e-03
-2.678697637747973204e-04
-1.416572602465748787e-03
1.442981068976223469e-03
-2.076010918244719505e-03
3.490000031888484955e-03
-2.688939915969967842e-03
-2.118708333000540733e-03
-7.530457223765552044e-04
-3.050907398574054241e-04
-3.203613683581352234e-03
-8.949551847763359547e-04
-3.137706313282251358e-03
-1.861757598817348480e-03
5.990212084725499153e-04
3.099386580288410187e-03
-8.714534342288970947e-04
1.230874448083341122e-03
3.389474935829639435e-03
1.735942671075463295e-03
-1.399399712681770325e-03
2.885980531573295593e-03
1.842242083512246609e-03
-1.907603931613266468e-03
2.094869967550039291e-03
-3.391542704775929451e-04
2.958463272079825401e-03
-1.595394918695092201e-03
-1.735114841721951962e-03
-3.576734336093068123e-03
-2.403910970315337181e-03
-1.211720154969953001e-04
-1.712896977551281452e-03
-1.206900691613554955e-03
-8.522832067683339119e-04
3.395310603082180023e-03
2.462937729433178902e-03
1.615023822523653507e-03
1.087608514353632927e-03
-3.680357942357659340e-03
1.694113714620471001e-03
-1.059111018548719585e-04
-1.288827741518616676e-03
2.567869378253817558e-03
1.693523139692842960e-03
2.740024821832776070e-03
-2.618146594613790512e-03
2.332192612811923027e-03
-4.947701818309724331e-04
-3.533317940309643745e-03
1.125485636293888092e-03
1.394967664964497089e-03
-2.688076347112655640e-03
9.182108915410935879e-04
1.767304842360317707e-03
-1.329723861999809742e-03
1.688392017967998981e-03
3.000041237100958824e-03
2.159882569685578346e-03
2.363390289247035980e-03
2.821679925546050072e-03
-6.804441800341010094e-04
-1.334574422799050808e-03
-2.660758560523390770e-03
1.971068792045116425e-03
-3.109482815489172935e-03
3.499487880617380142e-03
3.733813937287777662e-04
-1.961970701813697815e-04
1.426329021342098713e-03
-4.555277701001614332e-04
1.292093074880540371e-03
1.569428946822881699e-03
-3.192699747160077095e-03
2.949413843452930450e-03
-5.607167840935289860e-04
-1.216279692016541958e-03
-1.017608155962079763e-06
-1.696547114988788962e-04
3.646510594990104437e-04
3.089005826041102409e-03
-3.354454878717660904e-03
1.356972497887909412e-03
1.639739959500730038e-03
-6.325757130980491638e-04
1.303431228734552860e-03
3.254201961681246758e-03
-2.152662025764584541e-03
-4.873181751463562250e-04
-3.770147915929555893e-03
-1.108684344217181206e-03
-3.014938207343220711e-03
2.925594104453921318e-03
3.630003426223993301e-03
-2.077668672427535057e-03
2.168368315324187279e-03
-3.183928783982992172e-03
-3.373322309926152229e-03
4.692239454016089439e-04
-1.021166681312024593e-03
-1.852782093919813633e-03
-2.096364507451653481e-03
-9.033420355990529060e-04
7.906968676252290606e-05
2.118410309776663780e-03
-3.307098988443613052e-03
9.876500116661190987e-04
-1.213123672641813755e-03
1.567549537867307663e-03
-3.548162057995796204e-03
4.611432668752968311e-04
-8.456904324702918530e-04
1.386296935379505157e-03
-1.037680427543818951e-03
-1.719926949590444565e-03
-5.569685017690062523e-04
-2.717047464102506638e-03
-1.788787427358329296e-03
-1.760217710398137569e-03
-8.819632930681109428e-04
2.862977329641580582e-03
3.035004483535885811e-03
3.008771920576691628e-03
1.049211714416742325e-03
-2.481872215867042542e-03
1.120766741223633289e-03
-6.287365104071795940e-04
1.242379192262887955e-03
-1.021166332066059113e-03
3.829460591077804565e-03
-2.874662866815924644e-03
-2.443057252094149590e-03
1.561515149660408497e-03
-1.202450948767364025e-03
1.658150693401694298e-03
-1.597563503310084343e-03
-2.462386619299650192e-04
-2.392727648839354515e-03
-2.727845683693885803e-03
-4.897784674540162086e-04
-1.821720157749950886e-03
-3.762106411159038544e-03
1.380618487019091845e-04
-3.378744004294276237e-03
-1.810714136809110641e-03
3.390025114640593529e-03
-9.011874790303409100e-04
-2.938614459708333015e-03
2.144136931747198105e-03
-1.951450482010841370e-03
-2.869939664378762245e-03
1.636595232412219048e-03
3.860764554701745510e-04
-2.133772941306233406e-03
5.837446660734713078e-04
-3.441110020503401756e-03
-2.946032211184501648e-03
2.214719541370868683e-03
-3.675111569464206696e-03
-2.057862468063831329e-03
-8.893146878108382225e-04
2.782097784802317619e-03
1.799679012037813663e-03
-3.864795435220003128e-03
3.683883696794509888e-03
-2.172115026041865349e-03
1.682003610767424107e-03
-3.740180749446153641e-03
-3.245536237955093384e-03
-3.059183247387409210e-03
-1.559435157105326653e-03
2.705101156607270241e-03
1.317434827797114849e-03
2.542916685342788696e-03
-3.197267651557922363e-03
-7.698633125983178616e-04
-7.645519799552857876e-04
3.376607783138751984e-03
-1.234296592883765697e-03
2.251046709716320038e-03
-1.289723324589431286e-03
1.480378443375229836e-03
3.701495472341775894e-03
3.249787725508213043e-03
1.957481581484898925e-04
-2.816908061504364014e-03
1.269447617232799530e-03
3.421737346798181534e-03
1.091723912395536900e-03
3.586232895031571388e-03
3.636586479842662811e-03
2.550874371081590652e-03
-2.794604748487472534e-03
2.560900989919900894e-03
-3.580275923013687134e-03
-2.698690397664904594e-03
2.187833655625581741e-03
-5.308278487063944340e-04
3.715713974088430405e-03
2.736909082159399986e-03
3.580833552405238152e-03
-1.611903076991438866e-03
-9.222423541359603405e-04
