1.484434469603002071e-03
-3.884524805471301079e-03
3.732042678166180849e-04
2.145232865586876869e-03
-9.102719486691057682e-04
1.251193345524370670e-03
-3.122066846117377281e-04
3.056107088923454285e-03
-5.451536853797733784e-04
7.064107339829206467e-04
-1.551199820823967457e-03
-2.013317774981260300e-03
2.339439932256937027e-03
3.191074822098016739e-03
-1.185660366900265217e-03
-3.276244038715958595e-03
-2.062436891719698906e-03
-1.791752758435904980e-03
2.339921193197369576e-03
-1.230939873494207859e-03
-8.543207659386098385e-04
3.452242817729711533e-03
1.635496737435460091e-03
-1.836542156524956226e-03
1.130855875089764595e-03
-1.203391351737082005e-03
1.023235265165567398e-03
7.685479358769953251e-04
-2.669498324394226074e-03
1.723314402624964714e-03
2.821681555360555649e-03
7.408602396026253700e-04
3.589671570807695389e-03
-1.092396094463765621e-03
-1.525691244751214981e-03
1.333465916104614735e-03
3.278616582974791527e-03
-3.517965553328394890e-03
5.376163171604275703e-04
2.489704056642949581e-04
-1.238340046256780624e-03
-2.710581757128238678e-03
-2.259177621454000473e-03
-2.291063079610466957e-03
3.192815929651260376e-03
-1.957414933713153005e-04
-3.275765571743249893e-03
1.364969881251454353e-03
2.907867310568690300e-03
2.363113453611731529e-03
1.269856235012412071e-03
-2.921755076386034489e-04
1.794892159523442388e-04
-3.124173264950513840e-03
-1.202812418341636658e-03
-3.610579529777169228e-03
9.703433897811919451e-05
-3.987398522440344095e-04
-3.893177781719714403e-04
2.026058966293931007e-03
-7.747944910079240799e-04
-3.713634796440601349e-03
-3.518194134812802076e-04
1.728806761093437672e-03
-3.347010933794081211e-04
-3.296297509223222733e-04
-3.183673368766903877e-03
1.969574019312858582e-03
-3.202957566827535629e-03
1.978251850232481956e-03
3.004332771524786949e-03
3.471968462690711021e-03
3.081206465139985085e-03
-3.004248254001140594e-03
2.573068253695964813e-03
1.416474930010735989e-03
-5.212642008700640872e-06
-3.203408559784293175e-03
2.623557113111019135e-03
-3.297745482996106148e-03
2.589348936453461647e-03
-3.650632919743657112e-03
2.799347275868058205e-03
-3.304725978523492813e-03
1.842591445893049240e-04
3.142740111798048019e-03
-2.175720175728201866e-03
-2.304161025676876307e-04
-1.509225461632013321e-03
-1.776664867065846920e-03
1.598850940354168415e-03
3.819774836301803589e-03
-3.899581730365753174e-03
2.857538871467113495e-03
1.471624360419809818e-03
-2.805196680128574371e-03
-1.273924135603010654e-03
-6.768358289264142513e-04
2.667484477569814771e-05
-1.399433356709778309e-03
-1.463460270315408707e-03
2.992700785398483276e-03
1.160135609097778797e-03
1.240291167050600052e-03
1.951283047674223781e-04
1.675406936556100845e-03
-7.190337055362761021e-04
-2.608282491564750671e-03
-1.349088037386536598e-03
2.517827320843935013e-03
-2.609426621347665787e-03
-4.315432743169367313e-04
8.513226930517703295e-05
3.845867700874805450e-03
-2.350383438169956207e-04
-3.849328961223363876e-03
1.173863187432289124e-03
-1.387234311550855637e-03
-2.091386821120977402e-03
-7.344077312154695392e-05
-7.184951100498437881e-04
-1.819365192204713821e-03
-1.581621705554425716e-03
-8.590973448008298874e-04
-2.417198382318019867e-03
1.656483975239098072e-03
2.843132242560386658e-03
-1.043440075591206551e-03
2.300550462678074837e-03
-1.333930180408060551e-03
2.169371815398335457e-03
-1.915784785524010658e-03
-2.276726299896836281e-03
-3.033728105947375298e-03
-6.732799811288714409e-04
3.573267022147774696e-03
3.066229633986949921e-03
3.450499847531318665e-03
-2.240106463432312012e-03
1.681803842075169086e-03
4.872579593211412430e-04
-6.540077156387269497e-04
5.368889542296528816e-04
2.960899611935019493e-03
-3.350622719153761864e-03
-1.220582169480621815e-03
3.259314689785242081e-03
-2.617178019136190414e-03
3.868437604978680611e-03
-3.021613461896777153e-03
-3.184302244335412979e-03
-3.643623553216457367e-03
-5.368255528992449399e-08
1.327239093370735645e-03
-2.602909924462437630e-03
-2.983180340379476547e-03
3.546931082382798195e-03
3.059061709791421890e-03
-3.171988995745778084e-03
2.022711094468832016e-03
1.020279014483094215e-03
-1.525327446870505810e-03
3.272106638178229332e-03
-5.543318111449480057e-04
-3.883214201778173447e-03
-2.590782940387725830e-03
2.333760261535644531e-03
-1.853616791777312756e-03
-2.138896845281124115e-03
1.980335684493184090e-03
3.459159051999449730e-03
3.543490078300237656e-03
2.579536754637956619e-03
3.324597142636775970e-03
1.133874829974956810e-04
-3.372818464413285255e-03
-3.903121396433562040e-04
2.267475007101893425e-03
-1.225529354996979237e-03
-8.255296852439641953e-04
2.647776855155825615e-03
3.062346251681447029e-03
-1.492433017119765282e-03
-6.782588752685114741e-05
1.787727233022451401e-03
-3.177809063345193863e-03
-1.882431330159306526e-03
2.505959710106253624e-03
-2.542469417676329613e-03
1.242381171323359013e-03
2.046156441792845726e-03
1.084501156583428383e-03
1.606595935299992561e-03
-1.089801080524921417e-03
1.337127905571833253e-04
-5.622107419185340405e-04
8.929943433031439781e-04
1.627735327929258347e-03
3.874846966937184334e-03
3.516953671351075172e-03
3.978565218858420849e-04
2.838217420503497124e-03
2.992853755131363869e-03
2.496672095730900764e-03
-2.222144277766346931e-03
-3.301780903711915016e-03
3.221835941076278687e-03
-3.833452705293893814e-03
-3.789759357459843159e-04
3.347763093188405037e-03
-3.528429660946130753e-03
3.041777061298489571e-03
-1.539117889478802681e-03
2.128584077581763268e-03
1.418715255567803979e-04
2.519848290830850601e-03
3.348008031025528908e-03
1.376397674903273582e-03
-1.003889483399689198e-04
-2.490493236109614372e-03
2.007933566346764565e-03
-2.848504809662699699e-03
-2.076763659715652466e-03
-1.912354375235736370e-03
-2.279724227264523506e-03
8.205132908187806606e-04
2.800289541482925415e-03
-3.230624599382281303e-03
-9.213707526214420795e-04
-1.762816100381314754e-03
-1.858567004092037678e-03
-1.902767806313931942e-03
-1.035306719131767750e-03
2.976549090817570686e-03
-3.457058453932404518e-03
-1.684455084614455700e-03
-3.156168619170784950e-03
-1.717370701953768730e-03
-2.948717679828405380e-03
3.282279707491397858e-03
7.668921025469899178e-04
3.447433467954397202e-03
1.572476001456379890e-03
-2.969650631712283939e-05
-2.490532817319035530e-03
-2.977762371301651001e-03
2.008390845730900764e-03
-2.405691338935866952e-04
-2.519478730391710997e-04
3.760077757760882378e-03
-2.132483059540390968e-03
-2.409326989436522126e-04
-2.202302217483520508e-03
2.656888100318610668e-04
2.566070361353922635e-05
-1.255395472981035709e-03
