2.808255841955542564e-03
-3.804893349297344685e-04
1.273798407055437565e-03
-3.334460547193884850e-03
3.495480341371148825e-04
3.363868221640586853e-03
-2.364281099289655685e-03
1.823147526010870934e-03
-2.560792956501245499e-03
2.948412904515862465e-03
3.371375612914562225e-03
-1.123210065998136997e-03
1.286354265175759792e-03
-4.687244072556495667e-04
-2.668954199180006981e-03
1.518881064839661121e-03
2.810547593981027603e-03
2.815897576510906219e-03
1.442409818992018700e-03
-3.732864046469330788e-03
3.680329304188489914e-03
-1.817408134229481220e-03
-6.146852392703294754e-04
3.191818948835134506e-03
-1.268341671675443649e-03
-8.211896783905103803e-05
3.867231309413909912e-03
-3.072790859732776880e-04
1.888866419903934002e-03
-2.717300551012158394e-03
-3.178523387759923935e-03
-5.345838726498186588e-04
-3.436029888689517975e-03
6.019858410581946373e-04
-6.740677636116743088e-04
-1.414388767443597317e-03
-1.108240103349089622e-03
-5.200766026973724365e-04
1.096924461307935417e-04
-3.488314105197787285e-03
-2.697519259527325630e-03
6.953707779757678509e-04
-7.145791896618902683e-04
-1.347861718386411667e-03
-1.007125130854547024e-03
3.594749374315142632e-03
-3.179565304890275002e-03
5.337906186468899250e-04
-1.744793262332677841e-03
2.117462223395705223e-03
-2.389322035014629364e-03
-2.986255800351500511e-03
2.068953355774283409e-03
-1.422996137989684939e-04
-3.385403193533420563e-03
3.577602619770914316e-04
1.054273452609777451e-03
1.208398025482892990e-03
-2.158147050067782402e-03
-1.081396592780947685e-03
-1.139435567893087864e-03
-3.527455264702439308e-03
-1.048501231707632542e-03
-6.391967763192951679e-04
3.204349195584654808e-03
-3.905851859599351883e-03
-3.576755989342927933e-03
-3.492534859105944633e-03
3.206954570487141609e-03
3.745498135685920715e-03
-1.383359660394489765e-03
5.618513096123933792e-04
2.970983972772955894e-03
3.568316809833049774e-03
-2.460070187225937843e-03
3.415899816900491714e-03
1.428810646757483482e-03
-3.279755124822258949e-03
3.110486082732677460e-03
8.923600544221699238e-04
1.844376674853265285e-03
1.845052931457757950e-03
4.196617810521274805e-04
5.006712744943797588e-04
-9.930004598572850227e-04
3.078927751630544662e-03
-3.580570686608552933e-03
3.666461911052465439e-03
3.607282647863030434e-03
2.392657799646258354e-03
2.914039883762598038e-03
-3.257698379456996918e-03
-2.332827309146523476e-03
-5.144998431205749512e-04
-3.409396158531308174e-03
2.027101349085569382e-03
9.293539333157241344e-04
1.402668771333992481e-03
-4.084853280801326036e-04
-1.187495072372257710e-03
-5.787980626337230206e-04
1.111655379645526409e-03
-2.368851099163293839e-03
-1.163332257419824600e-03
2.708332613110542297e-03
-3.659497946500778198e-03
1.531480229459702969e-04
-5.058936658315360546e-04
2.018576022237539291e-03
3.569712629541754723e-03
-2.581845328677445650e-04
3.185704350471496582e-03
-3.579094773158431053e-03
-3.582547185942530632e-03
1.315635163336992264e-03
2.050361363217234612e-03
-6.343850400298833847e-04
-1.132623059675097466e-03
1.045620418153703213e-03
1.923105592140927911e-04
-1.572300388943403959e-04
6.086831563152372837e-04
5.395601619966328144e-04
-6.327606970444321632e-04
-3.777225269004702568e-03
-1.757056335918605328e-03
8.725766092538833618e-04
1.792162773199379444e-03
3.644071985036134720e-03
3.567447420209646225e-03
9.270726586692035198e-04
1.877291244454681873e-03
2.605760702863335609e-03
1.016159003484062850e-04
-2.108184620738029480e-03
7.743440219201147556e-04
-1.220418955199420452e-03
-1.501940074376761913e-03
6.633651209995150566e-04
5.260552279651165009e-04
1.289695850573480129e-03
2.401130273938179016e-03
-1.696170889772474766e-03
-2.799259498715400696e-03
-2.214383566752076149e-03
2.112167887389659882e-03
2.375431591644883156e-03
1.849288935773074627e-03
3.370829625055193901e-03
-2.104813698679208755e-03
-2.134980866685509682e-03
-3.254642011597752571e-03
2.835944993421435356e-03
-1.678145257756114006e-03
1.017194357700645924e-03
-2.854651538655161858e-03
-2.338833408430218697e-03
8.055207435972988605e-04
-7.233128999359905720e-04
2.779863716568797827e-04
1.667034084675833583e-04
-9.933773981174454093e-05
-3.047487465664744377e-03
-3.654273925349116325e-03
-1.708822790533304214e-03
2.579683437943458557e-03
-1.297503360547125340e-03
-1.925768883666023612e-04
-1.550116459839046001e-03
2.426730468869209290e-03
2.309403149411082268e-03
2.068853646051138639e-04
-3.617896931245923042e-03
1.598742092028260231e-03
2.815212821587920189e-03
-3.900518408045172691e-03
3.478512167930603027e-03
2.388404216617345810e-03
6.752641056664288044e-04
-2.641553524881601334e-03
-1.915973611176013947e-03
3.010701853781938553e-03
2.455120906233787537e-03
2.189831109717488289e-03
3.014803864061832428e-03
-6.228041020222008228e-04
2.862684195861220360e-03
-1.101495930925011635e-03
-2.875412581488490105e-03
-4.173922934569418430e-04
2.876534592360258102e-03
5.607393104583024979e-04
-2.276291605085134506e-03
-3.032660344615578651e-03
-9.010975190903991461e-05
2.252164762467145920e-03
1.271983608603477478e-03
-1.063118455931544304e-03
2.575976541265845299e-03
2.815974410623311996e-03
2.669963520020246506e-03
3.142424626275897026e-03
1.884868135675787926e-03
-3.589672036468982697e-03
6.028738571330904961e-04
1.435495098121464252e-03
-1.906088204123079777e-03
3.706188581418246031e-04
-3.067517420276999474e-03
-2.457583090290427208e-03
6.535044522024691105e-04
3.631994128227233887e-03
3.227963170502334833e-04
-2.281051129102706909e-03
6.747640436515212059e-04
3.689411096274852753e-04
3.476624609902501106e-03
7.084053941071033478e-04
-3.307208651676774025e-03
-3.119744651485234499e-04
5.492541822604835033e-04
2.326242160052061081e-03
-2.550853649154305458e-03
-3.129937453195452690e-03
-1.756412326358258724e-03
3.177678212523460388e-03
3.265650884713977575e-04
1.641250215470790863e-03
-2.151878550648689270e-03
1.730810035951435566e-04
2.193757100030779839e-03
1.841593766584992409e-03
3.015960799530148506e-03
3.017842536792159081e-03
-9.302138350903987885e-04
-1.260355464182794094e-03
9.975262219086289406e-04
2.364230342209339142e-03
-3.719603875651955605e-03
9.810416959226131439e-04
-1.462630927562713623e-03
5.501708947122097015e-04
-1.035025576129555702e-03
2.954171504825353622e-03
-1.056538196280598640e-03
2.034355420619249344e-03
-1.845788676291704178e-03
-2.034818055108189583e-03
-3.493130207061767578e-03
-9.886601474136114120e-04
-1.625072560273110867e-03
-1.417536288499832153e-03
-2.080260077491402626e-03
2.064101397991180420e-03
-2.219671150669455528e-04
3.535258816555142403e-03
