-3.089475445449352264e-03
3.467447357252240181e-03
-1.589982886798679829e-03
7.239629048854112625e-04
1.035360503010451794e-03
2.102396683767437935e-03
3.894217312335968018e-03
-2.365778665989637375e-03
2.978555159643292427e-03
-4.861344496021047235e-05
-1.143126050010323524e-03
3.866730956360697746e-03
-3.358866088092327118e-03
2.480107359588146210e-03
3.236362012103199959e-03
7.927134283818304539e-04
3.525790234562009573e-04
-2.069342182949185371e-03
1.520343706943094730e-03
8.756273891776800156e-04
-3.419520333409309387e-03
3.380417590960860252e-03
-1.168394228443503380e-03
-3.013435751199722290e-03
1.855594920925796032e-03
-2.297569997608661652e-03
-3.250271780416369438e-03
-3.131934674456715584e-03
-2.528024604544043541e-03
-1.501672435551881790e-03
1.009217463433742523e-03
-4.288317868486046791e-04
3.244124585762619972e-03
-2.773917047306895256e-03
-3.053955268114805222e-03
-2.354034921154379845e-03
-2.931184833869338036e-03
2.137865871191024780e-03
-2.191200655943248421e-05
2.399129560217261314e-03
1.464430592022836208e-03
3.661897964775562286e-03
-5.362607771530747414e-04
-3.892374224960803986e-03
3.747832961380481720e-03
1.504930085502564907e-03
2.308683935552835464e-03
6.269484292715787888e-04
7.546267588622868061e-04
-2.994743874296545982e-03
2.154978225007653236e-03
-3.465822199359536171e-03
-3.705103648826479912e-03
-5.073475040262565017e-05
-1.296809874475002289e-03
2.536290092393755913e-03
2.737044123932719231e-03
-1.102096517570316792e-03
-9.585427469573915005e-04
-6.781585398130118847e-04
3.115751547738909721e-03
5.313621950335800648e-04
2.772406907752156258e-03
-3.291368950158357620e-03
-3.520035650581121445e-03
1.349422964267432690e-03
-2.749152248725295067e-03
2.430830936646088958e-04
-1.402180525474250317e-03
-2.505534561350941658e-03
2.349052811041474342e-03
-1.325279241427779198e-03
-1.048400183208286762e-03
-2.490225946530699730e-03
-2.945782849565148354e-03
2.938630990684032440e-03
-3.853326663374900818e-03
2.284758957102894783e-03
-5.769821000285446644e-04
-1.006722101010382175e-03
-3.507966641336679459e-03
-2.345222979784011841e-03
-2.313385484740138054e-03
-2.061320934444665909e-03
-2.470105420798063278e-03
-1.060495502315461636e-03
2.166618127375841141e-03
2.078212797641754150e-03
-2.813394821714609861e-04
-1.839732052758336067e-03
2.186499536037445068e-03
3.817580174654722214e-03
7.235355442389845848e-04
3.072035266086459160e-03
-3.508137306198477745e-03
-3.474328666925430298e-03
2.654911717399954796e-03
-1.915159518830478191e-03
-7.913578301668167114e-04
-2.529127523303031921e-03
-1.756233861669898033e-03
-1.098826294764876366e-03
-1.263072015717625618e-03
3.872312139719724655e-03
-9.482997702434659004e-04
-4.338254511822015047e-04
2.420042641460895538e-03
-1.771111041307449341e-03
-3.341006347909569740e-03
1.732280245050787926e-03
1.659624627791345119e-03
9.575266740284860134e-04
-2.856626408174633980e-03
-2.839050022885203362e-03
-3.188322298228740692e-03
-2.767117694020271301e-03
3.870659507811069489e-03
-2.588094212114810944e-03
8.184199105016887188e-04
-2.297970786457881331e-04
2.913853386417031288e-04
-3.874187823385000229e-03
2.624915796332061291e-04
3.482735250145196915e-03
1.278932322748005390e-03
-4.151669272687286139e-04
-1.023634104058146477e-03
1.707133138552308083e-03
-9.881444275379180908e-04
1.060348586179316044e-03
6.238839705474674702e-04
1.001437311060726643e-03
-3.105884883552789688e-03
3.430418670177459717e-03
5.197990103624761105e-04
-3.469755640253424644e-03
9.426593896932899952e-05
1.738037390168756247e-04
3.703351598232984543e-03
2.535630716010928154e-03
1.660399022512137890e-03
-7.699329289607703686e-04
1.853977562859654427e-03
-1.889070146717131138e-03
-2.602734370157122612e-03
2.354348311200737953e-03
1.983643887797370553e-04
1.268127118237316608e-03
-2.556832972913980484e-03
2.416080096736550331e-03
1.498975441791117191e-03
-5.236165015958249569e-04
3.843386657536029816e-04
3.857827046886086464e-03
-7.966860430315136909e-04
-3.594943787902593613e-03
2.798475092276930809e-03
1.225222949869930744e-03
3.128240350633859634e-03
-2.822594251483678818e-03
-1.321549178101122379e-03
-3.410514909774065018e-03
-3.313040360808372498e-03
3.681556321680545807e-03
-6.510571693070232868e-04
-1.043781870976090431e-03
2.466628095135092735e-03
2.642449690029025078e-03
2.261069137603044510e-03
2.283356618136167526e-03
3.772716037929058075e-03
2.335644094273447990e-03
-2.666163956746459007e-03
-2.633783966302871704e-03
1.148868177551776171e-04
-3.645580494776368141e-03
8.192037967091891915e-06
-1.747658243402838707e-03
2.590443764347583055e-04
-2.405678533250465989e-04
3.358892397955060005e-03
-1.512308139353990555e-03
9.050689404830336571e-04
-3.771628718823194504e-03
-6.260137888602912426e-04
-8.814173052087426186e-04
-6.355326622724533081e-04
-2.031650859862565994e-03
-2.962122904136776924e-03
3.250466659665107727e-03
2.303558168932795525e-03
-1.284903264604508877e-03
1.826512452680617571e-04
1.237901858985424042e-03
3.692203608807176352e-04
3.878350835293531418e-03
-2.087948843836784363e-03
-2.950284397229552269e-03
-2.792919753119349480e-03
-2.697731542866677046e-04
3.245229832828044891e-03
-3.824995597824454308e-03
-1.503659412264823914e-03
3.601185046136379242e-03
9.673358727013692260e-05
-1.685705035924911499e-03
-3.177751787006855011e-03
2.496982924640178680e-03
8.701234037289395928e-06
3.561015473678708076e-03
1.182037056423723698e-03
-3.061562543734908104e-03
-3.717327257618308067e-03
2.336886478587985039e-03
6.083116022637113929e-05
3.935002896469086409e-04
-1.479473779909312725e-03
2.998206764459609985e-03
-2.652125665917992592e-03
-3.796133678406476974e-03
1.383842900395393372e-03
-3.701158100739121437e-03
3.473903751000761986e-03
-3.453165525570511818e-03
3.237258410081267357e-03
2.478272886946797371e-03
2.245239913463592529e-03
1.664237235672771931e-03
8.662446634843945503e-04
1.698548672720789909e-03
-8.664522465551272035e-05
3.732772776857018471e-03
-1.576853333972394466e-03
-1.718310057185590267e-03
7.833874551579356194e-04
-2.423965372145175934e-03
-3.138012951239943504e-03
-3.085101721808314323e-03
1.088478951714932919e-03
2.741100965067744255e-03
-3.735824953764677048e-03
1.412252429872751236e-03
2.490883634891360998e-04
-1.772559015080332756e-03
2.758032176643610001e-03
-1.656652661040425301e-03
1.735707628540694714e-03
1.957204658538103104e-03
6.869465578347444534e-04
-2.269474091008305550e-03
2.300377702340483665e-03
3.444092813879251480e-03
2.071106340736150742e-03
-1.034035347402095795e-03
-3.266112180426716805e-03
3.804480889812111855e-03
