1.064088195562362671e-03
-1.188378548249602318e-03
-8.119846461340785027e-04
1.354666892439126968e-04
3.052835119888186455e-03
-6.005203467793762684e-04
-3.481020685285329819e-03
-1.354729291051626205e-03
-1.892451313324272633e-03
-8.201778109651058912e-05
-3.064746968448162079e-03
-4.641892155632376671e-04
-1.795840566046535969e-03
1.063667703419923782e-03
-1.714092097245156765e-03
3.506119130179286003e-03
3.403821261599659920e-03
-3.823004430159926414e-03
-3.705142531543970108e-03
-6.580062909051775932e-04
2.799542155116796494e-03
-3.498774021863937378e-03
2.430381486192345619e-03
-1.321727086178725585e-05
7.496504695154726505e-04
-3.473769873380661011e-03
-2.116202609613537788e-03
-1.055959728546440601e-03
3.710868069902062416e-03
-3.635973902419209480e-03
1.558845542604103684e-04
-3.164695110172033310e-03
-1.745622139424085617e-03
-1.773092313669621944e-03
6.722718826495110989e-04
4.733211608254350722e-05
3.596694674342870712e-03
-3.057505236938595772e-03
-3.188245464116334915e-04
3.174821846187114716e-03
-1.141152228228747845e-03
-1.319569535553455353e-03
-3.870954038575291634e-03
-3.066393313929438591e-03
-5.189788134885020554e-05
-1.448211376555263996e-03
9.659748320700600743e-05
1.552417990751564503e-03
-9.718989604152739048e-04
-2.733481116592884064e-03
2.766735618934035301e-03
-1.281762728467583656e-03
-2.101438818499445915e-03
3.233609488233923912e-03
-1.298033632338047028e-03
1.703155227005481720e-03
3.049179911613464355e-03
-1.735740690492093563e-03
2.287986455485224724e-03
1.284836558625102043e-03
-1.541768200695514679e-03
-4.139485827181488276e-04
-1.926025259308516979e-03
-8.406575070694088936e-04
-2.236675005406141281e-03
-1.043424592353403568e-03
-3.668076824396848679e-03
1.557448646053671837e-03
-3.559476463124155998e-04
-7.385030621662735939e-04
3.836111864075064659e-03
8.867488941177725792e-04
-2.167483558878302574e-03
-1.162286731414496899e-03
-3.363403491675853729e-03
-4.978982033208012581e-04
-2.261543180793523788e-03
1.304986886680126190e-03
2.378172241151332855e-03
-3.811202943325042725e-03
3.724087961018085480e-03
6.704153493046760559e-04
1.335220295004546642e-04
-9.951817337423563004e-04
1.696181599982082844e-03
3.106798976659774780e-03
3.715918166562914848e-03
-7.260893471539020538e-04
2.589203882962465286e-03
3.842638572677969933e-03
-4.220106056891381741e-04
-1.290288986638188362e-03
-1.945582451298832893e-03
2.873422345146536827e-03
1.155133824795484543e-03
-2.607190690468996763e-04
1.419278443790972233e-03
1.503244391642510891e-03
-1.241906895302236080e-03
-2.159521449357271194e-03
-2.809211844578385353e-03
1.998007937800139189e-04
-1.629543723538517952e-03
3.798280959017574787e-04
3.784481901675462723e-03
-3.455677360761910677e-04
-1.768598915077745914e-03
3.375648055225610733e-03
-6.157043389976024628e-05
-7.216794183477759361e-04
5.094969528727233410e-04
1.202536281198263168e-03
3.744955873116850853e-03
1.260199118405580521e-03
-1.462020911276340485e-03
3.284434787929058075e-03
-1.933827297762036324e-03
-2.048765076324343681e-03
-3.285318671260029078e-04
-1.023532822728157043e-03
-1.890984247438609600e-03
-2.724850855884142220e-05
-1.955050043761730194e-03
-1.614311244338750839e-03
3.493137424811720848e-03
7.562082028016448021e-04
-2.413229813100770116e-04
3.183020744472742081e-03
-1.736638136208057404e-03
-2.638716541696339846e-04
8.596071857027709484e-04
-1.339439768344163895e-03
-3.544187638908624649e-04
7.374281994998455048e-04
-1.013312372379004955e-03
-2.515298780053853989e-03
-3.374345251359045506e-04
-1.692210556939244270e-03
3.230507252737879753e-03
-3.239150391891598701e-03
-3.461591200903058052e-03
1.959381392225623131e-03
2.149371197447180748e-03
-2.059587277472019196e-03
-3.528253640979528427e-03
-3.489156020805239677e-03
2.410012762993574142e-03
-1.652857055887579918e-03
-3.232555929571390152e-03
-3.121678251773118973e-03
1.307964790612459183e-03
-6.809313199482858181e-04
3.772733965888619423e-03
1.189236529171466827e-03
-1.126861548982560635e-03
-2.992213994730263948e-04
-1.166877802461385727e-03
1.081485417671501637e-03
-3.082319395616650581e-03
-1.071081263944506645e-03
-1.967676682397723198e-03
-6.778803071938455105e-04
-1.081328256987035275e-03
-2.666113432496786118e-03
1.222835038788616657e-03
-8.447018335573375225e-04
2.479030052199959755e-03
-8.319925400428473949e-04
3.806636203080415726e-03
-1.016699941828846931e-03
-1.435904996469616890e-03
-3.033701330423355103e-03
1.565275306347757578e-04
1.354938722215592861e-03
9.543081396259367466e-04
2.752753440290689468e-03
-3.783590625971555710e-03
1.478105259593576193e-04
-4.816704313270747662e-04
-2.289148978888988495e-03
2.066500484943389893e-03
3.080504713580012321e-03
3.019519383087754250e-03
-2.787397941574454308e-03
-9.144077193923294544e-04
5.436458741314709187e-04
-1.681242603808641434e-03
-2.157300710678100586e-03
-3.558842930942773819e-03
-1.036592526361346245e-03
8.719039615243673325e-04
3.248810069635510445e-03
-1.057480927556753159e-03
-1.146997674368321896e-03
-2.857738290913403034e-04
-1.768192509189248085e-03
-3.641066374257206917e-03
8.903879788704216480e-04
3.325309604406356812e-03
-4.976240452378988266e-04
-3.160017076879739761e-03
3.856753231957554817e-03
-8.902756380848586559e-04
-3.853396337945014238e-04
-1.021966687403619289e-03
-1.088326447643339634e-03
-3.661699360236525536e-03
3.256135387346148491e-03
1.576782786287367344e-03
1.963880378752946854e-03
-8.317793253809213638e-04
3.169890958815813065e-03
1.134295598603785038e-03
-2.903192769736051559e-03
2.715442096814513206e-03
1.132163684815168381e-03
-1.780646038241684437e-03
-9.515887941233813763e-04
-1.345239696092903614e-03
3.201658371835947037e-03
-2.247559372335672379e-03
-2.954327967017889023e-03
3.347439924255013466e-03
-6.379177793860435486e-04
-3.014454152435064316e-03
2.760343486443161964e-03
-2.579915337264537811e-03
-2.163337194360792637e-04
-3.557530231773853302e-03
1.582182594574987888e-04
-5.645632627420127392e-04
-3.594298905227333307e-04
5.337544134818017483e-04
1.573242479935288429e-03
5.867354338988661766e-04
2.748878672719001770e-03
-1.633810694329440594e-03
1.066011143848299980e-03
-2.050423063337802887e-03
-9.806880261749029160e-04
3.660000162199139595e-03
1.500381506048142910e-03
1.947950688190758228e-03
1.163448556326329708e-03
-1.911404542624950409e-03
1.466208952479064465e-03
8.582752780057489872e-04
-2.742110751569271088e-03
-2.380407182499766350e-03
-9.587266831658780575e-04
-6.548975361511111259e-04
-1.796653843484818935e-03
1.527610584162175655e-03
7.173104677349328995e-04
1.012285239994525909e-03
3.345188451930880547e-03
