-3.375889267772436142e-03
-2.476495457813143730e-03
2.887239912524819374e-03
6.759904790669679642e-04
2.350305439904332161e-03
-3.425447794143110514e-04
6.170867709442973137e-04
-3.829196328297257423e-03
2.066210145130753517e-04
3.742594970390200615e-03
1.848829793743789196e-03
1.844658632762730122e-03
-7.793764816597104073e-04
2.803164999932050705e-03
3.758823033422231674e-03
-3.447479335591197014e-03
-2.202341100201010704e-03
1.227461616508662701e-03
1.217678072862327099e-03
2.181440358981490135e-03
3.442848101258277893e-03
1.281459117308259010e-03
5.482238484546542168e-04
-1.153231365606188774e-03
-2.752779982984066010e-03
-7.865977240726351738e-04
-1.175621408037841320e-03
6.746171275153756142e-04
2.596308710053563118e-03
-3.378025721758604050e-03
-1.026868703775107861e-03
1.961314817890524864e-03
1.342634554021060467e-03
5.226107314229011536e-04
1.767826615832746029e-03
3.546256921254098415e-04
-8.882206748239696026e-04
-3.741153050214052200e-03
-2.504976699128746986e-03
5.812193267047405243e-04
3.100213129073381424e-03
1.929818419739603996e-03
2.203420535806799307e-06
-3.239706857129931450e-03
2.182779717259109020e-04
3.068124642595648766e-03
3.307719714939594269e-03
-2.122645382769405842e-04
3.294393536634743214e-04
-4.509649588726460934e-04
3.083501011133193970e-03
2.194306580349802971e-03
-1.116035506129264832e-03
6.081465398892760277e-04
3.040728159248828888e-03
-1.909960643388330936e-03
2.371125621721148491e-03
-1.730577321723103523e-03
2.482871524989604950e-03
7.904812810011208057e-04
-2.343270462006330490e-03
3.434679005295038223e-03
1.146764727309346199e-03
-1.092044753022491932e-03
-3.416786901652812958e-03
8.424584520980715752e-04
-2.226978773251175880e-03
2.507871016860008240e-03
2.299991669133305550e-03
-2.957772230729460716e-04
3.625392448157072067e-03
-1.093376195058226585e-03
1.636158791370689869e-03
-5.154361715540289879e-04
2.330804243683815002e-03
3.631020663306117058e-03
3.470209412625990808e-05
-1.021457952447235584e-03
3.059458453208208084e-03
-1.956505933776497841e-03
-3.574179718270897865e-04
1.936509157530963421e-03
-9.487027418799698353e-04
-8.947080350480973721e-04
2.782599302008748055e-03
-2.358908968744799495e-04
6.690914742648601532e-04
2.652978757396340370e-03
6.191305583342909813e-04
-3.859566524624824524e-03
3.388507058843970299e-03
-2.481189556419849396e-03
-3.706024494022130966e-03
-4.424069484230130911e-04
-2.488358179107308388e-03
3.496448243822669610e-06
2.938675228506326675e-03
3.417364088818430901e-03
-1.225560903549194336e-03
3.368845907971262932e-03
3.283277386799454689e-03
3.561397083103656769e-03
-3.162804525345563889e-03
-3.288248321041464806e-03
3.548587439581751823e-03
-4.307524359319359064e-04
3.509498899802565575e-03
-1.226082968059927225e-04
1.150477095507085323e-03
3.202203894034028053e-03
-4.559615626931190491e-04
1.812347763916477561e-04
-2.499349648132920265e-03
2.739835996180772781e-03
2.658966463059186935e-03
2.730560721829533577e-03
-3.096245054621249437e-04
1.679526525549590588e-03
-2.549450611695647240e-03
-3.706976771354675293e-03
3.178353654220700264e-03
-3.869416425004601479e-03
5.647907964885234833e-04
1.517592812888324261e-03
1.899387920275330544e-03
-1.494396943598985672e-03
9.170837001875042915e-04
2.342996886000037193e-04
-1.365242758765816689e-03
-1.268307794816792011e-03
8.786217949818819761e-05
9.043467580340802670e-04
-3.891640109941363335e-03
3.738163970410823822e-03
-2.139118500053882599e-03
3.359494497999548912e-03
-3.383647883310914040e-03
2.193139865994453430e-03
3.634652588516473770e-03
1.732405275106430054e-03
2.948858076706528664e-03
3.115671570412814617e-04
-6.393928779289126396e-04
2.883334644138813019e-03
-2.229909645393490791e-03
1.667359843850135803e-03
-1.732927863486111164e-03
-3.823838895186781883e-03
-3.262301906943321228e-03
3.782920539379119873e-03
-2.025388239417225122e-04
1.480668783187866211e-03
3.755852114409208298e-03
2.683485159650444984e-03
2.206410514190793037e-03
-3.131045028567314148e-03
1.914103515446186066e-03
2.205471973866224289e-03
3.052202053368091583e-03
-1.018777838908135891e-03
-7.952922605909407139e-04
-2.505209064111113548e-03
-4.524076066445559263e-04
-3.882226999849081039e-03
2.593636745586991310e-03
1.690450706519186497e-03
2.069641370326280594e-03
-2.450164407491683960e-03
-7.324201287701725960e-04
-9.253397001884877682e-04
3.596686525270342827e-03
1.789175439625978470e-03
1.704534864984452724e-03
-5.081948474980890751e-04
-1.564179197885096073e-03
8.987835026346147060e-04
4.046132671646773815e-04
2.056701341643929482e-03
-4.301658773329108953e-04
2.710709348320960999e-03
1.482944353483617306e-03
-6.454471440520137548e-05
1.423559733666479588e-03
-9.290438028983771801e-04
-2.955806208774447441e-03
1.591975684277713299e-03
3.525046864524483681e-03
-2.958878874778747559e-03
2.374536124989390373e-03
2.408840227872133255e-03
-3.875140566378831863e-03
-3.075873537454754114e-04
-1.585992722539231181e-04
8.335509919561445713e-04
-3.770442213863134384e-03
-3.544105915352702141e-03
-3.555183298885822296e-03
3.538995515555143356e-03
-1.334012718871235847e-03
2.502467250451445580e-03
1.674912055023014545e-03
1.008910941891372204e-03
3.841526340693235397e-03
2.034741686657071114e-03
-1.518984325230121613e-03
-1.440537162125110626e-03
-1.291663269512355328e-03
1.137398183345794678e-03
-1.089044963009655476e-04
-3.475147997960448265e-03
9.396592504344880581e-04
-1.271171146072447300e-03
1.145858084782958031e-03
-3.366624005138874054e-03
1.621211995370686054e-03
-3.010541899129748344e-03
2.124915830790996552e-03
1.188984839245676994e-03
-8.286267984658479691e-04
1.054473803378641605e-03
-3.784869099035859108e-03
-6.886335322633385658e-04
-9.072766406461596489e-04
-2.030436880886554718e-03
-1.247401698492467403e-03
-1.002136967144906521e-03
1.092562917619943619e-03
-7.575599011033773422e-04
5.848537548445165157e-04
-6.118919700384140015e-04
-1.823431230150163174e-03
-2.869958989322185516e-03
-1.348608057014644146e-03
-7.977123023010790348e-04
-2.224534982815384865e-03
-1.280003343708813190e-03
3.800973528996109962e-03
-1.311517320573329926e-03
-3.574530826881527901e-03
1.642269548028707504e-03
-3.620260162279009819e-03
-2.994610695168375969e-03
-3.538367804139852524e-03
2.920487429946660995e-03
3.574028378352522850e-03
-1.528159482404589653e-03
2.509265905246138573e-03
-6.931036477908492088e-04
-1.878084847703576088e-03
-2.701485995203256607e-03
-1.817260053940117359e-04
1.571624656207859516e-03
-5.231371615082025528e-04
3.342625452205538750e-03
1.809348817914724350e-03
-2.115519746439531446e-04
