-2.246478339657187462e-03
-2.099762437865138054e-03
8.180118747986853123e-04
1.822554157115519047e-03
-3.287012921646237373e-03
2.021116903051733971e-03
5.507454261532984674e-05
3.681225469335913658e-03
2.230640267953276634e-03
6.772950873710215092e-04
-3.269094740971922874e-03
-2.655953867360949516e-03
-1.925003947690129280e-03
-8.639568113721907139e-04
-3.382025752216577530e-03
-3.364698262885212898e-03
-9.965815115720033646e-04
-3.213824471458792686e-03
7.018269971013069153e-04
3.595411544665694237e-03
-1.685456605628132820e-03
-3.744527697563171387e-03
2.488962607458233833e-03
-2.455220674164593220e-04
2.234777668491005898e-03
-1.000956748612225056e-03
-2.327552298083901405e-03
2.336366014787927270e-04
3.698323853313922882e-03
5.955415690550580621e-05
2.823875984176993370e-03
-3.537885844707489014e-03
3.550974652171134949e-03
2.385079395025968552e-03
-1.102219102904200554e-03
7.005158695392310619e-04
-3.167930757626891136e-03
1.340277376584708691e-04
1.953996950760483742e-03
8.153658709488809109e-04
8.502876735292375088e-04
1.272255787625908852e-03
2.256481908261775970e-03
2.093042712658643723e-03
-3.516982775181531906e-03
-2.933523384854197502e-03
2.652504190336912870e-04
1.812725560739636421e-03
2.175050787627696991e-03
-6.485998746939003468e-04
3.797667333856225014e-03
-2.872285898774862289e-03
2.322687534615397453e-03
-1.817267388105392456e-03
3.438002429902553558e-03
-2.128258813172578812e-03
5.072760395705699921e-04
-1.026117708534002304e-03
-2.856817794963717461e-03
1.983940135687589645e-03
-4.389318928588181734e-04
3.500936727505177259e-04
-1.942607457749545574e-03
2.182108117267489433e-03
-1.307304948568344116e-03
-2.020788146182894707e-03
-1.675476552918553352e-03
2.190988743677735329e-03
-2.161311684176325798e-03
-3.548041451722383499e-03
-3.318046918138861656e-03
-7.727780030108988285e-04
2.816301770508289337e-03
7.323853205889463425e-04
-1.935238018631935120e-03
2.371149370446801186e-03
3.467097412794828415e-03
-1.882199081592261791e-03
-1.358067733235657215e-03
-1.215979806147515774e-03
1.276131253689527512e-03
-3.466997295618057251e-03
-7.165251008700579405e-05
-4.038313927594572306e-04
-3.145892405882477760e-03
-1.204662607051432133e-03
2.376012271270155907e-03
-2.263444010168313980e-03
-6.154172588139772415e-04
3.183739492669701576e-03
1.455635065212845802e-04
6.082070176489651203e-04
-2.141849254257977009e-04
-3.379786212462931871e-04
-1.510225120000541210e-03
-8.107765461318194866e-04
1.047298079356551170e-03
1.180404098704457283e-03
3.789926413446664810e-03
7.663517608307301998e-04
-3.565207589417695999e-03
1.409461721777915955e-03
3.773874836042523384e-03
-3.238408360630273819e-03
-2.474494103807955980e-04
1.567920902743935585e-03
-3.426618641242384911e-03
3.534076502546668053e-03
1.171275624074041843e-03
3.959552559535950422e-04
1.630756072700023651e-03
1.143325818702578545e-03
1.248436630703508854e-03
1.571410102769732475e-03
6.904850597493350506e-04
3.573784371837973595e-03
-5.873013869859278202e-04
2.580890664830803871e-03
3.768337424844503403e-03
-2.702353056520223618e-03
-2.397245989413931966e-04
-3.039664356037974358e-03
3.094583982601761818e-03
1.400377368554472923e-03
-2.063954249024391174e-03
2.217658562585711479e-03
-1.578039373271167278e-03
-3.299855161458253860e-04
2.638336038216948509e-03
4.177554510533809662e-04
3.450660733506083488e-03
3.165611706208437681e-04
-3.561138641089200974e-03
-2.651592949405312538e-03
3.233026014640927315e-03
2.228968543931841850e-03
-3.422629786655306816e-03
2.865430724341422319e-04
-2.017640741541981697e-03
-3.141430206596851349e-03
-3.979517205152660608e-04
-1.389999291859567165e-03
-3.959195164497941732e-04
1.311685889959335327e-03
3.436908824369311333e-03
1.189520189655013382e-04
2.783363685011863708e-03
-5.267041269689798355e-04
1.734440098516643047e-03
-7.862433558329939842e-04
-7.089957944117486477e-04
-2.241952577605843544e-03
-1.813131966628134251e-04
-3.230493050068616867e-03
-3.092239610850811005e-03
3.166303038597106934e-03
2.465555677190423012e-03
6.459702271968126297e-04
-6.743567064404487610e-04
3.799431724473834038e-04
-3.472811658866703510e-04
1.389252836816012859e-03
-1.775455195456743240e-03
2.706376602873206139e-03
-1.724705100059509277e-03
7.362267351709306240e-04
-2.919765654951334000e-03
3.768903901800513268e-03
-3.046351484954357147e-03
3.580850607249885798e-04
-3.668160643428564072e-03
-2.482399577274918556e-03
-1.900451257824897766e-03
-3.499119542539119720e-03
-1.169348368421196938e-03
3.574406029656529427e-03
-3.813597606495022774e-03
1.118467422202229500e-03
-7.136740023270249367e-04
1.254596398212015629e-03
-3.511773422360420227e-03
1.933098770678043365e-03
2.073406707495450974e-03
-1.448558876290917397e-03
3.024583216756582260e-03
1.908622449263930321e-03
-2.852192148566246033e-03
-1.773849595338106155e-03
3.306555096060037613e-03
5.887123406864702702e-04
2.422225894406437874e-03
-1.980572007596492767e-03
-3.604519413784146309e-03
-5.421827081590890884e-04
1.170625211670994759e-03
3.056334098801016808e-03
-2.869198564440011978e-03
3.118398133665323257e-03
-1.447030517738312483e-04
1.911058789119124413e-03
-6.326290895231068134e-04
3.658915637060999870e-03
-8.330598939210176468e-04
1.584247918799519539e-03
-1.452004071325063705e-04
1.467928086640313268e-04
-3.427839139476418495e-03
-1.886819023638963699e-03
-2.740208059549331665e-03
-3.774419194087386131e-03
-1.324617885984480381e-03
3.249287838116288185e-03
-4.002882924396544695e-04
3.824397688731551170e-03
1.010366948321461678e-03
-3.756962250918149948e-03
3.444062545895576477e-03
-3.724105226865503937e-06
-3.164578462019562721e-03
1.148985815234482288e-03
1.185884466394782066e-03
3.547619562596082687e-03
1.213435549288988113e-03
-3.079644171521067619e-03
-1.100536435842514038e-03
-1.478526042774319649e-03
7.258322439156472683e-04
2.978002186864614487e-03
3.097821492701768875e-03
-2.922351472079753876e-03
3.500126069411635399e-03
-2.019630977883934975e-03
1.238359371200203896e-03
3.798071062192320824e-03
-3.596155904233455658e-03
3.412564052268862724e-03
-1.381085254251956940e-03
-7.810909301042556763e-04
1.339670852757990360e-03
-2.079304307699203491e-03
-2.610001014545559883e-03
1.649679848924279213e-03
-3.727062605321407318e-03
-4.263591836206614971e-04
6.609064294025301933e-04
-8.256434230133891106e-04
3.622324671596288681e-03
5.345134995877742767e-04
1.365597010590136051e-03
-3.914822358638048172e-03
-2.242769580334424973e-03
-1.977341715246438980e-03
7.449286640621721745e-04
-1.311886735493317246e-04
-7.193429628387093544e-04
7.677446119487285614e-04
