-1.810625777579843998e-03
-3.537621116265654564e-03
-2.172037726268172264e-03
4.941354854963719845e-04
-3.590967971831560135e-03
-1.472745905630290508e-03
3.309512976557016373e-03
2.410702174529433250e-03
-3.026641497854143381e-04
7.825270295143127441e-04
2.368193352594971657e-03
-1.459867809899151325e-03
-2.793674124404788017e-03
-3.241330618038773537e-03
3.165302099660038948e-03
3.413227619603276253e-03
2.220064016000833362e-05
-1.945967669598758221e-03
-1.994505990296602249e-03
2.486285055056214333e-03
-1.864190213382244110e-03
2.666168846189975739e-03
3.274397458881139755e-04
-3.413227153941988945e-03
1.313892891630530357e-03
-1.236018259078264236e-03
-1.043320051394402981e-03
3.681288566440343857e-03
1.854637870565056801e-03
-2.323983644600957632e-04
-3.489264752715826035e-03
-3.347313264384865761e-03
3.022513352334499359e-03
-1.825413666665554047e-03
-1.622414629309787415e-07
-9.715459891594946384e-04
1.500555546954274178e-03
-2.742701675742864609e-03
-1.717631705105304718e-03
2.779236994683742523e-03
2.333593787625432014e-03
-2.746842103078961372e-03
-1.862355275079607964e-03
-1.356449793092906475e-03
-6.813966319896280766e-04
1.263272017240524292e-03
-1.935304724611341953e-03
-5.715081351809203625e-04
3.378832945600152016e-03
-3.503919870126992464e-04
-3.338292473927140236e-03
2.068355679512023926e-03
2.689879620447754860e-03
1.463504391722381115e-03
-1.752514159306883812e-03
2.582501154392957687e-03
3.480685409158468246e-03
2.164041157811880112e-03
1.235215924680233002e-03
-3.352198284119367599e-03
-1.234342344105243683e-03
-1.230993308126926422e-03
1.120923436246812344e-03
-3.848998807370662689e-03
1.034102635458111763e-03
-2.428369829431176186e-03
-2.277615385537501425e-05
6.282535614445805550e-04
1.312973443418741226e-03
-6.064452463760972023e-04
-3.374924883246421814e-03
1.285251579247415066e-03
-2.442986005917191505e-03
-4.771354433614760637e-04
2.786918077617883682e-03
3.034675959497690201e-03
-2.404052997007966042e-03
-9.113292326219379902e-04
3.857210977002978325e-03
1.810610992833971977e-03
1.059793867170810699e-03
-2.120930468663573265e-03
1.705819042399525642e-03
-2.434276975691318512e-03
-2.528805285692214966e-03
2.695588162168860435e-03
-1.235899864695966244e-03
1.561484416015446186e-03
-1.313793007284402847e-03
2.971988171339035034e-03
-3.434333484619855881e-03
-9.744052076712250710e-04
3.477555699646472931e-03
-2.335902536287903786e-03
3.169617149978876114e-03
-1.072152517735958099e-04
2.813041792251169682e-04
-1.517159980721771717e-04
6.151815759949386120e-04
3.648700076155364513e-04
-2.215551910921931267e-03
6.294042104855179787e-04
3.435879014432430267e-03
1.455075340345501900e-03
-2.397033676970750093e-04
-3.646455705165863037e-03
-3.708202624693512917e-03
2.984116144943982363e-04
-3.327258629724383354e-03
7.864829967729747295e-04
-2.283609937876462936e-03
3.639280330389738083e-03
3.803903935477137566e-03
1.016062218695878983e-03
3.185111097991466522e-03
-3.860705066472291946e-03
2.767958678305149078e-03
-1.450411364203318954e-04
2.929390873759984970e-03
2.156332368031144142e-03
1.971410820260643959e-03
-2.360867802053689957e-03
-6.317904335446655750e-04
2.064943546429276466e-03
-1.473093434469774365e-04
2.309631323441863060e-03
2.053173957392573357e-03
-3.082268871366977692e-03
1.836528419516980648e-03
1.169431488960981369e-03
2.942920196801424026e-03
5.293876747600734234e-04
1.869983039796352386e-03
-3.383243456482887268e-03
-3.240592544898390770e-03
2.820068970322608948e-03
3.380722191650420427e-04
-2.501147799193859100e-03
3.904499171767383814e-04
3.816471144091337919e-04
2.210157690569758415e-03
2.402794780209660530e-03
5.012777401134371758e-04
2.173105021938681602e-03
-1.609525759704411030e-03
-5.830050795339047909e-04
8.981795981526374817e-04
2.072464209049940109e-03
-3.081824630498886108e-03
1.792898983694612980e-03
2.629509195685386658e-03
-4.254844679962843657e-04
-1.027449965476989746e-03
-1.255044830031692982e-03
-3.604523139074444771e-03
8.154938113875687122e-04
-2.588498173281550407e-03
3.112240927293896675e-03
1.422747038304805756e-03
2.668979810550808907e-03
-2.064362633973360062e-03
3.104734234511852264e-03
8.638825383968651295e-04
7.099687936715781689e-04
1.784419873729348183e-03
5.090855411253869534e-04
-2.561058616265654564e-03
-3.744312198250554502e-05
-3.850569017231464386e-03
1.184143126010894775e-03
-1.521590398624539375e-03
4.904883098788559437e-04
-2.855830593034625053e-03
-7.039858028292655945e-04
1.194963813759386539e-03
2.949279733002185822e-03
2.410630229860544205e-03
2.679167548194527626e-03
-2.168574370443820953e-03
3.014892106875777245e-03
-1.114640384912490845e-03
3.798229736275970936e-04
-1.997479703277349472e-03
-3.287998260930180550e-03
-1.483928877860307693e-03
-2.494429703801870346e-03
-2.435571746900677681e-03
-2.498067915439605713e-04
1.979376655071973801e-03
-1.972188241779804230e-03
-1.763618318364024162e-03
6.426954641938209534e-04
2.117592608556151390e-03
-2.394289942458271980e-03
-2.436108887195587158e-03
-5.674920394085347652e-04
-3.673136234283447266e-03
-8.029707241803407669e-04
-3.452880540862679482e-03
1.003378070890903473e-03
-2.676706761121749878e-03
-2.766079036518931389e-03
-2.508634701371192932e-03
-2.199360635131597519e-03
-1.417176681570708752e-04
-3.872663946822285652e-03
-3.140833461657166481e-03
1.387287629768252373e-04
1.098078442737460136e-03
1.961966278031468391e-03
-2.112192101776599884e-03
1.114455517381429672e-03
-3.147529903799295425e-03
-2.488479483872652054e-03
-2.812654478475451469e-03
7.237913087010383606e-04
-2.233247971162199974e-03
8.826987468637526035e-04
2.818790730088949203e-03
5.090497870696708560e-05
-4.863685753662139177e-04
2.795598702505230904e-03
2.652056282386183739e-04
1.144535024650394917e-03
2.551884681452065706e-04
-2.501515205949544907e-03
-3.214105730876326561e-03
-3.339016577228903770e-03
-1.415105652995407581e-03
1.956140476977452636e-04
-3.371652681380510330e-03
2.659613266587257385e-03
3.845762927085161209e-03
1.399163622409105301e-03
2.798272995278239250e-03
-2.919859718531370163e-03
-3.086256794631481171e-03
-2.009563380852341652e-03
3.845567582175135612e-03
8.158951095538213849e-05
1.714027486741542816e-03
-5.824319086968898773e-04
-6.498309667222201824e-04
4.760528099723160267e-04
-2.336101373657584190e-03
7.785159396007657051e-04
-1.174018601886928082e-03
2.903920132666826248e-03
-1.718384213745594025e-03
3.897234855685383081e-04
8.204438490793108940e-04
8.568388293497264385e-04
-3.616997739300131798e-03
3.429673379287123680e-03
-3.591218031942844391e-03
-3.775049233809113503e-03
