-2.061435952782630920e-03
3.452979493886232376e-03
3.263778984546661377e-03
9.769710013642907143e-04
2.917588222771883011e-03
1.067642937414348125e-03
-3.006792394444346428e-03
1.960693625733256340e-03
2.031290205195546150e-03
1.017381087876856327e-03
1.263282261788845062e-03
1.149759860709309578e-03
-7.392653787974268198e-05
1.475319149903953075e-03
3.481611784081906080e-04
-2.282863017171621323e-03
2.015988109633326530e-03
-1.282594283111393452e-03
-2.838952234014868736e-03
-2.646456938236951828e-03
2.891722135245800018e-03
2.323767839698120952e-04
3.457157872617244720e-03
7.338356226682662964e-04
-3.765737870708107948e-03
-3.569389227777719498e-03
-2.765768906101584435e-03
2.111200476065278053e-03
3.282453864812850952e-03
-1.752352691255509853e-03
-3.116092644631862640e-03
5.991275538690388203e-04
1.449476112611591816e-03
4.799232992809265852e-04
-3.382147522643208504e-03
2.927157329395413399e-03
-7.094392203725874424e-04
-7.268700283020734787e-04
2.954846248030662537e-03
-3.588066669180989265e-03
3.823454957455396652e-03
-3.614589339122176170e-03
-1.063831150531768799e-03
-3.410001751035451889e-03
-2.230768324807286263e-03
5.074203363619744778e-04
-3.383556148037314415e-03
-2.247196622192859650e-03
-1.079544308595359325e-03
-1.782298902980983257e-03
-6.786911399103701115e-04
-1.965634291991591454e-03
2.523100003600120544e-03
1.965543488040566444e-03
-1.358252833597362041e-03
1.980271190404891968e-04
3.472494427114725113e-03
-2.772721461951732635e-03
3.303688252344727516e-03
-5.585799808613955975e-04
-3.644005861133337021e-03
-1.834487193264067173e-03
-2.051729476079344749e-03
-2.082972321659326553e-03
1.229165645781904459e-04
-1.973607344552874565e-03
-5.910592735745012760e-04
-3.268691478297114372e-03
-9.415237582288682461e-04
-2.466698642820119858e-03
2.879956737160682678e-03
2.957432530820369720e-03
3.951701219193637371e-04
-3.443743102252483368e-03
-1.446609618142247200e-03
2.187730715377256274e-04
-2.914215438067913055e-03
-1.039842725731432438e-03
-2.422467572614550591e-03
-2.071749418973922729e-03
1.386517542414367199e-03
5.481291445903480053e-04
-1.942682662047445774e-03
7.769181684125214815e-05
2.763644093647599220e-03
-3.485269146040081978e-03
-3.658545901998877525e-03
3.892474807798862457e-03
3.305705962702631950e-03
-1.793037168681621552e-03
-1.972195459529757500e-03
-3.097072709351778030e-03
3.671303624287247658e-03
1.938200090080499649e-03
-7.011906709522008896e-04
-2.313571749255061150e-03
1.039231545291841030e-03
1.081947004422545433e-03
-2.934575546532869339e-03
-1.500951242633163929e-03
-5.731948476750403643e-06
-1.855397014878690243e-03
-8.413738687522709370e-04
3.582810284569859505e-03
7.650049519725143909e-04
1.079752692021429539e-03
-5.557851982302963734e-04
-2.243045251816511154e-03
-8.923254208639264107e-04
-6.628351402468979359e-04
2.438121475279331207e-03
-3.487386275082826614e-03
-2.670279238373041153e-03
-6.498204893432557583e-04
-2.376500284299254417e-03
2.755317371338605881e-03
-3.668840217869728804e-04
1.849084976129233837e-03
1.630041631869971752e-03
1.940993475727736950e-03
1.468694536015391350e-04
3.115259343758225441e-03
-8.211949607357382774e-04
-3.366781864315271378e-03
2.516329986974596977e-03
3.101942638750188053e-05
2.240150934085249901e-04
-6.015650069457478821e-05
-2.334376797080039978e-03
2.693975402507930994e-04
2.595709636807441711e-03
-2.674003364518284798e-03
2.473613014444708824e-03
3.849230939522385597e-03
2.413362730294466019e-03
-2.339964121347293258e-04
1.456085825338959694e-03
2.176087815314531326e-03
-1.597143011167645454e-03
4.214207729091867805e-05
-1.409212127327919006e-04
2.139234711648896337e-04
3.181752515956759453e-03
3.265769686549901962e-03
-6.960142636671662331e-04
-2.585252281278371811e-03
2.848696662113070488e-03
1.620383583940565586e-03
6.360103143379092216e-04
-9.672129526734352112e-04
-1.475350698456168175e-03
5.633273394778370857e-04
3.894443623721599579e-03
-4.010281700175255537e-04
1.031625783070921898e-03
7.819882594048976898e-04
-2.649594331160187721e-03
-1.226511900313198566e-03
-3.528781933709979057e-03
2.632142277434468269e-04
2.483613789081573486e-03
-1.292451284825801849e-03
-2.925423206761479378e-03
-2.055462682619690895e-03
-1.956658816197887063e-04
-3.380774753168225288e-03
-3.351982159074395895e-04
-1.912758918479084969e-03
-2.358065219596028328e-03
6.542654591612517834e-04
7.426628726534545422e-04
2.529525954741984606e-04
-3.750593168660998344e-03
1.942251343280076981e-03
9.239786886610090733e-04
2.213567029684782028e-03
-6.583163049072027206e-04
-2.821006928570568562e-04
-3.480309853330254555e-03
-1.800768077373504639e-03
7.756449049338698387e-04
3.359808819368481636e-03
-1.954783219844102859e-03
-2.152492059394717216e-03
-1.842772704549133778e-03
2.031618263572454453e-03
-7.507656118832528591e-04
-1.580847078002989292e-03
-2.333514858037233353e-03
-3.258433192968368530e-03
1.667925622314214706e-03
-3.298399271443486214e-03
2.580190310254693031e-03
1.450686017051339149e-03
3.663161769509315491e-03
-1.329230610281229019e-03
8.120861602947115898e-04
1.226893509738147259e-03
-1.624804339371621609e-03
-3.192881122231483459e-03
-2.059500897303223610e-03
3.372608684003353119e-03
-2.134670270606875420e-03
6.786006852053105831e-04
-2.611702308058738708e-03
2.328137401491403580e-03
-3.694392973557114601e-03
-2.404692117124795914e-03
-2.892406773753464222e-04
1.137693179771304131e-03
2.046964596956968307e-03
-2.382704056799411774e-03
1.298962510190904140e-03
3.896311158314347267e-03
1.740883919410407543e-03
-2.823622489813715219e-04
1.840901211835443974e-03
-3.820617683231830597e-03
5.359239876270294189e-04
1.442806562408804893e-03
8.520877454429864883e-04
3.978000604547560215e-04
-2.810720819979906082e-03
2.367096021771430969e-03
3.364111296832561493e-03
9.703693212941288948e-04
3.709418466314673424e-03
1.779071870259940624e-03
1.097265994758345187e-04
-1.166067304438911378e-04
-6.778591196052730083e-04
1.787198008969426155e-03
1.805379637517035007e-03
-2.603087574243545532e-03
2.906106412410736084e-03
-2.875931793823838234e-03
2.611305797472596169e-03
-1.597277470864355564e-03
-2.570390468463301659e-03
-2.826322801411151886e-03
1.981505425646901131e-03
-5.053391214460134506e-04
-3.627388039603829384e-03
2.893474418669939041e-03
2.809515921398997307e-03
-2.306635025888681412e-03
2.830134006217122078e-03
1.905357930809259415e-03
3.090641694143414497e-03
3.780003404244780540e-03
-2.755083842203021049e-03
-1.366504933685064316e-03
2.983574289828538895e-03
-3.498834557831287384e-03
-3.517372766509652138e-03
-1.518490142188966274e-03
