-9.663777309469878674e-04
-3.468345850706100464e-03
-2.987948246300220490e-03
-5.520067643374204636e-04
2.939630998298525810e-03
1.746758236549794674e-03
2.909286704380065203e-04
1.512733870185911655e-03
2.736784517765045166e-03
-1.558376941829919815e-03
-7.711937068961560726e-04
1.372304512187838554e-03
-7.641902775503695011e-04
1.446740468963980675e-03
1.603382290340960026e-03
-1.467196852900087833e-03
1.513694995082914829e-03
-3.570500062778592110e-03
3.778262995183467865e-03
9.572538547217845917e-04
-1.666873926296830177e-03
-4.387050867080688477e-04
2.277336083352565765e-03
-3.592511871829628944e-03
-1.304581295698881149e-03
-2.939112950116395950e-03
-2.293791621923446655e-03
3.554061113391071558e-04
-3.511201124638319016e-03
9.800638072192668915e-04
1.652152859605848789e-03
-3.269602777436375618e-03
-3.718822030350565910e-03
1.450087991543114185e-03
-1.796082011424005032e-03
3.556699957698583603e-04
9.270503505831584334e-05
-7.094159373082220554e-04
3.600230440497398376e-03
3.699052846059203148e-03
3.602900309488177299e-03
6.908554350957274437e-04
2.317767590284347534e-03
2.579436870291829109e-03
2.026572357863187790e-03
2.099058125168085098e-03
-1.547191408462822437e-03
2.441293327137827873e-04
1.986050745472311974e-03
2.613144926726818085e-03
1.666282070800662041e-03
1.406096969731152058e-03
2.459637355059385300e-03
-3.888301551342010498e-03
3.577822586521506310e-03
-8.401027298532426357e-04
-1.853840192779898643e-03
-3.218585858121514320e-03
6.314732017926871777e-04
9.416159009560942650e-04
1.373164650431135669e-06
-1.353143947198987007e-03
3.521307604387402534e-03
1.513669732958078384e-03
-4.243945004418492317e-04
-2.257450949400663376e-03
-1.219774130731821060e-03
-3.316451329737901688e-03
-2.578415907919406891e-03
1.421707216650247574e-03
-3.853593021631240845e-03
-3.080974100157618523e-03
1.311651896685361862e-03
-8.665483328513801098e-04
3.570304252207279205e-03
2.655823016539216042e-03
-1.229221350513398647e-03
-1.739263680065050721e-04
-1.247706939466297626e-03
-6.078253500163555145e-04
-3.888869890943169594e-03
-2.620237413793802261e-03
-1.746450783684849739e-03
-2.871410222724080086e-03
-3.841847646981477737e-03
2.391863847151398659e-03
1.956146676093339920e-03
3.520305734127759933e-03
-8.212028769776225090e-04
3.080678579863160849e-04
-1.901702024042606354e-03
-2.593208802863955498e-03
-3.549421904608607292e-03
-6.060717278160154819e-04
1.323555829003453255e-03
-2.830200130119919777e-03
-9.501524036750197411e-04
-3.315954469144344330e-03
3.565719816833734512e-03
-3.563436679542064667e-03
-7.050367421470582485e-04
-1.029361505061388016e-03
-2.549688331782817841e-03
-3.764769993722438812e-03
-7.327250932576134801e-05
-1.844458049163222313e-03
-3.368312027305364609e-04
7.793360273353755474e-04
1.294328598305583000e-03
-1.458054059185087681e-03
3.081671427935361862e-03
1.302411197684705257e-03
3.858228679746389389e-03
2.778630238026380539e-03
2.187381964176893234e-03
-3.796264994889497757e-03
-4.757080751005560160e-04
2.309328410774469376e-03
1.116986502893269062e-03
-4.591164906742051244e-05
3.914317348971962929e-04
2.250193152576684952e-03
2.232013270258903503e-03
-3.869190113618969917e-04
1.283834571950137615e-04
-3.537926822900772095e-03
-1.645317301154136658e-03
3.791045397520065308e-03
-3.796133911237120628e-03
-2.199847484007477760e-03
3.042519092559814453e-03
3.584895981475710869e-03
-2.283724723383784294e-03
-3.389355493709445000e-03
2.802386181429028511e-03
8.233881671912968159e-04
1.780170132406055927e-03
3.069013473577797413e-04
-8.037780935410410166e-05
-1.404953422024846077e-03
-2.392183756455779076e-03
-9.191391873173415661e-04
2.518722787499427795e-03
1.920990645885467529e-03
-2.955517964437603951e-03
1.309387967921793461e-03
-3.591584274545311928e-03
1.909504528157413006e-03
1.060375361703336239e-03
-2.162456657970324159e-04
1.969857141375541687e-03
2.960966667160391808e-03
-3.013737499713897705e-03
5.325930542312562466e-04
-2.972347429022192955e-03
-3.909906838089227676e-03
-1.190156559459865093e-03
7.608487503603100777e-04
-1.491376082412898540e-03
5.693145794793963432e-04
3.250238951295614243e-03
1.540840719826519489e-03
3.153848927468061447e-03
2.480817725881934166e-03
-1.028639380820095539e-04
2.032779855653643608e-03
-2.001284621655941010e-03
-1.695245970040559769e-03
2.884375629946589470e-03
1.608322374522686005e-03
-1.241396297700703144e-03
-3.053025284316390753e-04
-1.342923380434513092e-03
-2.630378003232181072e-04
2.466442296281456947e-03
-1.646512653678655624e-03
3.559285541996359825e-03
-1.613990985788404942e-03
3.221151418983936310e-03
2.262866590172052383e-03
-1.447155227651819587e-04
-1.391114783473312855e-03
-1.403362490236759186e-03
-2.686530118808150291e-03
1.332836225628852844e-03
1.879974734038114548e-03
3.163296729326248169e-03
-1.306294463574886322e-03
1.305835321545600891e-03
1.332616899162530899e-03
2.413415117189288139e-03
-2.338482299819588661e-03
-1.572338165715336800e-03
-6.172904395498335361e-04
2.839772496372461319e-03
-3.818378085270524025e-03
3.716084174811840057e-04
-1.330833532847464085e-03
2.205596683779731393e-04
2.074962249025702477e-03
-5.338329938240349293e-04
9.490103693678975105e-04
2.778983674943447113e-03
-2.296755264978855848e-04
1.749762450344860554e-03
-1.907535362988710403e-03
-2.795691369101405144e-03
-2.458177274093031883e-03
-2.027652459219098091e-03
1.908063073642551899e-03
-6.526772049255669117e-04
2.006700262427330017e-03
-2.117161871865391731e-03
3.576463554054498672e-03
-1.082447241060435772e-03
-2.647347282618284225e-03
3.573497990146279335e-03
-2.234184881672263145e-03
-2.601532964035868645e-03
-2.117589581757783890e-03
-3.749185707420110703e-03
-3.265965497121214867e-03
2.344138192711398005e-05
1.646905089728534222e-03
3.264427650719881058e-03
1.063181553035974503e-03
-2.026261994615197182e-03
-6.048760842531919479e-04
-3.078208770602941513e-03
-1.621747971512377262e-03
-1.708120456896722317e-03
7.943204254843294621e-04
-2.068517031148076057e-03
-1.347572979284450412e-04
-3.235774347558617592e-03
-1.339309383183717728e-03
2.020597225055098534e-03
-2.423869213089346886e-03
3.618057817220687866e-04
-3.123791888356208801e-03
1.253159483894705772e-03
-2.707266248762607574e-03
-3.365084528923034668e-03
3.230688162147998810e-03
-1.693917583907023072e-04
1.483333180658519268e-03
-2.074304735288023949e-03
1.845466176746413112e-04
2.229965757578611374e-03
-3.537209471687674522e-03
-3.097151406109333038e-03
-2.113381167873740196e-03
-9.764603455550968647e-04
-1.634812681004405022e-03
2.165517944376915693e-04
-1.110802637413144112e-03
