1.278311014175415039e-03
-1.600582152605056763e-03
-3.750726114958524704e-03
-2.075644209980964661e-03
3.173261415213346481e-03
2.969320630654692650e-03
6.395949749276041985e-04
3.196309553459286690e-03
-3.004568570759147406e-04
-7.718929555267095566e-04
-8.951529744081199169e-04
-1.801731530576944351e-03
2.123251324519515038e-03
-3.595364978536963463e-03
1.639323658309876919e-03
-6.260153022594749928e-04
-7.858283788664266467e-05
-4.678407276514917612e-04
3.094170708209276199e-03
1.427734270691871643e-03
1.185396220535039902e-03
9.425746975466609001e-04
-1.307383994571864605e-03
1.100380439311265945e-03
-1.393307698890566826e-03
-1.137373968958854675e-03
-8.948417962528765202e-04
-1.418394851498305798e-03
2.417811891064047813e-03
-2.998173236846923828e-03
-5.972954677417874336e-04
1.028485945425927639e-03
2.808278659358620644e-03
-1.533144968561828136e-03
-3.664457006379961967e-03
-1.678236876614391804e-03
-3.388171317055821419e-03
3.391019534319639206e-03
-2.025350695475935936e-03
-4.839673420065082610e-05
3.797956975176930428e-03
-1.172721676994115114e-04
2.817363245412707329e-03
-2.486162586137652397e-03
9.402269497513771057e-04
1.450729323551058769e-03
-2.819260815158486366e-03
-9.953812696039676666e-04
2.847898285835981369e-03
2.614447381347417831e-03
-3.092236584052443504e-03
1.141259446740150452e-03
-2.263968810439109802e-03
1.060009351931512356e-03
-1.772619434632360935e-04
-2.024389104917645454e-03
-3.400344867259263992e-03
1.896711299195885658e-03
2.230965998023748398e-03
3.045294433832168579e-03
-1.403566449880599976e-03
-8.551633800379931927e-04
1.188476919196546078e-03
-1.368267694488167763e-04
-5.506076849997043610e-04
-3.280214732512831688e-03
-1.889049308374524117e-03
2.394039882346987724e-03
2.684793435037136078e-03
-2.076019765809178352e-03
-1.961942296475172043e-03
1.083754395949654281e-04
-3.225340275093913078e-03
-2.119379816576838493e-03
7.854130817577242851e-04
2.960005542263388634e-03
3.041116753593087196e-03
-1.109571778215467930e-03
-4.463650111574679613e-04
-2.143469871953129768e-03
2.369199646636843681e-03
-1.803988474421203136e-03
2.760874573141336441e-03
2.778519643470644951e-03
-2.993490197695791721e-04
3.021648444700986147e-04
7.745056063868105412e-04
3.504036430967971683e-05
4.266668693162500858e-04
-2.355991164222359657e-03
3.033499699085950851e-03
-1.174438511952757835e-03
3.758044913411140442e-03
-3.584213554859161377e-03
-3.627439436968415976e-04
-7.350220112130045891e-04
-9.139111498370766640e-04
2.872270531952381134e-03
-1.454098382964730263e-03
-8.163969614543020725e-04
-3.895947244018316269e-03
-2.567532006651163101e-03
3.032412845641374588e-03
7.842709892429411411e-04
2.374941250309348106e-03
-2.134883310645818710e-03
-6.768353050574660301e-04
-3.243990940973162651e-03
3.057100111618638039e-04
1.701988803688436747e-04
-3.895680885761976242e-03
-1.209866721183061600e-03
-1.452479977160692215e-03
-2.151351654902100563e-03
-3.542819293215870857e-03
-2.234171144664287567e-03
1.941599999554455280e-03
1.627373858354985714e-03
7.503304514102637768e-04
-2.623895881697535515e-03
-3.744366811588406563e-03
6.364213186316192150e-04
1.159563544206321239e-03
1.951264275703579187e-04
1.699150889180600643e-03
-7.078736089169979095e-04
-7.929835119284689426e-04
-7.101157680153846741e-04
2.532574115321040154e-03
-2.997854957357048988e-03
-1.738733844831585884e-03
2.850231481716036797e-03
8.623885223641991615e-04
-5.947856607235735282e-06
3.355628345161676407e-03
-2.840240813384298235e-05
7.751587691018357873e-05
5.171286757104098797e-04
6.247111596167087555e-04
7.076492183841764927e-04
1.532440888695418835e-03
2.935950178653001785e-03
-1.204585656523704529e-03
-2.938186284154653549e-03
-3.394677187316119671e-04
-3.315340727567672729e-03
2.876338316127657890e-03
1.527529791928827763e-03
3.186883986927568913e-04
-1.723406370729207993e-03
1.405136892572045326e-03
2.817340660840272903e-03
3.444940550252795219e-03
3.191830590367317200e-03
1.993688754737377167e-03
2.715151989832520485e-03
3.795343684032559395e-03
-2.613487886264920235e-03
2.512844745069742203e-03
3.541123121976852417e-03
2.886801725253462791e-03
-2.960630692541599274e-03
3.130717901512980461e-03
6.307641160674393177e-04
1.082334434613585472e-03
-1.235968782566487789e-03
5.578051786869764328e-04
-3.144301008433103561e-03
7.435581064783036709e-04
5.121247959323227406e-04
-2.275787992402911186e-03
-3.737505758181214333e-04
-1.800625701434910297e-03
-3.885049372911453247e-03
-2.745530568063259125e-03
1.273006200790405273e-03
1.821093261241912842e-03
-3.299626754596829414e-03
-2.189623424783349037e-03
-1.090040779672563076e-03
1.842694473452866077e-03
-3.150820033624768257e-03
-2.664321102201938629e-03
1.816609990783035755e-03
-3.317290218546986580e-03
3.795709460973739624e-03
-5.815086769871413708e-04
-3.389178775250911713e-03
-3.684567986056208611e-03
3.009776584804058075e-03
8.605169132351875305e-04
-1.205680164275690913e-04
2.678773365914821625e-03
3.722792491316795349e-03
-1.287729479372501373e-03
-3.671334125101566315e-03
1.588294981047511101e-03
1.884881756268441677e-03
1.441663480363786221e-03
-3.392125014215707779e-03
2.555418061092495918e-03
2.289636060595512390e-03
6.706194253638386726e-04
-1.163649722002446651e-03
-1.538403797894716263e-03
2.498750807717442513e-03
3.021451644599437714e-03
2.071894006803631783e-03
-3.244698455091565847e-04
-2.166598569601774216e-03
3.112812293693423271e-03
-2.018548548221588135e-03
1.531197485746815801e-04
1.710798009298741817e-03
-3.548805601894855499e-03
-1.865702215582132339e-03
-1.390938763506710529e-03
1.785724074579775333e-03
-7.082566153258085251e-04
-3.886190475896000862e-03
3.595831105485558510e-03
-1.720555359497666359e-03
2.400130033493041992e-03
-2.056597033515572548e-03
-2.573016390670090914e-04
9.105618228204548359e-04
-2.215910702943801880e-03
-2.348336623981595039e-03
-2.534157829359173775e-04
3.732462180778384209e-03
1.139978761784732342e-03
2.719874260947108269e-03
-1.894242945127189159e-03
3.809026384260505438e-04
3.188701346516609192e-03
5.572702502831816673e-04
-1.227209228090941906e-03
-2.725759986788034439e-03
-8.884770213626325130e-04
3.212633542716503143e-03
1.209637499414384365e-03
2.412347967037931085e-04
3.668016055598855019e-03
-2.722203033044934273e-03
-6.907861097715795040e-04
-3.773201489821076393e-03
1.373250968754291534e-03
2.632447285577654839e-03
1.243001432158052921e-03
-5.038564559072256088e-04
-2.356570912525057793e-03
2.027657115831971169e-03
-2.308722585439682007e-03
-2.304511377587914467e-03
-3.783119143918156624e-03
-1.604348421096801758e-03
