2.588571282103657722e-03
-4.546342534013092518e-04
2.994959475472569466e-03
7.605975260958075523e-04
-1.489795395173132420e-03
3.190153045579791069e-03
1.152987359091639519e-03
-1.556737581267952919e-03
-2.187756588682532310e-03
-1.203767955303192139e-03
-2.009078161790966988e-03
1.335610053502023220e-03
-3.628545906394720078e-03
-2.278565429151058197e-03
1.302727963775396347e-03
7.422608905471861362e-05
2.339112572371959686e-03
-1.408399199135601521e-03
-6.630403731833212078e-06
9.709548321552574635e-04
2.140235854312777519e-03
6.251774029806256294e-04
3.839798737317323685e-03
1.460206462070345879e-03
-2.814198378473520279e-03
-5.486706504598259926e-04
-3.272072644904255867e-03
-2.086540684103965759e-03
-8.598119020462036133e-04
-3.790442598983645439e-03
3.633194370195269585e-03
7.990356534719467163e-04
-4.548278811853379011e-04
-2.152946544811129570e-03
-3.324779681861400604e-03
-3.862087149173021317e-03
3.489735070616006851e-03
-9.795236401259899139e-04
1.792743802070617676e-03
-1.765786786563694477e-03
3.895180067047476768e-03
1.424876623786985874e-03
4.008133837487548590e-04
-1.581092015840113163e-03
4.694076778832823038e-04
-1.037585316225886345e-03
2.866105409339070320e-03
1.754001947119832039e-03
3.906101046595722437e-04
1.359349116683006287e-03
1.457156497053802013e-03
-2.648635767400264740e-03
3.491853829473257065e-03
6.782589480280876160e-04
-2.260806271806359291e-03
3.384626703336834908e-03
-5.102534778416156769e-04
3.198074409738183022e-03
-5.904894787818193436e-04
2.730677369982004166e-03
1.061108894646167755e-03
-1.704415190033614635e-03
-1.463072607293725014e-03
3.596136579290032387e-03
6.187390536069869995e-04
-2.348856767639517784e-03
1.350370293948799372e-04
-7.636083173565566540e-04
6.138129974715411663e-04
-3.017100971192121506e-03
2.891072304919362068e-03
5.134349339641630650e-04
3.082643495872616768e-03
1.740562263876199722e-03
-1.720746979117393494e-03
1.460589934140443802e-03
-2.565776812843978405e-04
-3.857967676594853401e-03
3.221733495593070984e-03
3.774176351726055145e-03
3.770741866901516914e-03
-1.483502448536455631e-03
-3.300268668681383133e-03
1.889279345050454140e-03
-2.993191592395305634e-03
3.333777189254760742e-03
1.084269140847027302e-03
2.195160137489438057e-03
2.395787276327610016e-03
1.768924557836726308e-04
-8.206014754250645638e-04
2.966563915833830833e-04
3.842287231236696243e-03
-2.788480836898088455e-03
-6.079245940782129765e-04
-9.216624312102794647e-04
1.898591173812747002e-03
2.511733211576938629e-03
-1.618280657567083836e-03
1.420881832018494606e-03
-1.753650140017271042e-03
1.282407552935183048e-03
3.194008255377411842e-03
1.426122384145855904e-03
-1.788816996850073338e-03
-1.178842736408114433e-03
3.069823374971747398e-03
3.755416953936219215e-03
2.270567230880260468e-03
-1.287702936679124832e-03
-7.101391674950718880e-04
-2.443010220304131508e-03
-1.671150559559464455e-03
1.318306545726954937e-03
-2.529136603698134422e-03
-2.591694239526987076e-03
3.170467214658856392e-03
3.713101381435990334e-03
3.190394956618547440e-03
5.867733270861208439e-04
-3.436727216467261314e-03
-2.970880595967173576e-03
6.172542343847453594e-04
-3.722694003954529762e-03
-2.899004146456718445e-03
7.936843321658670902e-04
-1.134307356551289558e-03
-3.580125514417886734e-03
2.503508701920509338e-03
-3.500057850033044815e-03
-2.865409944206476212e-03
-6.838875124230980873e-04
6.642700755037367344e-04
-4.041431820951402187e-04
-2.032932126894593239e-03
2.578903688117861748e-03
3.432177705690264702e-03
-2.898900303989648819e-03
3.831879468634724617e-03
2.878873143345117569e-03
-2.919145161285996437e-03
-7.534879841841757298e-04
1.662786584347486496e-03
2.756964880973100662e-03
-1.444924972020089626e-03
-2.729414263740181923e-03
1.839936012402176857e-03
-3.533514915034174919e-03
-2.271512057632207870e-03
-5.090421182103455067e-04
2.136299153789877892e-03
-2.218696521595120430e-03
1.859240699559450150e-03
-1.667676551733165979e-04
1.038404530845582485e-03
2.506387652829289436e-03
5.452146288007497787e-04
3.017435548827052116e-03
-1.250603527296334505e-04
-3.231796203181147575e-03
3.582742996513843536e-03
-1.899151946417987347e-03
1.847101259045302868e-03
-1.526970998384058475e-03
-2.864810405299067497e-03
-2.545888768509030342e-03
1.827806001529097557e-03
-2.555464452598243952e-04
5.760724307037889957e-04
-3.491088515147566795e-03
-2.015320584177970886e-03
-2.368010347709059715e-03
3.291233908385038376e-03
-3.395852632820606232e-03
1.965077826753258705e-03
-3.341215196996927261e-04
7.402302435366436839e-05
3.436567960307002068e-03
-1.394701190292835236e-03
-2.713583875447511673e-03
2.911720366682857275e-04
3.030726453289389610e-03
3.564328188076615334e-03
-1.443813904188573360e-03
1.077246502973139286e-03
1.929958350956439972e-03
-2.077728742733597755e-03
2.679981756955385208e-03
-2.521893708035349846e-03
8.220151648856699467e-04
1.799098332412540913e-03
1.707395655103027821e-03
-1.814926741644740105e-03
1.037237117998301983e-03
2.854060148820281029e-03
3.363829338923096657e-03
-3.720641136169433594e-03
2.167613012716174126e-03
1.939033623784780502e-03
-6.165443337522447109e-04
3.584056394174695015e-03
-1.632251311093568802e-03
-6.812274223193526268e-04
-2.685170387849211693e-03
-1.476124161854386330e-03
9.544900240143761039e-05
-1.275043934583663940e-03
-2.117926720529794693e-03
2.571609336882829666e-03
-2.077140146866440773e-03
-2.472645835950970650e-03
2.987499814480543137e-03
3.778386162593960762e-03
1.562789781019091606e-03
8.189409527403768152e-06
3.095216234214603901e-04
-3.764661669265478849e-04
2.685042796656489372e-03
-2.441715914756059647e-03
2.035112847806885839e-04
1.671312493272125721e-03
-8.195171249099075794e-04
3.531217225827276707e-04
1.447942107915878296e-03
3.793946001678705215e-03
8.475363138131797314e-04
3.708931384608149529e-03
-2.278384286910295486e-03
1.883163698948919773e-03
-1.409888733178377151e-03
-1.657221815548837185e-03
4.765397170558571815e-04
-1.611395739018917084e-03
-2.204535994678735733e-03
1.231555594131350517e-03
3.261582460254430771e-03
-2.559207146987318993e-03
-3.567851847037672997e-03
-1.305856625549495220e-03
2.945908112451434135e-03
-3.781853709369897842e-03
3.751402255147695541e-03
-1.616209192434325814e-04
9.059107978828251362e-04
-7.213742937892675400e-04
-2.250975696370005608e-03
1.214419375173747540e-03
2.421321813017129898e-03
-2.757882699370384216e-03
-4.641381092369556427e-04
6.155197625048458576e-04
1.666619325987994671e-03
2.788984216749668121e-03
-1.390826888382434845e-03
2.843940863385796547e-03
-2.178674796596169472e-03
