-4.724561222246848047e-05
1.026135985739529133e-03
-8.031936013139784336e-04
-3.838293952867388725e-03
-3.849077969789505005e-03
4.229744954500347376e-04
1.777102239429950714e-03
-1.864675665274262428e-03
-1.208933419547975063e-03
-1.331541105173528194e-03
3.060096409171819687e-03
-1.108388183638453484e-03
2.509142272174358368e-03
-3.657669061794877052e-03
1.934108207933604717e-03
1.764274318702518940e-03
-3.445574548095464706e-03
-2.335294382646679878e-03
-2.907885238528251648e-03
4.741560551337897778e-04
3.044458571821451187e-03
1.437295693904161453e-03
-5.873788031749427319e-04
1.250609289854764938e-03
-6.059051956981420517e-04
-9.235462639480829239e-04
-3.907282953150570393e-04
5.434989579953253269e-04
-1.401957240886986256e-03
9.609104599803686142e-04
-1.546280458569526672e-03
-1.212322851642966270e-03
-2.586777554824948311e-04
-4.249114863341674209e-05
2.589504001662135124e-03
1.959178829565644264e-03
-1.319584262091666460e-04
-2.151405438780784607e-03
3.541801124811172485e-04
-1.699126209132373333e-03
-4.897296894341707230e-04
1.472233911044895649e-03
1.178229693323373795e-03
1.374717918224632740e-03
-9.212741861119866371e-05
-3.000207245349884033e-03
8.770471322350203991e-05
1.505802501924335957e-03
-3.244061255827546120e-03
-4.498261841945350170e-04
-7.918202900327742100e-04
1.918640686199069023e-03
3.154467325657606125e-03
3.527957247570157051e-03
-2.365718130022287369e-03
-1.019536866806447506e-03
-3.182835178449749947e-03
-2.529213903471827507e-03
-6.160137127153575420e-04
-1.543021760880947113e-03
9.207127150148153305e-04
-1.313624088652431965e-04
2.343974309042096138e-03
2.728763967752456665e-03
-1.481724553741514683e-03
-7.670492050237953663e-04
-3.123918315395712852e-03
2.328490605577826500e-03
2.899524057283997536e-03
-1.165201538242399693e-03
1.293952693231403828e-03
-3.685769159346818924e-03
-2.100971993058919907e-03
-1.757165067829191685e-03
1.856599468737840652e-03
1.711917459033429623e-03
-3.600045805796980858e-03
6.132086855359375477e-04
5.478117964230477810e-04
-2.076419768854975700e-03
3.050948027521371841e-03
2.298788866028189659e-03
-2.445362275466322899e-03
1.255916547961533070e-03
-2.639925573021173477e-03
1.545492326840758324e-03
3.752095391973853111e-03
4.589567543007433414e-04
-8.933825884014368057e-04
-1.368206576444208622e-03
-3.777628298848867416e-04
8.226648205891251564e-04
6.768479215679690242e-05
-1.390815479680895805e-03
-7.638012757524847984e-04
8.025743300095200539e-04
-1.188868423923850060e-03
-3.527375170961022377e-03
2.184018958359956741e-03
-3.826219355687499046e-03
-1.061493181623518467e-03
3.806925844401121140e-03
-2.123587997630238533e-03
1.105391886085271835e-03
2.166652819141745567e-03
-6.282103131525218487e-04
-2.323269378393888474e-03
-4.114841576665639877e-04
-3.556938841938972473e-03
2.865751041099429131e-03
-3.504899214021861553e-04
-3.379733767360448837e-03
-2.023690612986683846e-03
8.241796749643981457e-04
-3.738659666851162910e-03
-4.254417435731738806e-04
9.864197345450520515e-04
2.163754077628254890e-03
-2.207252429798245430e-03
-3.862267825752496719e-03
-8.159068966051563621e-05
-3.010423621162772179e-03
-1.077423454262316227e-03
-2.549011493101716042e-03
1.770285074599087238e-03
-3.902186173945665359e-03
5.997528787702322006e-04
-1.920428825542330742e-03
-1.156451064161956310e-03
-3.733310848474502563e-03
1.235295552760362625e-03
-3.267393447458744049e-03
2.615876495838165283e-03
-3.625493845902383327e-04
-2.471269108355045319e-03
-2.077125711366534233e-03
3.432729281485080719e-03
-3.830249188467860222e-03
1.745631918311119080e-03
-4.110404697712510824e-04
7.386889774352312088e-04
-2.726302249357104301e-03
2.283822745084762573e-03
3.331912914291024208e-03
-1.521457335911691189e-03
4.157032526563853025e-04
-6.509632803499698639e-04
3.419426968321204185e-03
6.118958117440342903e-04
-2.903303597122430801e-03
-3.457171376794576645e-03
2.503862371668219566e-03
2.447405830025672913e-03
-3.079471876844763756e-03
1.848084968514740467e-03
2.949898364022374153e-03
-6.420887075364589691e-04
3.628436708822846413e-03
3.872188739478588104e-03
-3.842769656330347061e-03
8.680918836034834385e-04
2.765824901871383190e-04
-1.016031950712203979e-03
2.907085232436656952e-03
-6.835224339738488197e-04
3.336709458380937576e-03
-2.914940239861607552e-03
2.103787381201982498e-03
2.806373406201601028e-03
1.269681146368384361e-03
1.403932110406458378e-03
1.726884162053465843e-03
-3.368670120835304260e-03
1.965017290785908699e-03
-1.025343197397887707e-03
-3.155662678182125092e-03
2.702041063457727432e-03
3.864318830892443657e-03
-2.973572118207812309e-04
-1.727403956465423107e-03
-1.412470708601176739e-03
1.239286619238555431e-03
-1.061228103935718536e-03
-2.830988960340619087e-03
2.577179344370961189e-03
3.559354227036237717e-03
-3.569951979443430901e-03
2.835648832842707634e-03
-2.269625430926680565e-03
2.275869948789477348e-03
-3.067107871174812317e-03
-3.102960996329784393e-03
1.335389446467161179e-03
-3.235759912058711052e-03
3.478987375274300575e-03
2.584532834589481354e-03
-1.877778675407171249e-03
2.426411723718047142e-03
-2.630079397931694984e-03
-3.181628417223691940e-03
-3.493344178423285484e-03
-4.437084717210382223e-04
1.433007302694022655e-03
-2.312409458681941032e-03
-2.499910769984126091e-03
2.209180733188986778e-03
-2.554093953222036362e-03
-5.458613741211593151e-04
-3.063899930566549301e-03
1.969581935554742813e-03
3.579986747354269028e-03
1.984436996281147003e-03
-4.469457489904016256e-04
7.408800884149968624e-04
2.360005164518952370e-03
-3.886561840772628784e-03
-1.497215591371059418e-03
-2.441211370751261711e-03
-3.629328217357397079e-03
1.013242406770586967e-03
-3.012143308296799660e-03
-3.837321419268846512e-03
-1.115402323193848133e-03
-3.082879586145281792e-03
-7.595504284836351871e-04
-4.325359477661550045e-04
-1.753926509991288185e-03
-1.797621953301131725e-03
-8.029123819142114371e-06
-3.831321140751242638e-03
-9.245385881513357162e-04
-1.569664222188293934e-03
-3.329261206090450287e-03
1.593936118297278881e-03
2.066773595288395882e-03
1.439661253243684769e-03
-3.886342514306306839e-03
-3.197992220520973206e-03
3.232935443520545959e-03
3.263897961005568504e-03
5.138925553183071315e-05
-2.746131503954529762e-03
-4.707618500106036663e-04
3.840276331175118685e-04
-2.015197183936834335e-03
-3.318166127428412437e-03
1.706167968222871423e-04
-2.519920002669095993e-03
2.398080192506313324e-03
-3.216182114556431770e-03
8.095093653537333012e-04
3.450044663622975349e-03
-9.293657494708895683e-04
2.773525658994913101e-03
2.173858927562832832e-03
-3.239430487155914307e-03
