3.498902311548590660e-03
2.305854810401797295e-03
3.135398030281066895e-03
2.269916236400604248e-03
-2.244527684524655342e-03
-9.059945587068796158e-04
-1.724836067296564579e-03
-3.086112905293703079e-03
-3.565104212611913681e-03
1.228557666763663292e-03
5.660785827785730362e-04
5.154019454494118690e-04
9.660188225097954273e-04
2.632075920701026917e-03
-2.693420741707086563e-03
-1.785082276910543442e-03
3.541560377925634384e-03
-3.264102153480052948e-03
2.458517672494053841e-03
1.294349087402224541e-03
9.225421235896646976e-04
-3.690796438604593277e-03
3.739655483514070511e-03
-2.620235609356313944e-04
-2.117594471201300621e-03
-4.439550102688372135e-04
-3.239196084905415773e-04
-1.250060042366385460e-03
3.511926159262657166e-03
-2.007581759244203568e-03
-1.238621654920279980e-03
-3.766536712646484375e-03
4.961852682754397392e-04
-1.076544634997844696e-03
8.134918607538565993e-05
2.340495353564620018e-03
-2.321884967386722565e-03
-3.650145372375845909e-03
-2.087509958073496819e-03
2.406698884442448616e-03
-3.212415613234043121e-03
-6.287521682679653168e-04
-9.780995605979114771e-05
1.966793555766344070e-03
2.698033582419157028e-03
1.313356216996908188e-03
2.692624693736433983e-03
-2.735420130193233490e-03
-1.259272452443838120e-03
8.045330177992582321e-04
3.141853492707014084e-03
1.308252976741641760e-04
-1.565787126310169697e-03
-2.599980449303984642e-03
3.114989958703517914e-03
-3.615790279582142830e-03
-7.198678940767422318e-05
-1.245486317202448845e-03
3.549473127350211143e-03
-1.608392689377069473e-03
9.309065062552690506e-04
-1.985121518373489380e-03
-1.386823947541415691e-03
2.815686864778399467e-03
-2.958343131467700005e-03
1.237177639268338680e-03
3.604251251090317965e-04
2.569741569459438324e-03
5.149136995896697044e-04
-3.108684206381440163e-03
1.078571076504886150e-03
4.969849760527722538e-05
1.653774757869541645e-03
3.051978535950183868e-03
-1.421170774847269058e-03
1.599686685949563980e-03
-1.382526359520852566e-03
3.170921234413981438e-03
-8.810899453237652779e-04
-3.625373821705579758e-03
-3.286093415226787329e-04
2.302986104041337967e-03
-1.071229926310479641e-03
2.337059471756219864e-03
-9.612239082343876362e-04
-1.452927681384608150e-04
8.782686927588656545e-05
2.671795664355158806e-03
3.682905575260519981e-03
1.353843486867845058e-03
2.835042541846632957e-03
-1.697851403150707483e-04
-2.948616383946500719e-05
-9.017588454298675060e-04
3.535240422934293747e-03
-1.543897436931729317e-03
-1.650962862186133862e-03
-1.698871026746928692e-03
-3.322181291878223419e-03
2.493233419954776764e-03
2.000287408009171486e-03
1.547339052194729447e-04
-8.782062795944511890e-04
-6.814286462031304836e-04
-3.079039976000785828e-03
-1.288296072743833065e-03
-2.785395132377743721e-03
1.365898060612380505e-03
-8.548705372959375381e-04
1.923187955981120467e-04
-1.805291161872446537e-03
4.111015005037188530e-04
8.836009656079113483e-04
2.745846286416053772e-03
-3.584398422390222549e-03
-1.645220792852342129e-03
-2.241075737401843071e-03
3.582312725484371185e-03
1.164052519015967846e-04
-7.808908121660351753e-04
-1.878811162896454334e-03
-1.753557589836418629e-03
-2.267859410494565964e-03
1.270869281142950058e-03
3.517921548336744308e-03
-2.714840775297489017e-05
-3.324061632156372070e-03
-1.332281506620347500e-03
2.602141117677092552e-03
-2.737553557381033897e-03
1.831743749789893627e-03
-1.851839246228337288e-03
9.671134757809340954e-04
3.138362895697355270e-03
-3.726847935467958450e-03
-5.421529058367013931e-04
8.507063612341880798e-04
2.631742972880601883e-03
-8.562967996113002300e-04
-3.538536140695214272e-03
-4.737172857858240604e-04
1.423073932528495789e-03
-3.799699945375323296e-03
1.625242992304265499e-03
-3.717557294294238091e-03
1.911121187731623650e-03
-2.815419575199484825e-03
-2.811456797644495964e-03
-3.713691839948296547e-03
-1.456094207242131233e-03
2.383619546890258789e-03
2.211754443123936653e-03
5.300231860019266605e-04
3.106287331320345402e-04
-2.568293130025267601e-03
-3.155317623168230057e-03
-1.869353698566555977e-03
-2.089664340019226074e-03
3.316549351438879967e-03
-2.606082009151577950e-03
-2.991124754771590233e-03
-5.867684376426041126e-04
-1.830831752158701420e-03
2.481628675013780594e-03
-3.754202509298920631e-03
-1.486509223468601704e-03
-7.723763701505959034e-04
2.065532375127077103e-03
-1.577310846187174320e-03
1.501760794781148434e-03
-1.601283438503742218e-04
-1.869661500677466393e-03
2.098372904583811760e-03
1.499208388850092888e-03
1.810877933166921139e-03
5.311855929903686047e-04
-2.748901024460792542e-03
-7.455417653545737267e-04
-3.871783381327986717e-03
4.940435173921287060e-04
3.837661119177937508e-03
-8.072728815022855997e-05
-1.735515776090323925e-03
1.895060064271092415e-03
2.339076250791549683e-03
-2.420449163764715195e-03
-2.607803093269467354e-03
-1.365105505101382732e-03
1.708838739432394505e-03
1.203388790600001812e-03
-8.100494160316884518e-04
-3.026940976269543171e-04
-3.435952356085181236e-03
-6.803654250688850880e-04
-2.999202988576143980e-04
-1.621446339413523674e-03
-3.241569735109806061e-03
3.658564994111657143e-03
-1.104166658478789032e-04
5.373094463720917702e-04
-1.559507218189537525e-03
-1.939951791428029537e-03
1.982848159968852997e-03
1.685822033323347569e-03
1.742404187098145485e-03
-1.931636128574609756e-03
-2.341633226023986936e-04
2.876034122891724110e-04
2.444231649860739708e-03
1.863922690972685814e-03
4.519056237768381834e-04
-2.761839656159281731e-03
-1.993448007851839066e-03
1.301864162087440491e-03
7.265528256539255381e-05
-3.370486665517091751e-03
-3.135852050036191940e-03
-5.341283977031707764e-04
-9.448495693504810333e-04
-1.876989612355828285e-03
-1.064258394762873650e-03
-4.386579530546441674e-05
3.095959778875112534e-03
-1.958252163603901863e-03
-1.801552571123465896e-04
3.318767761811614037e-03
6.183043005876243114e-04
2.113340655341744423e-03
-2.188825979828834534e-03
-1.319845887337578461e-05
1.092025195248425007e-03
4.979534423910081387e-04
3.552719252184033394e-03
3.406565403565764427e-03
-9.021754376590251923e-04
-4.378811863716691732e-04
-3.337307367473840714e-03
1.456789206713438034e-03
-1.943156938068568707e-03
3.350656479597091675e-03
2.286053961142897606e-03
-1.129008596763014793e-03
2.421339740976691246e-04
2.102193655446171761e-03
5.322703145793639123e-05
2.736604365054517984e-04
3.286900231614708900e-03
-1.512724673375487328e-03
-3.223911393433809280e-03
-2.537633008614648134e-05
1.599669805727899075e-03
2.438168041408061981e-03
-1.082528033293783665e-03
-3.133699996396899223e-03
-1.172350253909826279e-03
-6.725953426212072372e-04
