-3.342790063470602036e-03
1.033991924487054348e-03
1.156798680312931538e-03
-1.486608060076832771e-03
6.221244257176294923e-05
9.986032819142565131e-05
1.826857915148139000e-03
1.351206563413143158e-03
3.865813137963414192e-03
-1.164527609944343567e-03
-3.508298425003886223e-03
-1.725952024571597576e-03
-3.234451869502663612e-03
-1.351598883047699928e-03
2.620342187583446503e-03
3.330354578793048859e-03
1.744837732985615730e-03
-3.791620489209890366e-03
-3.363810712471604347e-03
2.291611628606915474e-03
-3.766552777960896492e-03
6.037705461494624615e-04
-3.706184448674321175e-03
-1.635151100344955921e-03
-1.203819992952048779e-03
-2.821387490257620811e-03
2.725806785747408867e-03
-2.982724690809845924e-04
-7.250831113196909428e-04
-1.174589968286454678e-03
-1.863258308731019497e-03
-3.228744957596063614e-03
-3.206322900950908661e-03
-2.784365206025540829e-04
-5.272942944429814816e-04
5.526680033653974533e-04
-2.545690629631280899e-03
-1.905320561490952969e-03
2.966207917779684067e-03
-3.423131536692380905e-03
3.486643778160214424e-03
2.531995298340916634e-03
1.146180205978453159e-03
4.654352669604122639e-04
-2.722278004512190819e-03
1.117652398534119129e-03
-2.659737074282020330e-04
-2.951922593638300896e-03
-1.307077764067798853e-04
3.615746041759848595e-03
4.904724773950874805e-04
1.654742081882432103e-04
2.296963706612586975e-03
-4.691847134381532669e-04
-3.841269994154572487e-03
2.593849087134003639e-03
1.984250964596867561e-03
1.956297783181071281e-03
5.787739064544439316e-04
-4.798045556526631117e-04
1.840440672822296619e-03
-3.302679164335131645e-03
3.227773122489452362e-03
-2.968475688248872757e-03
-2.468655817210674286e-03
4.700067511294037104e-04
-1.819456112571060658e-03
4.315671976655721664e-04
7.512897718697786331e-04
-2.102849073708057404e-03
-5.710368441214086488e-06
-3.217255230993032455e-03
3.513930132612586021e-03
-3.256247844547033310e-03
1.734686666168272495e-03
-9.791879710974171758e-05
-3.789972746744751930e-03
1.691260142251849174e-03
-3.534452756866812706e-03
2.517736749723553658e-03
6.546004442498087883e-04
3.678325098007917404e-03
-5.840207450091838837e-04
-1.637920155189931393e-03
7.750843651592731476e-04
2.822694601491093636e-03
-2.793754916638135910e-03
-7.934549357742071152e-04
-2.090819878503680229e-03
-1.301568816415965557e-03
1.908893231302499771e-03
-3.907299134880304337e-03
1.259518205188214779e-03
-2.399707213044166565e-03
3.345459699630737305e-04
3.566142404451966286e-03
3.776801982894539833e-03
7.018219330348074436e-04
-1.377322711050510406e-03
-3.424433292821049690e-03
-2.933763433247804642e-03
2.462685806676745415e-03
-1.945302588865160942e-03
-1.901327166706323624e-03
3.259905846789479256e-03
3.816721495240926743e-03
3.029784653335809708e-03
-3.125187009572982788e-03
-3.682832000777125359e-03
-2.125353086739778519e-03
-2.726654056459665298e-03
3.491740208119153976e-03
-2.110541681759059429e-04
-1.394519465975463390e-03
-3.345977049320936203e-03
-2.138986950740218163e-03
-2.776731969788670540e-03
-1.251473091542720795e-03
1.276997354580089450e-04
-3.643768723122775555e-04
-1.520589925348758698e-03
-2.141711302101612091e-03
8.696823497302830219e-04
2.354845171794295311e-03
3.077986650168895721e-03
8.662158506922423840e-04
-2.997411182150244713e-03
-3.454207035247236490e-04
3.547176485881209373e-03
-2.256795065477490425e-03
-2.092461567372083664e-03
-8.248073281720280647e-04
-3.130928234895691276e-05
-3.201530547812581062e-03
2.350335707888007164e-03
3.424405818805098534e-03
3.153690835461020470e-03
-1.463441178202629089e-03
-3.491095267236232758e-04
-3.647608216851949692e-03
1.264817663468420506e-03
2.372074959566816688e-04
6.326457951217889786e-04
3.312454093247652054e-03
-2.059951890259981155e-03
-2.948022680357098579e-03
2.647460787557065487e-04
-1.209360430948436260e-03
-2.674074377864599228e-03
-2.695874718483537436e-04
-2.278505126014351845e-03
6.867402116768062115e-04
8.629238000139594078e-04
-1.186241745017468929e-03
-2.280190354213118553e-03
-2.967561362311244011e-03
2.512950450181961060e-03
1.701559755019843578e-03
5.530391354113817215e-04
-2.781218616291880608e-03
-3.421656438149511814e-04
7.137542706914246082e-04
-3.697452135384082794e-03
2.296387217938899994e-03
-1.499830977991223335e-03
-2.407151274383068085e-03
-3.244121093302965164e-03
-2.402229467406868935e-03
-1.832695677876472473e-03
3.763789543882012367e-03
-2.993061207234859467e-03
-4.531364174908958375e-05
7.263625739142298698e-04
3.769720904529094696e-03
2.007002243772149086e-03
-2.563845191616564989e-04
2.697435207664966583e-03
4.806546494364738464e-04
-1.587696140632033348e-03
2.947941422462463379e-03
3.691021353006362915e-03
-3.236128948628902435e-03
1.165606518043205142e-04
-1.672636251896619797e-03
4.709498284682922531e-07
-2.115692477673292160e-03
-2.518830122426152229e-03
3.835245501250028610e-03
-3.175601363182067871e-03
3.845436964184045792e-03
-3.907429985702037811e-03
-2.850836608558893204e-04
-1.451506512239575386e-03
2.145817736163735390e-03
3.625381039455533028e-03
5.275028524920344353e-04
-2.853055950254201889e-03
-3.112777136266231537e-03
-9.815373050514608622e-05
2.388605615124106407e-03
-2.740188036113977432e-03
-2.330730349058285356e-04
9.559885365888476372e-04
2.015870995819568634e-03
1.518108765594661236e-03
-2.509512472897768021e-03
-2.713081659749150276e-03
-3.386531956493854523e-03
-3.776735160499811172e-03
2.007555594900622964e-04
2.002434339374303818e-03
2.158240647986531258e-03
-3.000298980623483658e-03
-1.531953224912285805e-03
1.471196883358061314e-03
2.999924821779131889e-03
2.067694440484046936e-03
-4.078667552676051855e-04
-1.338120200671255589e-03
-3.815944772213697433e-03
2.188119571655988693e-03
2.507421653717756271e-03
3.532622940838336945e-03
2.792679239064455032e-03
-4.588279407471418381e-04
-2.520977985113859177e-03
1.967003801837563515e-03
-3.244187915697693825e-03
1.195324002765119076e-03
1.383231301588239148e-05
-1.339675742201507092e-03
1.237663323991000652e-03
1.925971009768545628e-03
3.470646450296044350e-03
-2.723325975239276886e-03
9.052415844053030014e-04
-1.042354502715170383e-03
-8.819985087029635906e-04
7.000363548286259174e-04
1.238616765476763248e-03
-6.346151349134743214e-04
2.319420222193002701e-03
3.139204112812876701e-03
6.653169984929263592e-04
-3.715041559189558029e-03
-1.434031641110777855e-03
-2.323041844647377729e-04
5.030464963056147099e-04
2.089425222948193550e-03
-9.029468055814504623e-04
-2.162466756999492645e-03
2.171754022128880024e-04
2.850618911907076836e-03
-2.579736756160855293e-03
1.064748154021799564e-03
3.130066674202680588e-03
