-2.685743616893887520e-03
-2.341880463063716888e-03
2.332992386072874069e-03
-2.216612687334418297e-03
-1.821552286855876446e-03
-7.809837115928530693e-04
1.865839003585278988e-03
2.665488049387931824e-03
1.070983707904815674e-03
-2.984304679557681084e-03
3.831090172752737999e-03
2.607582602649927139e-03
2.175664762035012245e-03
-2.282425528392195702e-03
-2.980568679049611092e-03
-2.472867490723729134e-03
-2.516075037419795990e-03
-2.588449744507670403e-03
-2.407071646302938461e-03
-2.714400645345449448e-03
-2.318831859156489372e-03
-4.927352347294799984e-05
1.991190249100327492e-03
6.464876787504181266e-05
-2.835275139659643173e-03
-1.308268867433071136e-03
-1.204475775011815131e-04
-2.432775218039751053e-03
-3.650316270068287849e-03
-1.536779571324586868e-03
1.512940041720867157e-03
1.231050700880587101e-03
2.326944144442677498e-03
3.435275750234723091e-03
2.762480173259973526e-03
-2.455616369843482971e-03
2.230264013633131981e-03
-6.666701519861817360e-04
3.081144299358129501e-03
-1.630097045563161373e-03
3.450951538980007172e-03
1.800007157726213336e-04
-1.183776301331818104e-03
4.885749658569693565e-04
-1.003951882012188435e-03
-7.410665275529026985e-04
2.257355721667408943e-03
-2.268159994855523109e-03
-5.484704743139445782e-04
-1.812642090953886509e-03
-1.071888604201376438e-03
2.752899657934904099e-03
3.679257351905107498e-03
-1.761008170433342457e-03
-7.345358608290553093e-04
-3.758784150704741478e-03
2.994733396917581558e-03
2.319291699677705765e-03
2.376000396907329559e-03
-1.747516333125531673e-03
2.285304246470332146e-03
-5.097801913507282734e-04
-3.117297892458736897e-04
-2.760200062766671181e-03
1.082896138541400433e-03
-1.950776553712785244e-03
-7.517848280258476734e-04
1.238527125678956509e-03
-3.818984609097242355e-03
-1.820330508053302765e-03
-3.105706535279750824e-03
8.158858399838209152e-04
-1.837218529544770718e-03
-9.126842487603425980e-04
-1.208732603117823601e-03
3.337898524478077888e-03
3.500350518152117729e-03
-5.818983772769570351e-04
-2.669493667781352997e-03
1.901866868138313293e-03
3.897377988323569298e-03
-3.667612560093402863e-03
-1.258915290236473083e-03
-2.034537319559603930e-04
-3.770671784877777100e-03
-1.182705018436536193e-04
1.377228996716439724e-03
9.364556171931326389e-04
1.417580991983413696e-03
-3.725887218024581671e-04
3.165254602208733559e-03
-2.144918078556656837e-03
1.342576812021434307e-03
3.684032009914517403e-03
-2.328276168555021286e-03
-2.326394896954298019e-03
-7.814264390617609024e-04
-2.181727671995759010e-03
-6.240625516511499882e-04
-1.267424813704565167e-04
-2.888941089622676373e-04
-1.668285811319947243e-03
1.271735527552664280e-03
1.628211583010852337e-03
-2.522811060771346092e-03
-5.723896902054548264e-04
3.874062967952340841e-04
-3.026318154297769070e-04
-2.615846926346421242e-03
-2.983970043715089560e-04
1.009347732178866863e-03
-8.056968799792230129e-04
2.194062806665897369e-03
-2.640225924551486969e-03
-2.276161219924688339e-03
1.780881430022418499e-03
3.541565267369151115e-03
3.919897426385432482e-04
-1.820500940084457397e-03
2.681195735931396484e-03
1.323772885370999575e-04
2.481358533259481192e-04
2.122033387422561646e-03
-2.923915744759142399e-04
-6.265763076953589916e-04
-1.494907308369874954e-03
2.250346820801496506e-03
-2.398419193923473358e-03
-9.731149184517562389e-04
1.096018240787088871e-03
4.867458774242550135e-04
1.200262777274474502e-04
3.065658500418066978e-03
3.754484234377741814e-03
-1.954778796061873436e-03
1.487708068452775478e-03
3.311680862680077553e-03
-2.323786728084087372e-03
3.468205686658620834e-03
-2.580362837761640549e-03
6.150450790300965309e-04
-2.138866577297449112e-03
1.945083960890769958e-03
1.881796400994062424e-03
1.348880236037075520e-03
-8.322722860611975193e-04
1.014400273561477661e-03
1.143775414675474167e-03
2.880992135033011436e-03
-1.941832248121500015e-03
3.673169063404202461e-03
4.915141034871339798e-04
1.405727234669029713e-04
-2.578055427875369787e-04
1.079486246453598142e-04
1.838478376157581806e-03
-3.708330448716878891e-03
9.985466022044420242e-04
3.264849656261503696e-04
-3.481836989521980286e-03
1.807338674552738667e-03
2.358158817514777184e-03
2.347741508856415749e-03
1.748493290506303310e-03
3.704611444845795631e-03
-1.173029653728008270e-03
-2.857834333553910255e-03
-2.493603620678186417e-03
2.667041495442390442e-03
2.096757758408784866e-03
-2.826745621860027313e-03
-9.408774203620851040e-04
-3.065608034376055002e-04
1.652484992519021034e-03
-2.066518412902951241e-03
3.904821933247148991e-04
1.135200946009717882e-04
-5.388210411183536053e-04
4.365746572148054838e-04
1.292267930693924427e-03
1.432343735359609127e-03
-3.162682114634662867e-04
-1.513176830485463142e-03
2.390902955085039139e-03
1.478615798987448215e-03
-1.002536620944738388e-03
3.210295923054218292e-03
-3.886887105181813240e-03
-1.443894929252564907e-03
-5.054753637523390353e-05
-2.049450762569904327e-03
-1.007850078167393804e-04
6.429696077248081565e-05
2.997471950948238373e-03
2.073651645332574844e-03
-3.342911950312554836e-04
3.446862334385514259e-03
-5.968387704342603683e-04
5.026478320360183716e-04
1.946425763890147209e-03
-2.247610362246632576e-03
-2.456184010952711105e-03
2.902891486883163452e-03
-3.469571238383650780e-03
4.964674008078873158e-04
-1.761073479428887367e-03
3.028136910870671272e-03
1.204647007398307323e-03
-2.510654740035533905e-03
-3.504565218463540077e-03
2.487001474946737289e-03
4.814723797608166933e-05
1.687180520093534142e-05
1.657068380154669285e-03
3.004955127835273743e-03
-9.205637034028768539e-04
-3.747468814253807068e-03
-3.567531239241361618e-03
-1.293150242418050766e-03
2.213396131992340088e-03
-1.839760923758149147e-03
-7.078867056407034397e-04
-1.010461361147463322e-03
-2.566724084317684174e-03
-1.280133001273497939e-04
-2.722653094679117203e-03
-1.039779046550393105e-03
1.642583752982318401e-03
3.897217335179448128e-03
3.895059227943420410e-03
-2.533711725845932961e-03
1.983341295272111893e-03
-3.102263144683092833e-04
1.529526780359447002e-03
2.891336334869265556e-03
-6.715325289405882359e-04
3.580109914764761925e-03
-2.920117462053894997e-03
3.722750407177954912e-04
3.379754256457090378e-03
2.325026085600256920e-03
6.738015217706561089e-04
-1.085172407329082489e-03
5.278837634250521660e-04
-3.298277501016855240e-03
5.689350073225796223e-04
-1.581388060003519058e-03
-2.492101863026618958e-03
3.258019220083951950e-03
1.933583640493452549e-03
-3.728779964148998260e-03
-3.664551302790641785e-03
-2.944759908132255077e-04
-2.920494298450648785e-04
-1.941326889209449291e-03
-3.338264301419258118e-03
