1.101912421290762722e-04
9.837058605626225471e-04
2.905020723119378090e-03
-3.779033897444605827e-03
1.724007888697087765e-03
2.064033644273877144e-03
1.742710883263498545e-04
2.538593020290136337e-03
3.793747164309024811e-03
1.304732402786612511e-03
3.398627741262316704e-03
6.153049762360751629e-04
8.879841188900172710e-04
-1.538208569400012493e-03
2.594182500615715981e-03
3.820121288299560547e-03
2.737716771662235260e-03
2.530045341700315475e-03
-3.751586657017469406e-03
-1.154804602265357971e-03
-1.557019713800400496e-04
2.946974243968725204e-03
1.645014155656099319e-03
3.229357767850160599e-03
-2.047245507128536701e-04
2.230508485808968544e-03
-1.816321309888735414e-04
-8.455950883217155933e-04
-2.265259157866239548e-03
-5.811971495859324932e-04
8.485029684379696846e-04
1.342494739219546318e-03
-1.256481744349002838e-03
-7.584100821986794472e-04
-2.299910644069314003e-03
3.344910219311714172e-03
-2.268833632115274668e-04
8.422511746175587177e-04
3.108836477622389793e-03
3.310361644253134727e-03
-8.356195758096873760e-04
-1.227652683155611157e-04
3.135487902909517288e-03
1.316859968937933445e-03
-2.730601001530885696e-03
-1.386579009704291821e-03
-2.116245450451970100e-03
-3.101715119555592537e-03
1.851370674557983875e-03
-3.573148278519511223e-03
-3.856278024613857269e-03
-2.767231315374374390e-03
-3.790547139942646027e-03
7.799941813573241234e-04
1.383103663101792336e-03
9.228524868376553059e-04
3.864933503791689873e-03
-2.441138029098510742e-03
3.818594850599765778e-04
1.857743773143738508e-04
3.739006817340850830e-03
-3.543977858498692513e-03
2.560514258220791817e-03
2.206645207479596138e-03
2.405060455203056335e-03
7.169523742049932480e-04
-2.737126545980572701e-03
-2.465523313730955124e-03
1.022169482894241810e-03
3.392488695681095123e-03
-1.154180848971009254e-03
-2.897131023928523064e-03
-2.293259836733341217e-03
1.671214471571147442e-03
1.866362639702856541e-03
1.702447771094739437e-03
-1.212675124406814575e-03
-2.896647667512297630e-03
3.993526333943009377e-04
-3.500189399346709251e-03
2.396408235654234886e-03
-3.882014891132712364e-03
-1.591546693816781044e-03
1.224608276970684528e-03
1.193097094073891640e-03
1.227821107022464275e-03
1.411739503964781761e-03
2.266848227009177208e-03
3.271256573498249054e-03
1.931900507770478725e-03
-4.912347649224102497e-04
2.811799058690667152e-04
-3.656507469713687897e-03
1.153069082647562027e-03
3.004392376169562340e-03
-9.096636786125600338e-04
3.664350952021777630e-04
3.179666120558977127e-03
-2.550717210397124290e-03
-2.989294007420539856e-04
-3.493240103125572205e-03
1.570822059875354171e-04
-3.347379679325968027e-04
2.001707674935460091e-03
-1.759563019732013345e-04
3.899862640537321568e-04
-6.948906811885535717e-04
-3.106517484411597252e-03
2.226927317678928375e-03
-8.991431677713990211e-04
1.213343581184744835e-03
2.848820062354207039e-03
-1.003784593194723129e-03
1.279204501770436764e-03
1.093110302463173866e-03
2.464302582666277885e-03
1.175823199446313083e-04
1.426883041858673096e-03
-3.645808203145861626e-03
-2.134221140295267105e-03
2.363570500165224075e-03
-6.141918856883421540e-05
-6.617849576286971569e-04
3.529091831296682358e-03
3.556310897693037987e-03
1.010035048238933086e-03
-3.051671432331204414e-03
1.881472533568739891e-03
3.770098264794796705e-04
1.311543514020740986e-03
8.979453123174607754e-04
2.245569135993719101e-03
1.905775628983974457e-03
-1.051619416102766991e-03
-1.833797898143529892e-03
-2.953879535198211670e-03
2.832765690982341766e-03
6.011095829308032990e-04
8.090865449048578739e-04
-3.413719125092029572e-03
-8.245482458733022213e-04
-3.413999686017632484e-03
1.007362661766819656e-04
2.661663165781646967e-04
-1.664781128056347370e-03
-2.056388650089502335e-03
1.500714424764737487e-04
4.089898138772696257e-04
1.575611880980432034e-03
1.907305791974067688e-03
-1.611603307537734509e-03
-2.664135769009590149e-03
3.427494782954454422e-03
9.295483323512598872e-05
-3.830985398963093758e-03
2.705536317080259323e-03
-1.572139211930334568e-03
-6.926740752533078194e-04
-9.614965529181063175e-04
2.681096550077199936e-03
-2.994332317030057311e-05
-2.795500215142965317e-03
3.243883373215794563e-03
-3.115930594503879547e-03
3.185392415616661310e-04
-2.111813286319375038e-03
1.779689220711588860e-03
-3.415763610973954201e-03
-3.478701924905180931e-03
3.177928505465388298e-03
-5.384156829677522182e-04
1.254416536539793015e-03
1.159821287728846073e-03
1.886997255496680737e-03
1.862519653514027596e-03
-6.896647973917424679e-04
3.414909821003675461e-03
2.763736993074417114e-03
-1.367841323371976614e-04
-1.211480121128261089e-03
7.525091059505939484e-04
-8.853316539898514748e-04
2.780647948384284973e-03
-1.376508153043687344e-03
3.763454515137709677e-05
3.804181003943085670e-03
2.587625989690423012e-03
-2.027185168117284775e-03
1.012190594337880611e-03
-1.931199076352640986e-04
3.661112627014517784e-03
2.013355260714888573e-03
-1.901881303638219833e-03
1.648953184485435486e-03
-2.747213235124945641e-03
-4.145117418374866247e-04
-3.157664090394973755e-03
-3.913127817213535309e-03
1.073655788786709309e-03
-1.516204676590859890e-03
2.247964497655630112e-03
-1.811387715861201286e-03
1.634269574424251914e-04
1.653108862228691578e-03
2.244558883830904961e-03
1.172434887848794460e-03
-9.543894557282328606e-04
-3.670548554509878159e-03
-1.690960372798144817e-03
6.489459192380309105e-04
7.401719340123236179e-04
1.049986458383500576e-03
-7.167270523495972157e-04
1.457252772524952888e-03
2.167752245441079140e-03
-2.580592408776283264e-03
4.482118238229304552e-04
-3.050793427973985672e-03
-3.604853060096502304e-03
6.730587920174002647e-04
-1.732816599542275071e-04
1.603140728548169136e-03
-3.290769876912236214e-03
6.982553750276565552e-04
2.111632376909255981e-03
-2.838957123458385468e-03
-7.291557267308235168e-04
2.143650781363248825e-03
1.177857629954814911e-03
-2.763710450381040573e-03
2.480832627043128014e-03
1.169796800240874290e-03
-1.078534987755119801e-03
3.399944631382822990e-03
-1.207354362122714520e-03
-1.883084070868790150e-03
1.339262700639665127e-03
1.134126330725848675e-03
-2.054390963166952133e-03
2.221798524260520935e-03
-1.773743308149278164e-03
-3.358267014846205711e-03
2.841813024133443832e-03
-1.856408081948757172e-03
2.203338779509067535e-03
-2.713955473154783249e-03
-2.221690956503152847e-03
3.014101821463555098e-04
3.226833650842308998e-03
4.419405595399439335e-04
-1.469035196350887418e-04
-3.795505501329898834e-03
-1.654072082601487637e-03
-1.115241204388439655e-03
-1.052015577442944050e-03
-8.367147529497742653e-04
