-2.172962063923478127e-03
-1.050229184329509735e-03
-2.676935167983174324e-03
-3.456565551459789276e-03
2.711585548240691423e-04
-1.837115734815597534e-03
-2.810897422023117542e-04
9.088373626582324505e-04
1.638645539060235023e-03
3.657622495666146278e-03
3.865139558911323547e-03
-7.180243846960365772e-04
-2.504269359633326530e-04
1.430966891348361969e-03
-2.051703399047255516e-03
3.821693826466798782e-03
-1.168924849480390549e-03
2.015217440202832222e-03
-1.816746662370860577e-03
-2.588548697531223297e-03
3.046166151762008667e-03
1.369646750390529633e-03
-7.393256528303027153e-04
-2.119659911841154099e-03
3.224435495212674141e-03
-3.641518764197826385e-03
-2.619636943563818932e-04
1.989446347579360008e-03
1.118891988880932331e-03
2.070734975859522820e-03
3.567257430404424667e-03
1.922817784361541271e-03
-1.768363639712333679e-03
-1.213595853187143803e-03
-2.784752752631902695e-03
2.006267895922064781e-03
-3.260293276980519295e-03
1.485383021645247936e-03
-1.185941859148442745e-03
-5.771047435700893402e-04
-1.066288910806179047e-03
2.983216545544564724e-04
-2.338851772947236896e-04
-1.020790077745914459e-03
-1.270473585464060307e-03
-2.719045849516987801e-03
-8.090609917417168617e-04
6.685109110549092293e-05
-2.731515327468514442e-03
3.698939224705100060e-03
7.049212581478059292e-04
-3.392007201910018921e-03
-7.671091007068753242e-04
9.647086844779551029e-04
-3.975323634222149849e-04
-2.722895005717873573e-03
3.524215659126639366e-03
-2.540297107771039009e-03
-1.769013586454093456e-03
2.724311547353863716e-03
3.800581442192196846e-03
3.871581284329295158e-03
1.007824903354048729e-03
-3.841436002403497696e-03
-1.700626453384757042e-03
-3.243691055104136467e-03
2.974309725686907768e-03
-2.520659472793340683e-03
-1.351222861558198929e-03
-1.536466879770159721e-05
-3.553682006895542145e-03
-3.748168935999274254e-03
-2.487301127985119820e-03
-6.878174026496708393e-04
3.044503508135676384e-03
5.025850259698927402e-04
-1.350746606476604939e-03
-2.270789118483662605e-03
3.490643110126256943e-03
3.554084396455436945e-04
1.513410359621047974e-03
1.185156288556754589e-03
3.585342492442578077e-04
-2.633651485666632652e-03
1.413997611962258816e-03
-3.749272553250193596e-03
-1.003420446068048477e-03
-3.801681799814105034e-03
-3.135651582852005959e-03
1.947552547790110111e-03
1.553103327751159668e-03
-2.319481223821640015e-03
-2.126113511621952057e-03
-1.183016342110931873e-03
-2.691172994673252106e-03
2.576551167294383049e-03
2.971082925796508789e-03
-8.585717296227812767e-04
-7.285792380571365356e-04
3.019054420292377472e-03
-1.246437779627740383e-03
3.710970515385270119e-03
1.674810075201094151e-03
-2.550818491727113724e-03
-1.250452012754976749e-03
3.161473665386438370e-03
-3.520652418956160545e-03
-2.494909334927797318e-03
-3.731038887053728104e-03
-8.459462551400065422e-04
1.147884875535964966e-03
-1.574540627188980579e-03
6.903930916450917721e-04
5.417851498350501060e-04
2.144399099051952362e-03
2.769776852801442146e-03
-5.122977891005575657e-04
2.906522480770945549e-03
1.267012208700180054e-03
3.663885407149791718e-03
-3.147904295474290848e-03
2.234974876046180725e-03
-2.564989961683750153e-03
1.281050383113324642e-03
3.846737090498209000e-03
-2.843627007678151131e-03
8.186948834918439388e-04
3.543624188750982285e-03
5.027337465435266495e-04
-1.535202143713831902e-03
5.059243994764983654e-04
-3.501054132357239723e-03
1.701226807199418545e-03
-3.136301878839731216e-03
-2.522222232073545456e-03
-2.276747021824121475e-03
1.767358626239001751e-03
2.888281596824526787e-03
-8.310302655445411801e-05
3.051277482882142067e-03
-1.347817247733473778e-03
3.695985767990350723e-03
9.734701015986502171e-04
-2.166489139199256897e-03
2.402836398687213659e-04
-2.863433619495481253e-04
-3.290031803771853447e-03
6.212968146428465843e-04
-3.481518942862749100e-03
-7.034888840280473232e-04
3.789872571360319853e-04
-2.190991537645459175e-03
-1.542153069749474525e-03
1.244951738044619560e-03
1.943302107974886894e-03
-2.467178041115403175e-03
-2.611265808809548616e-04
-3.482490545138716698e-03
-3.863763296976685524e-03
-1.812404487282037735e-03
2.575203310698270798e-03
9.656070615164935589e-04
6.736665964126586914e-04
-3.190009389072656631e-03
2.080793725326657295e-03
1.563475932925939560e-03
1.015168731100857258e-03
1.781121478416025639e-03
4.028535040561109781e-04
3.006231738254427910e-03
-2.229686069767922163e-04
-9.747811127454042435e-04
2.551628509536385536e-03
3.444612026214599609e-03
-1.596410176716744900e-03
-9.825172601267695427e-04
-2.752448490355163813e-04
1.270835520699620247e-03
1.109840231947600842e-03
-3.687941003590822220e-03
1.956259220605716109e-04
1.005463069304823875e-03
-3.157096216455101967e-03
-2.490827348083257675e-03
-1.136740553192794323e-03
3.305462421849370003e-03
-1.815331401303410530e-03
1.517630764283239841e-03
-1.555031340103596449e-04
3.269608598202466965e-03
8.279125322587788105e-04
3.801559330895543098e-03
1.264433376491069794e-03
-4.129706940148025751e-04
2.504690084606409073e-03
-1.478883204981684685e-03
-7.460516062565147877e-04
-2.448308514431118965e-03
-1.699294545687735081e-03
-6.166130187921226025e-04
3.129248274490237236e-03
2.791615203022956848e-03
-1.758236321620643139e-03
2.045282861217856407e-03
-2.399971708655357361e-03
4.694285744335502386e-04
-3.528917906805872917e-03
-2.168814418837428093e-03
2.849274547770619392e-03
-1.333961379714310169e-03
-2.708116779103875160e-03
-2.643935731612145901e-04
-5.522898864001035690e-04
3.600054886192083359e-03
-8.936022059060633183e-04
-3.803086932748556137e-03
-3.245156025514006615e-03
-2.809372497722506523e-03
3.136656479910016060e-03
1.610456733033061028e-03
2.374390373006463051e-03
3.767791204154491425e-03
1.701417379081249237e-03
-2.611606149002909660e-03
-4.258605476934462786e-04
-2.492422703653573990e-03
-2.922800136730074883e-03
2.872549695894122124e-03
-1.130193704739212990e-03
-3.108985954895615578e-03
-1.277564791962504387e-03
1.127543859183788300e-03
3.075762651860713959e-03
1.382943824864923954e-03
-2.744336379691958427e-03
-1.998064573854207993e-03
-5.184664041735231876e-04
9.210947318933904171e-04
5.350377759896218777e-04
2.023596782237291336e-03
-2.567429328337311745e-03
-2.998987445607781410e-03
-3.803874365985393524e-03
-3.351737745106220245e-03
1.340839196927845478e-03
2.445147372782230377e-03
3.428243508096784353e-04
3.119023749604821205e-04
-2.807181095704436302e-03
1.188104157336056232e-03
3.461387008428573608e-03
9.596074814908206463e-04
-3.435578197240829468e-03
3.397660620976239443e-04
3.626740770414471626e-03
-6.152028799988329411e-04
