-9.357052622362971306e-04
2.076540607959032059e-03
-2.181483199819922447e-03
-3.478414437267929316e-04
-1.932605984620749950e-03
-1.018292619846761227e-03
-1.191696035675704479e-03
2.689283108338713646e-03
-9.256576886400580406e-04
1.051496248692274094e-03
-1.555380178615450859e-03
-5.346602993085980415e-04
2.055860357359051704e-03
-3.279579803347587585e-03
2.356413053348660469e-03
2.559956395998597145e-03
2.170574298361316323e-04
9.771747281774878502e-04
-3.409061580896377563e-03
-1.849888358265161514e-03
-3.093644409091211855e-05
3.391689155250787735e-03
4.779713344760239124e-04
-3.799421479925513268e-03
-1.565527636557817459e-03
-2.163458382710814476e-03
1.886717393063008785e-03
2.702107653021812439e-03
-3.368652658537030220e-03
1.242540543898940086e-03
1.396850100718438625e-03
1.624032447580248117e-04
2.696952084079384804e-03
3.475107019767165184e-03
-1.163363456726074219e-03
3.602612297981977463e-03
3.385923570021986961e-03
-7.313278038054704666e-04
-1.198096782900393009e-03
-2.817276981659233570e-04
-1.632705912925302982e-03
-2.798174973577260971e-03
3.905201330780982971e-03
-1.275230548344552517e-03
1.322592259384691715e-03
-3.454862860962748528e-03
3.901240415871143341e-03
-1.117834472097456455e-03
-3.639123169705271721e-03
-8.852088940329849720e-04
1.170972478576004505e-03
-3.055417677387595177e-03
-1.483108964748680592e-03
-3.046912024728953838e-04
-1.641368144191801548e-03
2.711539622396230698e-03
-9.315880597569048405e-04
-1.154672587290406227e-03
-2.342134946957230568e-03
-2.568288473412394524e-04
-3.292523790150880814e-03
1.048138481564819813e-03
-2.302804263308644295e-03
-9.940468007698655128e-04
-3.404756775125861168e-03
-1.948010409250855446e-03
8.431046153418719769e-04
-3.615418216213583946e-03
1.441714935936033726e-03
-3.504096530377864838e-04
7.668244070373475552e-04
-2.997417934238910675e-03
2.759408904239535332e-03
3.387705364730209112e-04
2.560453256592154503e-03
-1.013318775221705437e-03
-8.908248273655772209e-04
-1.744978013448417187e-03
-2.979720709845423698e-03
1.900842878967523575e-03
-3.841631347313523293e-03
3.598338924348354340e-03
3.025296318810433149e-04
1.451931428164243698e-03
7.331843371503055096e-04
-3.472723299637436867e-03
3.358158282935619354e-03
1.852549030445516109e-03
-1.153174904175102711e-03
-5.206307978369295597e-04
-2.220672322437167168e-03
1.402904163114726543e-03
2.111655427142977715e-03
5.207365029491484165e-04
2.638236852362751961e-03
-1.632834668271243572e-03
1.782437902875244617e-03
1.120307715609669685e-03
-7.266254397109150887e-04
2.525606891140341759e-03
-1.116785686463117599e-03
1.517035416327416897e-03
2.224977593868970871e-03
5.432179896160960197e-04
3.759048413485288620e-03
2.174146473407745361e-03
2.993831876665353775e-03
-1.874895388027653098e-04
3.497807774692773819e-03
3.450474701821804047e-03
-2.683421364054083824e-03
-4.528633508016355336e-05
-3.649675752967596054e-03
2.806440694257616997e-03
8.026059949770569801e-04
2.463801065459847450e-03
7.941421354189515114e-04
3.038986353203654289e-03
-9.192385186906903982e-05
3.883570665493607521e-03
1.504308194853365421e-03
-3.258929587900638580e-03
-5.247052758932113647e-04
-9.684633114375174046e-04
-1.839309697970747948e-04
7.646535523235797882e-04
-1.919592614285647869e-03
-2.140332013368606567e-03
1.644059084355831146e-03
1.210898975841701031e-03
-2.666038635652512312e-04
-3.827407257631421089e-03
1.176832956844009459e-04
2.892465563490986824e-03
-1.614625100046396255e-03
-2.078426769003272057e-03
-2.121171914041042328e-03
-1.718075713142752647e-03
-1.228300621733069420e-03
8.641644380986690521e-04
2.517542568966746330e-03
-5.689802346751093864e-04
-5.651127430610358715e-04
-3.793708514422178268e-03
2.034915145486593246e-03
2.509405370801687241e-03
-9.923659963533282280e-04
-3.010471817106008530e-03
1.153766410425305367e-03
-3.378821071237325668e-03
-3.060165094211697578e-03
7.805317291058599949e-04
4.925739485770463943e-04
-7.559915538877248764e-04
3.598699986469000578e-04
-2.728185383602976799e-03
-8.065988658927381039e-04
-2.221152652055025101e-03
-3.072974272072315216e-03
2.419894095510244370e-03
-2.964123617857694626e-03
-2.751232357695698738e-03
-1.574981841258704662e-03
2.845134353265166283e-03
-3.109403187409043312e-03
3.197045996785163879e-03
1.859086682088673115e-03
-3.447472816333174706e-03
-3.560851037036627531e-04
-1.508234185166656971e-03
-4.553054459393024445e-04
-8.857783541316166520e-05
-3.769948147237300873e-03
-3.972826525568962097e-04
9.086130303330719471e-04
3.598831361159682274e-03
1.345308846794068813e-03
-3.430910874158143997e-03
2.121143974363803864e-03
-3.601746633648872375e-03
8.072355412878096104e-04
-1.065080403350293636e-03
2.594063756987452507e-03
-1.993375131860375404e-03
1.688912278041243553e-03
-3.032008651643991470e-03
1.805068895919248462e-04
9.698166395537555218e-04
-3.983395436080172658e-05
-3.751853713765740395e-03
-1.284095225855708122e-03
4.240352136548608541e-04
-6.622435757890343666e-04
1.534736293251626194e-05
-1.537681790068745613e-03
-1.606832025572657585e-03
3.543081111274659634e-04
3.784905886277556419e-03
-7.873816648498177528e-04
2.103333128616213799e-03
2.463861135765910149e-03
-1.598171889781951904e-03
2.550550969317555428e-03
2.016764366999268532e-03
-2.107122447341680527e-03
-1.309048966504633427e-03
-1.128989097196608782e-04
1.100101624615490437e-03
-2.698013093322515488e-03
-2.363864099606871605e-03
7.730039651505649090e-04
1.123732305131852627e-03
-1.895586028695106506e-03
1.209876034408807755e-03
-3.092495026066899300e-04
-7.918812334537506104e-04
-2.624129876494407654e-03
3.877148730680346489e-03
1.386653631925582886e-03
-1.506935572251677513e-03
-2.941906219348311424e-03
-6.450212677009403706e-04
-3.792317351326346397e-03
-1.615552173461765051e-04
1.109755248762667179e-03
7.489116978831589222e-04
5.349267157725989819e-04
3.663573646917939186e-03
-3.358038840815424919e-03
-2.534874714910984039e-03
-1.829127781093120575e-03
1.408384647220373154e-03
3.727345494553446770e-03
3.245011437684297562e-03
-3.164282243233174086e-04
-2.718158531934022903e-03
-1.039370312355458736e-03
1.243075937964022160e-03
-3.472864162176847458e-03
-3.297162707895040512e-03
2.339280908927321434e-03
-3.559381002560257912e-03
8.556282264180481434e-04
7.714026141911745071e-04
-1.926350174471735954e-03
-6.706118001602590084e-04
1.769963091646786779e-06
8.651248645037412643e-04
3.744088113307952881e-03
2.455184236168861389e-03
2.108824206516146660e-03
8.320002234540879726e-04
-3.252232680097222328e-03
3.446988528594374657e-03
1.649084151722490788e-03
3.196901874616742134e-03
