-1.157298102043569088e-03
-3.941899049095809460e-04
-3.757117548957467079e-03
3.428086405619978905e-03
1.304648933000862598e-03
-1.898515736684203148e-03
3.439688589423894882e-03
-1.653832150623202324e-03
2.683386905118823051e-03
1.407678937539458275e-03
-7.139462977647781372e-04
2.490778861101716757e-04
1.026903279125690460e-03
-3.043988253921270370e-03
-3.172402794007211924e-04
-1.229590736329555511e-03
1.353249070234596729e-03
-8.943272987380623817e-04
-1.025489415042102337e-03
3.028692444786429405e-03
3.833229653537273407e-03
1.829986693337559700e-03
-2.357294870307669044e-04
-8.622685563750565052e-04
-3.551206085830926895e-03
2.921865088865160942e-03
2.242758637294173241e-03
1.174939447082579136e-03
-2.381370170041918755e-03
-1.567833940498530865e-03
-6.624736124649643898e-04
-1.342642470262944698e-03
2.875967184081673622e-03
-3.574960632249712944e-03
1.496163429692387581e-03
1.393363112583756447e-03
6.217000191099941730e-04
1.432863995432853699e-03
1.511882874183356762e-03
2.736632712185382843e-03
2.524411305785179138e-03
-3.590699285268783569e-03
-4.214816435705870390e-04
-2.290170406922698021e-03
4.485475074034184217e-04
9.671146399341523647e-04
2.940857084468007088e-03
-4.920823848806321621e-04
7.140390516724437475e-05
3.585385158658027649e-03
1.709585078060626984e-03
1.836753799580037594e-03
-3.917323192581534386e-04
-1.742968102917075157e-03
1.522633014246821404e-03
-1.418621279299259186e-03
-2.174496767111122608e-04
-1.669698685873299837e-04
-2.932139439508318901e-03
-2.212978200986981392e-03
1.552248257212340832e-03
-1.555604743771255016e-03
-3.459977684542536736e-03
-2.413673209957778454e-04
-3.570985049009323120e-03
-1.175004174001514912e-03
-2.130855136783793569e-04
-3.794981399551033974e-03
-7.662179996259510517e-04
-1.921988907270133495e-03
4.248856857884675264e-04
-2.580724656581878662e-03
-1.124984191847033799e-04
2.513066865503787994e-03
6.136239389888942242e-04
-1.393640763126313686e-03
-1.657653920119628310e-04
2.399535384029150009e-03
6.399017875082790852e-04
7.892961730249226093e-05
-2.281229244545102119e-03
2.872579963877797127e-03
7.977404311532154679e-05
1.117829466238617897e-03
2.545860363170504570e-03
2.300507156178355217e-03
-3.261217614635825157e-03
-2.790156286209821701e-03
1.115486724302172661e-03
1.205808715894818306e-03
1.220215577632188797e-03
-1.252591842785477638e-03
-2.240658039227128029e-03
-4.996320931240916252e-04
-1.074900501407682896e-04
2.070214133709669113e-03
-2.650288399308919907e-03
-1.247423118911683559e-03
3.460677806288003922e-03
2.366874105064198375e-05
1.893921638838946819e-03
-1.832474255934357643e-03
-2.126467647030949593e-03
2.974118804559111595e-03
2.168050268664956093e-03
2.578370738774538040e-03
-3.525377251207828522e-03
2.052271505817770958e-03
2.572386525571346283e-03
-2.434764523059129715e-03
-5.673564155586063862e-04
3.006461309269070625e-03
-7.923519005998969078e-04
1.740660052746534348e-03
3.270791843533515930e-03
3.580004675313830376e-03
-3.879871685057878494e-03
-6.916004349477589130e-04
-2.776267705485224724e-03
-9.184707887470722198e-04
3.189516253769397736e-03
1.634931541047990322e-03
1.798034296371042728e-03
-1.305186655372381210e-03
2.239248715341091156e-03
2.216861350461840630e-03
-2.497529145330190659e-03
2.129927044734358788e-03
2.812860533595085144e-03
1.887430669739842415e-03
-2.412787871435284615e-03
2.533918712288141251e-03
-1.727328868582844734e-03
-1.290112384594976902e-03
1.901366049423813820e-03
2.991040702909231186e-03
3.402666479814797640e-04
-1.941353257279843092e-04
2.801374532282352448e-03
5.339752169675193727e-05
-1.036696703522466123e-04
-3.228321438655257225e-03
-4.871933779213577509e-04
-2.942987717688083649e-03
2.920220606029033661e-03
3.587341634556651115e-03
-1.624711207114160061e-03
-6.622120854444801807e-04
-1.463309163227677345e-03
-3.106769407168030739e-03
1.744124805554747581e-03
3.803115570917725563e-03
1.181118539534509182e-03
8.186348131857812405e-04
-3.009410807862877846e-03
-1.772028859704732895e-03
-3.741028020158410072e-03
2.036040415987372398e-03
-9.645490790717303753e-04
-4.929695933242328465e-05
3.188858507201075554e-03
1.906094024889171124e-03
-9.746379218995571136e-04
-1.213874900713562965e-03
-9.368581813760101795e-04
3.644774435088038445e-03
1.141711021773517132e-03
-1.668169046752154827e-03
1.133215264417231083e-03
2.636788645759224892e-03
-6.130513502284884453e-04
-2.958008786663413048e-03
-1.132111763581633568e-03
7.908175466582179070e-04
1.105313858715817332e-04
-5.606608465313911438e-05
-2.339269965887069702e-03
-7.606826839037239552e-04
-6.853512604720890522e-04
1.944169285707175732e-03
-1.799411838874220848e-03
3.494751406833529472e-03
2.225164556875824928e-03
-1.439076615497469902e-03
2.887580776587128639e-03
3.022469813004136086e-03
2.298981999047100544e-04
1.710178563371300697e-03
-3.409908851608633995e-03
-1.522514736279845238e-03
-1.866893027909100056e-03
2.076942473649978638e-04
-3.686130512505769730e-03
-3.639469621703028679e-03
-2.922551473602652550e-03
2.114804228767752647e-03
-4.690836431109346449e-05
-9.714734042063355446e-04
2.733879955485463142e-03
1.573463203385472298e-03
1.432413351722061634e-03
-1.936933724209666252e-03
-3.943177944165654480e-05
1.592119690030813217e-03
1.808486646041274071e-03
6.469386280514299870e-04
-3.201003419235348701e-03
-1.467455644160509109e-03
3.218892263248562813e-03
1.903746742755174637e-03
1.487460453063249588e-03
1.851494889706373215e-03
3.071011975407600403e-03
2.774849766865372658e-03
-1.408319571055471897e-03
-3.669836092740297318e-03
-3.481302876025438309e-03
-3.637432819232344627e-03
-7.328960346058011055e-04
-3.049901453778147697e-03
1.545551931485533714e-03
1.121348119340837002e-03
-3.880038158968091011e-03
-4.587722651194781065e-05
-4.614476929418742657e-04
-3.444242523983120918e-03
6.739554228261113167e-04
-1.621861301828175783e-04
-2.569708740338683128e-04
1.445908332243561745e-03
3.224109997972846031e-03
2.855126280337572098e-03
5.143288872204720974e-04
3.412354039028286934e-03
-1.632208703085780144e-03
1.715057296678423882e-03
1.821107463911175728e-03
3.891472239047288895e-03
-1.334442291408777237e-03
3.774858778342604637e-03
-1.952267833985388279e-03
1.368428114801645279e-03
-3.600426483899354935e-03
-1.644487376324832439e-03
3.091835416853427887e-03
-3.866435028612613678e-03
2.222765469923615456e-03
-1.947087584994733334e-04
2.064926084131002426e-03
2.483243122696876526e-03
-3.067453159019351006e-03
3.636843292042613029e-03
-3.271825378760695457e-03
-3.059649374336004257e-03
3.522477112710475922e-03
1.886529964394867420e-03
