3.699812339618802071e-03
2.352101728320121765e-03
-2.518584253266453743e-03
-1.109950360842049122e-03
1.914487220346927643e-03
7.136976346373558044e-04
4.746663034893572330e-04
2.970331115648150444e-03
7.279749261215329170e-04
2.463433658704161644e-03
1.040360075421631336e-03
-3.566573141142725945e-03
-1.413872814737260342e-03
3.187737660482525826e-03
1.928648329339921474e-03
1.272963592782616615e-03
1.528675435110926628e-03
-1.995328580960631371e-03
-2.685690764337778091e-03
-1.396571897203102708e-04
-1.322791446000337601e-03
2.517678309231996536e-03
3.052471438422799110e-04
1.843413803726434708e-03
1.972740516066551208e-03
-3.828485729172825813e-03
-2.398027339950203896e-03
2.603820990771055222e-03
2.739973133429884911e-03
2.934978692792356014e-04
-1.287251128815114498e-03
1.942579518072307110e-03
-3.570532891899347305e-03
9.768613381311297417e-04
2.648624125868082047e-03
3.299004398286342621e-03
3.030519466847181320e-03
-2.024003071710467339e-03
2.456069225445389748e-03
-2.272041514515876770e-03
1.199694725073641166e-05
1.155724632553756237e-03
-2.629031892865896225e-03
7.573118200525641441e-04
-3.497934667393565178e-03
-2.719248179346323013e-03
3.323227167129516602e-03
1.950397272594273090e-03
2.915577031672000885e-03
2.844071423169225454e-04
-3.403586801141500473e-03
3.423175076022744179e-03
-1.036628033034503460e-03
-7.426535594277083874e-04
-3.650715341791510582e-03
-2.520254580304026604e-03
-3.060324816033244133e-03
1.249802298843860626e-03
1.632217317819595337e-03
3.620589384809136391e-03
-2.197297522798180580e-03
-1.663289265707135201e-03
1.404650392942130566e-03
2.292387885972857475e-03
3.810756141319870949e-03
3.298734547570347786e-03
1.566775841638445854e-03
1.860499149188399315e-03
-7.320212898775935173e-04
1.832029316574335098e-03
-7.901205681264400482e-04
-1.347832614555954933e-03
-1.785540138371288776e-03
2.835999941453337669e-03
2.637827536091208458e-03
6.009227945469319820e-04
3.507454646751284599e-03
-2.684828359633684158e-03
-1.049345475621521473e-03
3.824176033958792686e-03
3.024407895281910896e-03
2.593853743746876717e-03
-1.614553271792829037e-03
9.276531636714935303e-04
2.194436732679605484e-03
2.377542667090892792e-03
-3.031396307051181793e-03
-2.728389343246817589e-03
-3.342052688822150230e-03
2.719745039939880371e-03
-2.550515579059720039e-03
-8.775237947702407837e-04
-2.892034244723618031e-04
2.600023290142416954e-03
3.737803315743803978e-03
7.483997032977640629e-04
-1.463855849578976631e-03
5.077882669866085052e-04
-3.562990110367536545e-03
-7.723177986918017268e-06
1.389369484968483448e-03
3.457672661170363426e-03
2.879882813431322575e-04
2.340013888897374272e-04
1.305766752921044827e-03
-1.483131665736436844e-03
-3.255062503740191460e-03
-1.260964898392558098e-03
-1.026558922603726387e-03
3.831208450719714165e-03
-7.093603489920496941e-04
3.029516432434320450e-03
-1.497376360930502415e-03
-2.058420563116669655e-03
4.842863418161869049e-04
3.774323267862200737e-04
-3.356836503371596336e-03
2.377681899815797806e-03
3.717245999723672867e-03
2.832799917086958885e-03
-2.270192373543977737e-03
2.825422212481498718e-03
-2.905168803408741951e-03
1.133232508436776698e-04
-4.756119742523878813e-04
3.788909409195184708e-03
-1.966052921488881111e-03
-6.412404472939670086e-04
-2.154752844944596291e-03
-3.434338839724659920e-03
3.131737234070897102e-03
1.078984467312693596e-03
2.969018649309873581e-03
6.774962093913927674e-05
-1.318222984991734847e-05
3.543802071362733841e-03
-3.605322679504752159e-03
-3.388629294931888580e-03
2.181591233238577843e-03
3.744981251657009125e-03
-1.225978368893265724e-03
1.870158826932311058e-03
2.490718616172671318e-03
2.804451622068881989e-03
3.745961657841689885e-05
-3.134561004117131233e-03
1.136466511525213718e-03
2.452708082273602486e-03
-3.450685180723667145e-03
-1.270302454940974712e-03
-1.153664314188063145e-03
-1.924143289215862751e-03
3.248205874115228653e-03
-2.561679575592279434e-03
2.616367302834987640e-03
7.921290816739201546e-04
-2.971876878291368484e-03
-1.147423405200242996e-03
5.975607782602310181e-04
-1.565866754390299320e-03
-1.899315859191119671e-03
2.000274369493126869e-03
1.747621688991785049e-03
3.203613916411995888e-03
2.547462703660130501e-03
-1.395595725625753403e-03
7.497737533412873745e-04
3.700874978676438332e-03
-3.680487570818513632e-04
2.317126141861081123e-03
2.918076352216303349e-04
-3.534752177074551582e-03
2.337735844776034355e-03
3.881676821038126945e-03
-3.548649605363607407e-03
-1.310717896558344364e-03
8.194412803277373314e-04
1.157305086962878704e-03
3.619723487645387650e-03
-1.664603594690561295e-03
-7.582423277199268341e-04
-2.511429833248257637e-03
-7.847670931369066238e-04
2.959481673315167427e-03
-3.635566681623458862e-03
3.024734091013669968e-03
-1.235660514794290066e-03
2.831121440976858139e-03
1.106013194657862186e-03
-1.566477585583925247e-03
-3.294192021712660789e-03
-1.914341235533356667e-03
-2.134218811988830566e-03
1.779092272045090795e-04
1.010824693366885185e-03
-2.438131486997008324e-03
-2.838059095665812492e-03
-6.424919120036065578e-04
-8.964041480794548988e-04
-1.431014970876276493e-03
1.610332517884671688e-03
2.586850197985768318e-03
-1.790973707102239132e-03
2.634311327710747719e-03
2.655405784025788307e-03
-8.055773796513676643e-04
1.835172413848340511e-03
3.391884965822100639e-03
3.580903168767690659e-03
3.432483179494738579e-03
-3.759889397770166397e-03
-3.886777907609939575e-03
3.228321904316544533e-03
-3.081980394199490547e-03
-9.912641253322362900e-04
-7.081265794113278389e-04
3.653805470094084740e-03
1.524663413874804974e-03
1.652130507864058018e-03
1.127066061599180102e-04
2.509866899345070124e-04
-3.823217866738559678e-06
-1.003259094431996346e-03
3.655045060440897942e-03
-2.747183432802557945e-03
-3.864707658067345619e-03
-3.397446358576416969e-03
3.667433047667145729e-03
-2.384680788964033127e-03
2.168352715671062469e-03
2.600362058728933334e-03
-2.770625054836273193e-03
2.393205650150775909e-03
3.518784418702125549e-03
2.509428188204765320e-03
-2.338580088689923286e-03
4.467320977710187435e-04
-1.424765563569962978e-03
3.157333238050341606e-03
3.475691424682736397e-03
-3.588529303669929504e-03
2.752650063484907150e-03
-1.195545773953199387e-03
1.806883374229073524e-03
3.593774978071451187e-03
4.134477348998188972e-04
2.830155193805694580e-03
-3.698125015944242477e-03
-1.450833166018128395e-03
3.136890707537531853e-03
1.752352574840188026e-03
3.479290287941694260e-03
2.896349644288420677e-03
-3.881026059389114380e-03
-6.725322455167770386e-04
1.159431878477334976e-03
