1.242624828591942787e-03
1.827463507652282715e-03
-1.130089280195534229e-03
-3.586967708542943001e-03
4.917978367302566767e-05
-2.008254639804363251e-03
8.434980409219861031e-04
1.664760988205671310e-03
3.360778326168656349e-03
-1.403780071996152401e-03
-1.778774196282029152e-03
-3.377473680302500725e-03
-2.335182391107082367e-03
1.727876369841396809e-03
1.676775515079498291e-03
1.877332339063286781e-03
3.805989166721701622e-03
3.217299003154039383e-03
1.729500014334917068e-03
3.073224565014243126e-03
2.873373450711369514e-03
5.054307985119521618e-04
-2.979630371555685997e-03
2.010698895901441574e-03
8.738383621675893664e-05
-7.055747555568814278e-04
-1.710709766484797001e-03
3.242006292566657066e-03
1.460865954868495464e-03
2.170415595173835754e-03
-9.383474825881421566e-04
5.852331523783504963e-04
2.297506202012300491e-03
7.265611202456057072e-04
3.478708211332559586e-03
3.472333773970603943e-03
8.445438579656183720e-04
2.886154223233461380e-03
1.236616517417132854e-03
-3.737557446584105492e-03
-2.628726651892066002e-03
3.103267634287476540e-03
-1.883579418063163757e-03
-2.452322980388998985e-03
2.647947985678911209e-03
-1.839146949350833893e-03
-2.625782974064350128e-03
-1.237236778251826763e-03
7.320359000004827976e-04
2.495784312486648560e-03
-5.463511915877461433e-04
-1.817355048842728138e-03
1.610975014045834541e-03
-6.922375760041177273e-04
2.025741385295987129e-03
3.832641290500760078e-03
-1.227442990057170391e-03
1.132636913098394871e-03
-9.415862150490283966e-04
3.621974959969520569e-03
8.938316605053842068e-04
-2.827075542882084846e-03
8.625049958936870098e-04
-1.241626101545989513e-03
-3.491609590128064156e-03
-5.021286197006702423e-04
2.639499492943286896e-03
2.971910638734698296e-03
3.355281194671988487e-03
3.196652280166745186e-03
3.371881088241934776e-03
-2.171152038499712944e-03
-6.830501370131969452e-04
-1.567552913911640644e-03
-2.127687679603695869e-03
3.177562961354851723e-03
-2.520856447517871857e-03
-2.598761813715100288e-03
-1.296828617341816425e-03
-3.614401910454034805e-03
1.500898855738341808e-03
-3.643887815997004509e-03
3.063246607780456543e-03
3.759549290407449007e-04
1.972370781004428864e-03
3.901160089299082756e-03
-1.137235085479915142e-03
1.292909611947834492e-03
1.630812912480905652e-04
-2.972167218104004860e-03
-1.723418710753321648e-03
2.219875808805227280e-03
-3.102322109043598175e-03
1.051348444889299572e-04
-1.036434434354305267e-03
-1.409292570315301418e-03
-3.566754283383488655e-03
-4.287089541321620345e-05
1.485552289523184299e-03
-2.791764447465538979e-03
3.659798996523022652e-03
-2.724059158936142921e-03
-3.795736702159047127e-03
-1.332914980594068766e-04
3.374188207089900970e-03
-2.183226868510246277e-03
-2.963571459986269474e-04
-1.372113591060042381e-03
3.171426476910710335e-03
2.698539523407816887e-03
-3.235664335079491138e-04
3.309646155685186386e-03
1.026467652991414070e-03
2.472017367836087942e-04
-1.551331137306988239e-03
2.350648865103721619e-04
1.910714432597160339e-03
6.319897947832942009e-04
2.420220756903290749e-03
3.396328247617930174e-04
-2.344584558159112930e-03
7.323520258069038391e-04
3.664978314191102982e-03
-1.824978622607886791e-03
-3.687727730721235275e-03
-3.088008670601993799e-04
2.734760055318474770e-03
3.486056346446275711e-03
-1.389116398058831692e-03
3.171820892021059990e-03
3.103550290688872337e-03
2.171045402064919472e-03
-1.197172561660408974e-03
8.726599626243114471e-04
-4.486813850235193968e-04
-9.282220271416008472e-04
6.906592752784490585e-04
-3.718128195032477379e-03
-2.993080299347639084e-03
-1.983616966754198074e-03
1.734743418637663126e-04
3.517228877171874046e-03
1.477242098189890385e-03
2.496242523193359375e-03
-2.749442501226440072e-05
2.700760960578918457e-03
-1.900733215734362602e-03
-2.441552933305501938e-03
3.377449174877256155e-04
-5.944799049757421017e-04
3.316152608022093773e-03
-3.697872161865234375e-03
-4.568856093101203442e-04
-2.418802818283438683e-03
2.035579876974225044e-03
-2.731740241870284081e-03
-1.718042301945388317e-03
-1.803826162358745933e-04
1.869083731435239315e-03
3.685867413878440857e-03
2.690305002033710480e-03
2.383011626079678535e-03
3.058760426938533783e-03
-2.079368277918547392e-05
2.371273469179868698e-03
-3.496690420433878899e-03
1.863031764514744282e-03
-3.822158556431531906e-03
2.580005442723631859e-03
2.922899089753627777e-03
2.814339939504861832e-03
3.870114218443632126e-03
3.242217935621738434e-04
2.052653580904006958e-03
-3.432282246649265289e-03
2.593551063910126686e-03
-1.295723137445747852e-03
-1.178340055048465729e-03
-4.508338170126080513e-04
9.352657943964004517e-04
-4.301695735193789005e-04
1.606427947990596294e-03
3.057792549952864647e-03
3.587602637708187103e-03
1.531895715743303299e-03
7.443291833624243736e-04
-2.177932532504200935e-03
3.486106870695948601e-03
1.876991445897147059e-04
8.476236253045499325e-04
3.850796027109026909e-03
8.857715329213533551e-06
3.130370285362005234e-03
-2.429673913866281509e-03
3.167876639054156840e-05
1.198121462948620319e-03
9.386255405843257904e-04
1.387270051054656506e-03
-1.402053167112171650e-03
3.549864050000905991e-03
3.720014123246073723e-03
-2.904103836044669151e-03
1.861418364569544792e-03
-1.318226102739572525e-03
-3.360356902703642845e-03
1.546591636724770069e-03
-5.358817288652062416e-04
-2.152057830244302750e-03
3.556455252692103386e-03
1.059850561432540417e-03
-4.055442987009882927e-04
-1.566742779687047005e-03
3.822150873020291328e-03
-9.906083578243851662e-04
2.776371256913989782e-04
-2.863808767870068550e-04
-2.183856209740042686e-03
4.110064182896167040e-04
-3.213482676073908806e-03
4.262831644155085087e-04
3.839649958536028862e-03
3.413865109905600548e-03
-1.481076003983616829e-03
-2.757480833679437637e-03
3.049648832529783249e-03
-2.047283574938774109e-03
-4.305625916458666325e-04
-3.429856849834322929e-03
2.061455277726054192e-03
5.439014057628810406e-04
-1.256975810974836349e-03
-1.207289635203778744e-03
3.386214142665266991e-03
3.345135599374771118e-03
2.390213543549180031e-03
1.252569607459008694e-03
2.441017888486385345e-03
-2.749759238213300705e-03
-7.239468395709991455e-04
-3.628696314990520477e-03
-5.961010465398430824e-04
3.100879490375518799e-03
-5.562014994211494923e-04
2.743888879194855690e-03
3.188481554388999939e-03
-3.776536323130130768e-03
-2.742376644164323807e-03
1.115292834583669901e-04
-1.794379903003573418e-03
-2.522772178053855896e-03
3.272766014561057091e-03
2.338201040402054787e-03
2.047532936558127403e-03
-5.090823397040367126e-04
-1.453547974961111322e-05
-3.556484822183847427e-03
