6.776902009733021259e-04
2.072037197649478912e-03
-1.942400936968624592e-03
-3.840023884549736977e-03
-3.411069745197892189e-03
-1.228450331836938858e-03
-2.897113561630249023e-03
3.437187988311052322e-03
-1.656910520978271961e-03
6.074866396375000477e-04
2.924657019320875406e-04
-2.293481957167387009e-03
-3.159117652103304863e-03
-2.730442909523844719e-03
-2.143599791452288628e-03
1.013908302411437035e-03
-1.982152462005615234e-03
-2.408238069619983435e-04
-2.129109576344490051e-03
3.138850908726453781e-03
1.904276083223521709e-03
3.751463023945689201e-03
-2.770432503893971443e-03
2.603001659736037254e-03
1.938661560416221619e-03
1.654840889386832714e-03
3.659292822703719139e-03
-3.325971076264977455e-03
2.008326584473252296e-03
-5.367700359784066677e-04
2.600562991574406624e-03
1.669309800490736961e-03
1.103470218367874622e-03
2.483971366018522531e-05
-9.554855205351486802e-05
8.293546270579099655e-04
-3.263257676735520363e-03
1.428440154995769262e-04
9.711353341117501259e-04
1.671849866397678852e-03
1.989511074498295784e-03
-2.479276387020945549e-03
7.685470045544207096e-04
2.878853119909763336e-04
3.005858161486685276e-04
4.350197559688240290e-05
-3.484271001070737839e-03
-2.481080358847975731e-03
1.461241394281387329e-03
-2.185449237003922462e-03
-2.734554931521415710e-03
-3.125916933640837669e-03
3.119851229712367058e-03
2.151221968233585358e-03
7.109457510523498058e-04
-7.645850419066846371e-04
1.192278694361448288e-03
2.989497268572449684e-03
-2.767243655398488045e-03
3.581894794479012489e-03
-2.685846295207738876e-03
6.420479621738195419e-04
-3.757718484848737717e-03
2.338982885703444481e-03
1.532512018457055092e-03
-3.288003848865628242e-03
8.035752107389271259e-04
2.400853205472230911e-03
-2.436823444440960884e-03
3.595717251300811768e-03
5.338165792636573315e-04
-2.388713415712118149e-03
-1.350643928162753582e-03
-1.836814335547387600e-03
-1.827931730076670647e-03
2.632792107760906219e-03
2.102138241752982140e-03
-2.659985795617103577e-03
7.698074914515018463e-04
1.663860282860696316e-03
3.307112725451588631e-03
-3.762477135751396418e-04
-3.546319669112563133e-03
3.803959582000970840e-03
4.994709743186831474e-04
-3.709723241627216339e-03
2.677707467228174210e-03
1.784888445399701595e-03
-3.681496484205126762e-03
2.713889349251985550e-03
-2.981207100674510002e-03
2.248488133773207664e-03
-2.333254786208271980e-03
8.092961506918072701e-04
-1.827572472393512726e-03
2.205453347414731979e-03
-3.390634432435035706e-03
3.775864141061902046e-03
3.344629192724823952e-03
-2.367216162383556366e-03
-1.089475583285093307e-03
2.614131430163979530e-03
3.904343117028474808e-03
1.854632515460252762e-03
-2.277674851939082146e-03
-3.025990910828113556e-03
3.379632486030459404e-03
1.294474932365119457e-03
3.643515985459089279e-03
1.342158531770110130e-03
7.516785990446805954e-04
2.499744005035609007e-04
2.726375125348567963e-03
1.042450312525033951e-03
1.053558662533760071e-03
3.476196667179465294e-03
-2.062106970697641373e-03
-9.933739202097058296e-04
-1.733599812723696232e-03
-8.004974224604666233e-04
1.830256893299520016e-03
3.394109895452857018e-03
3.295918693765997887e-03
2.822445007041096687e-03
-3.317879280075430870e-03
2.156111877411603928e-03
2.300095045939087868e-03
-6.223869859240949154e-04
-2.396295894868671894e-04
3.745888359844684601e-03
2.553129801526665688e-03
2.233532024547457695e-03
1.874665147624909878e-03
-1.632263185456395149e-03
3.317244816571474075e-03
-1.276032649911940098e-03
-1.245741616003215313e-03
2.314192242920398712e-03
-2.477782545611262321e-03
-3.006425919011235237e-03
7.780466112308204174e-04
-2.024991670623421669e-03
1.935337670147418976e-03
-3.679117187857627869e-03
2.261467510834336281e-03
3.730205586180090904e-03
2.600360661745071411e-03
-1.334478001808747649e-04
2.798148198053240776e-03
1.863848650828003883e-03
-6.771336193196475506e-04
3.082683077082037926e-03
8.094799704849720001e-04
-2.962142927572131157e-03
-3.800234757363796234e-03
2.209066180512309074e-03
-4.808267985936254263e-04
-6.025645998306572437e-04
1.243625767529010773e-03
-3.447247203439474106e-03
-3.832736983895301819e-03
-5.900456453673541546e-04
-3.874916350468993187e-03
-7.301025907509028912e-04
-3.027055645361542702e-03
2.216876251623034477e-03
3.885582322254776955e-03
8.537232642993330956e-04
1.150969648733735085e-03
-9.803291177377104759e-04
-2.182499505579471588e-03
6.021627341397106647e-04
-2.191591775044798851e-03
1.224248320795595646e-03
-1.853117020800709724e-03
1.574394642375409603e-03
3.323730546981096268e-03
2.260858891531825066e-03
1.195323537103831768e-03
2.856139326468110085e-03
-1.991375349462032318e-03
-1.964476890861988068e-03
6.840131391072645783e-05
2.819221001118421555e-03
-1.849541906267404556e-03
-3.822141443379223347e-04
2.794815460219979286e-03
6.441756850108504295e-04
-2.965478226542472839e-03
1.370174810290336609e-03
1.514307572506368160e-03
-5.967461620457470417e-04
3.259852295741438866e-03
2.151834079995751381e-03
5.388787831179797649e-04
-2.751160645857453346e-03
-3.400383517146110535e-03
2.843488706275820732e-03
1.905127777718007565e-03
-3.376473905518651009e-03
1.052099396474659443e-03
-1.213206793181598186e-03
-1.927660778164863586e-04
-2.342286054044961929e-03
3.468000562861561775e-03
-7.072476437315344810e-04
1.169324605143629014e-04
1.660250942222774029e-03
1.421246211975812912e-03
2.054050797596573830e-03
-1.908585691126063466e-04
2.191129140555858612e-03
-1.582690747454762459e-03
2.235044492408633232e-03
-1.666156342253088951e-03
-1.363258110359311104e-03
-1.024286961182951927e-03
-2.993230707943439484e-03
1.557575888000428677e-03
-3.284368896856904030e-03
-2.516824984923005104e-03
-2.083682775264605880e-04
-2.455549081787467003e-03
1.341686816886067390e-03
1.050235005095601082e-03
5.393365281634032726e-04
5.277111777104437351e-04
1.952703692950308323e-03
-1.603846787475049496e-03
2.921659499406814575e-03
-1.343596493825316429e-03
1.673312857747077942e-03
-4.948838613927364349e-04
3.050802042707800865e-03
-1.438860199414193630e-03
-1.824305159971117973e-03
1.998442166950553656e-04
-1.416635466739535332e-03
-1.545538310892879963e-03
4.666911263484507799e-04
-2.287694485858082771e-03
-1.994629390537738800e-03
3.633745247498154640e-03
3.761807456612586975e-03
-2.681208075955510139e-03
-2.145940670743584633e-03
-1.852295594289898872e-03
3.802452702075242996e-03
3.058398840948939323e-03
3.814664203673601151e-03
-6.232243031263351440e-04
1.298986840993165970e-03
-3.611373482272028923e-03
-5.652305553667247295e-04
1.408305368386209011e-03
2.820584690198302269e-03
