-3.081916656810790300e-04
3.088794182986021042e-03
3.710557008162140846e-03
-2.701323013752698898e-03
1.070074271410703659e-03
3.841178258880972862e-04
-1.253546797670423985e-03
-3.045626915991306305e-03
3.449622774496674538e-03
-2.430463442578911781e-03
-3.556595882400870323e-03
-9.138557361438870430e-04
8.564423769712448120e-04
1.633092324482277036e-04
3.678975393995642662e-03
-2.587249502539634705e-03
-2.462897915393114090e-03
2.278421306982636452e-03
-5.364642711356282234e-04
-2.081580460071563721e-03
-9.495908743701875210e-04
-2.211325336247682571e-03
5.600497825071215630e-04
7.228975882753729820e-04
8.228883962146937847e-04
-1.069837715476751328e-03
2.574247540906071663e-03
-2.814031206071376801e-03
2.311667893081903458e-03
-1.553755369968712330e-03
3.739127889275550842e-03
-1.302623073570430279e-03
2.734068548306822777e-03
-3.527902532368898392e-03
3.379869740456342697e-03
2.296550199389457703e-03
3.075049491599202156e-03
1.782870152965188026e-03
1.455021905712783337e-03
-1.633996544114779681e-05
-4.698186530731618404e-04
3.233926836401224136e-03
-1.630208455026149750e-03
-3.742906032130122185e-03
-2.480401657521724701e-03
1.863834564574062824e-03
3.337995731271803379e-04
3.338324313517659903e-05
-2.235760679468512535e-03
-3.296942682936787605e-03
-2.622770145535469055e-03
-2.542942063882946968e-03
-3.216995537513867021e-05
1.416352461092174053e-03
1.360238762572407722e-03
2.040887484326958656e-03
1.309483079239726067e-03
1.828612410463392735e-03
1.864785794168710709e-03
1.755278557538986206e-03
9.863672312349081039e-04
-1.797724282369017601e-03
3.778419457376003265e-03
-5.390649894252419472e-04
3.644396085292100906e-03
-3.474357537925243378e-03
-3.425290575250983238e-03
-1.935844426043331623e-03
-3.525789827108383179e-03
-1.129518495872616768e-03
-3.669433062896132469e-03
-2.830986340995877981e-04
-6.107816589064896107e-04
2.966342726722359657e-03
-1.712801284156739712e-03
-6.760766700608655810e-05
3.589689033105969429e-03
2.502567949704825878e-04
2.864548237994313240e-03
-4.914138698950409889e-04
2.733715344220399857e-03
8.706837543286383152e-04
-2.291240030899643898e-03
3.614318266045302153e-04
-9.871033253148198128e-04
4.683006409322842956e-05
1.018511597067117691e-03
6.132567068561911583e-04
-1.551157794892787933e-03
-1.873438013717532158e-03
-2.705306746065616608e-03
-3.780475351959466934e-03
-1.833658432587981224e-03
-2.783021191135048866e-03
-4.673044895753264427e-04
-2.822167472913861275e-03
2.007342991419136524e-04
1.567571540363132954e-03
-2.057011006399989128e-03
3.281438956037163734e-03
-1.455627265386283398e-03
3.475176927167922258e-04
2.489153528586030006e-03
-1.553022186271846294e-03
-1.661288784816861153e-03
8.017792133614420891e-04
3.463724628090858459e-03
1.145939109846949577e-03
-2.687982050701975822e-03
2.754383720457553864e-03
3.598540206439793110e-04
1.229509478434920311e-03
3.438681829720735550e-03
1.970557204913347960e-04
-1.229150919243693352e-03
1.045451266691088676e-03
-3.736478975042700768e-03
-1.958025131898466498e-05
5.951556377112865448e-04
-1.117427716962993145e-03
1.699000014923512936e-03
-2.508141100406646729e-03
2.733181929215788841e-03
-3.625277196988463402e-03
2.915009390562772751e-03
2.238763729110360146e-03
1.009954721666872501e-03
-1.070170779712498188e-03
-3.735409118235111237e-03
-2.798404777422547340e-03
3.446358488872647285e-03
3.680719295516610146e-03
8.625867776572704315e-04
2.211083425208926201e-03
-3.875531954690814018e-03
2.002429915592074394e-03
1.188747351989150047e-03
-1.259260927326977253e-03
2.760981442406773567e-03
-2.358110155910253525e-03
-9.584082290530204773e-04
1.635728636756539345e-03
3.600183175876736641e-03
-3.025243058800697327e-04
1.406769617460668087e-03
1.761160674504935741e-03
-2.423264784738421440e-03
9.164400980807840824e-04
3.041456220671534538e-03
2.260840963572263718e-03
1.440975931473076344e-03
-2.343941712751984596e-03
1.190683222375810146e-03
-1.904678414575755596e-03
-4.432894056662917137e-04
3.001458710059523582e-03
7.177082588896155357e-04
3.139369189739227295e-03
1.227992703206837177e-03
3.332318738102912903e-03
-3.019078169018030167e-03
-8.964068256318569183e-04
-1.752262818627059460e-03
-1.124037313275039196e-03
-3.754317294806241989e-04
3.176567377522587776e-03
-2.250219229608774185e-03
-3.778838552534580231e-03
2.666404470801353455e-04
-1.042877323925495148e-03
2.724580932408571243e-03
-1.352975377812981606e-03
-1.994940219447016716e-03
-2.183539094403386116e-03
1.867673709057271481e-03
3.826013300567865372e-03
-3.123980015516281128e-03
-2.520143752917647362e-03
2.948287175968289375e-03
-3.336827270686626434e-03
3.222801955416798592e-03
3.721965709701180458e-03
2.025072608375921845e-04
-3.617919515818357468e-03
2.495124237611889839e-03
-3.459210041910409927e-03
-6.385492742992937565e-04
1.420337939634919167e-03
3.297645132988691330e-03
3.087364602833986282e-03
-2.460671355947852135e-03
5.252697155810892582e-04
2.906443318352103233e-03
-2.214961918070912361e-03
-3.207921283319592476e-03
-3.745578695088624954e-03
3.345856675878167152e-03
-3.636386711150407791e-03
-3.679995192214846611e-03
-2.923171967267990112e-03
-8.111163624562323093e-04
-3.753205761313438416e-03
-3.711772616952657700e-03
-1.847015111707150936e-03
2.501901471987366676e-03
1.746275811456143856e-03
-2.332756994292140007e-03
-3.232298418879508972e-03
-1.828540232963860035e-03
1.758086262270808220e-03
2.866718685254454613e-03
-6.051846867194399238e-05
-3.546074964106082916e-03
-1.785861677490174770e-03
2.856273436918854713e-03
-1.669347402639687061e-03
1.209855079650878906e-03
1.775449956767261028e-03
6.750275497324764729e-04
-3.544492879882454872e-03
3.159867366775870323e-03
1.136976876296103001e-03
-2.196305664256215096e-03
-2.886442001909017563e-03
-4.010319826193153858e-04
3.813761984929442406e-03
1.331994077190756798e-03
-2.686365041881799698e-03
-1.710146549157798290e-03
-8.657076396048069000e-04
2.744819736108183861e-03
3.701038425788283348e-03
3.424567868933081627e-03
2.606136840768158436e-04
2.264524111524224281e-03
-3.606120590120553970e-03
3.063431067857891321e-04
3.238916397094726562e-03
2.682506572455167770e-03
-1.165143097750842571e-03
-4.882111097685992718e-04
8.980666752904653549e-04
-5.052560663898475468e-05
-2.134128473699092865e-03
2.825636416673660278e-03
2.458157716318964958e-03
2.410704037174582481e-03
-2.035354962572455406e-03
5.727855022996664047e-04
-1.768345013260841370e-03
6.671354640275239944e-04
2.163028577342629433e-03
-1.385969808325171471e-04
8.608991629444062710e-04
2.251879312098026276e-03
2.572973491623997688e-03
