1.560628414154052734e-03
-2.160556614398956299e-03
-3.372708568349480629e-03
-2.614330733194947243e-03
2.151271793991327286e-03
-8.944679866544902325e-04
2.905907109379768372e-03
3.417842322960495949e-03
2.623299602419137955e-03
-2.119944198057055473e-03
-6.968890666030347347e-04
2.390188863500952721e-03
1.619683578610420227e-03
1.844166428782045841e-03
-1.992548583075404167e-03
3.455322468653321266e-03
2.825112314894795418e-03
-6.342605920508503914e-04
-1.749314251355826855e-03
3.227641107514500618e-03
1.502616447396576405e-03
-6.297706859186291695e-04
-4.049298586323857307e-04
3.050020430237054825e-03
3.866816638037562370e-03
-1.378197572194039822e-03
1.148211420513689518e-03
-1.630275975912809372e-03
1.897616311907768250e-03
1.833399641327559948e-03
3.039714647457003593e-03
1.117169857025146484e-03
1.344320247881114483e-03
-1.613647094927728176e-03
-6.286042626015841961e-04
2.101478865370154381e-03
2.160076284781098366e-03
-4.324194451328366995e-04
3.276326169725507498e-04
-1.708982395939528942e-03
5.878228694200515747e-04
-2.885841240640729666e-04
2.161967800930142403e-03
-3.032961394637823105e-03
-2.508227480575442314e-03
3.270108718425035477e-03
-1.198994796141050756e-04
-1.951144076883792877e-03
5.253853159956634045e-04
-8.229578961618244648e-04
-7.552434690296649933e-04
3.486031200736761093e-03
3.030896652489900589e-03
-3.013367066159844398e-03
-2.938125748187303543e-03
-1.827936386689543724e-03
-2.062115352600812912e-03
-2.695308532565832138e-03
3.428471507504582405e-03
-2.981084981001913548e-04
4.852721758652478456e-04
-1.294315909035503864e-03
-2.110077068209648132e-03
4.084513348061591387e-04
-1.442265580408275127e-03
-5.432183970697224140e-04
-2.474259119480848312e-03
7.048793486319482327e-04
1.961306901648640633e-03
9.653934976086020470e-04
2.134970389306545258e-03
-3.811441827565431595e-03
1.277498435229063034e-03
-8.142463775584474206e-05
-1.971523743122816086e-03
-9.848426270764321089e-05
1.942545291967689991e-03
3.765263361856341362e-03
-2.613370772451162338e-03
1.968184486031532288e-03
-3.345319768413901329e-03
1.925683231092989445e-03
1.932186714839190245e-04
3.068752586841583252e-03
-3.223879961296916008e-03
-1.152336131781339645e-03
2.663733204826712608e-03
-3.094802843406796455e-03
-3.433757228776812553e-03
-1.633515814319252968e-03
2.740565454587340355e-03
2.419145544990897179e-03
-1.450490904971957207e-03
-3.643407253548502922e-03
1.916948589496314526e-03
1.116857980377972126e-03
-1.033772132359445095e-03
6.172314751893281937e-04
1.086906879208981991e-03
3.244291059672832489e-03
-3.814358729869127274e-03
2.694989088922739029e-04
1.396167557686567307e-03
-2.726289676502346992e-03
3.063839394599199295e-03
1.809497596696019173e-03
1.498411438660696149e-04
-1.621040049940347672e-03
-1.936846063472330570e-03
3.588402410969138145e-03
-8.325042435899376869e-04
-9.701147791929543018e-04
7.101509982021525502e-05
1.655480125918984413e-03
9.185887174680829048e-04
-3.957496373914182186e-04
3.476024605333805084e-03
2.295836573466658592e-03
2.730257110670208931e-03
-3.871652879752218723e-04
8.981524151749908924e-04
1.583019271492958069e-03
3.548003965988755226e-03
-3.029864456038922071e-04
-3.491362323984503746e-03
1.599234761670231819e-03
4.551431920845061541e-04
-7.457970059476792812e-05
2.284926362335681915e-03
2.740630879998207092e-03
2.745463512837886810e-03
1.319979550316929817e-03
-1.287034319830127060e-05
3.368594450876116753e-03
-7.880222401581704617e-04
2.920723520219326019e-03
2.972279209643602371e-03
-7.313854293897747993e-04
6.858767010271549225e-04
2.594505436718463898e-03
7.403722702292725444e-05
-1.982248388230800629e-03
-3.211813454981893301e-04
1.615344313904643059e-03
-1.165156369097530842e-03
-2.618385246023535728e-03
-3.753315657377243042e-03
3.270983695983886719e-03
5.163740715943276882e-04
2.054161857813596725e-03
2.783557167276740074e-03
-2.687084721401333809e-03
-3.347331890836358070e-03
1.029670936986804008e-03
-2.380072372034192085e-03
2.023918321356177330e-03
-2.579216612502932549e-03
1.753956545144319534e-03
-2.010366180911660194e-03
9.056009585037827492e-04
-2.458018017932772636e-03
-8.376078330911695957e-04
1.124521601013839245e-03
-3.420195309445261955e-03
-2.431831555441021919e-03
8.600005530752241611e-04
-2.543142531067132950e-03
3.770330687984824181e-03
1.583844539709389210e-03
-1.754151657223701477e-03
-1.375251798890531063e-03
-8.496982045471668243e-04
3.125180257484316826e-03
-1.453069970011711121e-03
2.329206094145774841e-03
2.779240487143397331e-03
-1.512254588305950165e-03
2.164845122024416924e-03
8.005936979316174984e-04
-9.583223145455121994e-04
-1.858600764535367489e-03
1.462551648728549480e-03
8.039634121814742684e-05
3.385453310329467058e-04
5.683621275238692760e-04
3.889551619067788124e-03
-3.837455005850642920e-04
2.095246920362114906e-03
2.888868562877178192e-03
3.340187016874551773e-03
1.817637355998158455e-03
-3.084736643359065056e-03
2.905780915170907974e-03
-3.480172483250498772e-03
3.872948233038187027e-03
-1.097351661883294582e-03
-9.039666620083153248e-04
1.252129091881215572e-03
-1.687558833509683609e-04
-2.244939329102635384e-03
-3.668516408652067184e-03
-3.114131977781653404e-03
-1.265936996787786484e-03
-2.869103103876113892e-03
-2.171639585867524147e-03
3.837527241557836533e-03
-3.344572382047772408e-03
2.713324734941124916e-03
-6.124355713836848736e-04
2.556658582761883736e-04
-6.954388809390366077e-04
-2.878588857129216194e-03
3.429298754781484604e-03
8.436234929831698537e-05
2.500144531950354576e-03
1.218829886056482792e-03
-2.989111002534627914e-03
-8.744298975216224790e-05
2.292482415214180946e-03
-3.469645744189620018e-03
1.226432039402425289e-03
-3.694090526551008224e-03
-7.740871515125036240e-04
-1.461855601519346237e-03
2.592784585431218147e-03
1.575119327753782272e-03
1.754114520736038685e-03
3.281921613961458206e-03
3.481264226138591766e-03
-4.270871286280453205e-04
-1.370967016555368900e-03
7.636855007149279118e-04
-2.032433403655886650e-03
2.817807486280798912e-03
-2.541985362768173218e-03
-5.061674746684730053e-04
-3.668491495773196220e-03
1.755332923494279385e-03
2.067940513370558619e-04
-2.273136982694268227e-03
-2.381244907155632973e-03
-4.945300679537467659e-05
2.891001990064978600e-03
3.561718622222542763e-03
1.200668979436159134e-03
1.216662232764065266e-03
-1.891034655272960663e-03
-1.186608336865901947e-03
-2.622802741825580597e-03
1.629793550819158554e-03
3.317316761240363121e-03
-3.576544346287846565e-03
2.667730674147605896e-03
1.658899127505719662e-03
-2.788257086649537086e-03
3.505340777337551117e-03
