3.043487202376127243e-03
3.072803840041160583e-03
5.810470902360975742e-04
-3.117547137662768364e-03
3.245342522859573364e-03
-2.963150851428508759e-03
9.347483282908797264e-04
7.332576788030564785e-04
3.635853296145796776e-03
1.111223478801548481e-03
-5.472013726830482483e-04
3.295568516477942467e-03
3.853514557704329491e-03
-7.356558344326913357e-04
5.392423481680452824e-04
1.752202049829065800e-03
-2.600185805931687355e-03
-3.391352482140064240e-03
-9.530262905173003674e-04
2.199472393840551376e-03
1.387022435665130615e-03
-2.839558292180299759e-03
2.758170943707227707e-03
2.768508391454815865e-03
2.960470737889409065e-03
2.023916924372315407e-03
-2.230062149465084076e-03
3.388197801541537046e-04
2.398459619143977761e-04
-2.519920002669095993e-03
-1.896179979667067528e-03
6.796121015213429928e-04
3.162122331559658051e-03
3.677033353596925735e-03
1.037878915667533875e-03
3.709886805154383183e-04
6.059857551008462906e-04
-1.190944109112024307e-03
2.282852074131369591e-03
2.750782587099820375e-04
-6.861527799628674984e-04
3.179249586537480354e-03
-1.369167002849280834e-03
-1.554383081384003162e-03
-2.256036968901753426e-03
-3.098917426541447639e-03
-2.646551700308918953e-03
-2.444270998239517212e-03
4.157352668698877096e-04
3.996691666543483734e-04
1.751223346218466759e-03
-3.468837589025497437e-03
1.624549040570855141e-03
-3.777072532102465630e-03
-6.700789090245962143e-04
-3.687569638714194298e-03
-2.572326920926570892e-03
3.237990313209593296e-04
1.661083078943192959e-03
-3.667667333502322435e-04
-2.711622044444084167e-03
-2.603954169899225235e-03
2.091308317631046521e-07
-2.828863216564059258e-03
-3.041739109903573990e-03
-2.328439150005578995e-03
1.029945793561637402e-03
-3.676744177937507629e-03
3.094146726652979851e-03
1.613966305740177631e-03
1.721064560115337372e-03
4.577827057801187038e-04
-5.259964382275938988e-04
-2.313827630132436752e-03
-1.375132473185658455e-03
-1.159401610493659973e-03
2.336878329515457153e-03
-6.067253416404128075e-04
1.174425007775425911e-03
7.986414711922407150e-04
7.639747927896678448e-04
2.567514078691601753e-03
-1.112256941269151866e-04
-1.400046312483027577e-05
1.050973543897271156e-03
6.610688287764787674e-04
-1.206893939524888992e-03
2.525781979784369469e-03
-1.877586357295513153e-03
-2.549940545577555895e-04
-3.434796351939439774e-03
-2.766184741631150246e-03
-1.494048861786723137e-03
8.178136777132749557e-04
-2.653444185853004456e-03
-3.419055719859898090e-04
3.503798972815275192e-03
3.730226308107376099e-03
3.344717202708125114e-03
3.638934576883912086e-03
-3.141155000776052475e-03
-2.236320637166500092e-03
-1.450661802664399147e-03
1.972844824194908142e-03
2.537969034165143967e-03
-1.921024173498153687e-03
4.146675928495824337e-05
-1.815204857848584652e-03
4.832000122405588627e-04
3.802405553869903088e-04
-1.445536268875002861e-03
2.022092696279287338e-03
-2.125312021235004067e-04
-2.664190949872136116e-03
2.079075900837779045e-03
1.160723855718970299e-03
-1.307445578277111053e-03
8.388079586438834667e-04
-1.027414575219154358e-03
-5.531778442673385143e-04
-3.560880431905388832e-03
-4.835258878301829100e-04
-1.876442460343241692e-03
3.292261157184839249e-03
1.437014550901949406e-03
1.857846160419285297e-03
-3.067475045099854469e-03
-3.414207603782415390e-03
2.456035930663347244e-03
2.690534340217709541e-03
2.055836142972111702e-03
-3.533045062795281410e-03
-1.589705701917409897e-03
2.593206940218806267e-03
-1.173747470602393150e-03
-2.164550125598907471e-03
1.648925710469484329e-03
-8.535826345905661583e-04
-3.427923424169421196e-03
-2.792628947645425797e-03
3.537350567057728767e-03
-3.347433637827634811e-03
-1.884987461380660534e-03
-2.359683392569422722e-03
-3.562449477612972260e-03
2.952263923361897469e-03
1.371914753690361977e-03
-3.326038829982280731e-03
1.311704516410827637e-03
-1.432384713552892208e-03
-7.737702253507450223e-05
-1.637254492379724979e-03
-1.794212614186108112e-03
-2.458648523315787315e-03
-3.091529011726379395e-03
3.111241385340690613e-03
1.263248967006802559e-03
1.537502859719097614e-03
2.583960304036736488e-03
-1.616041176021099091e-03
2.100923797115683556e-03
8.850930025801062584e-04
2.604968147352337837e-03
-7.613657508045434952e-04
2.531342674046754837e-03
3.758030245080590248e-03
2.814194886013865471e-03
-3.572096582502126694e-03
-1.815291820093989372e-03
1.274982787435874343e-04
-6.070765666663646698e-04
-2.445366990286856890e-04
-3.430395852774381638e-03
-8.119706180877983570e-04
1.268157619051635265e-03
-2.170687541365623474e-03
2.683943370357155800e-03
-2.930412068963050842e-03
-1.032843370921909809e-03
-5.178720457479357719e-04
-1.194343785755336285e-03
3.791515016928315163e-03
-1.578562078066170216e-03
-3.055174369364976883e-03
-2.091695088893175125e-03
3.799826372414827347e-03
-3.241922240704298019e-03
3.365252632647752762e-03
3.102036134805530310e-04
-2.237239852547645569e-03
-2.095710486173629761e-03
3.835070878267288208e-03
-7.038418552838265896e-04
1.396923093125224113e-03
-3.528876113705337048e-04
-2.707178471609950066e-03
1.532098744064569473e-03
-5.738527397625148296e-04
-1.744488603435456753e-03
1.049043843522667885e-03
1.429636962711811066e-03
-2.172093605622649193e-03
3.902667202055454254e-03
7.852725684642791748e-04
-3.139722160995006561e-03
-1.004646299406886101e-03
4.405653744470328093e-04
-2.813793835230171680e-04
-2.863755682483315468e-03
8.523966243956238031e-06
-1.903643831610679626e-03
3.034766414202749729e-04
1.027163700200617313e-03
2.799997339025139809e-03
-2.775298664346337318e-03
-3.383947536349296570e-03
-3.018327290192246437e-03
-9.407693869434297085e-04
-2.331495517864823341e-03
2.429333282634615898e-03
-2.976139541715383530e-03
-1.053972751833498478e-03
-2.331622177734971046e-03
-8.976607350632548332e-04
-1.768472953699529171e-03
1.652342616580426693e-03
4.819893219973891973e-04
2.736986614763736725e-03
3.778132842853665352e-03
3.822001861408352852e-03
2.356760669499635696e-04
2.474152250215411186e-03
3.890014719218015671e-03
-2.137609408237040043e-04
3.695035120472311974e-03
8.098511607386171818e-04
3.202513093128800392e-03
-2.074283082038164139e-03
-6.519523449242115021e-04
-8.242996991612017155e-04
-2.644170774146914482e-03
1.451263669878244400e-03
2.862589433789253235e-03
-7.871038978919386864e-04
-7.614943315275013447e-04
3.148654475808143616e-03
-3.215644974261522293e-03
-1.976787112653255463e-03
-9.548999951221048832e-04
-9.366710437461733818e-04
1.764254528097808361e-03
4.871827841270714998e-04
2.710409695282578468e-03
4.768594517372548580e-04
-1.958681968972086906e-03
-3.556736046448349953e-03
