-3.133502788841724396e-03
3.200734267011284828e-03
1.603893353603780270e-03
3.459513885900378227e-03
-1.604749471880495548e-03
-2.583011053502559662e-03
-1.164990710094571114e-03
2.568889642134308815e-03
-7.285048297944740625e-08
3.317125665489584208e-04
-2.231688005849719048e-03
-1.588040264323353767e-03
-4.663619038183242083e-04
-1.366836950182914734e-03
8.760564378462731838e-05
-1.726674672681838274e-04
2.364638028666377068e-03
1.712612924166023731e-03
-1.126124872826039791e-03
-1.186404493637382984e-03
1.228635781444609165e-03
-8.570108329877257347e-04
3.253956092521548271e-03
-2.422835212200880051e-03
-3.803445724770426750e-03
-3.449909563641995192e-04
9.441990987397730350e-04
3.464130684733390808e-03
1.219198340550065041e-03
1.671508536674082279e-03
1.254225149750709534e-03
-2.980730962008237839e-03
2.775279805064201355e-03
3.104183357208967209e-03
-2.570349955931305885e-03
3.407396376132965088e-03
1.258609816431999207e-03
2.925808657892048359e-04
-1.209335052408277988e-03
-3.068750374950468540e-04
-3.888881066814064980e-03
1.569417887367308140e-03
-5.267950473353266716e-04
4.653831420000642538e-04
3.452518954873085022e-03
2.769901184365153313e-03
-1.027103979140520096e-03
-2.994395072164479643e-05
-3.806771012023091316e-03
-2.568082883954048157e-03
-3.101377224083989859e-04
-2.500308910384774208e-03
-1.297566690482199192e-03
-2.683405764400959015e-03
-3.270424902439117432e-03
3.469594055786728859e-03
-1.323217176832258701e-03
3.631697036325931549e-03
1.218537101522088051e-03
-3.722461638972163200e-03
-2.565992064774036407e-03
2.279686508700251579e-03
3.594935173168778419e-03
-1.555279130116105080e-03
1.440597930923104286e-03
-2.213065978139638901e-03
-5.506637389771640301e-04
-3.220616374164819717e-03
-3.547241445630788803e-03
1.563168596476316452e-03
2.436374081298708916e-03
6.720430101267993450e-04
-3.016972681507468224e-03
-3.470030147582292557e-03
3.241623344365507364e-04
-1.498225727118551731e-03
3.349952457938343287e-04
-3.238223725929856300e-03
8.607952622696757317e-04
-3.392733051441609859e-04
-3.474737983196973801e-03
2.567751798778772354e-03
2.724279649555683136e-03
-3.525585867464542389e-03
-9.944717166945338249e-04
-3.155459882691502571e-03
1.193133997730910778e-03
1.894328859634697437e-03
-3.450732445344328880e-03
2.340252540307119489e-04
-1.489832415245473385e-03
-6.643108208663761616e-04
3.380161477252840996e-03
-3.026215126737952232e-03
-1.305671641603112221e-03
-6.108182715252041817e-04
2.605112676974385977e-04
-2.804231480695307255e-04
-1.453716307878494263e-03
-2.502812305465340614e-03
3.471750998869538307e-03
-6.742840923834592104e-05
3.326161997392773628e-03
1.816543983295559883e-03
-2.291595796123147011e-03
1.688230899162590504e-03
4.513999738264828920e-04
-2.360749524086713791e-03
1.628687488846480846e-03
-2.383975312113761902e-03
2.883653156459331512e-03
1.409572781994938850e-03
3.287010593339800835e-03
-2.645470667630434036e-03
-2.813595347106456757e-03
1.984649104997515678e-03
7.394447311526164412e-05
2.745452802628278732e-03
1.423189183697104454e-03
3.318681148812174797e-03
8.369688875973224640e-04
-1.063163042999804020e-03
-3.466099966317415237e-03
-1.651734812185168266e-03
1.101883943192660809e-03
-3.344494383782148361e-03
9.498874424025416374e-04
9.289527079090476036e-04
1.170780626125633717e-03
1.605916535481810570e-03
2.212208695709705353e-03
-1.586364931426942348e-03
3.268568980274721980e-05
6.825257878517732024e-05
-1.979063265025615692e-03
-2.654637501109391451e-04
-1.820157165639102459e-03
2.548279589973390102e-04
-1.515405485406517982e-03
3.298012306913733482e-03
1.269819680601358414e-03
-3.208557609468698502e-03
-4.893296863883733749e-04
-2.669307636097073555e-03
-3.548942273482680321e-03
2.965391613543033600e-03
-3.124003997072577477e-03
3.629019949585199356e-03
3.728907555341720581e-03
2.164843957871198654e-03
3.567443229258060455e-03
-2.686452586203813553e-03
3.892045235261321068e-03
-2.759332768619060516e-03
-1.366580952890217304e-03
6.155741866677999496e-04
-3.748226677998900414e-03
1.462523359805345535e-03
3.234756411984562874e-03
3.495519980788230896e-03
1.885149627923965454e-03
-2.984355203807353973e-03
-2.804421586915850639e-03
2.876980463042855263e-03
-1.909266109578311443e-03
-1.480058854212984443e-04
-3.116291249170899391e-03
8.451731264358386397e-05
-1.189351081848144531e-03
2.544807502999901772e-04
-2.025745110586285591e-03
1.271454850211739540e-03
3.852747846394777298e-03
2.087713684886693954e-03
-1.231226371601223946e-03
-1.281605334952473640e-03
-2.559733344241976738e-03
4.466880454856436700e-06
2.170489635318517685e-03
-2.894391072914004326e-03
-4.470465646591037512e-04
2.686834661290049553e-03
1.590250612935051322e-04
-3.894311521435156465e-05
-8.821924566291272640e-04
-1.376327825710177422e-03
-9.379230905324220657e-04
1.973062055185437202e-03
-1.918684691190719604e-03
2.292911289259791374e-03
3.011815424542874098e-04
-3.636712674051523209e-03
1.901435549370944500e-03
3.126706695184111595e-03
1.908523146994411945e-03
-2.176158828660845757e-03
3.435136051848530769e-03
-3.533617360517382622e-03
-1.888072350993752480e-03
-3.699939465150237083e-03
1.626210287213325500e-03
1.213573734275996685e-03
-1.390396966598927975e-03
3.331588348373770714e-03
9.776350634638220072e-05
-3.139075590297579765e-03
-2.610811032354831696e-03
-1.848152372986078262e-03
-2.060211030766367912e-03
-1.618910930119454861e-03
3.539933357387781143e-03
2.242344897240400314e-03
2.245405921712517738e-03
1.613653381355106831e-03
3.050028346478939056e-03
-2.115593524649739265e-03
-1.596233691088855267e-03
1.512165879830718040e-03
6.406971369870007038e-04
-3.481507068499922752e-03
-8.219884475693106651e-04
-2.173706656321883202e-03
3.608741564676165581e-03
-1.727720882627181709e-05
3.719546366482973099e-03
7.251172210089862347e-04
-6.872151279821991920e-04
4.613079072441905737e-04
2.287038805661723018e-04
1.367436489090323448e-03
2.619862323626875877e-03
-3.217553719878196716e-03
1.867818180471658707e-03
-2.620472805574536324e-03
-1.004287390969693661e-03
2.023322042077779770e-03
3.409541444852948189e-03
3.640366019681096077e-03
-7.981256931088864803e-04
1.762205065460875630e-04
-1.604335149750113487e-03
-2.327453577890992165e-03
2.286746399477124214e-03
1.461128558730706573e-04
-3.782812273129820824e-04
2.507567871361970901e-03
3.576561866793781519e-04
3.543154336512088776e-03
-2.114007016643881798e-03
1.105316914618015289e-03
3.170622978359460831e-03
2.237530890852212906e-03
-1.238345750607550144e-03
-1.477271085605025291e-03
1.814760500565171242e-03
-2.900147810578346252e-03
