1.883597578853368759e-03
1.312155276536941528e-03
3.893877379596233368e-03
-2.539977198466658592e-03
-1.708776806481182575e-03
1.421603810740634799e-04
-3.273420734331011772e-03
-1.889321370981633663e-03
-1.623621443286538124e-03
-1.968782395124435425e-03
3.562852041795849800e-03
-1.559264841489493847e-03
-2.653408097103238106e-03
-2.921126724686473608e-04
1.729359850287437439e-03
-8.227942162193357944e-04
1.636452041566371918e-03
-7.491838769055902958e-04
2.780785784125328064e-03
1.273492351174354553e-03
-3.788999980315566063e-03
3.000580938532948494e-03
-1.342306932201609015e-04
-2.572088269516825676e-03
2.480763942003250122e-03
-3.881605807691812515e-03
2.361877355724573135e-03
-2.921875799074769020e-03
-6.973858689889311790e-04
2.159917959943413734e-03
2.842803718522191048e-03
-2.255580853670835495e-03
-7.155479979701340199e-04
8.746167877689003944e-04
3.642344847321510315e-03
-3.467930015176534653e-03
1.911069732159376144e-03
-2.586783608421683311e-03
3.180581144988536835e-03
2.733008703216910362e-03
-1.522460952401161194e-03
-1.248738990398123860e-04
-1.469758804887533188e-03
2.170727355405688286e-03
-3.019290510565042496e-03
-3.802249440923333168e-03
-1.628225087188184261e-03
2.483514253981411457e-05
3.689066972583532333e-03
3.866082290187478065e-03
-2.588491188362240791e-03
-2.039918210357427597e-03
-3.398294327780604362e-03
-2.996587718371301889e-04
2.759304334176704288e-05
-1.544444472528994083e-03
-1.375688938423991203e-03
-4.091488372068852186e-04
3.461230080574750900e-03
-2.111769717885181308e-04
3.721831832081079483e-03
-1.913503860123455524e-03
2.247188240289688110e-03
2.442263299599289894e-03
-2.074789023026823997e-03
-1.654839259572327137e-03
2.952618524432182312e-03
-3.634569584392011166e-04
-3.040104405954480171e-03
2.477692672982811928e-03
1.023797434754669666e-03
-2.252344973385334015e-03
2.347200177609920502e-03
2.606126246973872185e-03
-1.214909018017351627e-03
3.017296083271503448e-03
3.592620138078927994e-03
2.324901754036545753e-03
2.864103065803647041e-03
-1.043261378072202206e-03
3.676404012367129326e-03
3.219024511054158211e-03
1.452853321097791195e-03
-1.467325957491993904e-03
2.648473251610994339e-03
3.906701691448688507e-03
2.039411570876836777e-03
2.275727456435561180e-03
-3.175768768414855003e-03
-2.595812780782580376e-03
1.001806114800274372e-03
1.354510197415947914e-03
2.007507020607590675e-03
-3.867856925353407860e-03
1.833729445934295654e-03
-3.455197147559374571e-04
-1.664406503550708294e-03
7.731472142040729523e-04
-8.780237985774874687e-04
-2.630795061122626066e-04
-3.785578534007072449e-03
-7.725183968432247639e-04
3.223364008590579033e-03
-1.631533668842166662e-04
-2.511692233383655548e-03
-1.828278764151036739e-03
-2.929006237536668777e-03
2.966821193695068359e-03
2.571260556578636169e-03
2.721106167882680893e-03
-8.336543396580964327e-05
-2.311228541657328606e-03
3.837154479697346687e-03
1.997280633077025414e-03
1.287161721847951412e-03
-3.774461569264531136e-03
-3.727101488038897514e-03
5.254696588963270187e-04
-1.330010360106825829e-03
-7.252849754877388477e-04
2.479717135429382324e-03
-3.908820144715718925e-05
8.597427513450384140e-04
3.294497437309473753e-04
3.028250066563487053e-03
-1.202575513161718845e-03
1.811313908547163010e-03
-3.306058933958411217e-03
-1.185163506306707859e-03
1.882048556581139565e-03
-3.161002648994326591e-03
3.871093038469552994e-03
-2.726707898546010256e-04
-1.936379587277770042e-03
3.657575696706771851e-03
1.181873725727200508e-03
-3.743942594155669212e-03
3.651954699307680130e-03
1.264516846276819706e-03
2.876348327845335007e-03
-3.071314888074994087e-03
-1.493107178248465061e-03
-2.435461152344942093e-03
-3.894965630024671555e-03
8.076790254563093185e-04
2.712342888116836548e-03
5.775016034021973610e-04
2.103645820170640945e-03
9.631807915866374969e-04
3.072283230721950531e-03
2.601454500108957291e-03
2.841080306097865105e-03
-3.044104669243097305e-03
-4.556390922516584396e-04
-3.649343736469745636e-03
2.735526068136096001e-03
-3.393421648070216179e-03
-1.051650498993694782e-03
3.074542386457324028e-03
-1.247188425622880459e-03
-3.666255390271544456e-03
-1.048138947226107121e-03
1.674714498221874237e-03
2.177826128900051117e-03
-2.689994405955076218e-03
3.626049496233463287e-03
3.781998762860894203e-03
-3.280268982052803040e-03
4.780807648785412312e-05
2.929331036284565926e-03
2.444310113787651062e-03
1.257004216313362122e-03
-2.174154156818985939e-03
1.674079801887273788e-03
2.803640672937035561e-03
-1.906248042359948158e-03
5.954553489573299885e-04
1.309334416873753071e-03
4.336152924224734306e-04
1.854169997386634350e-03
-6.919503211975097656e-04
1.110975281335413456e-03
3.680104389786720276e-03
-3.428654978051781654e-03
-2.679925819393247366e-04
1.969168893992900848e-03
1.191171351820230484e-03
1.466739340685307980e-03
-2.095019910484552383e-03
5.701017798855900764e-04
1.743305125273764133e-03
1.057054614648222923e-03
-1.036466128425672650e-04
2.861875691451132298e-04
-1.784081803634762764e-03
-2.513648010790348053e-03
7.246822351589798927e-04
-5.623862380161881447e-04
-5.645782948704436421e-05
1.211627386510372162e-03
1.106757903471589088e-03
3.103914670646190643e-03
3.146678907796740532e-03
-8.712174894753843546e-05
-1.353691099211573601e-03
-1.200403086841106415e-03
-2.811668440699577332e-03
-3.852975089102983475e-03
-2.456463174894452095e-03
-3.268257481977343559e-03
-2.575902501121163368e-03
1.107389107346534729e-03
1.040535862557590008e-03
4.511373699642717838e-04
2.402143552899360657e-03
1.047901692800223827e-03
3.410318633541464806e-03
-2.455596812069416046e-03
3.371661528944969177e-03
-2.212642692029476166e-03
-1.702994224615395069e-03
3.216371405869722366e-03
-1.108140568248927593e-03
-3.070074308197945356e-04
3.215715521946549416e-03
-1.475535216741263866e-03
-3.500754479318857193e-03
1.508476561866700649e-03
3.691524616442620754e-04
-2.191119594499468803e-03
-3.359745023772120476e-03
-1.669245306402444839e-03
3.608799539506435394e-03
-2.961528487503528595e-03
-1.339890150120481849e-04
1.825772924348711967e-03
-1.113409991376101971e-03
2.540525514632463455e-03
3.056890331208705902e-03
8.269752725027501583e-04
2.672385657206177711e-03
1.058677444234490395e-03
-1.577106886543333530e-03
-3.335298039019107819e-03
2.698064083233475685e-03
2.739967545494437218e-03
-3.508941736072301865e-03
1.177966361865401268e-03
1.868882798589766026e-03
-8.881243993528187275e-04
2.096233365591615438e-04
4.824757634196430445e-04
6.343756103888154030e-04
3.701709210872650146e-03
-2.863971283659338951e-03
-2.906167937908321619e-04
