8.609296637587249279e-04
-9.049784857779741287e-04
-7.413866114802658558e-04
-3.729163669049739838e-03
3.437672043219208717e-03
-3.905345452949404716e-03
2.068602945655584335e-03
2.825515985023230314e-04
-3.134743077680468559e-03
-2.488803816959261894e-03
-3.166309557855129242e-03
1.426610164344310760e-03
3.451876109465956688e-03
1.979436492547392845e-03
3.681480884552001953e-04
3.107914933934807777e-03
-3.856562077999114990e-03
3.026505000889301300e-04
-2.639173180796205997e-05
1.567850587889552116e-03
-2.969405148178339005e-03
-3.046657424420118332e-03
-1.929539575939998031e-04
-1.440444495528936386e-03
-8.307280368171632290e-04
5.816686898469924927e-04
1.041694660671055317e-03
4.120857047382742167e-04
-7.712398655712604523e-04
-3.782301908358931541e-03
1.327065285295248032e-03
-2.827988704666495323e-03
1.833131420426070690e-03
1.011430402286350727e-03
-3.198975718987639993e-06
-4.918187041766941547e-04
1.103521673940122128e-03
-3.460121573880314827e-03
-5.276834053802303970e-05
-3.510123584419488907e-03
2.363011735724285245e-04
2.121368190273642540e-03
1.830867142416536808e-03
3.739751642569899559e-03
2.120700664818286896e-03
-2.650721231475472450e-03
-3.345655743032693863e-03
2.067639492452144623e-03
9.840416023507714272e-04
-2.855230588465929031e-03
-6.971753900870680809e-04
-1.528922352008521557e-03
1.769505790434777737e-03
1.121723675169050694e-03
-2.310593379661440849e-03
-1.200414728373289108e-03
1.381819369271397591e-03
-3.142372006550431252e-03
3.571452572941780090e-03
3.024053061380982399e-03
-1.826851163059473038e-03
-1.469820505008101463e-03
1.807243330404162407e-03
2.754256362095475197e-03
-3.077347762882709503e-03
-3.401418216526508331e-03
3.320139134302735329e-03
-2.752403263002634048e-03
-3.418909618631005287e-03
-3.104477946180850267e-04
-2.927149645984172821e-03
3.800848033279180527e-03
8.859104127623140812e-04
1.432874007150530815e-03
2.079819096252322197e-03
2.913302741944789886e-04
-3.706707619130611420e-03
-3.901700256392359734e-03
-3.217215125914663076e-04
-2.121505793184041977e-03
-6.888724165037274361e-04
-1.133137193392030895e-04
-1.895759021863341331e-03
3.825491294264793396e-03
-3.577904542908072472e-03
-1.806649030186235905e-03
1.787850866094231606e-03
6.044362671673297882e-04
-3.489156952127814293e-03
-5.562535370700061321e-04
-2.432482549920678139e-03
-3.785959677770733833e-03
3.824389539659023285e-03
3.796961391344666481e-03
-2.216524211689829826e-03
-2.385313389822840691e-03
-4.843458009418100119e-04
3.762174397706985474e-03
-1.998350257053971291e-03
-1.695110695436596870e-03
-1.437640516087412834e-03
1.425012247636914253e-03
-4.222150600980967283e-04
-1.074813073500990868e-03
-3.153356723487377167e-03
-3.370570950210094452e-03
1.596878748387098312e-03
2.000465523451566696e-03
1.219171681441366673e-03
8.626841590739786625e-04
-2.662301063537597656e-03
3.817794611677527428e-03
-1.535207498818635941e-03
-4.257548425812274218e-04
5.236329743638634682e-04
9.814286604523658752e-04
-3.522521117702126503e-03
1.595338108018040657e-03
-3.580072894692420959e-03
2.841491485014557838e-03
-3.692460712045431137e-03
-1.214355579577386379e-03
3.618950722739100456e-03
-3.068269928917288780e-03
2.428027801215648651e-03
-3.010768210515379906e-03
2.573190024122595787e-03
-2.898481674492359161e-03
-3.630755702033638954e-03
2.684570150449872017e-03
3.286558785475790501e-04
-2.312210854142904282e-03
7.410524995066225529e-04
-1.957010535988956690e-04
3.350161248818039894e-03
1.477463985793292522e-03
-1.924885786138474941e-03
2.533623483031988144e-03
3.707614960148930550e-03
-3.809288609772920609e-03
2.330938586965203285e-03
-5.207323702052235603e-04
-3.715624567121267319e-03
4.574182967189699411e-04
3.391997597645968199e-04
1.861201482824981213e-03
1.034099725075066090e-03
6.138440803624689579e-04
-5.983164301142096519e-04
-2.577732549980282784e-03
-2.597452374175190926e-03
-1.098220353014767170e-03
2.598534571006894112e-03
1.682100933976471424e-03
-9.069896186701953411e-04
3.227404085919260979e-03
-1.598393078893423080e-03
-1.955458894371986389e-03
2.365229418501257896e-03
3.646464552730321884e-03
-1.025118282996118069e-03
-1.526102772913873196e-03
3.820802317932248116e-03
-1.569550135172903538e-03
3.209589514881372452e-03
3.167089773342013359e-03
5.018988158553838730e-04
1.511767157353460789e-03
-1.235511153936386108e-03
1.883737131720408797e-04
-8.158538839779794216e-04
-2.955941250547766685e-03
3.672279650345444679e-03
-2.980094403028488159e-03
-2.262331312522292137e-03
-1.729304203763604164e-03
1.085260999388992786e-03
3.511398332193493843e-03
1.837451825849711895e-03
-1.633678213693201542e-03
1.142496592365205288e-03
2.504035364836454391e-03
5.213283584453165531e-04
-1.258281874470412731e-03
1.606947043910622597e-03
-1.924081589095294476e-04
1.561254845000803471e-03
1.580814830958843231e-03
-3.338208654895424843e-03
-2.684138249605894089e-03
1.810881542041897774e-03
2.461183117702603340e-03
1.886208890937268734e-03
-1.665580901317298412e-03
-4.408802487887442112e-04
-1.339035341516137123e-03
4.047148977406322956e-04
1.570997876115143299e-03
1.935711712576448917e-03
1.054347725585103035e-03
-8.517078822478652000e-04
-1.266200561076402664e-03
2.774397842586040497e-03
-3.172305878251791000e-03
3.178154351189732552e-03
1.439731684513390064e-03
1.322807045653462410e-03
2.678815508261322975e-03
-3.512172494083642960e-03
4.005063965450972319e-04
-3.259225049987435341e-03
2.076032571494579315e-03
-5.558053962886333466e-04
1.484189415350556374e-03
-1.866418635472655296e-03
2.911583287641406059e-03
-2.384050516411662102e-03
-1.825178507715463638e-03
2.000287204282358289e-04
-3.774184035137295723e-03
-1.514534931629896164e-03
-1.900861971080303192e-03
2.899619983509182930e-03
-1.604879158549010754e-03
6.816411041654646397e-04
1.968761906027793884e-03
-1.011461252346634865e-03
2.240729227196425200e-04
-2.931760391220450401e-03
2.918411279097199440e-03
2.856023143976926804e-03
-2.192631829530000687e-03
-1.605977071449160576e-03
1.899344497360289097e-03
8.817819762043654919e-04
7.710380014032125473e-04
-3.650203580036759377e-03
-2.038244623690843582e-03
2.153262728825211525e-03
2.879480132833123207e-03
1.530191977508366108e-03
-3.357043722644448280e-03
-2.973509719595313072e-03
3.432853380218148232e-03
-2.015009755268692970e-03
1.928430749103426933e-03
-3.793709038291126490e-04
-1.715406688163056970e-04
2.451356966048479080e-03
3.976621665060520172e-04
-2.101644873619079590e-03
9.967132937163114548e-04
1.407684176228940487e-03
2.240095753222703934e-03
2.847077324986457825e-03
2.633284311741590500e-03
