-7.949598948471248150e-04
-3.667484503239393234e-03
-2.887772861868143082e-03
-1.883387332782149315e-03
-7.184280548244714737e-04
8.544971205992624164e-05
2.323051216080784798e-03
-6.157548632472753525e-04
2.631699200719594955e-03
2.673796145245432854e-03
-2.913542091846466064e-03
1.988998381420969963e-03
-3.111487952992320061e-03
-3.974229330196976662e-04
3.008466213941574097e-03
-1.853809459134936333e-03
1.075506224879063666e-04
3.255280200392007828e-03
-1.700314693152904510e-03
1.532130409032106400e-03
3.523536724969744682e-03
2.847344381734728813e-03
-3.674842650070786476e-03
2.211033599451184273e-03
-1.299847383052110672e-03
3.028374165296554565e-03
2.960556419566273689e-03
-3.093045204877853394e-03
-2.972842892631888390e-03
-2.746438258327543736e-04
-2.122077625244855881e-03
-2.572581870481371880e-03
1.998184947296977043e-03
-3.436777973547577858e-03
-3.543113125488162041e-03
-2.878275699913501740e-03
-3.105209907516837120e-03
1.168276183307170868e-03
2.279150066897273064e-03
-1.982665155082941055e-03
3.181011881679296494e-03
3.042019670829176903e-03
-1.107414369471371174e-03
-1.046218676492571831e-03
-7.975704502314329147e-04
-2.857984509319067001e-03
-3.706488525494933128e-03
1.778911217115819454e-03
-1.735385274514555931e-03
1.969214994460344315e-03
-2.630018163472414017e-03
1.816572621464729309e-03
-1.242527039721608162e-03
-3.808665205724537373e-04
-8.419955847784876823e-04
-3.219254082068800926e-03
-9.439747082069516182e-04
-2.609876391943544149e-04
1.954144798219203949e-03
3.211234929040074348e-03
3.615350695326924324e-03
-2.694207942113280296e-03
2.777016256004571915e-03
2.489401376806199551e-04
-1.313037588261067867e-03
-2.734220586717128754e-03
-2.321043284609913826e-03
3.400570247322320938e-03
3.736728336662054062e-03
-2.246042247861623764e-03
2.759582595899701118e-03
-2.555190818384289742e-03
1.960779074579477310e-03
3.531794995069503784e-03
2.274597762152552605e-03
2.235669642686843872e-03
-5.613149842247366905e-04
-1.681950525380671024e-03
1.716348459012806416e-03
-1.957200001925230026e-03
-2.420298755168914795e-03
-2.646125853061676025e-03
-2.617308869957923889e-03
-6.912518874742090702e-04
3.606786485761404037e-03
-2.740002237260341644e-03
-2.799029927700757980e-03
-3.873741719871759415e-03
1.779707963578402996e-03
3.061176743358373642e-03
2.160580595955252647e-03
2.624371554702520370e-03
-8.700020262040197849e-04
-2.789208665490150452e-03
-1.646676333621144295e-03
-4.618122329702600837e-05
-9.974441491067409515e-04
-2.998672425746917725e-03
-1.066962722688913345e-03
1.440405612811446190e-03
1.270861132070422173e-03
1.263576210476458073e-03
-3.814380848780274391e-03
2.638406818732619286e-03
1.799096819013357162e-03
-1.626714249141514301e-03
1.004486766760237515e-04
-4.189845058135688305e-04
-3.024065634235739708e-03
3.233064897358417511e-03
1.790003851056098938e-03
-2.041677944362163544e-03
2.632660791277885437e-03
1.169901224784553051e-03
-1.348905207123607397e-04
-2.876989543437957764e-03
-1.667034346610307693e-03
6.153893773443996906e-04
2.987976884469389915e-03
5.052341657574288547e-05
-2.325962064787745476e-03
9.712395258247852325e-04
-1.586636761203408241e-03
3.666974138468503952e-03
1.925695571117103100e-03
1.060253242030739784e-03
-2.634847769513726234e-03
3.032193053513765335e-03
2.878623199649155140e-04
-2.208171179518103600e-03
1.045316806994378567e-03
-6.324572605080902576e-04
-1.506856991909444332e-03
-1.991095487028360367e-03
2.190793631598353386e-03
-6.587208481505513191e-04
2.445177175104618073e-03
-1.059314527083188295e-04
3.574212780222296715e-03
-8.679536986164748669e-04
2.222972456365823746e-03
-2.952255774289369583e-03
2.049797214567661285e-03
1.069376943632960320e-03
1.050897990353405476e-03
7.877615280449390411e-04
-3.441718174144625664e-03
2.011378295719623566e-03
5.591019871644675732e-04
2.887540264055132866e-03
-3.147176699712872505e-03
-2.809472149237990379e-03
1.711358665488660336e-03
-3.735029837116599083e-03
-7.089417194947600365e-04
-2.531684935092926025e-03
3.338602837175130844e-03
-8.268702658824622631e-04
-3.838219447061419487e-03
-1.769055379554629326e-03
-2.349353162571787834e-04
-2.730389125645160675e-03
2.393199130892753601e-03
-7.703250157646834850e-04
-1.756196958012878895e-03
3.820126410573720932e-03
3.393722232431173325e-03
2.082258695736527443e-03
-1.277914037927985191e-03
1.094156294129788876e-03
2.127372426912188530e-03
-5.773180600954219699e-05
3.731721546500921249e-03
-1.170560601167380810e-03
-3.193482058122754097e-03
-1.845540478825569153e-03
-2.685809042304754257e-03
1.637963345274329185e-03
3.699307562783360481e-03
-8.434868650510907173e-04
-9.060338488779962063e-04
-1.975142396986484528e-03
3.348059952259063721e-03
2.358681056648492813e-03
3.072386607527732849e-03
3.613669192418456078e-03
-8.306998643092811108e-04
1.769760739989578724e-03
-2.834918908774852753e-03
-1.485255314037203789e-03
-2.914690878242254257e-03
1.151379314251244068e-03
2.119726268574595451e-03
5.700957262888550758e-04
-9.869115892797708511e-04
-2.849990967661142349e-03
1.963452203199267387e-03
1.774512347765266895e-03
9.928268846124410629e-04
2.753802109509706497e-04
1.563591416925191879e-03
7.951438310556113720e-04
3.829404013231396675e-03
1.244607265107333660e-03
-2.124297432601451874e-03
9.057215647771954536e-04
3.544095903635025024e-03
-2.456814690958708525e-04
3.790602553635835648e-03
-2.958688186481595039e-03
6.952176918275654316e-04
4.968650755472481251e-04
1.804359606467187405e-03
-1.968138152733445168e-03
-4.834542924072593451e-04
3.899224800989031792e-03
-3.224861575290560722e-03
-5.819149082526564598e-04
2.471664920449256897e-03
6.901057786308228970e-04
-2.804608782753348351e-03
-3.385131945833563805e-03
3.350891405716538429e-03
-2.515237545594573021e-03
-2.093574032187461853e-03
-1.183664775453507900e-03
1.195732969790697098e-03
2.500486792996525764e-03
-2.890098141506314278e-03
3.767288057133555412e-03
-1.348331104964017868e-03
1.662584021687507629e-03
-7.008843822404742241e-04
7.374143460765480995e-04
1.189712900668382645e-03
3.849256783723831177e-03
9.696929482743144035e-04
-2.627901732921600342e-03
-1.228167093358933926e-03
2.829585922881960869e-03
1.166638103313744068e-03
5.544011946767568588e-04
-1.405947026796638966e-03
-1.842079509515315294e-04
-2.224295632913708687e-03
1.734422170557081699e-03
-1.453450182452797890e-03
2.597419777885079384e-03
-3.184435656294226646e-03
5.408353172242641449e-04
2.345100801903754473e-04
-1.790584763512015343e-03
-3.426439594477415085e-03
3.170650219544768333e-03
2.030992880463600159e-03
-1.777381839929148555e-04
