-3.006131388247013092e-03
1.943806273629888892e-04
-3.464368637651205063e-03
1.811426249332726002e-03
-1.356500899419188499e-03
3.097529523074626923e-03
-1.476377598010003567e-03
3.252243914175778627e-04
1.904945354908704758e-03
-9.678220376372337341e-04
2.176011912524700165e-03
1.254904316738247871e-03
2.939794911071658134e-03
-1.310781459324061871e-03
-2.998767886310815811e-04
8.212645770981907845e-04
-3.345854114741086960e-03
-2.495523542165756226e-03
-1.993454759940505028e-03
-1.414161408320069313e-03
-7.906389073468744755e-04
-6.183317163959145546e-04
1.019187155179679394e-03
-3.451435128226876259e-03
1.057412475347518921e-03
4.073164891451597214e-04
2.117624739184975624e-03
3.891717409715056419e-03
-4.671562928706407547e-04
-1.313796819886192679e-04
2.505921991541981697e-03
2.412330824881792068e-03
-2.642659004777669907e-03
1.572024077177047729e-03
2.497541252523660660e-03
-2.632542513310909271e-03
3.375962376594543457e-03
2.845660783350467682e-03
-1.489478861913084984e-03
-9.590208646841347218e-04
-2.536847721785306931e-03
2.451605396345257759e-03
1.293278764933347702e-03
1.817099167965352535e-03
-8.292500278912484646e-04
1.364995376206934452e-03
3.014430170878767967e-03
1.403169473633170128e-03
4.732928646262735128e-04
-4.226970777381211519e-04
-2.981697674840688705e-03
-9.665618999861180782e-04
2.189906517742201686e-04
1.628883066587150097e-03
3.394203726202249527e-03
-1.944471499882638454e-03
-2.322667511180043221e-03
2.015076344832777977e-03
-3.837635042145848274e-03
3.597103059291839600e-03
3.566490951925516129e-03
-1.492311130277812481e-03
-2.655259333550930023e-03
-6.902723689563572407e-04
2.768167527392506599e-03
3.815283300355076790e-03
3.685832489281892776e-03
-3.545638406649231911e-03
5.019415766582824290e-05
-2.118764212355017662e-03
1.416497048921883106e-03
-3.642941359430551529e-03
5.944846780039370060e-04
-2.802232047542929649e-03
-1.995161874219775200e-03
-1.583579229190945625e-03
3.025522455573081970e-03
-3.372690174728631973e-03
-2.381017431616783142e-03
2.844549017027020454e-03
4.014132136944681406e-04
-3.319369629025459290e-03
1.677629537880420685e-03
3.549002343788743019e-03
-3.037673421204090118e-03
-2.738616894930601120e-03
2.657370408996939659e-03
-3.329675411805510521e-03
-3.407398238778114319e-03
-3.894860856235027313e-03
-3.771752119064331055e-03
-2.279922598972916603e-03
-8.426648564636707306e-04
1.491189235821366310e-03
1.732005875965114683e-05
-9.679395589046180248e-04
-2.171835629269480705e-03
2.277917228639125824e-03
-8.948996764956973493e-06
1.401567249558866024e-03
7.060109055601060390e-04
-1.487547298893332481e-03
-2.469214145094156265e-03
2.087550237774848938e-03
-3.728756681084632874e-03
-5.119533743709325790e-04
-4.339996667113155127e-04
-1.078144647181034088e-03
-2.121406374499201775e-03
-1.584113459102809429e-03
-1.659599947743117809e-03
-9.223137167282402515e-04
-1.184905180707573891e-03
3.606894286349415779e-03
7.336601265706121922e-05
1.994579797610640526e-03
-1.857021125033497810e-03
3.411144483834505081e-03
-3.527393098920583725e-03
-2.115436596795916557e-03
-1.808753731893375516e-04
-1.351607963442802429e-03
-3.714158665388822556e-04
-4.484247765503823757e-04
-1.865018624812364578e-03
1.312215463258326054e-03
-7.005640072748064995e-04
4.797894798684865236e-04
-2.657774835824966431e-03
-2.352110808715224266e-03
-3.071322571486234665e-03
-3.211579751223325729e-03
-2.617533085867762566e-03
-2.668121829628944397e-03
-1.167680136859416962e-03
-1.125669106841087341e-03
9.387045283801853657e-04
3.237111261114478111e-03
1.056299661286175251e-03
8.781822398304939270e-04
2.824180992320179939e-03
-6.567508098669350147e-04
8.691505063325166702e-04
6.199815834406763315e-05
2.651300281286239624e-03
1.829022425226867199e-03
2.558385953307151794e-03
-2.591604134067893028e-03
2.468101680278778076e-03
1.586902653798460960e-03
1.951587968505918980e-03
2.613680902868509293e-03
-9.073193068616092205e-04
2.116362098604440689e-03
5.698863606085069478e-05
3.532775677740573883e-03
1.876444322988390923e-03
-9.710338781587779522e-04
2.694981871172785759e-03
2.381025580689311028e-03
1.518338336609303951e-03
-1.903499942272901535e-03
-2.331397961825132370e-03
-3.667985787615180016e-03
3.798025427386164665e-03
-3.251570742577314377e-03
3.298999508842825890e-03
-2.999763004481792450e-03
1.193226780742406845e-03
-1.013071858324110508e-03
2.841254463419318199e-04
3.042161930352449417e-03
2.011870732530951500e-03
1.075097970897331834e-04
1.608963590115308762e-03
-3.263227641582489014e-03
-5.356926703825592995e-04
1.347472774796187878e-03
4.020461346954107285e-04
-2.105988678522408009e-04
-3.975316940341144800e-04
2.920796629041433334e-03
2.747243503108620644e-03
-2.319570397958159447e-03
-3.576317103579640388e-03
2.976558636873960495e-03
5.332274595275521278e-04
-7.083535456331446767e-05
-4.790042585227638483e-04
-4.146472783759236336e-04
2.158480929210782051e-03
-1.700998051092028618e-03
-3.247783053666353226e-03
1.721255714073777199e-03
3.659345209598541260e-03
2.028752351179718971e-03
-9.762150584720075130e-04
-8.269286481663584709e-04
1.827486790716648102e-03
1.060879789292812347e-03
-3.264592960476875305e-03
2.237723208963871002e-03
3.204047679901123047e-04
3.457368351519107819e-03
1.363827148452401161e-03
1.256111194379627705e-03
6.846508476883172989e-04
-1.899302704259753227e-03
-5.126896430738270283e-04
-1.982555724680423737e-03
3.153661265969276428e-03
-5.010564927943050861e-04
-3.867180785164237022e-03
7.391809485852718353e-04
-2.187330042943358421e-03
-8.451322792097926140e-04
-1.271702203666791320e-04
-2.253302955068647861e-04
2.084386214846745133e-04
3.786285873502492905e-03
-9.505107882432639599e-04
3.023318247869610786e-03
2.731858519837260246e-03
-1.583661796757951379e-04
8.033770136535167694e-04
3.649385180324316025e-03
1.461667474359273911e-03
3.822996979579329491e-03
1.621584524400532246e-04
2.981140278279781342e-03
-1.076086424291133881e-03
-2.740477211773395538e-03
-2.024736721068620682e-03
3.228617599233984947e-03
1.257528201676905155e-03
-8.488017483614385128e-04
-1.010517735267058015e-05
-2.884082030504941940e-03
3.201125189661979675e-03
-7.262906874530017376e-04
-3.291566856205463409e-03
2.127913059666752815e-03
1.377655658870935440e-03
4.518124915193766356e-04
6.975999567657709122e-04
-3.613078733906149864e-03
1.411772915162146091e-03
5.494414945133030415e-04
5.418949294835329056e-04
-1.809755689464509487e-03
-3.123836824670433998e-03
-1.118603744544088840e-03
3.362428396940231323e-03
-1.957243774086236954e-03
-2.125887665897607803e-03
1.510728965513408184e-03
