-2.767165715340524912e-04
1.499341800808906555e-03
-1.142891589552164078e-03
3.585371887311339378e-03
4.133465990889817476e-04
-6.568273529410362244e-04
2.358937636017799377e-03
-1.544769853353500366e-03
-3.798024728894233704e-03
4.767543578054755926e-04
-1.950822887010872364e-03
1.441476983018219471e-03
9.418235094926785678e-06
5.706773954443633556e-04
1.755334786139428616e-03
9.576904703862965107e-04
2.277325373142957687e-03
5.241335020400583744e-04
-6.776701193302869797e-04
-3.895696718245744705e-03
-2.226876094937324524e-03
2.474787645041942596e-03
1.651727943681180477e-03
-2.801938680931925774e-03
-1.686344039626419544e-03
2.570251526776701212e-04
3.347857622429728508e-03
1.687359414063394070e-03
-1.455734251067042351e-03
1.076066168025135994e-03
3.003607271239161491e-04
1.683586044237017632e-03
-7.945991237647831440e-04
8.794205496087670326e-05
-3.890805179253220558e-03
2.054663607850670815e-03
2.253263257443904877e-03
-2.248777775093913078e-03
1.880381387309171259e-05
-4.275013343431055546e-04
-2.510214457288384438e-03
-2.802800154313445091e-03
-1.034182729199528694e-03
2.986670471727848053e-03
6.401313003152608871e-04
-2.719534793868660927e-03
3.239982295781373978e-03
2.650602953508496284e-03
-3.774915589019656181e-03
-2.864037640392780304e-03
-3.218620549887418747e-03
-3.633521264418959618e-04
-9.109587990678846836e-04
-1.016619848087430000e-03
3.749699564650654793e-03
1.712117460556328297e-03
2.266229595988988876e-03
-9.213829762302339077e-04
3.778810612857341766e-03
-3.543402417562901974e-04
3.087405813857913017e-03
-2.919630147516727448e-03
1.325027988059446216e-04
-2.307519083842635155e-03
-2.832001482602208853e-04
-2.291959943249821663e-03
1.037430047290399671e-04
2.586895134299993515e-03
-3.376467386260628700e-03
3.372012870386242867e-03
2.488847239874303341e-04
9.077495778910815716e-04
4.421632620505988598e-04
1.243895036168396473e-03
2.783137839287519455e-03
6.805516313761472702e-04
-7.193745695985853672e-04
3.624160308390855789e-03
-2.193545224145054817e-03
2.158287679776549339e-03
-2.042799023911356926e-03
3.748990595340728760e-03
1.617421628907322884e-03
2.426614519208669662e-03
-2.940650796517729759e-03
1.815047464333474636e-03
-2.734955050982534885e-04
-2.127449959516525269e-03
1.521518337540328503e-03
-2.901593456044793129e-03
-1.270068925805389881e-03
2.300941850990056992e-03
2.730455482378602028e-03
-1.271678716875612736e-03
-3.903705626726150513e-03
6.567515083588659763e-04
2.073514508083462715e-03
1.277239061892032623e-03
1.662381691858172417e-03
5.826330743730068207e-04
-7.256820099428296089e-04
-2.191293518990278244e-03
1.106301788240671158e-03
3.349044127389788628e-03
-8.129565394483506680e-04
1.137321582064032555e-03
2.991212764754891396e-03
-1.604011980816721916e-03
2.709072781726717949e-03
-1.495077391155064106e-03
-1.323228818364441395e-03
3.591303713619709015e-03
-2.519751200452446938e-03
2.865884453058242798e-03
-5.078385584056377411e-04
-1.789282658137381077e-03
-3.263554535806179047e-03
3.034979803487658501e-03
-3.479856764897704124e-03
3.474182682111859322e-03
-9.285350097343325615e-04
1.524284016340970993e-03
-1.853746827691793442e-03
1.117698964662849903e-03
-5.451713805086910725e-04
-3.156254999339580536e-03
-1.899340073578059673e-03
6.894083926454186440e-04
-3.021111711859703064e-03
-2.311121672391891479e-03
3.579813521355390549e-03
2.028226619586348534e-03
1.339974929578602314e-03
-1.559871830977499485e-03
2.865940099582076073e-03
3.792259842157363892e-03
-3.692488826345652342e-04
-2.895474433898925781e-03
-3.526364685967564583e-03
-3.283574478700757027e-04
9.958320297300815582e-04
-6.258675130084156990e-04
-1.232912531122565269e-03
1.077288528904318810e-03
3.323214827105402946e-03
1.237996388226747513e-03
1.545030274428427219e-03
2.996078983414918184e-04
3.501649247482419014e-03
1.163432461908087134e-04
3.902419703081250191e-03
-3.086691722273826599e-03
-1.462083077058196068e-03
-1.226100022904574871e-03
2.343815867789089680e-04
-2.185820136219263077e-03
-2.202817006036639214e-03
-5.644678094540722668e-05
3.120120149105787277e-03
-2.432818058878183365e-03
1.347266137599945068e-03
1.059598755091428757e-03
3.049546154215931892e-03
-4.381355829536914825e-04
1.657488028286024928e-04
-1.952989376150071621e-03
3.393976716324687004e-03
2.975224284455180168e-03
2.073079580441117287e-03
9.019746794365346432e-04
1.890966552309691906e-03
-1.989240059629082680e-03
6.156072486191987991e-04
6.232796004042029381e-04
8.217266877181828022e-04
-3.374183084815740585e-03
1.267206156626343727e-03
3.103584458585828543e-04
3.835613373667001724e-03
3.893764689564704895e-03
1.538136973977088928e-03
3.650662954896688461e-03
3.022053169843275100e-05
-1.142862951382994652e-03
-1.457708072848618031e-03
1.016718801110982895e-03
-6.358510581776499748e-04
-3.008004510775208473e-03
-4.515196269494481385e-05
3.219163045287132263e-03
2.196479123085737228e-03
-3.481721214484423399e-04
-2.796839107759296894e-04
3.818017430603504181e-03
2.192013198509812355e-03
1.766240340657532215e-03
9.743756963871419430e-04
-3.604778321459889412e-03
-1.201515668071806431e-03
1.822766033001244068e-03
-3.078317968174815178e-03
1.409418473485857248e-04
-1.133598037995398045e-03
-5.232627154327929020e-04
-2.393844188190996647e-04
3.750923089683055878e-03
-1.065749675035476685e-03
1.785099157132208347e-03
-1.088457298465073109e-03
2.438736381009221077e-03
-2.058828482404351234e-03
4.611059266608208418e-04
-3.444847417995333672e-03
-3.469209885224699974e-03
1.930355094373226166e-03
-2.050425158813595772e-03
1.193373696878552437e-03
2.066297922283411026e-03
-6.104121566750109196e-04
-3.766018198803067207e-03
2.203472657129168510e-03
3.615598194301128387e-03
-2.216916531324386597e-03
3.057298948988318443e-03
1.784005668014287949e-03
2.320709638297557831e-03
9.913097601383924484e-04
3.248992608860135078e-03
-2.607163507491350174e-03
1.574709080159664154e-03
3.741042921319603920e-03
3.903017612174153328e-03
2.878385595977306366e-03
-2.873798657674342394e-04
3.703321563079953194e-03
2.029714407399296761e-03
1.529657165519893169e-03
-8.726512314751744270e-04
3.650977276265621185e-03
-2.595361322164535522e-03
2.245463430881500244e-03
-3.533268580213189125e-03
2.810323378071188927e-03
-7.496503531001508236e-04
-1.758003490976989269e-03
-3.893349494319409132e-04
-2.827594522386789322e-03
3.793334122747182846e-03
-3.151336684823036194e-03
-2.819406567141413689e-03
6.667056004516780376e-04
-2.731360727921128273e-03
1.934965257532894611e-03
-2.962921978905797005e-03
2.591779222711920738e-03
-1.706972019746899605e-03
