-2.350696362555027008e-03
-1.446488429792225361e-03
2.762385178357362747e-03
5.841816309839487076e-04
-4.841193440370261669e-04
2.618945902213454247e-03
-1.740566367516294122e-04
-3.302104538306593895e-03
5.342533040675334632e-05
-7.945679826661944389e-04
-3.121526911854743958e-03
-3.763984655961394310e-03
-7.732802769169211388e-04
-2.076793694868683815e-03
-3.398661734536290169e-03
-1.774317934177815914e-03
-2.534381113946437836e-03
2.870435360819101334e-03
-1.569254556670784950e-03
-1.394862076267600060e-03
2.569397678598761559e-03
1.270752982236444950e-03
-6.979206809774041176e-04
-1.894842251203954220e-03
2.290244912728667259e-03
8.966410532593727112e-04
-5.005556740798056126e-04
-3.182401647791266441e-03
-3.425613977015018463e-03
-2.365545136854052544e-03
-2.688841428607702255e-03
2.580156142357736826e-04
-3.554719034582376480e-03
2.934099407866597176e-03
1.112392987124621868e-03
2.918401500210165977e-03
-2.902273554354906082e-03
3.173501929268240929e-03
-4.776978166773915291e-04
-3.024261211976408958e-03
-3.979806206189095974e-04
-2.505298238247632980e-03
2.413748297840356827e-03
-3.673259634524583817e-03
-3.633901709690690041e-03
-2.681629033759236336e-03
-1.468741800636053085e-03
1.817809388739988208e-04
-3.584209189284592867e-04
-3.778932848945260048e-03
-7.260182755999267101e-04
-5.813107709400355816e-04
3.890369553118944168e-03
1.511057140305638313e-03
-1.265476341359317303e-03
-2.487998222932219505e-03
7.182969129644334316e-04
-3.194608027115464211e-03
5.571203073486685753e-04
-3.628846025094389915e-03
1.251848414540290833e-03
3.019626485183835030e-03
8.606819901615381241e-04
3.692123340442776680e-03
-1.691767130978405476e-03
-6.515692803077399731e-05
3.688858123496174812e-03
4.914163146167993546e-04
6.129252724349498749e-04
1.601962285349145532e-04
-5.182221648283302784e-04
-2.756519941613078117e-03
2.182109514251351357e-03
-2.128133317455649376e-03
4.030342097394168377e-04
1.805616309866309166e-03
1.095329760573804379e-03
9.571998962201178074e-04
-5.851127789355814457e-04
5.480483523570001125e-04
-1.545555773191154003e-03
2.332095988094806671e-03
-3.241295926272869110e-03
-2.006451395573094487e-04
3.799935802817344666e-03
-3.842283040285110474e-03
-1.162767177447676659e-03
5.351190338842570782e-04
1.647499593673273921e-04
-1.180461724288761616e-03
3.619001712650060654e-03
4.551980237010866404e-04
1.537311356514692307e-03
-1.354178530164062977e-03
3.861388540826737881e-04
-2.552740275859832764e-03
1.906557823531329632e-03
-1.263694604858756065e-03
2.600702224299311638e-03
-3.713327925652265549e-03
7.181657711043953896e-04
-3.175707301124930382e-03
1.076365355402231216e-03
3.203825559467077255e-03
2.278749831020832062e-03
1.916818087920546532e-03
-3.706625197082757950e-03
2.786502242088317871e-03
6.107448716647922993e-04
-2.387364627793431282e-03
-1.159035717137157917e-03
-3.657205961644649506e-04
-2.510290825739502907e-03
-2.309289993718266487e-03
4.223041760269552469e-04
-1.058939727954566479e-03
-3.503388492390513420e-03
2.789761638268828392e-03
-1.608620805200189352e-04
-2.204153686761856079e-03
-1.036074012517929077e-03
-3.757180646061897278e-03
-8.306529489345848560e-04
1.997293438762426376e-03
6.268757260841084644e-06
-1.171759096905589104e-03
2.486124169081449509e-03
-3.348341910168528557e-03
1.818973687477409840e-03
1.203167717903852463e-03
2.920543309301137924e-03
1.608666265383362770e-03
-3.456917824223637581e-03
-8.471707697026431561e-04
2.491412451490759850e-03
-8.962589199654757977e-04
-3.330674371682107449e-04
-2.958319382742047310e-03
3.953025443479418755e-04
1.548525644466280937e-03
8.918876992538571358e-04
2.295659505762159824e-04
1.226109219714999199e-03
-1.589305698871612549e-03
-1.705150469206273556e-03
1.306677237153053284e-03
1.918171299621462822e-03
3.834435716271400452e-03
2.492723753675818443e-03
2.530709141865372658e-03
3.490224946290254593e-03
-2.482906915247440338e-03
-3.717254847288131714e-03
-3.832617774605751038e-03
-2.437218325212597847e-03
-3.887700382620096207e-03
-2.963597362395375967e-04
5.155185353942215443e-04
-4.420653858687728643e-04
-5.066075245849788189e-04
-9.419648558832705021e-04
-1.850109081715345383e-03
3.503671381622552872e-03
-1.359715824946761131e-03
-1.606634468771517277e-03
1.342965522781014442e-03
-2.656422555446624756e-03
2.618947066366672516e-03
-1.292567001655697823e-03
-1.075200270861387253e-03
-3.682315349578857422e-03
-2.790663158521056175e-03
1.846696948632597923e-03
1.138050807639956474e-03
-5.921706324443221092e-04
-2.068046946078538895e-03
2.223905612481757998e-04
1.031639403663575649e-03
2.899618586525321007e-03
2.553424565121531487e-03
2.377807861194014549e-03
3.687265329062938690e-03
2.201675903052091599e-03
2.265973249450325966e-03
-3.729156218469142914e-03
-3.390474244952201843e-03
-3.152138087898492813e-03
2.170340623706579208e-03
3.188843140378594398e-03
1.011518179439008236e-03
2.048864495009183884e-03
2.367787761613726616e-03
9.574038558639585972e-04
-1.476215780712664127e-03
1.689493510639294982e-04
-2.041531959548592567e-03
4.833525454159826040e-04
2.750093350186944008e-03
-2.208374673500657082e-03
3.487274283543229103e-03
1.318716444075107574e-03
3.791651222854852676e-03
1.089558121748268604e-03
2.678426215425133705e-03
-2.985093509778380394e-03
-5.206448840908706188e-04
9.546164656057953835e-04
2.799658686853945255e-04
1.145791029557585716e-03
1.110894256271421909e-03
-2.341838786378502846e-03
3.376202424988150597e-03
2.279704785905778408e-04
-2.897551283240318298e-03
1.677466323599219322e-03
3.511321963742375374e-03
3.862127196043729782e-03
-7.491409778594970703e-04
2.907624235376715660e-03
2.359930425882339478e-03
4.087833513040095568e-04
-2.576444298028945923e-03
-3.576666815206408501e-03
-3.425400704145431519e-03
-9.458560816710814834e-05
-2.852529178198892623e-05
3.510068170726299286e-03
-1.801920472644269466e-03
3.871704451739788055e-03
2.974892267957329750e-03
1.218531164340674877e-03
1.084836665540933609e-03
-3.563132602721452713e-03
1.069458630809094757e-05
-2.254140330478549004e-03
-2.406219951808452606e-03
-2.115954412147402763e-03
-3.115831408649682999e-03
1.041028765030205250e-03
1.966236857697367668e-03
-2.096553100273013115e-03
1.905641402117908001e-03
-2.446389524266123772e-03
-5.740707274526357651e-04
-2.599881263449788094e-03
-1.849134103395044804e-03
-2.080969046801328659e-03
-8.959178812801837921e-04
9.902651654556393623e-04
9.741519461385905743e-04
1.351001090370118618e-03
-1.217722892761230469e-03
2.158257411792874336e-03
-1.456675003282725811e-03
-3.234783653169870377e-03
-1.127146751969121397e-04
