-2.599667524918913841e-03
2.776783425360918045e-03
9.975754655897617340e-04
1.553679001517593861e-03
-2.982887381222099066e-04
3.087122924625873566e-03
1.173589917016215622e-04
-1.286577084101736546e-03
-1.008665421977639198e-03
2.131960820406675339e-03
1.672771177254617214e-03
1.935813110321760178e-03
-3.588863881304860115e-03
4.586986324284225702e-04
-2.217653673142194748e-03
-2.927733585238456726e-03
-1.974280457943677902e-03
6.754316855221986771e-04
1.525338739156723022e-03
-2.632526447996497154e-04
-1.013447297737002373e-03
-3.460971638560295105e-03
-2.366932108998298645e-03
1.960262743523344398e-04
3.235216252505779266e-03
-1.670322031714022160e-03
-8.255815191660076380e-05
3.270762739703059196e-03
-4.409130488056689501e-04
-3.673139028251171112e-03
2.025664434768259525e-04
-1.764613552950322628e-03
1.063246236299164593e-04
2.252845792099833488e-03
2.532673068344593048e-03
2.521018264815211296e-03
2.477893722243607044e-04
-2.629033988341689110e-03
-1.520496909506618977e-03
-2.608314389362931252e-03
3.316102083772420883e-03
8.458600495941936970e-05
-1.175478799268603325e-03
6.449385546147823334e-04
2.835699357092380524e-03
2.531316829845309258e-03
-1.017896793200634420e-04
2.453093184158205986e-03
3.723717294633388519e-03
2.171748317778110504e-03
9.996551088988780975e-04
2.080550882965326309e-03
3.790343413129448891e-03
3.546430962160229683e-03
-2.016764832660555840e-03
9.445544856134802103e-05
3.796164237428456545e-04
4.737710696645081043e-04
-3.879279829561710358e-03
4.461030403035692871e-05
1.376029220409691334e-03
-8.741455967538058758e-04
2.507865428924560547e-03
-2.190666273236274719e-03
1.931574777700006962e-03
-2.878967439755797386e-03
8.254416752606630325e-04
7.746277842670679092e-04
-3.894486231729388237e-03
7.891907589510083199e-04
2.395052695646882057e-03
1.487080357037484646e-03
8.056712104007601738e-04
-2.884265966713428497e-03
2.323391847312450409e-03
3.276616800576448441e-03
-1.081982336472719908e-04
-3.322589676827192307e-03
2.222299808636307716e-03
8.118808618746697903e-04
2.785593271255493164e-03
2.578855957835912704e-03
-2.459187526255846024e-03
-1.033230917528271675e-03
-3.125547431409358978e-03
-3.870957531034946442e-03
3.779796184971928596e-03
-2.996499417349696159e-03
-1.755809178575873375e-03
3.439222462475299835e-03
-1.798972225515171885e-04
-1.047226600348949432e-03
2.394056646153330803e-03
3.456624457612633705e-03
-3.861678997054696083e-03
-2.122449222952127457e-04
1.532937982119619846e-03
1.480469130910933018e-03
-1.023568562231957912e-03
1.011702348478138447e-03
3.349562408402562141e-03
1.968371216207742691e-03
-1.907532219775021076e-03
-3.466176276560872793e-04
-2.483442192897200584e-03
2.007283270359039307e-03
2.707757754251360893e-03
3.411076031625270844e-03
-3.429558128118515015e-04
2.051342744380235672e-03
2.198371337726712227e-03
-3.611241700127720833e-04
-5.561262951232492924e-04
-3.002106677740812302e-03
-1.264414284378290176e-03
2.552252495661377907e-03
-2.589132869616150856e-03
-1.908807433210313320e-03
2.630636794492602348e-03
-3.627358237281441689e-03
-3.213158110156655312e-03
3.636430948972702026e-03
3.824343904852867126e-03
-2.679081400856375694e-03
1.374324318021535873e-03
-6.303614354692399502e-04
-1.959594665095210075e-03
-1.387014985084533691e-03
1.363910851068794727e-03
3.777093719691038132e-03
3.070187987759709358e-03
2.263920847326517105e-03
1.455573597922921181e-03
-3.685495583340525627e-03
-2.239691559225320816e-03
8.436501957476139069e-04
7.289581117220222950e-04
4.597902297973632812e-04
-2.512386534363031387e-03
-9.508871589787304401e-04
3.081745468080043793e-03
-4.253663646522909403e-04
-1.445170491933822632e-03
3.022092860192060471e-03
1.699553686194121838e-03
6.793721695430576801e-04
-2.190810395404696465e-03
-1.038826885633170605e-03
-2.090196590870618820e-03
2.552967984229326248e-03
3.046279773116111755e-03
-1.249519293196499348e-03
2.405832055956125259e-03
1.402935711666941643e-03
-1.544541795738041401e-03
1.803471423045266420e-05
7.482494111172854900e-04
-1.450019655749201775e-03
3.175446996465325356e-03
3.354285378009080887e-03
-2.792624756693840027e-03
3.080463036894798279e-03
-2.565379487350583076e-03
-7.821895414963364601e-04
-9.773681085789576173e-05
1.259896787814795971e-03
3.780231811106204987e-03
-1.641001668758690357e-03
-1.844254904426634312e-03
-1.104943454265594482e-03
-1.371472724713385105e-03
-6.025287802913226187e-05
-1.984194153919816017e-03
-2.868439070880413055e-03
3.874537069350481033e-03
2.427406609058380127e-03
7.527219131588935852e-04
-2.027916023507714272e-03
3.363443072885274887e-03
1.612856518477201462e-03
-1.393564278259873390e-03
3.140616172458976507e-04
1.292076078243553638e-03
2.552002901211380959e-03
-3.053903812542557716e-03
-2.930826274678111076e-03
3.095115302130579948e-03
4.363011976238340139e-04
-5.361887160688638687e-04
-2.096540527418255806e-03
2.742828102782368660e-03
-2.806305419653654099e-03
3.893998684361577034e-03
2.332295291125774384e-03
-2.726384438574314117e-03
-3.679205663502216339e-03
2.147245686501264572e-03
1.479892176575958729e-03
2.953623654320836067e-03
2.420652657747268677e-03
3.348609665408730507e-03
6.024239701218903065e-04
1.604023273102939129e-03
-3.668088233098387718e-03
8.535726228728890419e-04
9.924122132360935211e-04
8.900457178242504597e-04
1.675190869718790054e-03
1.085732132196426392e-03
2.637137891724705696e-03
2.034505829215049744e-03
2.245348412543535233e-03
3.043217293452471495e-04
1.191222923807799816e-03
-3.656103974208235741e-03
2.099683042615652084e-03
3.301274729892611504e-03
1.820681383833289146e-03
3.270257031545042992e-03
-2.301312983036041260e-03
-3.301252610981464386e-03
-6.918743019923567772e-04
-1.334628672339022160e-03
-7.292504888027906418e-04
-2.040888415649533272e-03
6.222623633220791817e-04
-3.143610898405313492e-03
-1.923119416460394859e-03
-3.231015056371688843e-03
1.866950478870421648e-04
2.538482425734400749e-03
3.342252923175692558e-03
2.303818473592400551e-03
3.852212568745017052e-03
-3.022427204996347427e-03
-2.486381214112043381e-03
-2.240380505099892616e-03
2.731923479586839676e-03
-3.837391501292586327e-03
3.825135354418307543e-04
1.855878625065088272e-03
8.539952104911208153e-04
-1.277912291698157787e-03
1.376161118969321251e-03
4.996474599465727806e-04
2.300743712112307549e-03
2.166328951716423035e-03
-1.020640949718654156e-03
-3.157285274937748909e-03
-8.766052196733653545e-04
-1.290556392632424831e-03
-3.380128415301442146e-03
-2.938826335594058037e-03
1.085442956537008286e-03
-1.749956863932311535e-03
3.807048080489039421e-03
