1.510634552687406540e-03
-2.549648284912109375e-03
-1.932999002747237682e-03
3.683540271595120430e-03
2.193035092204809189e-03
-3.740400774404406548e-03
3.267434658482670784e-03
-1.785268308594822884e-03
3.165739355608820915e-03
-3.211939241737127304e-03
-1.040943083353340626e-03
5.388817517086863518e-04
-2.987664192914962769e-03
3.862832440063357353e-03
-2.897120779380202293e-03
3.553022630512714386e-03
-1.115765189751982689e-03
-2.699975855648517609e-03
-1.037592999637126923e-03
3.503380808979272842e-03
-3.796291071921586990e-03
-3.520303638651967049e-03
-1.733100390993058681e-03
9.275428019464015961e-04
2.302839653566479683e-03
1.572315581142902374e-03
-2.312868833541870117e-03
-3.776487428694963455e-03
3.645657096058130264e-03
2.023470187850762159e-05
-2.971856389194726944e-03
-3.233607159927487373e-03
-2.305341186001896858e-03
-8.424018742516636848e-04
-2.852390287443995476e-03
1.499042962677776814e-03
-1.300408272072672844e-03
-3.629644401371479034e-03
2.878156257793307304e-03
1.963715534657239914e-03
1.638215151615440845e-03
2.101664897054433823e-03
3.279922297224402428e-03
-8.995028329081833363e-04
-1.303259632550179958e-03
2.218386856839060783e-03
-3.046868136152625084e-03
3.307117149233818054e-03
1.925521180965006351e-03
-1.083086477592587471e-03
-2.622063038870692253e-03
-1.694657839834690094e-03
-3.759281244128942490e-03
-2.436264185234904289e-03
-2.777811096166260540e-05
2.779504517093300819e-03
-2.084477571770548820e-03
-2.807774115353822708e-03
2.688390202820301056e-03
-3.581883618608117104e-03
-3.024577628821134567e-03
-2.417398616671562195e-03
2.923030406236648560e-04
-2.254078397527337074e-03
-2.217036904767155647e-03
-3.250717883929610252e-03
7.031802670098841190e-04
-2.489027101546525955e-03
1.512130256742238998e-03
3.838233649730682373e-03
2.194314263761043549e-03
-2.807999728247523308e-03
-3.248747903853654861e-03
-2.177051967009902000e-03
3.951299877371639013e-04
2.274099737405776978e-03
-9.025170002132654190e-04
2.111138543114066124e-03
-1.027000369504094124e-03
-1.515363808721303940e-03
2.427130937576293945e-03
-1.535374787636101246e-03
9.529006638331338763e-05
1.468912931159138680e-03
-3.123105503618717194e-03
-1.148838782683014870e-03
-3.584917401894927025e-03
-1.534826704300940037e-03
-2.002155175432562828e-03
-3.723805304616689682e-03
-2.857683575712144375e-04
8.659361046738922596e-04
1.421922235749661922e-03
-2.530049066990613937e-03
-3.758434904739260674e-03
1.196166631416417658e-04
-3.701768117025494576e-03
1.559581491164863110e-03
3.110558725893497467e-03
2.036522637354210019e-04
-2.660513855516910553e-04
3.156456165015697479e-03
1.672127516940236092e-03
-5.373497260734438896e-04
-2.894485602155327797e-03
-2.066189423203468323e-03
-2.804203657433390617e-03
-2.843603957444429398e-03
-2.536666346713900566e-03
1.073278370313346386e-03
-3.009861567988991737e-03
-1.260451157577335835e-03
-2.019820502027869225e-03
-2.325901295989751816e-04
-1.832042122259736061e-03
2.871943172067403793e-03
-2.881353488191962242e-03
-2.681290730834007263e-03
2.306194510310888290e-03
-3.013690933585166931e-03
1.102078822441399097e-03
3.716016421094536781e-03
-1.630486454814672470e-03
3.123010508716106415e-03
-2.400158671662211418e-03
1.604915363714098930e-03
-2.984057879075407982e-03
-3.035843838006258011e-03
1.726239570416510105e-03
-3.017642535269260406e-03
-2.701974881347268820e-04
-6.134720752015709877e-04
3.059758804738521576e-03
3.017059527337551117e-03
1.306804828345775604e-03
3.043754259124398232e-03
-2.968552755191922188e-03
3.719068365171551704e-03
-2.107561798766255379e-03
-2.659580903127789497e-03
-1.259519602172076702e-03
-1.823954225983470678e-04
8.839974761940538883e-04
-2.003852510824799538e-03
-1.770920003764331341e-03
-8.238099981099367142e-04
1.004108926281332970e-03
1.141489599831402302e-03
-8.029203745536506176e-04
3.253512317314743996e-03
-2.785565564408898354e-03
9.394762855663429946e-06
1.795916585251688957e-03
1.208447152748703957e-03
3.560008248314261436e-03
3.127169329673051834e-03
-2.312466269358992577e-03
3.192169358953833580e-03
2.661738777533173561e-03
3.232177579775452614e-03
7.703058654442429543e-04
-2.927069552242755890e-03
8.414572221226990223e-04
1.865197846200317144e-04
1.991357887163758278e-03
2.509212121367454529e-03
-1.738715509418398142e-04
-3.022661432623863220e-03
1.600728719495236874e-03
2.291332231834530830e-03
3.023364348337054253e-03
1.991383964195847511e-03
2.779655624181032181e-03
2.870941767469048500e-03
-2.564884955063462257e-03
2.710483036935329437e-03
-7.611087057739496231e-04
-2.962802769616246223e-03
1.623934484086930752e-03
2.350263530388474464e-03
2.183566357416566461e-05
2.189853927120566368e-03
3.739667823538184166e-03
3.194264601916074753e-03
-3.300493350252509117e-03
7.113775354810059071e-04
3.589775646105408669e-03
5.548011977225542068e-04
-1.122053246945142746e-03
5.742309149354696274e-04
5.082158604636788368e-04
-1.357259112410247326e-03
3.321603173390030861e-03
1.584382262080907822e-03
3.418812528252601624e-03
-1.599392271600663662e-03
2.545954892411828041e-03
2.784514799714088440e-03
-7.274702074937522411e-04
4.480392963159829378e-04
-2.768641803413629532e-03
6.657454068772494793e-04
2.012073295190930367e-03
2.070512855425477028e-03
-2.075365744531154633e-03
-3.344933735206723213e-03
-2.210997976362705231e-03
1.854046364314854145e-03
-2.407734747976064682e-03
3.809539368376135826e-03
-2.991034882143139839e-03
-2.078255172818899155e-03
-3.571554087102413177e-03
3.767107147723436356e-03
-1.402350026182830334e-04
-4.239066911395639181e-04
3.026013495400547981e-03
-3.103662515059113503e-03
2.077421406283974648e-03
2.076315577141940594e-04
3.443965688347816467e-03
2.701481280382722616e-04
-1.458069542422890663e-03
2.417482202872633934e-03
2.681177575141191483e-03
1.168598071672022343e-03
-3.174034063704311848e-04
7.863492646720260382e-05
3.243907849537208676e-05
-6.588331889361143112e-04
2.973383816424757242e-04
-2.401381963863968849e-03
-1.600110321305692196e-03
2.329225186258554459e-03
-3.574430476874113083e-03
-1.803389168344438076e-03
-7.484112866222858429e-04
3.386672120541334152e-03
3.442624583840370178e-04
-1.312488893745467067e-04
3.037378657609224319e-03
2.071438822895288467e-03
2.469219500198960304e-03
3.334087086841464043e-03
7.353425025939941406e-04
-2.763341879472136497e-03
-2.256134292110800743e-03
-1.275769784115254879e-03
-3.050906583666801453e-03
-1.727045979350805283e-03
-6.960193277336657047e-04
-2.062775194644927979e-03
-1.350295788142830133e-04
3.412306075915694237e-03
-1.207385095767676830e-03
-5.051761982031166553e-04
