1.609623315744102001e-03
-2.943731378763914108e-03
-3.289146348834037781e-03
-3.228637622669339180e-03
2.032013610005378723e-03
9.308464359492063522e-04
-2.304606896359473467e-04
-1.106623560190200806e-03
1.189959766634274274e-05
-9.971193503588438034e-04
-1.452076015993952751e-03
3.328207880258560181e-03
2.946443157270550728e-03
5.604718808172037825e-06
2.993654692545533180e-03
-3.476901445537805557e-03
3.377865068614482880e-03
-9.357328963233157992e-05
-7.271618233062326908e-04
3.559830598533153534e-03
9.164388757199048996e-04
3.121974179521203041e-03
-1.704856636933982372e-03
4.557891807053238153e-04
1.293687731958925724e-03
-3.528201021254062653e-03
-3.622525604441761971e-03
2.710326574742794037e-03
-2.207493176683783531e-03
1.513778232038021088e-03
-5.431797471828758717e-04
5.057326634414494038e-04
-2.734809881076216698e-03
-2.652551047503948212e-03
3.717146581038832664e-03
3.626900492236018181e-03
1.897363224998116493e-03
3.710065037012100220e-03
-2.937744837254285812e-03
-2.522964961826801300e-03
3.310077358037233353e-03
-3.286059014499187469e-03
-5.721406196244060993e-04
1.742243417538702488e-03
3.277365351095795631e-03
7.329083746299147606e-04
3.842086065560579300e-03
-4.335832491051405668e-04
-1.883933902718126774e-03
2.109202556312084198e-03
-3.651339095085859299e-03
3.395678475499153137e-03
1.619555172510445118e-03
1.594312634551897645e-04
3.205991582944989204e-03
-3.738946514204144478e-03
-1.240314450114965439e-03
-1.415466424077749252e-03
-2.909168135374784470e-03
-3.505280474200844765e-04
-3.321205964311957359e-03
-2.324699657037854195e-03
2.056278521195054054e-03
1.563025172799825668e-03
-1.456119352951645851e-03
-5.829014698974788189e-04
2.435398986563086510e-03
-1.789177651517093182e-03
8.167095948010683060e-04
-2.548100426793098450e-03
-1.220064121298491955e-03
-1.966886688023805618e-03
5.075511289760470390e-04
1.253249123692512512e-03
6.760092219337821007e-05
-1.596213784068822861e-03
3.677345812320709229e-03
-2.082364633679389954e-03
3.662370727397501469e-04
2.331670606508851051e-03
2.716524992138147354e-03
1.534552429802715778e-03
-3.524614963680505753e-03
-3.008137922734022141e-03
-1.000629970803856850e-03
2.228485420346260071e-03
-2.547034528106451035e-03
3.243988612666726112e-03
-1.373525941744446754e-03
2.798085100948810577e-03
-7.060700445435941219e-04
-7.556294440291821957e-04
-2.709647407755255699e-03
-3.008184954524040222e-03
-3.322806442156434059e-03
3.039401257410645485e-03
-8.724401122890412807e-04
2.935263095423579216e-03
-2.538956236094236374e-03
2.450018655508756638e-05
1.988502684980630875e-03
-2.493735635653138161e-03
1.188802998512983322e-03
2.824881346896290779e-03
-1.899805502034723759e-03
-2.065155655145645142e-03
-2.917546778917312622e-03
2.175633562728762627e-03
-2.141026081517338753e-03
-6.051626987755298615e-04
-3.852303372696042061e-03
1.835549250245094299e-03
3.368270350620150566e-03
-1.256281160749495029e-03
-2.141645236406475306e-04
-2.371006645262241364e-03
-2.007660688832402229e-03
3.523971145114046521e-06
3.311904845759272575e-03
1.026335521601140499e-03
-3.560772631317377090e-03
-3.691244171932339668e-03
3.366783959791064262e-03
4.611479234881699085e-04
1.534962793812155724e-04
-3.385130316019058228e-03
3.146692644804716110e-03
1.065620454028248787e-03
-1.291521009989082813e-03
5.440258537419140339e-04
-1.919361297041177750e-03
3.456318750977516174e-03
2.364891348406672478e-03
-2.783491276204586029e-03
1.478290068916976452e-03
1.990929711610078812e-03
1.903393655084073544e-03
7.134685874916613102e-04
3.545927582308650017e-03
3.645101329311728477e-03
-2.833787351846694946e-03
1.591499196365475655e-03
-1.831002533435821533e-03
3.137268358841538429e-03
2.789913443848490715e-03
-3.187441034242510796e-03
-1.937928027473390102e-03
-1.999352360144257545e-03
-9.112219413509592414e-05
7.006910745985805988e-04
-2.514942898415029049e-04
-3.867687191814184189e-03
-1.829121378250420094e-03
-1.463710563257336617e-03
-2.902309934142976999e-04
-2.226766519015654922e-04
1.725544570945203304e-04
-1.915154396556317806e-03
3.357697743922472000e-03
-5.777037004008889198e-04
1.151552423834800720e-03
2.372915041632950306e-04
1.933016028488054872e-04
-1.738394377753138542e-03
-2.054653363302350044e-03
3.169590374454855919e-03
1.624020165763795376e-03
-3.104392904788255692e-03
1.065767835825681686e-03
2.741062315180897713e-03
-1.373437582515180111e-03
2.658132230862975121e-03
2.658056793734431267e-03
-1.484646229073405266e-03
3.448419272899627686e-03
2.760248491540551186e-03
2.804216055665165186e-04
2.621344989165663719e-03
9.784846333786845207e-04
1.991718309000134468e-03
2.019544364884495735e-03
5.616834969259798527e-04
2.231918042525649071e-03
1.555663649924099445e-03
1.366743235848844051e-03
3.406438510864973068e-03
1.552851754240691662e-03
-2.267642877995967865e-03
1.383245806209743023e-03
3.314323723316192627e-03
-3.427750198170542717e-03
1.799806021153926849e-03
-4.321849846746772528e-04
-1.282065524719655514e-03
1.732731238007545471e-03
-3.407276701182126999e-03
-3.486335510388016701e-03
-2.605751622468233109e-03
-2.678542397916316986e-03
1.831184723414480686e-03
8.928681490942835808e-04
1.083111274056136608e-03
-5.539724370464682579e-04
-2.173441927880048752e-03
3.226490516681224108e-04
-1.829556094889994711e-05
-7.234269869513809681e-04
2.216612221673130989e-03
2.115292241796851158e-03
-2.746153157204389572e-03
-1.394801191054284573e-03
-1.473337179049849510e-03
3.024207253474742174e-04
2.576573984697461128e-03
-6.360978004522621632e-04
4.568518197629600763e-04
-3.151965560391545296e-03
3.340781666338443756e-03
1.252924557775259018e-03
-2.175372210331261158e-04
2.546100178733468056e-03
3.090004436671733856e-03
-1.714206999167799950e-03
-2.595677739009261131e-03
-1.624918193556368351e-03
1.142793218605220318e-03
-7.446945528499782085e-04
-3.387659380678087473e-04
-4.087858542334288359e-04
2.515693660825490952e-03
-3.609104314818978310e-03
2.647779416292905807e-03
-1.419147447450086474e-04
-1.089356373995542526e-03
3.302040277048945427e-03
1.521562575362622738e-03
-8.376482292078435421e-04
-1.863721641711890697e-03
3.777977311983704567e-03
-3.462890628725290298e-03
-2.399350050836801529e-03
-2.955395728349685669e-03
-5.879754899069666862e-04
-7.880266057327389717e-04
2.512387232854962349e-03
2.275277627632021904e-03
-2.866599475964903831e-03
1.458063954487442970e-03
-2.104545477777719498e-03
-3.567259991541504860e-03
6.644788081757724285e-04
3.482190659269690514e-04
2.667257329449057579e-03
-1.422861125320196152e-03
-2.866827417165040970e-03
-9.865884203463792801e-04
