-2.372676390223205090e-04
3.522765357047319412e-03
-1.502972794696688652e-03
2.833735663443803787e-03
-2.242609858512878418e-03
-1.326675759628415108e-03
3.248983528465032578e-03
-2.008460694923996925e-03
1.724838046357035637e-03
8.869157682056538761e-06
1.620774310140404850e-05
-1.410471857525408268e-03
5.105127274873666465e-05
-1.942602102644741535e-04
1.873426954261958599e-03
-2.468368737027049065e-03
1.511624082922935486e-03
-1.562352990731596947e-03
3.880275879055261612e-03
-2.639615442603826523e-03
1.962872222065925598e-03
-3.095114603638648987e-03
2.061659703031182289e-03
4.286990442778915167e-04
6.598905893042683601e-04
6.147449603304266930e-04
3.757157595828175545e-03
1.400626148097217083e-03
-1.628388999961316586e-03
2.420066855847835541e-03
2.301152795553207397e-03
-9.082191390916705132e-04
1.837990945205092430e-03
2.981929806992411613e-03
-3.864339305437169969e-05
3.572360845282673836e-03
-1.272660330869257450e-03
3.721117740496993065e-03
-9.038454736582934856e-04
3.613729961216449738e-03
2.261017449200153351e-03
2.099759876728057861e-03
-1.813806127756834030e-03
-1.796548836864531040e-03
2.407014544587582350e-04
-2.607582835480570793e-03
1.072218059562146664e-03
-1.269297674298286438e-03
-3.753171768039464951e-05
3.527101594954729080e-03
-3.447939176112413406e-03
1.923395670019090176e-03
2.279338659718632698e-03
3.081839822698384523e-04
-2.982586389407515526e-03
5.975938402116298676e-04
-1.226235181093215942e-03
-3.633676795288920403e-03
1.024053199216723442e-03
1.601592754013836384e-03
1.133048906922340393e-03
1.824115519411861897e-03
2.059031976386904716e-03
2.489107428118586540e-03
-3.344546712469309568e-04
3.631643718108534813e-03
2.492243656888604164e-03
-3.906785510480403900e-03
2.141637727618217468e-03
3.430606448091566563e-04
-1.383682712912559509e-03
-3.557482850737869740e-04
-1.607204438187181950e-03
-2.628942718729376793e-03
2.041904255747795105e-03
8.615634869784116745e-04
2.240790752694010735e-03
-1.066427095793187618e-03
3.675106912851333618e-03
-7.269207271747291088e-04
3.591227810829877853e-03
-3.269736655056476593e-03
1.902556396089494228e-03
-1.963966293260455132e-03
-1.922733383253216743e-03
2.471302868798375130e-03
2.451974200084805489e-03
-2.983686979860067368e-03
-3.302765253465622663e-04
-3.514330135658383369e-03
-3.166580572724342346e-03
4.027206159662455320e-04
1.050161547027528286e-03
-7.304227328859269619e-04
2.723542973399162292e-03
3.884870093315839767e-03
-3.002574434503912926e-03
2.864989684894680977e-03
1.310899970121681690e-03
-3.535727970302104950e-03
-8.065962465479969978e-04
-3.262211335822939873e-03
1.876964379334822297e-04
-2.610114403069019318e-03
5.009709857404232025e-04
2.196111949160695076e-03
-7.457128376699984074e-04
-2.862808993086218834e-03
1.547068706713616848e-03
-1.815569703467190266e-03
1.260820776224136353e-03
1.446957467123866081e-03
2.517374698072671890e-03
-2.081993268802762032e-03
-3.786669578403234482e-03
3.704880364239215851e-03
8.589323260821402073e-04
6.382217397913336754e-04
-1.690428121946752071e-03
-3.331339685246348381e-03
3.171468386426568031e-03
-2.839185297489166260e-03
1.292087486945092678e-03
1.870787469670176506e-03
-9.027000050991773605e-04
-1.913245883770287037e-03
1.893801498226821423e-03
-3.389517776668071747e-03
1.058819936588406563e-03
-1.600575982592999935e-03
3.693939186632633209e-03
-2.824399853125214577e-03
8.659730083309113979e-04
1.648748177103698254e-03
-1.395734376274049282e-03
-9.749543387442827225e-04
3.437698585912585258e-03
-3.308713901787996292e-03
-1.987990224733948708e-03
-2.056248951703310013e-03
-1.060667447745800018e-03
1.152370008639991283e-03
-7.571663591079413891e-04
-2.342705149203538895e-03
1.858204719610512257e-03
-3.317962167784571648e-03
2.075205091387033463e-03
-9.240503422915935516e-04
-4.328787908889353275e-04
8.713453426025807858e-04
-3.681564470753073692e-03
-3.385659656487405300e-04
1.627637771889567375e-03
3.287956351414322853e-04
-2.925146138295531273e-03
-6.036103586666285992e-04
-3.252115100622177124e-03
-8.803858654573559761e-04
2.496938919648528099e-03
3.487817011773586273e-03
-3.144115442410111427e-03
1.866577076725661755e-04
-2.691503032110631466e-04
1.850261352956295013e-03
-2.509078942239284515e-03
-8.457425865344703197e-04
-1.566014718264341354e-03
-1.568991807289421558e-03
-2.462429460138082504e-03
-6.030071526765823364e-04
8.855455671437084675e-04
1.567622879520058632e-03
2.264535753056406975e-03
3.727298462763428688e-05
7.967186393216252327e-04
8.732324931770563126e-04
1.655291882343590260e-03
6.930198287591338158e-04
-3.666239557787775993e-03
-4.902811488136649132e-04
-1.811441383324563503e-03
-3.465079469606280327e-03
-2.722381148487329483e-03
-2.569905249401926994e-03
-3.189739305526018143e-03
1.713755307719111443e-03
-2.980025485157966614e-03
-1.603109179995954037e-03
3.470371011644601822e-03
3.112660488113760948e-03
-2.368852030485868454e-03
3.482995554804801941e-03
1.646856195293366909e-03
-3.738757222890853882e-03
-3.497183555737137794e-03
2.788283629342913628e-03
9.621108765713870525e-04
1.500320970080792904e-03
2.176120644435286522e-03
-1.789598492905497551e-03
2.487223537173122168e-04
-8.947663009166717529e-04
1.214026822708547115e-03
1.899842638522386551e-03
-3.636779030784964561e-03
3.656542394310235977e-03
-1.888350467197597027e-03
2.673529088497161865e-03
1.694919774308800697e-04
-3.567405510693788528e-03
-1.808907836675643921e-03
9.393354412168264389e-04
9.518853039480745792e-04
3.416890511289238930e-03
3.329268889501690865e-03
-3.779753809794783592e-03
-8.807280100882053375e-04
-6.277353386394679546e-04
-3.347513731569051743e-03
-8.892836631275713444e-04
1.476159901358187199e-03
1.741850166581571102e-03
3.277569194324314594e-04
-3.417858853936195374e-03
2.444036072120070457e-03
1.396474661305546761e-03
-1.922037801705300808e-03
-7.461282075382769108e-04
-2.872928045690059662e-03
3.522157901898026466e-03
3.745998488739132881e-03
-1.920072128996253014e-03
-2.172705251723527908e-03
-1.365436619380488992e-04
-2.818544395267963409e-03
8.215061970986425877e-04
2.828103723004460335e-03
3.393212333321571350e-03
-3.207191824913024902e-03
1.311234547756612301e-03
3.798260353505611420e-03
3.341445233672857285e-03
-3.723956877365708351e-03
3.534918185323476791e-03
1.795208430849015713e-03
3.227303968742489815e-03
-6.600072083529084921e-05
-2.992343390360474586e-03
2.835263963788747787e-03
-2.654672600328922272e-03
-1.174998702481389046e-03
-3.175311721861362457e-03
-9.282358223572373390e-04
-8.467850857414305210e-04
-3.369185142219066620e-03
1.356566324830055237e-03
