-3.096323926001787186e-03
2.488694153726100922e-03
3.498348174616694450e-03
-3.735238686203956604e-03
3.031624946743249893e-03
-2.872797893360257149e-03
-6.801834097132086754e-04
-2.390848530922085047e-04
3.031087107956409454e-03
-1.307828497374430299e-04
4.301655280869454145e-04
-3.359215566888451576e-03
4.595920036081224680e-04
-1.565983751788735390e-03
-2.553002210333943367e-03
-2.151418710127472878e-03
2.966728061437606812e-03
-2.481446601450443268e-03
-3.303690347820520401e-03
-3.469859075266867876e-04
-1.494012423790991306e-03
-2.563264686614274979e-03
3.492587013170123100e-03
-9.829241316765546799e-04
-1.075702602975070477e-03
-2.946431050077080727e-03
-1.865282771177589893e-03
2.844961825758218765e-03
8.005779236555099487e-04
-2.123485784977674484e-03
-1.508981571532785892e-03
1.722225802950561047e-03
-3.598089562729001045e-03
9.095080167753621936e-05
-2.848659874871373177e-03
-2.486405195668339729e-03
3.165840869769454002e-03
-3.553507616743445396e-03
-1.331008505076169968e-03
-6.380679551512002945e-04
-2.988219261169433594e-03
2.209324389696121216e-03
-3.824105951935052872e-03
1.353644067421555519e-03
-2.212165854871273041e-03
-5.447933217510581017e-04
6.914706900715827942e-04
-3.550802124664187431e-03
-1.651797792874276638e-04
-2.600442618131637573e-03
5.078446702100336552e-04
2.350090770050883293e-03
3.479289123788475990e-03
-2.981783589348196983e-03
-2.497680019587278366e-03
1.288830069825053215e-03
3.942694747820496559e-04
2.596180129330605268e-04
-3.230603411793708801e-03
2.438928000628948212e-03
2.225960837677121162e-03
2.153143723262473941e-04
5.249433161225169897e-05
-2.883148146793246269e-03
2.095607575029134750e-03
7.462475332431495190e-04
-1.654888503253459930e-03
-2.718061841733288020e-05
-1.098524429835379124e-03
2.020311541855335236e-03
-2.318647457286715508e-03
4.186772566754370928e-04
-2.222452778369188309e-03
3.285833867266774178e-03
2.034693025052547455e-03
-2.099680481478571892e-03
-1.707511022686958313e-03
1.360945985652506351e-03
-2.694952301681041718e-03
-1.976628554984927177e-03
-3.244607709348201752e-03
-1.574615715071558952e-03
1.593188499100506306e-03
1.442021108232438564e-03
3.336492227390408516e-03
2.481215633451938629e-03
4.633437492884695530e-04
3.170566051267087460e-04
-3.306672442704439163e-03
-2.305143512785434723e-03
-2.830134704709053040e-03
-3.404852002859115601e-03
2.077524783089756966e-03
2.743115415796637535e-03
-2.475652610883116722e-03
-3.184451721608638763e-03
-6.774442153982818127e-04
-1.902838412206619978e-04
1.985785085707902908e-03
-2.417942276224493980e-03
-2.073122188448905945e-03
-3.046214580535888672e-03
2.082710707327350974e-04
1.497824443504214287e-03
1.826961990445852280e-03
-3.074527718126773834e-03
1.044569537043571472e-03
-8.818531641736626625e-04
1.296779839321970940e-03
-8.200966985896229744e-04
-3.299736883491277695e-03
-6.945718778297305107e-04
2.160314936190843582e-03
-2.067858586087822914e-03
3.808443900197744370e-03
2.470118633937090635e-04
1.223440631292760372e-03
-1.637692213989794254e-03
1.417080755345523357e-03
3.582732053473591805e-03
-2.244137693196535110e-03
3.736772341653704643e-03
2.020876854658126831e-03
1.980510540306568146e-03
-2.783170901238918304e-03
-1.594729255884885788e-03
1.018483773805201054e-03
-6.955731660127639771e-04
-2.727623097598552704e-03
-1.025233883410692215e-03
-5.562257720157504082e-04
-2.925151027739048004e-03
2.571741584688425064e-03
3.741371911019086838e-04
9.087122743949294090e-04
-2.638887614011764526e-03
-5.381962400861084461e-04
5.356147303245961666e-04
-8.265557698905467987e-04
2.748303813859820366e-03
2.932076808065176010e-03
-1.614783075638115406e-03
-1.192431314848363400e-03
1.030273735523223877e-03
2.870664699003100395e-03
-3.332977415993809700e-03
3.883476136252284050e-03
-9.612761787138879299e-04
2.982864156365394592e-03
-1.488545327447354794e-03
3.247713902965188026e-04
-3.505779895931482315e-03
1.146787428297102451e-03
6.395587115548551083e-04
-3.412136342376470566e-03
-4.943844396620988846e-04
-3.477234393358230591e-03
-7.710342761129140854e-04
-2.763901138678193092e-03
1.506491331383585930e-03
2.576745115220546722e-03
-3.543900558724999428e-03
-1.857201335951685905e-03
7.008303509792312980e-05
-5.809228168800473213e-04
-2.489759062882512808e-04
3.569842956494539976e-04
-2.990932669490575790e-03
-2.705920254811644554e-03
2.812504826579242945e-04
-3.688098629936575890e-03
9.049525251612067223e-04
-2.257704036310315132e-03
3.124622162431478500e-03
-8.744646329432725906e-04
2.615565899759531021e-03
-9.162584319710731506e-04
2.891555428504943848e-03
-1.841513440012931824e-03
-3.869370324537158012e-03
-1.579769770614802837e-03
3.713113721460103989e-03
9.425500757060945034e-04
-2.304992172867059708e-03
3.698282875120639801e-03
-3.752522636204957962e-03
2.501143142580986023e-03
-1.611031824722886086e-03
3.568621352314949036e-03
2.251809695735573769e-03
1.272877911105751991e-03
-2.655985299497842789e-03
-2.332360949367284775e-03
1.439497224055230618e-03
-3.623633820097893476e-04
1.242722850292921066e-03
3.262790618464350700e-03
-1.497361110523343086e-03
-3.067211946472525597e-03
2.324955770745873451e-03
-1.715388381853699684e-03
1.865612430265173316e-04
-1.609157887287437916e-03
-3.165967296808958054e-03
1.109097429434768856e-04
1.337923808023333549e-03
1.326360623352229595e-03
-3.585650585591793060e-03
6.450290093198418617e-04
-3.051998326554894447e-03
-1.656798413023352623e-03
1.967573305591940880e-03
5.415588020696304739e-06
-2.665739506483078003e-03
-4.549651057459414005e-04
1.271639834158122540e-03
-1.131851749960333109e-04
3.125265706330537796e-03
-1.029200575430877507e-05
-3.438978455960750580e-03
3.605437930673360825e-03
1.588988816365599632e-04
-9.807551978155970573e-04
-9.162626229226589203e-04
-3.599906107410788536e-03
1.978766522370278835e-04
2.914912300184369087e-03
-3.579056647140532732e-04
-3.538992605172097683e-04
3.001635195687413216e-04
5.980819114483892918e-04
9.126567165367305279e-04
-2.177510876208543777e-03
1.183934742584824562e-03
-2.341527957469224930e-03
-6.327665760181844234e-04
2.769745187833905220e-03
-2.347270958125591278e-03
8.112780633382499218e-04
3.610437503084540367e-03
1.886306417873129249e-04
-7.562247337773442268e-04
-3.538048127666115761e-03
-1.222673919983208179e-03
-2.319397637620568275e-03
-3.819388570263981819e-03
-7.472675497410818934e-05
-2.219456015154719353e-03
-1.479172031395137310e-03
-3.643945325165987015e-03
3.363054711371660233e-03
-3.859185846522450447e-03
-1.371248625218868256e-03
-3.231749869883060455e-04
9.373457869514822960e-04
3.758086590096354485e-03
