6.313277408480644226e-04
2.554731909185647964e-04
-3.255104180425405502e-03
1.245550112798810005e-03
-3.751569660380482674e-03
3.125879447907209396e-03
-2.545977244153618813e-03
2.412286819890141487e-03
-3.610849613323807716e-03
6.690902519039809704e-04
3.798164427280426025e-03
-1.532403402961790562e-03
-3.419980406761169434e-03
2.075436757877469063e-03
3.533856011927127838e-03
2.635883633047342300e-03
2.965592080727219582e-03
2.450427273288369179e-03
-2.581755397841334343e-03
-2.598744118586182594e-03
2.167618134990334511e-03
8.731626439839601517e-04
1.221226179040968418e-03
-6.268508877838030457e-05
1.178365200757980347e-03
-2.851822413504123688e-03
1.889525796286761761e-03
3.498108126223087311e-04
1.760647050105035305e-03
-2.456382149830460548e-03
-1.916988636367022991e-03
-3.235613461583852768e-03
-1.356840832158923149e-03
2.508355770260095596e-03
-1.358118723146617413e-03
-6.240124930627644062e-04
3.600514726713299751e-03
-2.893890952691435814e-03
-1.603747223271057010e-04
1.591959386132657528e-03
2.513831015676259995e-03
-2.890637377277016640e-03
-1.033344888128340244e-03
1.076496788300573826e-03
2.323665888980031013e-03
2.817709464579820633e-04
-2.514309249818325043e-03
-1.103464630432426929e-03
-3.345725825056433678e-03
-9.182954090647399426e-05
-7.063089287839829922e-05
-3.210989525541663170e-03
1.595586218172684312e-04
9.234549361281096935e-04
3.591486951336264610e-03
-3.274044487625360489e-03
-3.833758877590298653e-03
3.604498633649200201e-04
-2.451982116326689720e-03
3.014720976352691650e-03
-3.143058856949210167e-03
3.226344007998704910e-03
3.172216238453984261e-03
-1.743340631946921349e-03
8.403836982324719429e-04
-3.341034287586808205e-03
3.192129079252481461e-03
1.440559048205614090e-03
1.651979750022292137e-03
1.711425953544676304e-03
-3.236505202949047089e-03
-1.787886139936745167e-03
9.870566427707672119e-04
-3.678813343867659569e-03
-1.964450115337967873e-03
2.587747992947697639e-03
1.238900586031377316e-03
-1.307039638049900532e-03
1.501977210864424706e-03
-1.587994513101875782e-03
3.347317222505807877e-03
-3.315469250082969666e-03
-2.485227596480399370e-04
-2.381672384217381477e-03
2.058666897937655449e-03
3.352711908519268036e-03
-1.345366006717085838e-03
-2.327314112335443497e-03
-1.299955998547375202e-03
3.141480265185236931e-03
1.062610768713057041e-03
-1.912772888317704201e-03
3.080676076933741570e-03
2.216000808402895927e-03
2.174196531996130943e-03
-3.386624157428741455e-03
-2.769291168078780174e-04
-3.327022306621074677e-03
6.650626310147345066e-04
-5.652213003486394882e-04
3.535331052262336016e-05
2.069825539365410805e-03
-3.418322885408997536e-04
-1.375186606310307980e-03
-1.727254944853484631e-03
1.926974742673337460e-03
2.467071404680609703e-03
-1.448028953745961189e-03
-1.441639265976846218e-03
3.001581877470016479e-03
2.289707539603114128e-03
-1.943790004588663578e-03
-1.375343650579452515e-03
5.165921756997704506e-04
-8.845048141665756702e-04
1.945555559359490871e-03
1.935759210027754307e-03
-7.108315476216375828e-04
2.308811293914914131e-03
1.612209365703165531e-03
-3.708937903866171837e-03
-3.776405705139040947e-03
3.448825154919177294e-04
1.315301284193992615e-03
1.799431163817644119e-03
-3.420931287109851837e-03
8.821146911941468716e-04
-3.393598366528749466e-03
-3.090937621891498566e-03
-2.378851640969514847e-03
2.180265029892325401e-03
-2.380068646743893623e-03
-2.751700580120086670e-03
-1.054990920238196850e-03
-3.709633892867714167e-04
-2.207028010161593556e-04
-1.987492898479104042e-03
-3.555617993697524071e-03
1.749286020640283823e-04
-2.246507443487644196e-03
-2.830027602612972260e-03
3.691062098369002342e-03
-2.077993238344788551e-03
-2.902895212173461914e-03
1.686560921370983124e-03
-8.493952918797731400e-04
2.616232028231024742e-03
2.564250957220792770e-03
2.778150519588962197e-05
7.736794213997200131e-05
2.385939471423625946e-03
-7.019340409897267818e-04
2.475921064615249634e-03
2.342690713703632355e-03
9.237467311322689056e-04
-1.769737922586500645e-03
-1.572187640704214573e-03
-2.869088668376207352e-03
3.835282404907047749e-04
1.734403194859623909e-03
6.121631013229489326e-04
-1.805109437555074692e-03
5.675303982570767403e-04
-1.507529173977673054e-03
-2.414257265627384186e-03
3.419304499402642250e-03
-5.739827756769955158e-04
-1.271117944270372391e-03
-1.416732906363904476e-03
-6.614909943891689181e-05
-6.597459432668983936e-04
-3.073051106184720993e-03
2.651975722983479500e-03
-9.573521674610674381e-04
-3.824915736913681030e-03
-2.743548015132546425e-03
-7.628124876646324992e-05
-1.126393792219460011e-03
3.643371863290667534e-03
7.979199872352182865e-04
8.321215136675164104e-05
-2.482012612745165825e-03
-1.496203243732452393e-03
1.935839536599814892e-03
5.017545772716403008e-04
-4.259575798641890287e-04
3.879412775859236717e-03
-3.465706249698996544e-03
-1.081290887668728828e-03
1.422753324732184410e-03
1.795417396351695061e-03
3.265885403379797935e-03
-3.439750289544463158e-03
2.421878307359293103e-04
-1.449478208087384701e-03
2.824704395607113838e-03
-3.652760758996009827e-03
-1.582040451467037201e-03
9.663070086389780045e-04
9.835914243012666702e-04
3.427819581702351570e-03
-2.270986558869481087e-03
-1.670428355282638222e-05
-5.673022242262959480e-04
1.930169994011521339e-03
-1.869038387667387724e-04
3.166794776916503906e-03
2.586041809991002083e-03
-8.931666379794478416e-04
1.343481359072029591e-03
-3.569279098883271217e-03
8.103850996121764183e-04
-2.790959551930427551e-03
-1.173410913906991482e-03
-1.813300303183495998e-03
-2.454803092405200005e-03
1.226910273544490337e-03
3.603365272283554077e-03
2.667952561751008034e-03
2.868268173187971115e-03
-7.371004321612417698e-04
-3.703824942931532860e-03
1.260904711671173573e-03
7.152822217904031277e-05
3.309338120743632317e-03
-1.066890312358736992e-03
1.394339604303240776e-03
-1.891471561975777149e-03
-1.071609789505600929e-03
-2.577464794740080833e-03
-3.801005426794290543e-03
-1.163543274742551148e-04
-3.449069801717996597e-03
2.087379107251763344e-03
2.746811369433999062e-03
1.012195367366075516e-03
-1.826153020374476910e-03
1.767952810041606426e-03
-8.729601395316421986e-04
2.930002519860863686e-03
-3.819195553660392761e-03
-1.735935686156153679e-03
-3.220290178433060646e-03
-1.046713558025658131e-03
2.500429050996899605e-03
3.138803644105792046e-03
1.800177502445876598e-03
3.103702561929821968e-03
1.817955984733998775e-03
3.536635544151067734e-03
-3.109422279521822929e-03
2.022485714405775070e-03
1.591566950082778931e-03
3.349838312715291977e-03
2.292436780408024788e-03
-3.333910834044218063e-03
