-3.523470135405659676e-03
1.470236020395532250e-04
1.028576283715665340e-03
-2.049173926934599876e-03
1.544373924843966961e-03
3.158127190545201302e-03
-6.697009666822850704e-04
-3.818919649347662926e-04
5.107926554046571255e-04
2.625033725053071976e-03
-2.254222519695758820e-03
-1.872158027254045010e-03
-9.240875369869172573e-04
-7.158243679441511631e-04
8.706115186214447021e-04
-1.836219162214547396e-04
1.930080819875001907e-03
1.388552249409258366e-03
-2.858843188732862473e-03
-1.164269750006496906e-03
2.918880200013518333e-03
-1.225860905833542347e-03
1.020683324895799160e-03
-1.198030891828238964e-03
-3.183834953233599663e-03
-6.156795279821380973e-05
-1.113602891564369202e-03
-2.918401965871453285e-03
3.843618324026465416e-03
-7.084545213729143143e-04
-3.633189946413040161e-03
-6.848090561106801033e-05
1.727338763885200024e-03
3.111366182565689087e-03
-1.405179500579833984e-03
1.047473982907831669e-03
-2.267953706905245781e-03
-1.539705903269350529e-03
2.961107238661497831e-04
-1.576104201376438141e-03
-2.238922286778688431e-03
2.455319045111536980e-03
-5.879323580302298069e-04
1.716287224553525448e-03
-1.433300902135670185e-03
-2.153601031750440598e-03
-1.481190207414329052e-03
1.647920813411474228e-03
-6.044500623829662800e-04
3.532031085342168808e-03
-7.826347718946635723e-04
1.616245834156870842e-03
-2.875420264899730682e-03
1.974781043827533722e-03
1.671572681516408920e-04
2.874946858355542645e-08
4.887222312390804291e-04
-1.513487426564097404e-03
-1.232716487720608711e-03
-2.364520449191331863e-03
1.029475941322743893e-03
-3.031047061085700989e-03
2.236252184957265854e-03
-2.547395648434758186e-03
-1.100230379961431026e-03
9.878075215965509415e-04
8.945472072809934616e-04
-5.976863903924822807e-04
-1.822106773033738136e-03
9.262971190082680550e-08
-6.678875652141869068e-04
2.572491997852921486e-03
-2.106879604980349541e-03
-2.137393923476338387e-03
3.840674879029393196e-03
8.636756683699786663e-04
-1.324322191067039967e-03
-3.411741461604833603e-03
1.382697257213294506e-03
1.205687411129474640e-03
-2.851366996765136719e-03
1.249284832738339901e-03
-3.458682913333177567e-03
-2.665987471118569374e-03
-2.399182412773370743e-03
-3.579779062420129776e-03
3.415801795199513435e-03
-1.608758117072284222e-03
-4.364118794910609722e-04
-3.203456988558173180e-03
2.496287634130567312e-04
-3.287975676357746124e-03
-9.793883655220270157e-04
3.329262835904955864e-03
1.350502367131412029e-03
-1.510625705122947693e-03
3.225204069167375565e-03
1.576537266373634338e-03
-2.452541375532746315e-03
-2.497156849130988121e-03
-2.402118872851133347e-03
3.830842673778533936e-03
1.812925096601247787e-03
-3.568282350897789001e-03
-2.681378740817308426e-03
-2.274178434163331985e-03
1.811625319533050060e-03
5.078040703665465117e-05
1.330188126303255558e-03
-2.415909664705395699e-03
-1.171722193248569965e-03
2.691645408049225807e-03
2.179919974878430367e-03
-1.457075588405132294e-03
2.733921399340033531e-03
-1.171911833807826042e-03
-2.867996692657470703e-03
1.434518024325370789e-03
-2.186528872698545456e-03
3.248860826715826988e-03
2.262784691993147135e-04
-1.079084817320108414e-03
-9.718646761029958725e-04
3.086913609877228737e-03
2.458637347444891930e-03
2.010771131608635187e-04
3.562328172847628593e-03
1.317752758041024208e-03
-2.910829149186611176e-03
-1.403528847731649876e-03
-2.857440267689526081e-04
-3.902838332578539848e-03
1.104685710743069649e-03
3.273916896432638168e-03
-1.232823007740080357e-03
-1.267805346287786961e-03
-7.913281442597508430e-04
-2.028517890721559525e-03
3.136893734335899353e-03
2.617637626826763153e-03
-1.400373002979904413e-04
1.125838258303701878e-03
-1.242542522959411144e-03
-2.793023129925131798e-03
-2.555110026150941849e-03
3.162814537063241005e-03
3.667846787720918655e-03
2.795232692733407021e-03
3.059699898585677147e-03
-2.120690885931253433e-03
2.323080552741885185e-04
3.889261046424508095e-03
-4.898423212580382824e-04
-1.393271959386765957e-03
-3.773660631850361824e-03
-1.040211296640336514e-03
3.350891172885894775e-03
-8.817755151540040970e-04
4.586934810504317284e-04
-3.193016164004802704e-04
3.267552703619003296e-03
2.079871017485857010e-03
2.759821712970733643e-03
-1.098907669074833393e-03
-3.311094129458069801e-03
-3.875295631587505341e-03
-1.247925451025366783e-03
-9.057967108674347401e-04
2.909308066591620445e-03
-2.375821117311716080e-03
3.474237862974405289e-03
-7.162619731388986111e-04
-3.669291036203503609e-03
-6.449398933909833431e-04
3.737917868420481682e-03
-3.897160291671752930e-03
2.928453264757990837e-03
8.436045027337968349e-05
6.628854898735880852e-04
-3.862120443955063820e-03
-1.603248645551502705e-03
-3.899076487869024277e-03
-2.615938661620020866e-03
-2.859635511413216591e-03
4.409682151162996888e-05
3.513323375955224037e-03
2.475237008184194565e-03
1.352864317595958710e-03
-1.876000664196908474e-03
2.892785472795367241e-03
-6.798782851547002792e-05
-1.046654768288135529e-03
3.679055953398346901e-03
5.394839099608361721e-04
-3.671933664008975029e-04
2.136472845450043678e-03
2.576528459030669183e-05
-2.753010019659996033e-03
-2.035831799730658531e-03
3.850720357149839401e-03
-2.482393058016896248e-03
-7.887055980972945690e-04
2.120226388797163963e-03
-1.755548524670302868e-03
-1.334755215793848038e-03
-2.823098038788884878e-04
2.538572531193494797e-03
-1.794184907339513302e-03
-3.003685735166072845e-03
-2.693303162232041359e-03
-3.568481653928756714e-03
8.549915510229766369e-04
-1.510471804067492485e-03
4.299036518204957247e-04
-2.282235771417617798e-03
-2.016489859670400620e-03
-2.047179499641060829e-03
-1.180708408355712891e-03
2.187466248869895935e-03
-1.224380335770547390e-03
-6.483365432359278202e-04
-1.907771686092019081e-03
-3.205436514690518379e-03
-3.198064630851149559e-03
-1.407623523846268654e-03
7.913276203908026218e-05
-2.309279050678014755e-03
-4.442482895683497190e-04
2.015181351453065872e-03
-2.605461049824953079e-03
1.786531298421323299e-03
3.072860650718212128e-03
1.234277151525020599e-03
2.658269368112087250e-03
1.848101266659796238e-03
-1.326860743574798107e-03
6.912239477969706059e-04
3.258114214986562729e-03
-1.441836589947342873e-03
-1.893330714665353298e-03
-1.112237572669982910e-03
-2.346348483115434647e-03
2.609394723549485207e-03
2.477987902238965034e-03
1.347174402326345444e-03
-9.792805649340152740e-04
2.774960128590464592e-03
-1.078847330063581467e-03
1.002148783300071955e-04
-4.355287819635123014e-04
3.043543547391891479e-03
3.061966563109308481e-04
4.035698657389730215e-05
-1.159699051640927792e-03
1.822194084525108337e-03
3.081612288951873779e-03
