3.196773817762732506e-03
-1.104563940316438675e-03
-2.879906969610601664e-04
-3.263280494138598442e-03
-1.082249218598008156e-04
3.295656992122530937e-03
-2.718577161431312561e-03
5.370761500671505928e-04
2.008413895964622498e-03
1.281209406442940235e-04
7.451821584254503250e-04
-1.492233015596866608e-03
3.713495680131018162e-04
-1.478736172430217266e-03
1.339567010290920734e-03
2.068010158836841583e-03
-3.205394139513373375e-03
2.520043402910232544e-03
-2.795419422909617424e-03
-3.337633796036243439e-03
-2.588797651696950197e-04
5.331624415703117847e-04
2.993362140841782093e-04
-3.582049859687685966e-03
-2.810299629345536232e-03
-3.063139971345663071e-03
1.668863813392817974e-03
2.639180747792124748e-04
-7.058635237626731396e-04
-3.725109389051795006e-03
-1.325502671534195542e-04
3.852501278743147850e-03
3.057524794712662697e-03
2.355682430788874626e-03
3.610779764130711555e-03
2.886120229959487915e-03
1.856965973274782300e-04
-2.683772007003426552e-03
-1.709618489257991314e-03
2.951395581476390362e-04
-8.687872905284166336e-04
2.654128707945346832e-03
-2.381680824328213930e-04
-1.514795469120144844e-03
1.232022419571876526e-03
1.455357414670288563e-03
1.413081656210124493e-03
-3.855027724057435989e-03
-1.298991497606039047e-03
2.589147305116057396e-03
9.240424842573702335e-04
2.165731973946094513e-03
-2.178886206820607185e-03
-3.214385127648711205e-03
-1.875972724519670010e-03
2.030354226008057594e-03
2.715391106903553009e-03
-1.433807425200939178e-03
2.578262647148221731e-04
-2.390783745795488358e-03
-3.905430901795625687e-03
3.629158716648817062e-03
-1.861582626588642597e-03
-1.446372829377651215e-03
2.151195425540208817e-03
-8.848494035191833973e-04
1.968380296602845192e-03
-1.526322681456804276e-03
3.285396611317992210e-03
2.970821456983685493e-03
2.003168221563100815e-03
3.459562547504901886e-03
-3.679783185361884534e-05
-6.717522046528756618e-05
-2.540830464567989111e-04
-3.134952392429113388e-03
-3.128411481156945229e-03
1.845855731517076492e-03
3.017871873453259468e-03
2.000093692913651466e-03
-8.649426745250821114e-04
-2.006472786888480186e-03
-1.880457042716443539e-03
-2.317569218575954437e-03
1.592167653143405914e-03
-1.560446457006037235e-03
2.243591938167810440e-03
-3.711809869855642319e-03
-1.704688416793942451e-03
6.340484251268208027e-04
1.252080197446048260e-03
2.380882389843463898e-03
-2.633568597957491875e-03
-3.488300135359168053e-04
9.535849094390869141e-04
-9.416032116860151291e-05
2.529304940253496170e-03
2.368995221331715584e-03
1.238323049619793892e-03
-2.784899901598691940e-03
-5.451924516819417477e-04
-9.341235854662954807e-04
-2.486632205545902252e-03
-1.704686670564115047e-03
2.875194419175386429e-03
2.618185942992568016e-03
-3.850111039355397224e-03
2.748075872659683228e-03
-2.615496749058365822e-03
-6.389089394360780716e-04
1.395453582517802715e-03
-2.754992572590708733e-03
2.304416149854660034e-03
1.051132334396243095e-03
-1.911759492941200733e-03
-7.278103148564696312e-04
2.947292756289243698e-03
3.579630283638834953e-04
-1.280109630897641182e-03
-2.615461358800530434e-03
-3.349645063281059265e-03
3.045934950932860374e-03
-3.280879231169819832e-03
2.500884234905242920e-03
-3.785342443734407425e-03
1.597356284037232399e-03
-3.077979665249586105e-03
-2.502794610336422920e-03
3.774821292608976364e-03
2.867746632546186447e-03
-3.658692367025651038e-05
-1.358566340059041977e-03
2.836398081853985786e-03
7.040061173029243946e-04
-1.379473600536584854e-03
2.563472604379057884e-03
-2.494176616892218590e-03
-2.082330174744129181e-03
-2.214094158262014389e-03
-2.689378161448985338e-04
-6.888406933285295963e-04
-2.891550539061427116e-03
-4.909801064059138298e-04
-3.249653091188520193e-04
-8.538326947018504143e-04
3.564935876056551933e-03
-1.827686792239546776e-04
-3.341478295624256134e-03
-1.591062289662659168e-03
2.971640322357416153e-03
7.229337352328002453e-04
2.104105195030570030e-03
1.769064110703766346e-03
-6.802972638979554176e-04
1.616177381947636604e-03
1.323836622759699821e-03
3.628772217780351639e-03
-2.374763425905257463e-04
1.417865423718467355e-04
-1.756725017912685871e-03
-1.369554083794355392e-03
3.778210884775035083e-05
-9.543065680190920830e-04
9.989039972424507141e-04
1.132061355747282505e-03
-3.568742424249649048e-03
2.806992037221789360e-03
3.869310952723026276e-03
-1.604327699169516563e-03
3.398888045921921730e-03
-5.034978385083377361e-04
-2.237596549093723297e-03
1.918341265991330147e-03
1.705561648122966290e-03
3.701059380546212196e-03
-3.739100648090243340e-03
2.513224724680185318e-03
1.260992372408509254e-03
-2.826419658958911896e-03
-2.981003839522600174e-03
-3.648165380582213402e-03
2.112142741680145264e-03
2.654819516465067863e-03
3.206975816283375025e-04
-1.609571394510567188e-03
2.287718467414379120e-03
2.553410828113555908e-03
-5.590589134953916073e-04
1.216813921928405762e-03
2.514404244720935822e-03
-2.753623994067311287e-03
1.238884520716965199e-03
-1.307029306190088391e-04
2.962749917060136795e-03
3.265854902565479279e-03
2.575964666903018951e-03
5.645044730044901371e-04
-2.511650556698441505e-03
-5.312935099937021732e-04
2.538740867748856544e-03
-9.268419235013425350e-04
6.912548560649156570e-04
-8.291436824947595596e-04
2.974656643345952034e-03
3.223155625164508820e-03
-2.499996451660990715e-03
-2.178984927013516426e-03
-2.203406067565083504e-03
2.331150230020284653e-03
-3.146154631394892931e-04
2.007530070841312408e-03
-1.771707087755203247e-03
2.330115297809243202e-03
-1.516843214631080627e-03
-3.104728413745760918e-03
8.888777229003608227e-04
1.518572564236819744e-03
-2.113291993737220764e-03
1.179706188850104809e-03
2.898290986195206642e-03
2.105012768879532814e-03
2.164263743907213211e-03
-3.523092716932296753e-03
2.512181643396615982e-03
2.089769113808870316e-03
-1.373933977447450161e-03
-7.217947131721302867e-05
-1.039930575643666089e-04
3.535123309120535851e-03
-9.032881353050470352e-04
1.771436771377921104e-03
-1.161463558673858643e-03
9.574588038958609104e-04
-3.827514359727501869e-03
2.620575251057744026e-03
7.167208241298794746e-04
2.664455678313970566e-03
-7.462272333214059472e-05
3.588506719097495079e-03
-1.964558381587266922e-03
-2.014893107116222382e-03
3.895096480846405029e-03
8.281807531602680683e-04
-9.891004301607608795e-04
-9.207400726154446602e-04
-1.715678954496979713e-03
-1.509973895736038685e-03
-2.802854869514703751e-03
-6.414998788386583328e-04
-3.113438375294208527e-03
-2.758090617135167122e-03
-2.701697405427694321e-03
-1.216110074892640114e-03
2.575891558080911636e-03
1.115931430831551552e-03
-3.071697894483804703e-03
