-1.267325831577181816e-03
-2.833040896803140640e-03
-1.971761666936799884e-04
3.700471017509698868e-03
3.256586613133549690e-03
-3.241672413423657417e-03
1.618394016986712813e-04
-2.466176869347691536e-03
-3.271823748946189880e-03
3.227343084290623665e-03
1.578548573888838291e-03
-2.911090385168790817e-03
3.021323354914784431e-03
-1.658306806348264217e-03
1.328846905380487442e-03
-2.327351365238428116e-03
-2.112471964210271835e-03
2.575437771156430244e-03
1.215970376506447792e-03
-1.289329142309725285e-03
2.598513849079608917e-03
3.217408433556556702e-03
3.904402838088572025e-04
2.282801782712340355e-03
2.303054789081215858e-03
2.469380153343081474e-03
-6.747679435648024082e-04
2.273899917781818658e-05
-2.899268874898552895e-03
1.023865625029429793e-04
-1.647560857236385345e-03
9.364364086650311947e-04
1.000578748062252998e-03
-4.840930341742932796e-04
-3.338560694828629494e-03
1.926376251503825188e-03
6.157891475595533848e-04
8.205688791349530220e-04
8.211553795263171196e-04
3.530193120241165161e-03
2.371526556089520454e-03
2.635027514770627022e-03
5.705700605176389217e-04
1.787510584108531475e-03
4.182579577900469303e-04
1.405126764439046383e-03
-2.530794125050306320e-03
1.228565932251513004e-03
-2.771348459646105766e-03
-1.516795251518487930e-03
-1.625457662157714367e-03
2.954239957034587860e-03
-2.303807996213436127e-04
3.323675831779837608e-03
-2.574935788288712502e-03
-3.067867131903767586e-03
2.766674850136041641e-03
-3.811428090557456017e-03
-2.652386436238884926e-03
2.197125926613807678e-03
1.546227023936808109e-03
-2.675739116966724396e-03
8.258481975644826889e-04
1.692667021416127682e-03
-3.714171238243579865e-03
2.947001717984676361e-03
-3.257929813116788864e-03
3.045511199161410332e-03
-2.320165047422051430e-03
-1.980780623853206635e-03
-9.184538503177464008e-04
-7.557278149761259556e-05
-2.790299477055668831e-03
-2.458951435983181000e-03
-2.288728253915905952e-03
1.372641767375171185e-03
1.606360892765223980e-03
3.403755137696862221e-03
-1.782072009518742561e-03
-2.975426847115159035e-03
-3.625274635851383209e-03
3.325815778225660324e-04
3.841233905404806137e-03
3.562096506357192993e-03
8.104935986921191216e-04
-2.005464397370815277e-03
-2.734656678512692451e-03
-3.892360953614115715e-03
6.332130869850516319e-04
2.700565615668892860e-03
-6.528356461785733700e-04
2.299326239153742790e-03
3.519601654261350632e-03
-3.289490938186645508e-03
1.917120884172618389e-03
-5.597669514827430248e-04
3.786753630265593529e-03
-2.634262666106224060e-03
1.942560891620814800e-03
1.781444647349417210e-03
-3.559166565537452698e-03
2.234549960121512413e-03
-1.221365178935229778e-03
2.969311550259590149e-03
3.870111424475908279e-03
3.820739220827817917e-03
2.436307026073336601e-03
1.220256439410150051e-03
1.527316751889884472e-03
-1.439450425095856190e-03
-1.806033687898889184e-04
-1.476466306485235691e-03
-1.461298670619726181e-03
-2.477821893990039825e-03
1.441603642888367176e-03
-3.049813676625490189e-03
1.409490942023694515e-03
-3.753849072381854057e-03
-2.084121806547045708e-03
-1.623259857296943665e-03
3.654110012575984001e-03
-2.590558724477887154e-04
2.343174535781145096e-03
2.635368437040597200e-04
1.741439686156809330e-03
-3.630805527791380882e-03
2.999820280820131302e-03
1.141595421358942986e-03
2.360750921070575714e-03
3.054102184250950813e-03
2.403637161478400230e-03
1.649096957407891750e-03
8.621175074949860573e-04
4.657640820369124413e-04
1.524330000393092632e-03
-1.742310589179396629e-03
-4.698201664723455906e-04
-2.549970522522926331e-03
-2.675353549420833588e-03
2.636345743667334318e-04
4.070481809321790934e-04
3.834055038169026375e-03
-1.274390611797571182e-03
8.928407332859933376e-04
-1.415859424014342949e-05
-2.641082275658845901e-03
-3.178572282195091248e-03
2.362060360610485077e-03
-1.949617406353354454e-03
2.007701201364398003e-03
-1.173749915324151516e-03
-3.702385583892464638e-03
1.849257736466825008e-03
2.619465813040733337e-04
2.882115542888641357e-03
-1.943501527421176434e-03
7.852295675547793508e-05
3.905514953657984734e-03
1.947331940755248070e-03
1.962584676221013069e-03
2.352564828470349312e-03
2.259309403598308563e-03
1.346312928944826126e-03
-2.978643635287880898e-03
-1.799701014533638954e-03
-2.906281268224120140e-03
2.983097685500979424e-03
-7.219395483843982220e-04
3.332398831844329834e-03
-2.554398961365222931e-03
8.962764986790716648e-04
9.295868221670389175e-04
-2.629142953082919121e-03
-2.101755701005458832e-03
-3.860524157062172890e-03
-1.461348030716180801e-03
1.178334932774305344e-03
-8.299982437165454030e-05
1.796485506929457188e-03
-3.363710129633545876e-04
3.185690613463521004e-03
2.668227534741163254e-03
-3.835184965282678604e-03
1.174316159449517727e-03
5.074484506621956825e-04
-1.533737231511622667e-04
-3.483340376988053322e-03
-9.251859737560153008e-04
3.321159747429192066e-04
-2.993849630001932383e-04
-2.465114230290055275e-03
-1.937864581122994423e-03
3.202117281034588814e-03
-3.816306707449257374e-04
-1.534973853267729282e-03
2.157864859327673912e-03
-7.998777437023818493e-05
1.095012412406504154e-03
-2.206374425441026688e-03
-5.643171607516705990e-04
5.268626846373081207e-04
2.769857179373502731e-03
-3.897998249158263206e-03
-3.213543212041258812e-03
-7.785718480590730906e-05
4.477636539377272129e-04
-2.907036803662776947e-03
-1.703005633316934109e-03
1.790626323781907558e-03
3.423966467380523682e-03
-1.104950555600225925e-03
2.025021472945809364e-03
-3.024128032848238945e-03
-3.508825786411762238e-03
2.323378343135118484e-03
1.919197849929332733e-03
1.105706905946135521e-03
3.768605645745992661e-03
2.288886113092303276e-03
6.601116911042481661e-05
3.801748855039477348e-03
-1.390791963785886765e-03
-1.756225479766726494e-03
3.876425093039870262e-03
-8.344481466338038445e-04
-3.630998777225613594e-03
-4.390401591081172228e-04
-4.698680713772773743e-04
-9.277308126911520958e-04
-3.065220371354371309e-04
-9.046152117662131786e-04
1.942576840519905090e-03
-6.435549585148692131e-05
-5.818877252750098705e-04
-3.454592078924179077e-04
1.388034783303737640e-03
5.690433317795395851e-04
-1.648829667828977108e-03
1.233822782523930073e-03
1.244136597961187363e-03
-3.457562997937202454e-03
-3.823301522061228752e-03
2.303010784089565277e-03
1.409146003425121307e-03
-2.174657303839921951e-03
-3.702894086018204689e-03
-2.513317624107003212e-03
2.627006266266107559e-03
7.802731124684214592e-04
-1.012251814245246351e-04
1.805709325708448887e-03
2.806621836498379707e-03
1.189155271276831627e-03
-2.055094111710786819e-03
-1.106788753531873226e-03
3.224250162020325661e-03
