1.045351848006248474e-03
1.277279225178062916e-03
-2.994262147694826126e-03
7.349379011429846287e-04
1.034079701639711857e-03
3.020252333953976631e-03
-3.222623607143759727e-03
3.638600232079625130e-03
4.217250389046967030e-04
3.128136740997433662e-03
-1.633183564990758896e-03
2.272730227559804916e-03
2.947077387943863869e-03
-3.467873204499483109e-03
1.774910255335271358e-03
2.299475250765681267e-03
-2.748142927885055542e-03
2.457367721945047379e-03
2.392255701124668121e-04
-8.026114082895219326e-04
2.882996806874871254e-03
2.766201214399188757e-04
3.257993841543793678e-03
-4.246540484018623829e-04
-1.213060226291418076e-03
-1.311993924900889397e-03
-2.441157819703221321e-03
2.295015379786491394e-03
-3.457007696852087975e-03
2.449996070936322212e-03
-2.832730766385793686e-03
-1.454837271012365818e-03
1.250325585715472698e-03
2.775176195427775383e-03
-3.725269110873341560e-03
-3.730059368535876274e-03
-2.502572489902377129e-03
-1.962046138942241669e-03
1.034615444950759411e-03
2.581814071163535118e-03
6.178969633765518665e-04
2.566421462688595057e-04
-1.020358758978545666e-03
-1.306760386796668172e-04
2.808797173202037811e-03
1.996822422370314598e-03
-9.615345625206828117e-04
2.546790288761258125e-03
3.771983552724123001e-03
-3.597371513023972511e-03
2.487994497641921043e-03
2.451615000609308481e-04
7.016758900135755539e-05
-5.038224626332521439e-04
3.417645813897252083e-03
-1.100939698517322540e-03
-3.021649783477187157e-03
2.276074141263961792e-03
-1.471614930778741837e-03
3.664924064651131630e-03
-3.012846689671278000e-03
2.250792924314737320e-03
3.374511376023292542e-03
2.823824295774102211e-03
-2.011692617088556290e-03
2.422210294753313065e-03
-1.276740513276308775e-04
-1.696607680059969425e-03
-1.748654060065746307e-03
3.890136256814002991e-03
2.167463069781661034e-03
-1.761960331350564957e-03
-7.968845311552286148e-04
-1.446666079573333263e-03
1.369760022498667240e-03
2.399453514954075217e-04
5.097018438391387463e-04
3.553052432835102081e-03
-5.930706975050270557e-04
-3.854424692690372467e-03
1.178204198367893696e-03
4.845024668611586094e-04
6.098530138842761517e-04
-2.873740391805768013e-03
-3.343457588925957680e-03
1.852711313404142857e-03
8.091620402410626411e-04
1.316943904384970665e-03
3.970252582803368568e-04
2.043908316409215331e-04
3.451470111031085253e-04
2.576020080596208572e-03
1.181337502202950418e-04
1.342976698651909828e-03
3.515202319249510765e-03
2.894907258450984955e-03
-5.426250863820314407e-04
2.706565661355853081e-03
5.398461944423615932e-04
2.163115423172712326e-03
1.814822317101061344e-04
-7.883359794504940510e-04
-2.799116773530840874e-03
2.876711310818791389e-03
-2.921354025602340698e-03
1.147853792645037174e-03
1.100988243706524372e-03
-2.340561186429113150e-04
-3.508337540552020073e-03
-2.161959186196327209e-03
3.641014918684959412e-03
-2.457835478708148003e-03
-2.008294221013784409e-03
2.620124956592917442e-03
-3.417450468987226486e-03
-1.680512097664177418e-03
1.564149046316742897e-03
3.619602415710687637e-03
-2.284492133185267448e-03
3.463998902589082718e-03
-3.497455269098281860e-03
-3.316284855827689171e-03
3.295689588412642479e-03
-1.613915665075182915e-03
2.574029145762324333e-03
3.175913356244564056e-03
-2.385010709986090660e-03
2.761304611340165138e-03
1.683518872596323490e-03
3.983116184826940298e-04
-4.228989128023386002e-04
-2.821541624143719673e-03
-1.917186891660094261e-03
-7.985550328157842159e-04
2.745073288679122925e-03
1.937024411745369434e-03
2.790340920910239220e-03
-3.285432001575827599e-03
3.122830457868985832e-05
-2.651208778843283653e-03
-2.268246142193675041e-03
-1.676975400187075138e-03
2.398563083261251450e-03
-9.741527610458433628e-04
-1.593568362295627594e-03
2.611771691590547562e-03
2.214960521087050438e-03
3.396002342924475670e-03
-3.137332154437899590e-03
-6.438387208618223667e-04
-1.638597459532320499e-03
3.660140093415975571e-03
-2.566019771620631218e-03
2.194936620071530342e-03
-3.564649659892893396e-06
9.096251451410353184e-04
2.023229142650961876e-03
3.799477126449346542e-03
-2.834149636328220367e-03
3.708248492330312729e-03
2.964241197332739830e-03
6.354593788273632526e-04
-3.289224347099661827e-03
-3.844944993034005165e-03
-2.266970928758382797e-03
1.424727728590369225e-03
6.980750913498923182e-05
-2.464979188516736031e-03
-8.859334629960358143e-04
6.951099494472146034e-04
-8.718793978914618492e-04
2.905447909142822027e-04
6.991432746872305870e-04
-3.071109764277935028e-03
-3.698425600305199623e-03
1.737932092510163784e-03
3.627419355325400829e-04
2.905596978962421417e-03
1.024360535666346550e-03
-2.516039181500673294e-03
-1.404652837663888931e-03
2.284981455886736512e-04
6.865391042083501816e-04
3.573225578293204308e-03
1.727097551338374615e-03
2.394841052591800690e-03
-1.065119286067783833e-03
2.074698451906442642e-03
3.570100525394082069e-03
-2.248468575999140739e-03
-1.772870658896863461e-03
-2.289721742272377014e-03
3.358248155564069748e-03
-3.808496054261922836e-03
-3.070394741371273994e-03
1.630797865800559521e-03
2.958445576950907707e-03
3.737115766853094101e-03
-3.018388058990240097e-03
4.970221198163926601e-04
-3.126033581793308258e-03
1.196069759316742420e-03
2.476093359291553497e-04
-9.802937274798750877e-04
-2.513241022825241089e-03
1.843281905166804790e-03
3.367987461388111115e-03
-1.252539921551942825e-03
-3.740976564586162567e-03
-1.124308910220861435e-03
2.052689203992486000e-03
-1.912063569761812687e-03
2.344889566302299500e-03
-1.984864939004182816e-03
2.013067714869976044e-03
2.663466846570372581e-03
1.605157158337533474e-03
1.103436341509222984e-03
2.543333219364285469e-03
5.490466137416660786e-04
1.451862161047756672e-03
-4.277458938304334879e-04
-2.576902334112673998e-04
-3.627367317676544189e-03
2.871365286409854889e-03
-2.368506742641329765e-03
2.703721984289586544e-04
1.546226092614233494e-03
-2.725139260292053223e-03
2.867894014343619347e-03
2.353818445044453256e-06
2.312683267518877983e-03
3.463800065219402313e-03
3.615177934989333153e-03
2.184687415137887001e-03
1.985833980143070221e-03
8.518542163074016571e-04
-1.164586748927831650e-03
-2.434492576867341995e-03
2.082702703773975372e-03
-9.364828292746096849e-05
-1.346765784546732903e-03
1.046313205733895302e-03
-3.439178224653005600e-03
2.586826449260115623e-03
-2.118491102010011673e-03
-1.833687070757150650e-03
-1.659617875702679157e-03
2.743684744928032160e-04
3.243402112275362015e-03
-3.788436064496636391e-03
-2.891187323257327080e-03
-2.596025820821523666e-03
7.794723205734044313e-05
-3.463063854724168777e-03
-7.443738868460059166e-04
