3.669388242997229099e-04
-1.975236518774181604e-04
2.648731460794806480e-03
-2.603488508611917496e-03
-1.656190870562568307e-04
1.124249887652695179e-03
2.579818479716777802e-03
3.427790943533182144e-03
-2.836334053426980972e-03
2.693522255867719650e-03
-3.453883109614253044e-03
8.580625290051102638e-04
-4.335260600782930851e-04
2.980770659632980824e-04
1.883604913018643856e-03
-3.763852175325155258e-03
3.220406360924243927e-03
-9.418244007974863052e-04
-8.518974063917994499e-04
-1.094765844754874706e-03
3.720783861353993416e-04
1.619176240637898445e-03
-9.375045774504542351e-04
-2.938582794740796089e-03
-2.260509878396987915e-03
7.297770935110747814e-04
-1.900884206406772137e-03
-2.970463130623102188e-03
2.789208199828863144e-03
3.226214088499546051e-03
1.747202477417886257e-04
3.833214519545435905e-03
2.408480271697044373e-03
1.041531097143888474e-03
2.321719512110576034e-05
1.203381340019404888e-03
1.967054558917880058e-03
-2.598890801891684532e-03
-1.607479411177337170e-03
-4.246185126248747110e-04
-1.955042098416015506e-04
2.356446115300059319e-03
-7.297039846889674664e-04
2.508198143914341927e-03
1.158269937150180340e-03
-3.146295202895998955e-03
-7.536333287134766579e-04
1.419924548827111721e-03
-4.159991804044693708e-04
-3.847713582217693329e-03
-1.878463197499513626e-03
1.720818807370960712e-03
-3.636278444901108742e-03
1.169395633041858673e-03
2.387399785220623016e-03
-7.583895931020379066e-04
4.070952127221971750e-04
-3.707576543092727661e-03
3.065067576244473457e-03
2.355030155740678310e-04
1.400674926117062569e-03
3.247267333790659904e-03
4.537970526143908501e-04
-5.231320392340421677e-04
3.846643958240747452e-03
-3.564564976841211319e-03
2.553508849814534187e-03
8.156352560035884380e-04
2.089079236611723900e-03
-2.669458277523517609e-03
-3.425668459385633469e-03
3.625707235187292099e-03
1.143033034168183804e-03
-1.755252480506896973e-03
-1.305366400629281998e-03
-1.447456306777894497e-03
-1.420640270225703716e-03
-8.639044244773685932e-04
-2.055899240076541901e-03
-1.104541704989969730e-03
-2.317506587132811546e-03
-7.543586543761193752e-04
-1.056555658578872681e-03
2.715504728257656097e-03
2.915796358138322830e-03
6.159979966469109058e-04
-2.679078839719295502e-03
-2.750207437202334404e-03
4.624652210623025894e-04
1.740473206155002117e-03
6.847002659924328327e-04
3.172830212861299515e-03
1.547832507640123367e-03
-2.078964840620756149e-03
2.766346733551472425e-04
-1.680739922448992729e-03
1.000773743726313114e-03
2.230023266747593880e-03
-2.236571628600358963e-03
-1.078258152119815350e-03
-3.540804143995046616e-03
2.699387026950716972e-03
-2.328954287804663181e-04
-3.441896289587020874e-03
-3.545564599335193634e-03
-1.043411786668002605e-03
-1.496868906542658806e-03
-9.928820654749870300e-04
2.491108840331435204e-03
-3.197953337803483009e-03
3.788887755945324898e-03
2.429401269182562828e-03
1.804022584110498428e-03
1.466941903345286846e-03
-1.289114705286920071e-03
-3.678695531561970711e-03
-2.972763963043689728e-03
-1.024681114358827472e-04
1.047379191732034087e-04
3.218118799850344658e-03
2.087856410071253777e-03
-2.306999638676643372e-03
-2.401824807748198509e-03
1.786040491424500942e-03
-3.363406518474221230e-03
-7.590274326503276825e-04
-3.681533038616180420e-03
2.131387125700712204e-03
-2.013452816754579544e-03
-1.881419564597308636e-03
-3.317930735647678375e-03
1.449535484425723553e-04
7.400850299745798111e-04
1.346360542811453342e-03
-3.642004681751132011e-03
-1.644119038246572018e-03
3.878917777910828590e-03
-1.034420449286699295e-03
5.411545862443745136e-04
3.767048008739948273e-03
-2.005519345402717590e-03
-3.575583978090435266e-04
-2.304495545104146004e-03
-2.905002038460224867e-04
-3.224294399842619896e-03
-2.241137903183698654e-03
-1.669555087573826313e-03
-8.912227349355816841e-04
-1.409095129929482937e-03
-9.625849197618663311e-04
-3.380987327545881271e-03
-1.272388501092791557e-03
1.647294266149401665e-03
-3.203595988452434540e-03
-2.318895189091563225e-03
5.159256979823112488e-04
-2.114825183525681496e-03
-3.856641938909888268e-03
-2.366227563470602036e-03
1.386342803016304970e-03
-7.446988020092248917e-04
2.292326651513576508e-03
-5.548496264964342117e-04
-3.098402172327041626e-03
1.208490539283957332e-05
3.034512978047132492e-03
-2.940007485449314117e-03
-3.572201123461127281e-03
-2.494348678737878799e-03
-3.413559868931770325e-03
4.517430206760764122e-04
1.731331925839185715e-03
8.813992608338594437e-04
-3.293169662356376648e-03
2.138927346095442772e-03
-2.959587145596742630e-03
-2.056256198557093740e-05
-3.740815678611397743e-03
3.329324536025524139e-03
2.842569723725318909e-03
2.606805413961410522e-03
2.510148799046874046e-03
-1.184045453555881977e-03
-2.867232775315642357e-03
1.770712435245513916e-03
-3.862342797219753265e-03
1.258078729733824730e-03
-3.198174759745597839e-03
9.779126849025487900e-04
2.748431405052542686e-03
-3.910862840712070465e-03
1.999478088691830635e-03
1.038684858940541744e-04
1.149547402746975422e-03
-3.312241984531283379e-03
-2.216787775978446007e-03
-1.530936919152736664e-03
-9.982715127989649773e-04
-9.301027166657149792e-04
3.883121535181999207e-03
1.030614599585533142e-03
3.368221921846270561e-03
1.596769667230546474e-03
1.496492477599531412e-04
1.617251196876168251e-03
2.180627547204494476e-03
1.447565620765089989e-03
4.458363109733909369e-04
-1.981875160709023476e-03
2.866778988391160965e-03
-3.597232745960354805e-03
3.870141808874905109e-04
7.519993814639747143e-04
-2.898015547543764114e-03
-2.200173330493271351e-04
3.858912969008088112e-03
-2.802404807880520821e-03
2.264966955408453941e-03
2.042561303824186325e-03
-2.485263859853148460e-03
2.721318043768405914e-03
-2.723739016801118851e-03
1.793508534319698811e-03
-3.279973287135362625e-03
-8.414270705543458462e-04
4.368963127490133047e-04
8.215106208808720112e-04
2.655022544786334038e-03
-3.341430565342307091e-03
3.857716917991638184e-03
-6.331943441182374954e-04
2.618019236251711845e-03
1.642008079215884209e-03
2.525901654735207558e-03
-1.234169234521687031e-03
-1.848780433647334576e-03
2.916211495175957680e-03
2.052055497188121080e-04
1.474106451496481895e-03
7.998335640877485275e-04
-3.839460841845721006e-04
-2.624776912853121758e-03
-8.099218830466270447e-04
2.350119408220052719e-03
5.575985996983945370e-04
-1.558813732117414474e-03
3.874780843034386635e-03
-4.536987980827689171e-04
1.838410389609634876e-03
-2.241252688691020012e-03
-3.015144029632210732e-03
-5.154868704266846180e-04
2.272367244586348534e-03
-1.513724448159337044e-03
-1.049632905051112175e-03
6.779350223951041698e-04
