2.791575621813535690e-03
-3.510031383484601974e-03
3.569750406313687563e-04
1.865184050984680653e-03
-2.917313948273658752e-03
1.177287776954472065e-03
-9.483654866926372051e-04
3.214873606339097023e-03
3.889475483447313309e-03
4.204291908536106348e-04
-1.352107734419405460e-03
-2.477795118466019630e-03
-2.370642730966210365e-03
4.473064909689128399e-04
1.364675350487232208e-03
-2.383657265454530716e-04
3.243878483772277832e-03
3.781063249334692955e-03
2.494872780516743660e-03
7.387716905213892460e-04
-3.922245232388377190e-04
-5.877867224626243114e-04
-3.444114932790398598e-03
-2.370459027588367462e-03
-3.543162485584616661e-03
8.550083730369806290e-04
3.447344060987234116e-03
3.567500272765755653e-03
2.243251306936144829e-03
-3.076111432164907455e-03
1.579813077114522457e-03
-9.320660610683262348e-04
-2.413927722955122590e-04
2.037217607721686363e-03
1.101294648833572865e-03
2.259100088849663734e-03
6.435865070670843124e-04
1.612203923286870122e-04
2.377494471147656441e-03
-3.830834990367293358e-03
-1.224151114001870155e-03
-3.285981714725494385e-03
1.286519924178719521e-03
-2.743264660239219666e-03
-9.125364595092833042e-04
3.107283962890505791e-03
1.515780342742800713e-03
3.422295907512307167e-03
-1.496357610449194908e-03
-5.159756619832478464e-05
2.866795985028147697e-03
1.926852623000741005e-03
1.654942519962787628e-03
2.560470718890428543e-03
-5.492205382324755192e-04
-5.553047521971166134e-04
-3.204214153811335564e-03
2.015248173847794533e-03
-3.788618370890617371e-03
-1.048299018293619156e-03
-2.512459410354495049e-03
-6.712931790389120579e-04
2.925460925325751305e-03
2.021774183958768845e-03
-1.945568365044891834e-03
-2.475593937560915947e-03
-1.206607630592770875e-04
1.033103217196185142e-05
-3.154640784487128258e-03
2.911518095061182976e-03
-6.002010195516049862e-04
2.944207750260829926e-03
-1.187796515296213329e-04
-1.245767925865948200e-03
3.524323226884007454e-03
9.227408445440232754e-04
8.906329749152064323e-04
-5.377076449804008007e-04
-4.935318720526993275e-04
1.579862786456942558e-03
-2.289803232997655869e-03
-8.572828373871743679e-04
3.816190408542752266e-03
-2.386878011748194695e-03
-2.857142128050327301e-03
-3.878180636093020439e-03
1.090703532099723816e-03
-2.048354363068938255e-03
-2.713067806325852871e-04
1.870732172392308712e-03
-3.325937781482934952e-03
2.011071424931287766e-03
-8.081653504632413387e-04
-1.144551439210772514e-03
1.493309391662478447e-03
1.703786198049783707e-03
5.003428086638450623e-04
-2.408604836091399193e-03
-2.232074737548828125e-03
-3.789431182667613029e-03
2.346554072573781013e-03
-2.262465422973036766e-04
-2.433497225865721703e-03
3.191275289282202721e-03
3.088490804657340050e-03
-3.513082163408398628e-03
3.229107707738876343e-03
6.675131735391914845e-04
1.589381601661443710e-03
-2.025189576670527458e-03
-2.828762866556644440e-03
2.106773434206843376e-03
-5.275424337014555931e-04
-2.161767100915312767e-03
-5.243414780125021935e-04
3.002548590302467346e-03
1.077374443411827087e-03
1.166973030194640160e-03
-3.853043774142861366e-03
-1.819326571421697736e-04
-9.871548973023891449e-04
-7.094971369951963425e-04
-1.920677954331040382e-03
-9.797387756407260895e-04
-1.010033418424427509e-03
1.808052300475537777e-03
-6.477712886407971382e-04
3.377894638106226921e-03
-3.101916750892996788e-03
9.374563815072178841e-04
9.442720911465585232e-04
5.274515715427696705e-04
9.468380594626069069e-04
-3.437550505623221397e-03
9.338819072581827641e-04
7.692938088439404964e-04
1.990058925002813339e-03
1.827816886361688375e-04
-1.774614065652713180e-04
3.181807929649949074e-03
2.892101882025599480e-03
1.020971685647964478e-03
5.235077114775776863e-04
3.540596226230263710e-03
-2.054712735116481781e-03
-1.770413946360349655e-03
-3.309786552563309669e-03
1.014003530144691467e-03
1.433322089724242687e-03
2.104939776472747326e-04
3.713615296874195337e-04
1.877061906270682812e-03
-8.863839320838451385e-04
-3.589243395254015923e-03
3.776751458644866943e-03
1.953131286427378654e-04
-3.112245351076126099e-03
-8.387230336666107178e-04
-3.791340626776218414e-03
9.526326903142035007e-05
3.718134481459856033e-03
2.326299436390399933e-04
-3.160447115078568459e-03
-6.018163403496146202e-04
-2.223359653726220131e-03
-2.014573896303772926e-03
-1.231415662914514542e-03
-2.478264039382338524e-03
-8.134655072353780270e-04
-9.253961616195738316e-04
-2.058381680399179459e-03
4.919499624520540237e-04
1.772078452631831169e-03
-1.329307327978312969e-03
3.536242060363292694e-03
2.063267675112001598e-05
-8.798475610092282295e-04
3.137281164526939392e-03
-2.396698808297514915e-03
9.903304453473538160e-05
2.760376781225204468e-03
-9.499457664787769318e-04
6.255209445953369141e-04
-1.304661971516907215e-03
-2.419499447569251060e-03
-5.935964873060584068e-04
1.890177605673670769e-03
-1.269510830752551556e-04
6.013516103848814964e-04
-2.986183855682611465e-03
2.552652033045887947e-03
-3.826424945145845413e-04
1.571990665979683399e-03
-3.044066950678825378e-03
-3.250106703490018845e-03
3.016126574948430061e-03
-1.509341294877231121e-03
-2.794423373416066170e-03
-1.538199605420231819e-03
-2.619976876303553581e-04
6.046281196177005768e-04
-3.658263478428125381e-03
5.340736242942512035e-04
-1.496691373176872730e-03
9.527003276161849499e-04
7.485207752324640751e-04
2.525334712117910385e-03
-3.741566615644842386e-04
-9.252432500943541527e-04
-3.032726002857089043e-03
-3.793139243498444557e-03
1.366508775390684605e-03
-7.103994721546769142e-04
-3.390780882909893990e-03
-2.592565957456827164e-03
-2.582508837804198265e-03
-1.077318680472671986e-03
2.947745844721794128e-03
3.026514779776334763e-03
-3.672670340165495872e-03
-3.042932366952300072e-03
-3.767435438930988312e-03
6.626749382121488452e-05
-1.063530682586133480e-03
2.667765133082866669e-03
1.420596265234053135e-03
-3.846687730401754379e-03
-1.048223930411040783e-03
1.779736368916928768e-03
-2.240680158138275146e-03
3.004292957484722137e-04
8.791578584350645542e-04
4.641840059775859118e-04
-7.059901836328208447e-04
-2.302837558090686798e-03
-1.308894366957247257e-03
9.354273788630962372e-04
2.220290480181574821e-03
2.976385178044438362e-03
8.396747871302068233e-04
1.485560555011034012e-03
-3.086403012275695801e-03
-1.869423314929008484e-03
5.656503490172326565e-04
-8.196804556064307690e-04
-1.063868985511362553e-03
2.992910565808415413e-03
-4.429879481904208660e-05
-2.118402044288814068e-04
-3.300141543149948120e-03
3.559936070814728737e-03
-3.630768740549683571e-03
2.556933031883090734e-04
1.248275046236813068e-03
5.393644096329808235e-04
1.024822238832712173e-03
