2.394567942246794701e-03
2.311620162799954414e-03
4.832594422623515129e-04
2.904414432123303413e-03
-2.681032754480838776e-03
7.284823368536308408e-05
-2.038383390754461288e-03
-2.109187655150890350e-03
-1.361430971883237362e-03
9.845133172348141670e-04
6.950725219212472439e-04
3.166915616020560265e-03
-2.411262830719351768e-03
-6.532342522405087948e-04
1.814344796002842486e-05
8.360372739844024181e-04
1.111364923417568207e-03
-1.596905989572405815e-03
2.413501031696796417e-03
-1.606607460416853428e-03
-5.508032045327126980e-04
-2.692609094083309174e-03
-3.329819533973932266e-03
2.095893025398254395e-03
8.568498888052999973e-04
3.318689123261719942e-04
2.727076644077897072e-03
3.845323575660586357e-03
5.875136703252792358e-04
2.410818124189972878e-03
-4.370927053969353437e-04
7.709644269198179245e-04
3.039127215743064880e-03
-2.988744061440229416e-03
-7.859983015805482864e-04
3.785722423344850540e-03
-2.279373817145824432e-03
-1.276549301110208035e-03
-1.730099320411682129e-03
-3.809775924310088158e-03
-2.174635184928774834e-03
2.652175026014447212e-04
1.507877605035901070e-03
9.293774928664788604e-05
-2.311883959919214249e-03
3.216624318156391382e-04
-3.405529307201504707e-03
8.367330883629620075e-04
1.016028574667870998e-03
2.619989681988954544e-03
-2.481716452166438103e-03
2.208305988460779190e-03
4.879349144175648689e-04
3.618066897615790367e-03
-5.801423685625195503e-04
-3.159049199894070625e-03
2.642262028530240059e-03
2.811380254570394754e-04
-1.551314955577254295e-03
-2.545696683228015900e-03
1.574210124090313911e-03
-1.853328431025147438e-03
9.378333343192934990e-04
5.400121444836258888e-04
3.381096757948398590e-03
-1.647526514716446400e-03
2.736589405685663223e-03
-3.277877345681190491e-03
3.156843595206737518e-03
8.224663906730711460e-04
3.006875049322843552e-03
-1.361193571938201785e-04
-9.948249207809567451e-04
1.831349916756153107e-03
1.683405367657542229e-03
1.482745719840750098e-04
-3.580359043553471565e-03
-3.577408497221767902e-04
2.980163088068366051e-03
-1.724856207147240639e-03
-4.209775361232459545e-04
-3.003375371918082237e-03
2.642672043293714523e-03
3.256550990045070648e-03
-1.433507539331912994e-03
-6.896080449223518372e-04
-1.380240893922746181e-03
3.126101510133594275e-04
-2.597102429717779160e-03
1.302589313127100468e-03
4.114300827495753765e-04
2.973840571939945221e-03
2.174611901864409447e-03
2.856927691027522087e-03
-3.041765419766306877e-03
2.574850805103778839e-03
-1.047555473633110523e-03
3.002312965691089630e-03
-2.677953336387872696e-03
3.764231689274311066e-03
1.259848242625594139e-03
-3.414277220144867897e-03
-1.679807435721158981e-03
-2.384345425525680184e-04
3.909689621650613844e-05
2.517695073038339615e-03
9.005543688545003533e-05
-2.975631738081574440e-03
-3.248900640755891800e-03
3.389488672837615013e-03
2.196705667302012444e-03
3.804924432188272476e-03
-2.993779489770531654e-04
4.752224485855549574e-04
-1.507306937128305435e-03
-2.245198236778378487e-03
1.526328502222895622e-03
-2.751274732872843742e-04
-6.726786377839744091e-04
-1.594285713508725166e-03
3.489752765744924545e-03
-3.412088612094521523e-03
-2.794938860461115837e-03
-2.765079028904438019e-03
-5.075879744254052639e-04
2.527587639633566141e-04
-7.004325161688029766e-04
-3.296440467238426208e-03
2.152326283976435661e-03
1.731375465169548988e-03
4.528102363110519946e-05
-5.509811453521251678e-04
-1.652854261919856071e-03
3.168252995237708092e-03
-9.741745307110249996e-04
-2.203823998570442200e-03
1.384055241942405701e-03
-1.172962249256670475e-03
3.411774989217519760e-03
7.679261616431176662e-04
2.157930284738540649e-03
-4.901429638266563416e-04
-2.000404987484216690e-03
2.072689312626607716e-06
-7.389605161733925343e-04
-1.733258832246065140e-03
9.729513549245893955e-04
-2.748982748016715050e-03
-1.771611277945339680e-03
2.591021824628114700e-03
-1.299903611652553082e-03
-3.506740322336554527e-03
4.710688372142612934e-04
6.954980781301856041e-04
-1.245764666236937046e-03
2.912442432716488838e-03
-1.288714702241122723e-03
3.443616908043622971e-03
-2.265109214931726456e-03
2.945966320112347603e-03
1.428668852895498276e-03
-4.797333967871963978e-04
-3.724821144714951515e-03
-1.545497332699596882e-03
-1.892512314952909946e-03
-9.889174252748489380e-04
-3.312814515084028244e-03
3.847790867439471185e-05
2.123793587088584900e-03
3.302271477878093719e-03
-3.049470251426100731e-03
1.517960103228688240e-03
2.942236606031656265e-04
-1.867990707978606224e-03
3.091899212449789047e-03
2.547272888477891684e-04
-1.577238552272319794e-03
5.720289773307740688e-04
-3.067066892981529236e-03
-6.155993905849754810e-04
-2.520036185160279274e-03
-1.241054036654531956e-03
3.592790802940726280e-03
-1.095682964660227299e-03
2.760583534836769104e-03
1.906496472656726837e-03
-8.346878457814455032e-04
-3.063636599108576775e-03
-3.387398028280586004e-04
4.882614302914589643e-04
9.841482387855648994e-04
4.227139579597860575e-04
-3.778085811063647270e-03
2.608757000416517258e-03
9.782549750525504351e-05
-1.265757018700242043e-03
-3.458335064351558685e-03
3.566840896382927895e-04
4.348993243183940649e-04
9.153828141279518604e-04
-2.371007110923528671e-03
-3.429638687521219254e-03
1.031929510645568371e-03
1.903841388411819935e-03
1.430193544365465641e-03
3.175573190674185753e-03
-3.735096193850040436e-03
-1.180148217827081680e-03
-2.404792467132210732e-03
3.382012946531176567e-03
9.167476673610508442e-04
-8.485448197461664677e-04
2.238264307379722595e-03
1.250038912985473871e-04
2.611662494018673897e-03
-2.322524087503552437e-03
2.136558294296264648e-03
-1.453329226933419704e-03
3.481313120573759079e-03
-3.477838588878512383e-03
3.421645145863294601e-03
1.829074812121689320e-03
2.770913299173116684e-03
1.503855455666780472e-04
-2.964742714539170265e-03
-2.253221509818104096e-06
4.372969560790807009e-04
1.565801328979432583e-03
1.698895473964512348e-03
-3.706753195729106665e-04
-1.006476115435361862e-03
2.155178692191839218e-03
5.459598032757639885e-04
-2.001493005082011223e-03
3.186502493917942047e-03
-6.803157739341259003e-04
-3.552165580913424492e-03
-4.406066727824509144e-04
-1.828143285820260644e-04
-2.221026690676808357e-03
2.529224380850791931e-03
-3.032427513971924782e-03
3.634331980720162392e-03
1.792752067558467388e-03
1.987189520150423050e-03
-3.719931468367576599e-03
-2.408380853012204170e-03
3.802557475864887238e-03
9.026696207001805305e-04
-1.467504887841641903e-03
1.124921604059636593e-03
1.861889613792300224e-03
-2.578592859208583832e-03
3.598743351176381111e-03
-9.567597589921206236e-05
-1.316906767897307873e-03
