7.222589338198304176e-04
-3.130513709038496017e-03
-1.285194419324398041e-03
3.478405065834522247e-03
-3.652256680652499199e-03
-2.371095353737473488e-03
8.733491413295269012e-04
-1.251975423656404018e-03
3.003896446898579597e-03
1.802363316528499126e-03
-1.558974501676857471e-03
2.054431708529591560e-03
1.023515942506492138e-03
1.386391581036150455e-03
1.802389975637197495e-03
-3.111726604402065277e-03
2.218969399109482765e-03
-3.484234679490327835e-03
-2.977526164613664150e-04
-1.179911778308451176e-03
3.154587931931018829e-03
-1.964274793863296509e-03
-3.424825845286250114e-03
7.842588820494711399e-04
5.259163444861769676e-04
1.821641460992395878e-03
-3.320942167192697525e-03
-8.361133513972163200e-04
-2.277144929394125938e-03
2.309275791049003601e-03
2.647259971126914024e-03
6.424710736609995365e-04
-3.509699366986751556e-03
-1.651557045988738537e-03
1.187609159387648106e-03
1.445515197701752186e-03
3.654194762930274010e-03
-1.840224955230951309e-03
-3.483833745121955872e-03
1.474181190133094788e-03
-2.308671595528721809e-03
1.240907819010317326e-03
-3.258005250245332718e-03
3.031064443348441273e-05
-1.443524670321494341e-04
-2.295043552294373512e-03
3.142644418403506279e-03
-3.749540308490395546e-03
-2.808657940477132797e-03
2.515295054763555527e-03
-3.024717560037970543e-03
-3.675199346616864204e-03
2.263835340272635221e-04
-3.797794925048947334e-03
2.442661207169294357e-03
-4.557911015581339598e-04
-1.605657278560101986e-03
1.775696291588246822e-03
-2.513990737497806549e-03
-1.895947381854057312e-03
-3.103037306573241949e-04
-1.150507363490760326e-03
-1.175004872493445873e-03
1.568077248521149158e-03
1.714307582005858421e-03
9.044820908457040787e-04
3.604506375268101692e-03
-2.889102324843406677e-04
-2.743721939623355865e-03
3.216461278498172760e-03
2.365617314353585243e-03
-1.730147749185562134e-03
5.965460441075265408e-04
-2.763830590993165970e-03
2.587335649877786636e-03
9.494923288002610207e-04
-2.755523426458239555e-03
-1.512562390416860580e-03
3.741924418136477470e-03
4.118388751521706581e-04
-3.300928510725498199e-03
-2.364604501053690910e-03
-1.593208173289895058e-03
1.505277468822896481e-03
-1.820368226617574692e-03
-2.138660289347171783e-03
-2.171781146898865700e-03
1.969794539036229253e-04
-2.521498827263712883e-03
-1.275128452107310295e-03
1.804801286198198795e-03
-9.324872517026960850e-04
3.297156654298305511e-04
2.669341862201690674e-03
7.936916517792269588e-05
-2.372371964156627655e-03
1.475076307542622089e-03
-3.798403195105493069e-04
-2.222511917352676392e-03
8.207131759263575077e-04
-3.595518181100487709e-03
9.559608297422528267e-04
-3.977311134804040194e-04
3.381289716344326735e-04
2.951753558591008186e-03
3.512017894536256790e-03
1.429193653166294098e-04
-1.413816818967461586e-03
-3.605627571232616901e-04
5.285780061967670918e-04
2.279553562402725220e-03
-1.740298583172261715e-03
8.131719368975609541e-06
2.021705498918890953e-03
4.313717363402247429e-04
1.834867638535797596e-03
2.256888896226882935e-03
3.132538404315710068e-04
-2.540112240239977837e-03
3.566712141036987305e-03
-3.149954136461019516e-03
3.369132522493600845e-03
-2.247202210128307343e-03
-3.026739694178104401e-03
-1.007230021059513092e-03
1.974031096324324608e-03
-1.178568112663924694e-03
-2.830278826877474785e-04
-1.799952820874750614e-03
-2.462399890646338463e-03
1.447214162908494473e-05
2.976442221552133560e-03
3.164083231240510941e-03
3.758311038836836815e-03
2.169422987208236009e-05
-1.616449095308780670e-03
-3.545497078448534012e-03
-9.270273149013519287e-04
-2.851161640137434006e-03
8.513279026374220848e-04
2.585794027254451066e-05
2.724865626078099012e-04
3.614512039348483086e-03
2.697626478038728237e-04
-1.614726032130420208e-03
-2.950360532850027084e-03
2.305063884705305099e-03
-3.210449358448386192e-04
-1.590332598425447941e-03
1.856813323684036732e-03
3.569129854440689087e-03
2.841565292328596115e-03
-1.606409903615713120e-03
1.998809864744544029e-03
2.604439796414226294e-04
2.181980293244123459e-03
-2.267702249810099602e-03
4.523042298387736082e-04
3.744472749531269073e-03
6.036955746822059155e-04
-2.412277972325682640e-03
1.653610263019800186e-03
-2.258510794490575790e-03
-8.582107839174568653e-04
-1.264828460989519954e-04
-2.170274965465068817e-03
7.337962742894887924e-04
-3.479320788756012917e-03
1.136553124524652958e-03
1.685166149400174618e-03
2.709657186642289162e-03
1.848542829975485802e-03
4.067092959303408861e-04
-1.720234984531998634e-03
2.483369549736380577e-03
-3.202110994607210159e-03
-1.779362792149186134e-03
1.576015958562493324e-03
2.310358919203281403e-03
2.945156535133719444e-03
1.988201402127742767e-03
-1.385011128149926662e-03
-1.129936281358823180e-04
-3.128484589979052544e-03
-2.516141394153237343e-03
-3.346163546666502953e-03
1.719681778922677040e-03
-1.096655032597482204e-03
1.691145938821136951e-03
-1.250641536898910999e-03
-2.788000041618943214e-03
1.668314915150403976e-03
3.901612246409058571e-03
-2.196207875385880470e-03
1.504855346865952015e-03
6.595135782845318317e-04
-1.909650978632271290e-03
-3.179632360115647316e-03
3.354153363034129143e-03
3.175246296450495720e-03
7.670052582398056984e-04
-2.194947330281138420e-03
2.038983628153800964e-03
-1.562978839501738548e-03
1.728450530208647251e-03
2.043151529505848885e-03
-3.130961675196886063e-03
-8.374368189834058285e-04
-3.197255777195096016e-03
-6.740203243680298328e-04
-1.379739027470350266e-03
-6.208792328834533691e-04
-4.141852259635925293e-04
2.196938963606953621e-03
-2.200889401137828827e-03
-7.504241657443344593e-04
1.950072124600410461e-03
2.218837180407717824e-04
2.758295973762869835e-03
1.244786311872303486e-03
-9.665330289863049984e-04
1.796104945242404938e-03
-8.966425666585564613e-04
-2.842879854142665863e-03
2.239742316305637360e-03
2.478749724105000496e-03
9.159986511804163456e-04
3.440897678956389427e-03
-2.350717782974243164e-03
1.908971462398767471e-03
2.182426862418651581e-03
1.269827131181955338e-03
-2.068540547043085098e-03
4.437632451299577951e-04
3.736637765541672707e-03
-1.868940657004714012e-03
-9.948613587766885757e-04
3.544917097315192223e-03
3.031507134437561035e-03
-3.454030083958059549e-04
3.413249738514423370e-03
-6.383117288351058960e-04
3.644878510385751724e-03
7.607288425788283348e-04
-9.731636382639408112e-04
-3.870484884828329086e-03
3.788111032918095589e-03
3.493756521493196487e-03
-1.725638285279273987e-03
2.895489567890763283e-03
-9.971398394554853439e-04
3.646722761914134026e-04
-3.526838961988687515e-03
-1.735919155180454254e-03
3.297948511317372322e-03
1.961685484275221825e-03
