6.201756186783313751e-04
-1.566635444760322571e-03
3.047821577638387680e-03
3.145025111734867096e-03
1.114347687689587474e-04
-8.088705362752079964e-04
1.223848084919154644e-03
1.241958001628518105e-03
1.314081484451889992e-03
1.217748969793319702e-03
2.066875575110316277e-03
2.590562216937541962e-03
4.307031340431421995e-04
3.575221635401248932e-03
3.619198396336287260e-04
-1.275009592063724995e-03
3.593055065721273422e-03
-3.724000707734376192e-04
-2.804863499477505684e-03
3.641431219875812531e-03
2.709541295189410448e-04
1.443190150894224644e-03
-1.924776239320635796e-03
-3.548516426235437393e-03
-1.342030009254813194e-03
-6.257765344344079494e-04
6.080317543819546700e-04
3.627408994361758232e-03
-2.884868765249848366e-03
-6.156946765258908272e-04
1.559936325065791607e-03
2.498845336958765984e-03
-2.965056803077459335e-03
1.596190617419779301e-03
-5.096376989968121052e-04
-4.419938486535102129e-04
1.801954349502921104e-03
-2.479105023667216301e-04
2.550708828493952751e-03
-2.487479010596871376e-03
2.405242994427680969e-03
3.469673451036214828e-03
-4.479192430153489113e-04
3.546617692336440086e-03
-1.402454799972474575e-03
1.266233972273766994e-03
-3.773501841351389885e-03
-3.338558599352836609e-03
5.947808313067071140e-05
-1.300391973927617073e-03
-2.983223646879196167e-03
-9.484651673119515181e-05
-1.947242562891915441e-04
-1.173544907942414284e-03
-3.824322251603007317e-03
-8.613553945906460285e-04
-2.689242828637361526e-03
3.781718201935291290e-03
-1.929131918586790562e-03
1.052138512022793293e-03
1.625292585231363773e-03
3.478551981970667839e-03
2.561239525675773621e-03
-6.121083279140293598e-04
-2.050717361271381378e-03
-2.188359154388308525e-03
-3.719562664628028870e-03
2.428020350635051727e-03
2.481008414179086685e-03
-2.072160132229328156e-03
-4.218544054310768843e-04
-2.389453220530413091e-05
7.693637744523584843e-04
-2.998912008479237556e-03
2.951925154775381088e-03
-9.031071676872670650e-04
-2.679839963093400002e-04
-3.438932762946933508e-04
2.356468932703137398e-03
-1.092361286282539368e-03
2.727334853261709213e-03
1.958244014531373978e-03
-7.373628905043005943e-04
-1.364077907055616379e-03
-2.255252096801996231e-03
-2.235696883872151375e-03
-7.388982339762151241e-04
7.722357986494898796e-04
-5.495793302543461323e-04
2.518738619983196259e-03
1.407713862136006355e-03
-3.428525524213910103e-03
-1.892098109237849712e-03
-1.337265246547758579e-03
1.230183057487010956e-03
-2.097773132845759392e-03
-2.551986835896968842e-03
1.688578864559531212e-03
2.270746510475873947e-03
1.026939600706100464e-03
-3.414437407627701759e-03
3.315361915156245232e-03
-2.134763170033693314e-03
2.053058240562677383e-03
-1.047447789460420609e-03
-2.792796352878212929e-03
-6.294606282608583570e-05
-1.640087692067027092e-03
3.828843124210834503e-03
-3.813109360635280609e-03
-1.342137460596859455e-03
3.221480641514062881e-03
-5.002880934625864029e-04
-8.742131758481264114e-04
-3.439359425101429224e-04
1.125654438510537148e-03
3.577588358893990517e-03
-2.882660599425435066e-03
-3.758124541491270065e-03
-5.226754001341760159e-04
-2.385567175224423409e-03
-7.967637502588331699e-04
-3.201834158971905708e-03
-4.167993320152163506e-04
-2.171501284465193748e-03
-2.259380184113979340e-03
2.718813950195908546e-03
3.568930085748434067e-03
-1.538194483146071434e-03
-5.034495843574404716e-04
9.825588203966617584e-04
-2.411678200587630272e-03
7.185018039308488369e-04
3.019017167389392853e-03
-3.368935431353747845e-04
-5.804176325909793377e-04
-1.701332512311637402e-03
-2.617249032482504845e-03
-8.910874021239578724e-04
-1.922293915413320065e-03
1.108948839828372002e-03
1.469765324145555496e-03
2.944155130535364151e-03
1.098719309084117413e-03
1.806030864827334881e-03
4.214541695546358824e-04
-3.640612820163369179e-03
1.809076522476971149e-03
1.568246261740569025e-05
-1.592996763065457344e-03
3.575479611754417419e-03
7.324676262214779854e-04
8.720146724954247475e-04
-2.392680107732303441e-05
1.675530453212559223e-03
2.061833161860704422e-03
2.555472601670771837e-04
-2.777282497845590115e-04
-2.727929037064313889e-03
6.235514883883297443e-04
1.250541885383427143e-03
9.430469945073127747e-04
-1.402039430104196072e-03
2.965367864817380905e-03
-4.031393618788570166e-04
-2.120912307873368263e-03
-3.169327042996883392e-03
8.288322133012115955e-04
-2.730809850618243217e-03
1.653863699175417423e-03
-3.825303865596652031e-03
3.383475821465253830e-03
3.039798466488718987e-03
-3.229244612157344818e-03
1.361445523798465729e-03
3.002769313752651215e-03
3.732763230800628662e-03
-3.112532664090394974e-03
3.155794693157076836e-03
-4.392222908791154623e-04
-2.736413385719060898e-03
1.350154489045962691e-04
-1.266607199795544147e-03
3.709614393301308155e-04
-7.477671024389564991e-04
-3.947844088543206453e-04
1.099073095247149467e-03
-3.429491305723786354e-03
8.762195939198136330e-04
-3.695533610880374908e-03
-1.253424212336540222e-03
-3.818115219473838806e-03
-1.218026853166520596e-03
-2.810911042615771294e-03
1.538688200525939465e-03
3.505711909383535385e-03
-1.557091367430984974e-03
-6.314289639703929424e-04
3.711092052981257439e-03
3.505370405036956072e-04
4.847783711738884449e-04
2.977855270728468895e-03
-3.298050258308649063e-03
3.136480459943413734e-03
6.495512207038700581e-04
1.096392748877406120e-03
1.624164404347538948e-03
2.454810542985796928e-03
2.067370340228080750e-03
-3.080007852986454964e-03
1.909768208861351013e-03
1.392062404192984104e-03
7.670923369005322456e-04
-2.945838496088981628e-03
1.343742478638887405e-03
-2.169693761970847845e-04
-3.522302489727735519e-03
1.329779857769608498e-03
-1.891308813355863094e-03
2.304235706105828285e-03
-3.634901950135827065e-03
-1.930790604092180729e-03
2.531378529965877533e-03
-2.984478604048490524e-03
-3.116338746622204781e-03
-1.849401392973959446e-03
-3.630325663834810257e-04
3.092182567343115807e-03
-3.317905822768807411e-03
3.310251748189330101e-03
-2.264710376039147377e-03
3.151244949549436569e-03
3.835619892925024033e-03
2.479620277881622314e-03
-3.034142078831791878e-03
-9.962858166545629501e-04
-8.498813840560615063e-04
2.977783093228936195e-03
1.296328380703926086e-03
-6.936451536603271961e-04
-9.145645890384912491e-04
1.794155454263091087e-03
1.548073254525661469e-03
-2.178581926273182034e-04
-2.414694521576166153e-03
-3.123526694253087044e-03
1.240621320903301239e-03
-1.162930311693344265e-05
3.689495380967855453e-03
-3.613928565755486488e-03
-2.332289936020970345e-03
-3.336827270686626434e-03
1.168070710264146328e-03
-1.409059506841003895e-03
1.618295093066990376e-03
-3.734751138836145401e-03
