-1.860393909737467766e-03
-2.564000897109508514e-03
2.838309155777096748e-03
3.898159833624958992e-03
2.929068170487880707e-03
-2.376990858465433121e-03
3.680639667436480522e-03
-3.759882412850856781e-03
-6.025683615007437766e-05
-1.157300197519361973e-03
9.262766689062118530e-04
2.466405043378472328e-03
2.556255552917718887e-03
-1.971233868971467018e-03
1.458900631405413151e-03
-2.809632802382111549e-03
-2.298344392329454422e-03
9.662961820140480995e-04
2.447773469612002373e-03
-3.262889338657259941e-03
3.114854916930198669e-03
2.890720206778496504e-04
-2.183316973969340324e-03
-1.129590789787471294e-03
1.512497314251959324e-03
-3.495516953989863396e-03
2.437357557937502861e-03
-1.538659562356770039e-03
6.984662613831460476e-04
1.316394191235303879e-03
2.960715908557176590e-03
-1.793261617422103882e-04
-3.214581403881311417e-03
3.194902092218399048e-03
-3.939110320061445236e-04
-3.348507918417453766e-03
4.471933643799275160e-04
1.558728865347802639e-03
1.361631555482745171e-03
3.424670081585645676e-03
-2.143480378435924649e-04
-1.125919749028980732e-03
1.802766462787985802e-03
3.689448931254446507e-04
1.080517540685832500e-03
3.432526485994458199e-03
7.130716694518923759e-04
-3.676382359117269516e-03
-4.138188378419727087e-04
5.546844913624227047e-04
-2.228176526841707528e-06
1.304236939176917076e-03
-2.168815815821290016e-03
1.291174441576004028e-03
-1.237993943504989147e-03
-1.482305000536143780e-03
-3.733409801498055458e-03
-3.631898900493979454e-03
1.982055138796567917e-03
1.763983163982629776e-03
4.066137771587818861e-04
2.174440771341323853e-03
-3.910619765520095825e-03
7.516515324823558331e-04
8.862991817295551300e-04
5.757021135650575161e-04
2.988304244354367256e-03
1.606437028385698795e-03
-3.476460697129368782e-03
-3.896955400705337524e-03
3.128047799691557884e-03
-3.695664694532752037e-03
2.700213342905044556e-03
-1.021298114210367203e-03
2.841100795194506645e-03
1.608283375389873981e-03
7.138354121707379818e-04
-2.965554594993591309e-03
-2.483926247805356979e-03
1.038959133438766003e-03
-1.705918926745653152e-03
1.188874128274619579e-03
-3.387711476534605026e-04
-3.068882739171385765e-03
-3.891010535880923271e-03
3.664180869236588478e-03
-4.893480218015611172e-04
-2.740906085819005966e-03
-3.880139440298080444e-03
3.587505198083817959e-04
7.455444429069757462e-04
3.891740925610065460e-03
-1.160101732239127159e-03
-1.752165611833333969e-03
-1.891684019938111305e-03
-1.196594676002860069e-03
1.576298265717923641e-03
2.003837609663605690e-03
3.890026127919554710e-03
2.149703446775674820e-03
-2.016404177993535995e-03
-1.987088704481720924e-03
-2.880204934626817703e-03
1.928525976836681366e-03
-2.415853086858987808e-03
-8.592299418523907661e-04
-8.521599811501801014e-04
1.752978423610329628e-03
6.494959234260022640e-04
8.525101584382355213e-04
1.099267537938430905e-04
9.387833997607231140e-04
-5.517177633009850979e-04
1.744790701195597649e-03
-4.894402227364480495e-04
-2.866774331778287888e-03
-2.107066102325916290e-03
1.265515573322772980e-03
4.139612428843975067e-05
1.598602102603763342e-05
9.415277163498103619e-04
-1.919744390761479735e-04
2.860583830624818802e-03
2.480339258909225464e-03
2.055126009508967400e-03
-1.840451965108513832e-03
2.950802212581038475e-03
-1.570798573084175587e-03
-1.140357562690041959e-04
3.565713064745068550e-03
-3.815557109192013741e-03
-2.823638962581753731e-03
2.729375148192048073e-03
-2.979479497298598289e-03
3.287716768682003021e-03
5.944053409621119499e-04
2.543880138546228409e-03
-6.136932061053812504e-04
-2.130126347765326500e-03
2.366008004173636436e-03
3.740675747394561768e-03
2.626019122544676065e-04
1.214155417983420193e-05
-3.679995425045490265e-03
3.642573021352291107e-03
1.241652527824044228e-03
1.637820620089769363e-03
3.607016289606690407e-03
1.297666924074292183e-03
-1.067816410795785487e-04
-1.565637066960334778e-03
-2.302123466506600380e-03
-2.622895874083042145e-03
7.117770728655159473e-04
6.919357110746204853e-04
-3.608151106163859367e-03
-9.814351797103881836e-04
-1.476968987844884396e-03
3.532163333147764206e-03
-9.580712066963315010e-04
-1.502997474744915962e-03
2.417301526293158531e-03
2.315423684194684029e-03
8.556580287404358387e-04
-3.078477457165718079e-04
-2.325626788660883904e-03
2.278643427416682243e-03
-3.176501020789146423e-03
3.201843937858939171e-03
2.074884716421365738e-03
3.831448964774608612e-03
5.258232704363763332e-04
-3.776585916057229042e-03
-9.505860507488250732e-04
2.065367531031370163e-03
2.270604483783245087e-03
-9.825004963204264641e-04
2.109680324792861938e-03
1.951687736436724663e-03
-1.591583713889122009e-03
-1.940787886269390583e-03
3.780632978305220604e-03
1.217162469401955605e-03
-2.624151995405554771e-03
3.565747756510972977e-03
-1.320307725109159946e-03
3.700983244925737381e-03
-3.270877758041024208e-03
2.982964040711522102e-03
7.077269256114959717e-04
4.809980164282023907e-04
-2.734236186370253563e-03
2.166085643693804741e-03
3.513368545100092888e-03
1.442753360606729984e-03
-2.754511544480919838e-03
1.318933907896280289e-03
-2.789899008348584175e-04
-6.096467259339988232e-04
-2.100415294989943504e-03
-2.312327036634087563e-03
2.520075533539056778e-03
-4.131173482164740562e-04
2.108042361214756966e-03
3.443750785663723946e-03
-3.865376813337206841e-03
-3.003615420311689377e-03
1.683034934103488922e-03
-2.721750875934958458e-03
2.878618426620960236e-03
3.808049950748682022e-05
-2.217429457232356071e-03
-3.101147711277008057e-03
-2.919394755735993385e-03
-8.982446161098778248e-04
-2.504626289010047913e-03
3.701638197526335716e-03
6.413895753212273121e-04
-3.078321926295757294e-03
-2.835279738064855337e-04
-1.138601335696876049e-03
3.664068179205060005e-03
-2.584743546321988106e-03
-3.688388387672603130e-04
-1.342744915746152401e-03
-1.130705582909286022e-03
-3.791107796132564545e-03
-2.170242602005600929e-03
-4.897941107628867030e-05
3.210964379832148552e-03
-5.748901457991451025e-05
4.681044956669211388e-04
-2.228572499006986618e-03
-2.726896898820996284e-03
-2.151334658265113831e-03
-9.217341430485248566e-04
2.031335316132754087e-04
-3.177902428433299065e-03
-8.470591274090111256e-04
1.961071044206619263e-03
-2.031426178291440010e-03
-2.870030002668499947e-03
-2.044317545369267464e-03
7.263332954607903957e-04
1.886304118670523167e-03
-7.839644677005708218e-04
1.336277928203344345e-03
-3.007257124409079552e-03
2.174268709495663643e-03
1.912227016873657703e-03
2.806484699249267578e-03
-2.288492396473884583e-03
-2.126747742295265198e-03
-1.207425026223063469e-03
4.411251575220376253e-04
3.206718713045120239e-03
