-9.345563012175261974e-04
2.040286548435688019e-03
-3.037709742784500122e-03
-8.242709009209647775e-05
1.463484950363636017e-03
-1.306811813265085220e-03
1.241439837031066418e-03
1.211732858791947365e-03
-1.323487027548253536e-03
2.813338534906506538e-03
-1.107273041270673275e-03
2.510770456865429878e-03
-2.970614237710833549e-03
2.580348867923021317e-03
2.507414319552481174e-04
2.316709840670228004e-03
-2.331514609977602959e-03
1.000771531835198402e-03
2.311909483978524804e-04
-2.322783228009939194e-03
1.206925138831138611e-03
3.210777882486581802e-03
1.303781289607286453e-03
3.688605735078454018e-03
1.666305703110992908e-03
-1.828785403631627560e-03
1.719112042337656021e-04
-1.458447892218828201e-03
-3.324062097817659378e-03
5.403226241469383240e-04
-2.470576437190175056e-03
-3.419346874579787254e-03
2.363757463172078133e-03
-1.159882289357483387e-03
2.914001815952360630e-04
3.852605121210217476e-03
7.220526458695530891e-04
-3.861270146444439888e-03
1.921100774779915810e-03
3.307966748252511024e-03
-1.157789025455713272e-03
2.321664243936538696e-03
3.789457026869058609e-03
-2.056934870779514313e-03
-3.482033964246511459e-03
-2.617252524942159653e-03
-5.189783405512571335e-04
-4.229995247442275286e-04
1.966351643204689026e-03
-1.121736364439129829e-03
-2.967756008729338646e-03
-7.888394757173955441e-04
1.210771966725587845e-03
6.039699655957520008e-04
-2.877226215787231922e-04
2.335381926968693733e-03
-4.063477099407464266e-04
3.448225790634751320e-03
3.705468843691051006e-04
-3.553559072315692902e-03
-4.677147371694445610e-04
-1.012709573842585087e-03
2.081086859107017517e-03
-7.140473462641239166e-04
-3.321293275803327560e-03
1.550804707221686840e-03
2.215461805462837219e-03
2.604866633191704750e-03
2.653790637850761414e-03
-1.971730263903737068e-03
2.677117940038442612e-03
-1.299879048019647598e-03
-2.844812581315636635e-03
-1.448253984563052654e-03
3.714726073667407036e-03
1.460182946175336838e-03
-1.258674892596900463e-04
-2.649195957928895950e-03
-3.390630008652806282e-04
1.853203866630792618e-03
2.423424273729324341e-03
1.724397763609886169e-03
-1.802124315872788429e-04
3.137671854346990585e-03
-3.260671161115169525e-03
-1.805575564503669739e-03
-3.519292687997221947e-03
3.838842269033193588e-03
-3.120741341263055801e-03
3.268697299063205719e-03
-1.495840959250926971e-03
-3.430831013247370720e-03
-3.104212461039423943e-03
3.540661709848791361e-04
2.400596626102924347e-03
2.000823616981506348e-03
1.892040367238223553e-03
-2.185871562687680125e-04
-1.477121957577764988e-03
-2.046043053269386292e-03
-1.169333118014037609e-03
-2.715795533731579781e-03
-3.276118310168385506e-03
1.293184031965211034e-04
2.286421600729227066e-03
2.940796839538961649e-04
3.221980296075344086e-03
-8.522703428752720356e-04
-2.337219193577766418e-03
2.648710040375590324e-03
2.879867330193519592e-03
2.887671114876866341e-03
-1.917439280077815056e-03
-1.773235038854181767e-03
-3.871802007779479027e-03
-2.517213870305567980e-04
5.960323614999651909e-04
-9.150338592007756233e-04
3.806110937148332596e-03
9.559624013490974903e-04
-2.204111777245998383e-03
-6.720628589391708374e-04
1.752828247845172882e-03
2.310045296326279640e-03
-3.787441877648234367e-03
-7.799103041179478168e-04
6.840793066658079624e-04
-1.992504578083753586e-03
1.575433299876749516e-03
1.016207388602197170e-03
9.070796077139675617e-04
-3.861469915136694908e-03
5.471156910061836243e-04
-7.943985983729362488e-04
3.613857552409172058e-03
3.463744185864925385e-03
2.499066060408949852e-03
9.526712819933891296e-04
-2.580785891041159630e-03
-2.565866801887750626e-03
-2.015798585489392281e-03
1.168823335319757462e-03
5.771031719632446766e-04
3.691957099363207817e-03
6.076176650822162628e-04
1.798558630980551243e-03
3.576210234314203262e-03
-2.127251820638775826e-03
1.499783684266731143e-04
3.664985531941056252e-03
-2.389410743489861488e-03
1.250187866389751434e-03
2.989053959026932716e-03
5.628482322208583355e-04
3.548992332071065903e-03
1.111218356527388096e-03
2.367943525314331055e-03
3.475097473710775375e-03
-3.301859833300113678e-03
-2.281730761751532555e-03
1.796023687347769737e-03
1.189130125567317009e-03
-3.816249314695596695e-03
-2.965576248243451118e-03
1.263028359971940517e-03
-2.786243567243218422e-04
6.744434940628707409e-04
2.631788374856114388e-03
1.163723994977772236e-03
-3.749728668481111526e-03
3.726948983967304230e-03
-7.147798169171437621e-05
6.591359851881861687e-04
1.883683959022164345e-03
3.189661074429750443e-03
1.800893805921077728e-04
5.491218762472271919e-04
7.435928273480385542e-05
5.028729210607707500e-04
2.644001040607690811e-03
7.857634918764233589e-04
4.517229099292308092e-04
3.738080849871039391e-03
-2.257846063002943993e-03
2.593702403828501701e-03
3.402422880753874779e-03
2.158983843401074409e-03
1.540521858260035515e-03
-2.356139943003654480e-03
3.363809781149029732e-03
2.145829785149544477e-04
-1.384650706313550472e-03
2.835029503330588341e-03
8.572746301069855690e-04
2.916874364018440247e-03
-6.908328505232930183e-04
3.181986743584275246e-03
2.062463201582431793e-03
-6.053450633771717548e-04
6.969466921873390675e-04
-1.056122942827641964e-03
2.289169467985630035e-03
2.137999981641769409e-03
1.416682847775518894e-03
-1.945737283676862717e-03
3.365186508744955063e-03
1.385171082802116871e-03
8.070850744843482971e-04
1.714751590043306351e-03
-3.283499972894787788e-03
-2.116484800353646278e-03
3.629829501733183861e-03
1.180769642814993858e-03
-1.800493802875280380e-03
3.670977021101862192e-04
-4.509398422669619322e-04
1.978437183424830437e-03
-1.101060421206057072e-03
-1.821806421503424644e-03
-3.434211248531937599e-03
2.500198315829038620e-03
-1.754108583554625511e-03
3.624060656875371933e-03
-9.015245595946907997e-04
3.523961640894412994e-03
-1.824240200221538544e-03
-3.515070071443915367e-03
-2.514607738703489304e-03
-3.635166911408305168e-03
3.067915560677647591e-03
-2.265859628096222878e-03
-2.021381631493568420e-03
1.461406238377094269e-03
1.813307288102805614e-03
3.350720042362809181e-03
-2.143347170203924179e-03
1.462005078792572021e-03
-1.617869595065712929e-03
2.011518692597746849e-03
-1.689573167823255062e-03
1.348412362858653069e-03
4.172158078290522099e-04
-4.265108436811715364e-04
-1.696719555184245110e-03
9.001527214422821999e-04
2.228571800515055656e-03
3.424622118473052979e-03
3.295417875051498413e-03
9.814967634156346321e-04
-2.374420175328850746e-03
-3.536567790433764458e-03
3.881407435983419418e-03
1.175345620140433311e-03
-2.601850777864456177e-03
-3.438860410824418068e-03
3.212642855942249298e-03
