-3.368722274899482727e-03
3.428953234106302261e-03
-1.807772670872509480e-03
-1.480756168348307256e-06
-1.831586851039901376e-04
2.505147829651832581e-03
1.638544141314923763e-03
-2.381013240665197372e-03
-3.070338629186153412e-03
3.842360107228159904e-03
-3.807017812505364418e-03
-2.335535828024148941e-03
4.740856529679149389e-04
2.330009127035737038e-03
-2.692286157980561256e-03
1.729978830553591251e-04
2.708654152229428291e-03
2.162766410037875175e-03
-2.834509126842021942e-03
-1.187590532936155796e-04
-4.922598600387573242e-05
2.552266931161284447e-03
1.889190054498612881e-03
-1.314427936449646950e-03
-1.829545246437191963e-03
-1.852967543527483940e-03
8.848030120134353638e-04
1.972835452761501074e-04
-1.420120825059711933e-04
-2.648615976795554161e-03
1.691628363914787769e-03
1.290383399464190006e-03
3.194263437762856483e-03
-3.428913769312202930e-04
-8.799422648735344410e-04
-2.423596801236271858e-03
3.062629839405417442e-03
-1.000713091343641281e-03
-3.124040667898952961e-04
-2.411280758678913116e-03
-3.417155239731073380e-03
8.811976877041161060e-04
-2.305849484400823712e-04
-2.662564860656857491e-03
-9.940784657374024391e-04
-1.237099058926105499e-03
-9.930131491273641586e-04
1.614850480109453201e-04
1.679499517194926739e-03
-1.313570537604391575e-04
3.321359632536768913e-03
3.057583700865507126e-03
2.436418784782290459e-03
5.041803815402090549e-04
3.476934274658560753e-03
8.317030151374638081e-04
3.895924659445881844e-03
-7.475877064280211926e-04
3.354852320626378059e-03
2.278041327372193336e-03
-1.103993621654808521e-03
-2.527578733861446381e-03
8.415377815254032612e-04
-3.345305565744638443e-03
1.508022076450288296e-03
7.927793194539844990e-04
1.190927578136324883e-03
-3.578951873350888491e-04
4.457424802239984274e-04
4.479255221667699516e-05
-1.777263591066002846e-03
2.841086825355887413e-03
-2.060298109427094460e-03
-2.622949890792369843e-03
1.225562766194343567e-03
-3.504974069073796272e-03
3.673791652545332909e-04
-3.022718010470271111e-03
3.529967973008751869e-03
3.620397066697478294e-03
2.448355546221137047e-03
3.163477871567010880e-03
8.112670620903372765e-04
3.624137258157134056e-03
-1.690638484433293343e-03
-3.047788282856345177e-03
-2.837779698893427849e-03
1.337998430244624615e-03
-3.763125510886311531e-03
3.309967229142785072e-03
3.830429399386048317e-03
-2.412043279036879539e-03
-3.658733097836375237e-03
-2.771742874756455421e-03
3.014810848981142044e-03
-2.989380853250622749e-03
-1.452306401915848255e-03
-5.255598807707428932e-04
-1.572571229189634323e-03
-1.673504826612770557e-03
2.944865962490439415e-03
1.812776317819952965e-03
-1.876927330158650875e-03
2.026505535468459129e-03
3.730342257767915726e-03
6.637637270614504814e-04
-7.862210040912032127e-04
-3.306685481220483780e-03
3.717979183420538902e-03
-6.762479315511882305e-04
-2.405175007879734039e-03
-3.341144649311900139e-03
2.910079201683402061e-03
1.113422840717248619e-04
3.428788157179951668e-03
-3.262495389208197594e-03
-2.853440819308161736e-03
-2.369167748838663101e-03
-2.294218400493264198e-03
-1.673345104791224003e-03
8.796371985226869583e-04
-3.700446104630827904e-03
2.360912505537271500e-03
3.214353462681174278e-03
-2.348591806367039680e-03
-3.456296166405081749e-03
-6.203860393725335598e-04
-1.633545034565031528e-03
-3.882902383338660002e-04
6.756032817065715790e-04
3.422692185267806053e-03
-2.667531836777925491e-03
-2.221835165983065963e-04
-2.501994371414184570e-03
-1.049981685355305672e-03
2.067519817501306534e-03
1.066167955286800861e-03
1.891883672215044498e-03
1.059635425917804241e-03
2.023413311690092087e-03
-3.080759488511830568e-04
-1.646207783778663725e-05
-1.394637860357761383e-03
-1.530892797745764256e-03
2.045966684818267822e-03
-2.918791491538286209e-03
-2.438539639115333557e-03
3.469880903139710426e-03
-1.198965357616543770e-03
-3.517351578921079636e-03
-7.850410183891654015e-04
2.228738507255911827e-03
-3.000836295541375875e-04
2.863384783267974854e-03
1.660563051700592041e-03
2.089022193104028702e-03
-2.457366557791829109e-03
-7.833955460228025913e-04
5.672789993695914745e-04
-3.660679562017321587e-03
1.429528580047190189e-03
-1.204468426294624805e-03
1.843109494075179100e-03
-4.319643194321542978e-04
2.247053664177656174e-03
2.994592359755188227e-04
-2.255398081615567207e-03
2.285098191350698471e-03
-1.983662834390997887e-03
-7.720793364569544792e-04
-3.825327730737626553e-04
1.376816653646528721e-03
-1.018738374114036560e-03
-1.148771028965711594e-03
-2.191917505115270615e-03
2.237707376480102539e-03
4.098015488125383854e-04
3.940835595130920410e-04
1.724504050798714161e-03
-6.739835371263325214e-04
-1.486052758991718292e-03
3.300008131191134453e-03
1.527359243482351303e-03
2.071619965136051178e-03
3.755280282348394394e-03
3.514144569635391235e-03
9.538710000924766064e-04
1.993616111576557159e-03
-2.401188481599092484e-03
1.171306794276461005e-04
-2.919530088547617197e-04
-1.786914188414812088e-03
-1.236729091033339500e-03
2.885183552280068398e-03
1.898656249977648258e-03
3.288960549980401993e-03
-1.420187181793153286e-03
9.433498489670455456e-04
3.442581277340650558e-03
-2.725649159401655197e-03
-7.365145720541477203e-04
2.379114273935556412e-03
1.998493680730462074e-03
1.122043700888752937e-03
-7.415958680212497711e-04
3.402715548872947693e-03
-2.182430820539593697e-03
-2.332810778170824051e-03
1.619257382117211819e-03
6.028020288795232773e-04
4.536528722383081913e-04
-7.153042824938893318e-04
-3.546925494447350502e-03
-1.147676724940538406e-03
1.541380624985322356e-04
6.343348650261759758e-04
-1.270429056603461504e-04
2.758955815806984901e-03
7.177030202001333237e-04
-2.483922755345702171e-03
8.112144423648715019e-04
2.773788524791598320e-03
-2.665804000571370125e-03
-7.291954243555665016e-04
-3.410533769056200981e-03
1.049727434292435646e-03
-1.765377121046185493e-03
-2.365807886235415936e-04
-2.727678744122385979e-03
-1.949512981809675694e-03
-1.904847566038370132e-03
-1.662800932535901666e-04
-1.010539475828409195e-03
3.709703742060810328e-04
3.108830191195011139e-03
5.434778868220746517e-04
-1.791512710042297840e-03
-2.904161578044295311e-03
9.359827381558716297e-04
-1.799256540834903717e-03
-5.426119896583259106e-04
2.533666323870420456e-03
-3.500709310173988342e-03
-1.595399109646677971e-03
1.127259456552565098e-04
2.130779204890131950e-03
-2.164362696930766106e-03
-1.198995858430862427e-03
-9.869234636425971985e-04
-6.273147882893681526e-04
-3.151375334709882736e-03
3.544837527442723513e-04
-1.239097327925264835e-03
2.854368416592478752e-03
1.919793547131121159e-03
2.928422065451741219e-03
