-2.599010476842522621e-03
-2.302666194736957550e-03
-2.927470719441771507e-03
8.002030663192272186e-04
1.166424714028835297e-03
-2.072992036119103432e-03
4.483612428884953260e-04
1.609990722499787807e-03
-2.462143078446388245e-03
-2.280202694237232208e-03
-3.018921706825494766e-03
-2.393508562818169594e-03
-2.943611238151788712e-03
2.748772734776139259e-03
5.817989003844559193e-04
-1.550653716549277306e-03
4.606806032825261354e-04
-3.440202446654438972e-03
-3.263099351897835732e-03
2.897473750635981560e-03
-9.585564839653670788e-04
-1.812749425880610943e-03
-1.123607857152819633e-03
-1.867328071966767311e-03
-1.099309767596423626e-03
9.917748393490910530e-04
-3.444896079599857330e-03
9.981180774047970772e-04
3.631990635767579079e-03
1.811378053389489651e-03
3.321660915389657021e-04
-1.933404477313160896e-03
2.349876100197434425e-03
2.727258717641234398e-03
3.872335073538124561e-04
3.462771652266383171e-03
-3.216892248019576073e-03
-1.928456593304872513e-03
-2.321810927242040634e-03
2.207297366112470627e-03
3.719045314937829971e-03
3.324419725686311722e-03
-9.261207887902855873e-04
6.618141196668148041e-04
-6.411012145690619946e-04
3.497315803542733192e-03
-2.654865151271224022e-03
1.974108163267374039e-03
1.611197367310523987e-03
-1.877135946415364742e-03
3.490472445264458656e-04
-9.956569410860538483e-04
3.216032870113849640e-03
3.698106622323393822e-03
-4.680656275013461709e-05
-1.856591785326600075e-03
-1.990367425605654716e-03
7.568344590254127979e-04
3.438538638874888420e-03
-1.193183474242687225e-03
2.578309795353561640e-04
-3.593969857320189476e-03
-1.001411466859281063e-03
-4.587070725392550230e-04
-4.386541550047695637e-04
-1.265664817765355110e-03
3.456276375800371170e-03
1.828563516028225422e-03
-1.001252094283699989e-03
-3.825369291007518768e-03
3.004350233823060989e-03
-2.446664730086922646e-03
-6.252417369978502393e-05
-3.795845201238989830e-03
3.568605170585215092e-04
-1.242590136826038361e-03
9.671315638115629554e-05
-1.647948054596781731e-03
2.050933981081470847e-04
-9.909893851727247238e-04
1.393785933032631874e-03
2.850301098078489304e-03
-3.298959927633404732e-03
1.815212075598537922e-03
1.877032918855547905e-03
-3.204108681529760361e-03
-3.520201425999403000e-05
-2.373269380768761039e-04
-3.394417930394411087e-03
-3.698440268635749817e-04
2.143823803635314107e-04
-2.806900767609477043e-03
-3.566337516531348228e-03
-4.236051754560321569e-04
-6.430519279092550278e-04
2.692100126296281815e-03
-6.340232212096452713e-04
-2.279018750414252281e-03
-2.198704518377780914e-03
1.525698229670524597e-03
-1.546723186038434505e-03
3.888638457283377647e-03
-3.825264051556587219e-03
2.670281333848834038e-03
-2.949531422927975655e-03
3.143993671983480453e-04
-1.400436507537961006e-03
-3.174805780872702599e-03
3.009400825249031186e-05
-1.965796109288930893e-03
-3.502259030938148499e-03
1.456422614865005016e-03
-3.902222728356719017e-03
3.432333236560225487e-03
-1.021641888655722141e-03
-1.277709496207535267e-03
-2.590300049632787704e-03
3.252427559345960617e-03
4.792815016116946936e-04
-4.167506995145231485e-04
-3.536213189363479614e-04
-8.621630840934813023e-04
-1.236439100466668606e-03
2.543734852224588394e-03
-2.549709985032677650e-03
1.845083665102720261e-03
-8.282875642180442810e-04
-1.650981255806982517e-03
-1.183556392788887024e-03
1.789427245967090130e-03
-1.135171391069889069e-03
-3.330593695864081383e-03
3.179418854415416718e-03
-9.171756100840866566e-04
2.586901886388659477e-03
-2.626901492476463318e-03
1.266963896341621876e-03
-3.811213653534650803e-03
-1.474607735872268677e-03
2.375296782702207565e-03
1.151356264017522335e-03
-2.290372503921389580e-03
-3.911400213837623596e-03
7.303043967112898827e-04
-3.163599874824285507e-03
3.411858808249235153e-03
-1.195724704302847385e-03
3.576600924134254456e-03
2.198295900598168373e-03
-2.330712042748928070e-03
3.076837165281176567e-03
1.722269807942211628e-03
-1.578393043018877506e-03
-2.441283315420150757e-03
1.956771826371550560e-03
3.414267441257834435e-03
3.603890771046280861e-03
-3.361250972375273705e-03
8.249781094491481781e-04
2.320000203326344490e-03
-2.930413465946912766e-03
-7.670559571124613285e-04
9.819247061386704445e-04
3.542779712006449699e-03
1.285401289351284504e-03
1.341023715212941170e-03
-3.371103666722774506e-03
-3.671702463179826736e-03
-9.334225615020841360e-05
-1.114037935622036457e-03
1.332445535808801651e-03
5.966091412119567394e-04
2.776577835902571678e-03
3.225255524739623070e-03
3.700139466673135757e-03
-1.134848920628428459e-03
-2.887937007471919060e-03
6.073522381484508514e-04
-1.030126004479825497e-03
3.347984515130519867e-03
2.794001949951052666e-03
2.292022574692964554e-03
-3.360895439982414246e-03
-2.181989839300513268e-03
3.359588445164263248e-04
2.054403303191065788e-03
-2.859025727957487106e-03
-1.191954710520803928e-03
7.741518202237784863e-04
1.596325746504589915e-04
-3.857699688524007797e-03
-3.622913965955376625e-03
6.307021831162273884e-04
-3.294218564406037331e-03
1.667943288339301944e-04
-3.926015924662351608e-04
3.046334953978657722e-03
-1.388782169669866562e-03
2.869158284738659859e-03
3.470844356343150139e-03
3.393210703507065773e-03
-1.157652237452566624e-03
-3.380340756848454475e-03
3.802031045779585838e-03
3.643340431153774261e-03
-3.558756550773978233e-03
-1.098541775718331337e-03
7.594640483148396015e-04
3.871402237564325333e-03
-3.873436246067285538e-03
1.470154966227710247e-03
2.627898007631301880e-03
5.398953217081725597e-04
2.079600468277931213e-03
-2.379352692514657974e-03
2.580941189080476761e-03
3.056494169868528843e-04
-3.040889976546168327e-03
-1.727529685012996197e-03
5.423042457550764084e-04
-3.213458228856325150e-03
-2.704674378037452698e-03
-1.699817716144025326e-03
-1.867877552285790443e-03
1.034947927109897137e-03
-7.223926950246095657e-04
3.898458555340766907e-03
-2.249955898150801659e-03
-2.448346465826034546e-03
3.002993995323777199e-03
3.411326324567198753e-03
2.428677107673138380e-04
1.366346376016736031e-03
-1.297563081607222557e-03
3.695943392813205719e-03
3.125868272036314011e-03
-1.170249772258102894e-03
1.231457106769084930e-03
-3.275504801422357559e-03
-1.716439845040440559e-03
-9.199015039484947920e-05
1.154061406850814819e-03
3.345959354192018509e-03
-1.380272908136248589e-03
7.258731056936085224e-04
-4.741011071018874645e-04
1.272463472560048103e-03
2.877071965485811234e-04
-2.073504729196429253e-03
-3.397187392693012953e-04
-8.410779264522716403e-05
-2.530892845243215561e-03
1.758924569003283978e-03
3.077222499996423721e-03
-4.065111570525914431e-04
2.002385212108492851e-03
