1.359738176688551903e-03
-1.610767212696373463e-03
2.485645236447453499e-03
-2.037838334217667580e-03
3.637033747509121895e-03
7.437028689309954643e-04
2.819426124915480614e-03
1.926738623296841979e-04
-2.979612036142498255e-04
3.184856381267309189e-03
1.424935297109186649e-03
-1.845691149355843663e-04
3.572664456441998482e-03
-1.103781978599727154e-03
2.756508532911539078e-03
-1.706886687316000462e-03
2.344120759516954422e-03
7.842838531360030174e-04
1.550101791508495808e-03
-4.290679353289306164e-04
-3.094641724601387978e-04
1.277219387702643871e-03
-1.876184716820716858e-03
-3.540565026924014091e-03
6.779742543585598469e-04
-2.475982066243886948e-03
5.078341928310692310e-04
-9.596652816981077194e-04
6.007777992635965347e-04
-3.597766859456896782e-03
3.656755434349179268e-03
-2.709705149754881859e-03
-3.376370063051581383e-03
2.671976108103990555e-03
2.566586714237928391e-03
-3.834428032860159874e-03
2.038242062553763390e-03
2.822473412379622459e-03
3.025940968655049801e-04
-1.429744064807891846e-03
8.827327401377260685e-04
3.148260060697793961e-03
-8.724271319806575775e-04
-3.775687422603368759e-03
2.830550773069262505e-03
-2.701206365600228310e-03
1.200648606754839420e-03
-8.363059605471789837e-04
3.292799228802323341e-03
2.505564596503973007e-03
2.763926051557064056e-03
-1.570793334394693375e-03
-1.022898009978234768e-03
-1.060935901477932930e-04
-1.777702360413968563e-03
-8.655560668557882309e-05
-2.850072225555777550e-03
3.318035975098609924e-03
1.359070884063839912e-03
3.327833954244852066e-03
-3.711735480464994907e-04
-9.732894832268357277e-04
2.725292230024933815e-03
-1.174343051388859749e-03
-2.288648625835776329e-03
2.225960604846477509e-03
1.216819160617887974e-03
1.581329888722393662e-05
-1.357617671601474285e-03
2.000061795115470886e-03
-2.690346678718924522e-03
3.741478780284523964e-03
-1.562790363095700741e-03
-3.568295156583189964e-03
-1.015040557831525803e-03
-3.644547192379832268e-03
1.265225291717797518e-04
-3.917479887604713440e-03
-1.973748905584216118e-03
-2.150121377781033516e-03
2.589054929558187723e-04
-1.715258928015828133e-03
1.899954280816018581e-03
8.104689768515527248e-04
2.966155996546149254e-03
-5.705063231289386749e-04
-6.524733180413022637e-05
2.619728213176131248e-03
1.669804478297010064e-04
2.475374611094594002e-03
-3.244873136281967163e-03
2.182065043598413467e-03
-2.330895280465483665e-03
-1.911637227749451995e-04
3.835673211142420769e-03
8.802245720289647579e-04
-1.894089626148343086e-03
-3.283814527094364166e-03
-1.246907282620668411e-03
-2.636185847222805023e-03
3.660656744614243507e-03
-3.703786991536617279e-03
3.234413743484765291e-04
2.460098592564463615e-03
1.097048982046544552e-03
3.048531711101531982e-03
-2.909100614488124847e-03
-2.380636986345052719e-03
1.662164344452321529e-03
2.059252146864309907e-04
-1.815087976865470409e-03
-1.588195591466501355e-04
-1.133499550633132458e-03
-1.098116394132375717e-03
1.732822624035179615e-03
-2.477837726473808289e-03
2.472553867846727371e-03
-1.947754411958158016e-03
2.243433613330125809e-03
9.904961334541440010e-04
-2.200090326368808746e-03
5.639979499392211437e-04
-8.916896331356838346e-05
-3.445038339123129845e-03
-3.235225740354508162e-04
-2.294538775458931923e-03
-2.153880661353468895e-03
-3.911378444172441959e-04
3.073401516303420067e-03
2.882259432226419449e-03
1.154351164586842060e-03
-9.018827695399522781e-04
-3.403550945222377777e-03
-5.293024005368351936e-04
3.708787960931658745e-03
-8.459942182525992393e-04
4.235560190863907337e-04
-2.225444186478853226e-03
-2.945799147710204124e-03
2.746060024946928024e-03
6.953703123144805431e-04
2.448187675327062607e-03
-3.842115402221679688e-03
-3.211267059668898582e-03
7.352043758146464825e-04
2.554572420194745064e-03
-3.512830473482608795e-03
-2.619390434119850397e-04
1.197978854179382324e-03
2.878688042983412743e-03
1.227749511599540710e-03
3.099718596786260605e-03
2.284100744873285294e-03
2.559783169999718666e-03
-2.049137139692902565e-03
2.326903631910681725e-03
-2.470965497195720673e-03
2.516081556677818298e-03
1.318970898864790797e-04
2.833019476383924484e-03
-3.078021109104156494e-03
-2.233491512015461922e-03
-4.641110426746308804e-04
-1.674035796895623207e-03
1.798097626306116581e-03
3.678760025650262833e-03
1.361088710837066174e-03
3.021478187292814255e-03
2.353161107748746872e-03
-6.174759473651647568e-04
-2.400202676653862000e-03
2.702933270484209061e-03
-1.113764476031064987e-03
2.714467002078890800e-03
3.260429250076413155e-03
2.754786517471075058e-03
-3.395958570763468742e-03
-1.870792766567319632e-04
2.682245336472988129e-03
3.753931494429707527e-03
1.970688579604029655e-03
-3.618980059400200844e-03
2.978653355967253447e-04
2.591912343632429838e-04
1.833325251936912537e-03
-1.659315661527216434e-03
-3.223498119041323662e-03
3.194328630343079567e-03
-2.123037818819284439e-03
6.706843851134181023e-04
3.717094892635941505e-03
-5.097552784718573093e-04
3.551712259650230408e-03
-2.613071410451084375e-04
-3.327306592836976051e-03
1.253400347195565701e-03
1.828902168199419975e-03
-1.774319243850186467e-04
6.310414173640310764e-04
2.570239128544926643e-03
2.949093235656619072e-03
2.549027558416128159e-03
1.759003731422126293e-03
-3.863413818180561066e-03
-2.768714446574449539e-03
2.823805902153253555e-03
2.558140549808740616e-03
-2.314225537702441216e-03
-7.772626704536378384e-04
2.293587662279605865e-03
9.479908621869981289e-04
-3.884772304445505142e-03
3.045514225959777832e-03
-2.561613218858838081e-03
-3.700169501826167107e-03
-4.358110018074512482e-04
-2.681976649910211563e-03
2.327053574845194817e-03
5.374586326070129871e-04
-8.124875603243708611e-04
1.737143029458820820e-03
3.612089436501264572e-03
2.993461908772587776e-03
-3.515630494803190231e-03
2.059052931144833565e-03
2.876541810110211372e-03
9.924777550622820854e-04
2.446823054924607277e-03
-1.501008518971502781e-03
-1.937964116223156452e-03
6.394646479748189449e-04
-7.057708571664988995e-04
-3.738471074029803276e-03
-6.191558786667883396e-04
-8.363173110410571098e-04
-1.795767690055072308e-03
1.319619244895875454e-03
-1.354538253508508205e-03
-1.751457806676626205e-03
9.879699209704995155e-04
2.290782053023576736e-03
1.746776630170643330e-03
-2.763053169474005699e-03
-1.066543743945658207e-03
3.760343883186578751e-03
2.474550623446702957e-03
-7.611148175783455372e-04
-3.406797535717487335e-03
2.729676198214292526e-03
3.290736814960837364e-03
2.205065684393048286e-03
-1.696297840680927038e-04
2.107897074893116951e-03
-5.182663153391331434e-05
-3.829643537756055593e-04
-5.588417989201843739e-04
