-2.324222354218363762e-03
2.735228277742862701e-03
1.849450054578483105e-03
-1.984935719519853592e-03
-1.237000804394483566e-03
8.588299970142543316e-04
1.091439859010279179e-03
1.253614085726439953e-03
-3.904450219124555588e-03
-1.748843584209680557e-03
5.510460468940436840e-04
-2.600074512884020805e-04
2.156943781301379204e-03
-2.378958277404308319e-03
8.956700912676751614e-04
-3.514283336699008942e-03
-6.672935560345649719e-04
-3.002663841471076012e-03
6.703599356114864349e-04
-2.113587252097204328e-04
3.071301849558949471e-03
-9.689611761132255197e-05
-2.118730219081044197e-03
-1.333673368208110332e-03
3.607261925935745239e-03
3.148624906316399574e-03
3.892478998750448227e-03
1.932747400132939219e-04
-7.430934929288923740e-04
2.959006931632757187e-03
-3.004622180014848709e-03
-1.524075632914900780e-03
-3.274122951552271843e-03
1.827538479119539261e-03
-1.668546115979552269e-03
-2.224475378170609474e-03
-2.404683735221624374e-03
2.466687466949224472e-03
3.172115539200603962e-04
-3.623735159635543823e-03
-1.471481518819928169e-03
1.853811787441372871e-03
-1.431834389222785830e-04
-1.067811856046319008e-03
-5.513305659405887127e-04
-2.463374519720673561e-03
-3.861912991851568222e-03
-2.359641250222921371e-03
3.169920761138200760e-03
-2.749465638771653175e-03
-9.673855965957045555e-04
-1.448489609174430370e-03
-1.218992867507040501e-03
9.305925341323018074e-04
-1.003619167022407055e-03
4.538137873169034719e-04
3.731185570359230042e-04
-1.154727651737630367e-03
-2.648052293807268143e-03
3.599684452638030052e-03
-3.430422220844775438e-04
2.013030694797635078e-03
-4.410309775266796350e-04
3.652543993666768074e-03
-2.734153822530061007e-04
3.348050639033317566e-03
-8.274015999631956220e-05
3.308300510980188847e-04
3.339813789352774620e-03
3.327362239360809326e-03
1.218676683492958546e-03
2.186856232583522797e-03
2.204896882176399231e-03
3.287667408585548401e-03
-1.565506332553923130e-03
2.333597047254443169e-03
3.807698376476764679e-03
-2.734610345214605331e-03
3.021094016730785370e-03
3.591676009818911552e-03
-1.824974198825657368e-03
-1.844624988734722137e-03
-3.195305587723851204e-03
-4.655708617065101862e-04
-3.723627422004938126e-03
2.848862670361995697e-03
-1.219371915794909000e-03
-1.117207808420062065e-03
-2.764160977676510811e-03
-2.660433063283562660e-03
3.521351143717765808e-03
-2.180643612518906593e-03
1.006715930998325348e-03
2.985809231176972389e-03
-2.914931625127792358e-03
3.760633990168571472e-03
1.590596628375351429e-03
-1.736847683787345886e-03
-2.030372852459549904e-03
-2.009723801165819168e-03
-2.637204015627503395e-03
-1.516263582743704319e-03
-2.480248513165861368e-04
9.793487843126058578e-04
-3.315421054139733315e-03
-1.956034102477133274e-04
-1.454542856663465500e-03
-2.670237096026539803e-03
-2.125790109857916832e-03
3.864967264235019684e-03
1.779809826985001564e-03
-3.593561239540576935e-03
2.015413017943501472e-03
3.342184936627745628e-05
1.195025397464632988e-04
-3.846710606012493372e-04
3.264865139499306679e-03
2.983107988256961107e-04
6.668153218924999237e-04
2.765252022072672844e-03
3.563057398423552513e-03
3.999326727353036404e-04
2.731819171458482742e-03
-2.649053640197962523e-04
-2.382766455411911011e-03
-3.710845252498984337e-03
-2.069687470793724060e-03
-1.948881195858120918e-03
-2.709115855395793915e-03
-3.825174353551119566e-04
2.543475246056914330e-03
-2.591745927929878235e-03
-1.228050095960497856e-03
-2.083627739921212196e-03
-1.219584592035971582e-04
2.175663132220506668e-03
-3.676279680803418159e-03
5.620016600005328655e-04
2.382102422416210175e-03
-3.603895660489797592e-03
-1.799221266992390156e-03
4.049983981531113386e-04
1.413243124261498451e-03
-1.712056924588978291e-03
-2.698310650885105133e-03
-7.795551791787147522e-04
-1.081219641491770744e-03
3.368458477780222893e-03
5.280582627165131271e-05
-3.199954284355044365e-03
-2.376487711444497108e-03
2.814197214320302010e-03
-3.457569051533937454e-03
1.963332295417785645e-03
-3.903203643858432770e-03
3.901535877957940102e-03
-7.638630922883749008e-04
1.623143441975116730e-03
-7.984947296790778637e-04
2.159349620342254639e-03
-2.478166483342647552e-03
-1.941356924362480640e-03
-2.652654657140374184e-03
3.220330458134412766e-03
3.627055557444691658e-03
2.987144282087683678e-03
-2.380280755460262299e-03
6.673879106529057026e-04
-8.445808198302984238e-04
7.556886994279921055e-04
-2.413424896076321602e-03
-2.615806879475712776e-03
2.391657326370477676e-03
3.769754839595407248e-04
-1.345806638710200787e-03
3.650532104074954987e-03
1.848549232818186283e-03
-2.787137869745492935e-03
-1.718615414574742317e-03
-3.765005385503172874e-03
2.630901755765080452e-03
8.108317269943654537e-04
2.149789826944470406e-03
-1.037665788317099214e-04
3.047049278393387794e-03
-2.603279659524559975e-03
1.781504950486123562e-03
-2.641064056660979986e-04
1.950514968484640121e-03
2.101435791701078415e-03
3.492876654490828514e-03
3.617831040173768997e-03
-2.964161336421966553e-03
1.550785847939550877e-03
3.854965325444936752e-03
2.101748017594218254e-03
-2.450013766065239906e-03
-8.553200168535113335e-04
-1.281099859625101089e-03
-9.904155376716516912e-06
-7.969290600158274174e-04
1.584524288773536682e-03
1.749889808706939220e-03
3.537948941811919212e-03
2.924412256106734276e-03
-1.223364379256963730e-03
-2.663246355950832367e-03
-3.510052803903818130e-03
-1.678764354437589645e-03
-1.994949532672762871e-03
3.780765458941459656e-03
3.735225414857268333e-03
-1.120805623941123486e-03
5.459400708787143230e-04
-2.992989961057901382e-03
-2.588157542049884796e-03
2.386700827628374100e-03
6.196209578774869442e-04
-3.432217286899685860e-03
2.666374202817678452e-04
-2.972767222672700882e-03
2.753618638962507248e-03
1.211775525007396936e-04
3.049032820854336023e-04
-2.744256285950541496e-03
3.151895245537161827e-03
3.309192607048316859e-06
-2.904684981331229210e-03
-8.302128408104181290e-04
3.001132747158408165e-03
-1.678158412687480450e-03
-2.040427178144454956e-03
-5.655383210978470743e-05
1.981254899874329567e-03
-3.453494748100638390e-03
-3.023099852725863457e-03
-3.005499485880136490e-03
2.665864594746381044e-04
-5.730893462896347046e-04
-2.785944612696766853e-03
-3.855656366795301437e-03
1.361215603537857533e-03
3.549229586496949196e-03
9.359405958093702793e-04
-3.192503703758120537e-03
9.093362023122608662e-04
-2.683292608708143234e-03
6.561073241755366325e-04
-9.207887924276292324e-04
-3.711880650371313095e-03
-3.964146599173545837e-04
-2.574889454990625381e-03
1.744621084071695805e-03
-3.521622624248266220e-03
-9.052067762240767479e-04
-1.402426743879914284e-03
