2.324049128219485283e-03
-9.593571303412318230e-04
-6.180771379149518907e-07
2.014404861256480217e-03
-2.765519893728196621e-04
-2.561040222644805908e-03
-1.717522274702787399e-03
-1.997907413169741631e-03
-4.194568609818816185e-04
-1.839328615460544825e-04
3.592649474740028381e-03
2.611402422189712524e-03
8.775579044595360756e-04
-3.469891380518674850e-04
1.341528492048382759e-03
2.211490646004676819e-03
2.086155349388718605e-03
-1.295689842663705349e-03
-9.069677325896918774e-04
-7.544393301941454411e-04
2.493299311026930809e-03
-1.583346747793257236e-04
-3.523910185322165489e-03
-2.616859041154384613e-03
-1.758622936904430389e-03
-1.276511466130614281e-03
-1.228266512043774128e-03
-1.286431797780096531e-03
1.491709961555898190e-03
6.093940464779734612e-04
-1.230285153724253178e-03
-2.837055828422307968e-03
9.387485333718359470e-04
2.060516038909554482e-03
-2.595183439552783966e-03
1.978854648768901825e-03
1.373591599985957146e-03
1.432817545719444752e-03
-1.995665021240711212e-03
-1.516676158644258976e-03
-1.711015356704592705e-04
2.785266377031803131e-03
2.761443844065070152e-03
-1.245843945071101189e-03
-1.722647575661540031e-03
-1.292937900871038437e-03
-3.144775051623582840e-03
-2.555629238486289978e-03
-1.650206046178936958e-03
-3.556692507117986679e-03
-3.530375659465789795e-03
1.163361826911568642e-03
1.987261697649955750e-03
-2.200456510763615370e-04
3.108429373241961002e-04
-2.108626067638397217e-03
1.213360927067697048e-03
-9.958613663911819458e-04
-5.932281492277979851e-04
-4.340936429798603058e-04
1.447040704078972340e-03
-1.883932389318943024e-03
-2.591399475932121277e-03
-1.945020630955696106e-03
1.257455558516085148e-03
-3.268892178311944008e-03
3.730598604306578636e-03
-2.405397128313779831e-03
-1.228429027833044529e-03
-3.840943565592169762e-03
-1.025103731080889702e-03
-1.015916699543595314e-03
-8.276533335447311401e-04
-2.610965399071574211e-03
1.527001382783055305e-03
1.831071313063148409e-05
4.062846346641890705e-05
3.458998398855328560e-03
-2.186559140682220459e-03
-1.716313854558393359e-04
-2.949026413261890411e-03
-7.594868657179176807e-04
2.879621693864464760e-03
3.198939841240644455e-03
-2.258191118016839027e-03
5.059106042608618736e-04
2.104821614921092987e-03
4.350679228082299232e-04
3.237986005842685699e-03
-1.871425192803144455e-03
-2.720898948609828949e-03
2.861462766304612160e-03
1.953178551048040390e-03
3.874997841194272041e-03
7.259750855155289173e-04
-3.292059060186147690e-03
5.671196267940104008e-04
-1.272857422009110451e-03
-3.720238804817199707e-03
2.747542923316359520e-03
-3.724776674062013626e-03
-2.557482803240418434e-03
-4.724132304545491934e-04
1.826287480071187019e-03
1.137254294008016586e-03
1.763705047778785229e-03
2.144492929801344872e-03
1.095233601517975330e-03
3.630106104537844658e-03
-1.288015278987586498e-03
-1.044000091496855021e-04
1.205862034112215042e-03
5.838488577865064144e-04
9.731551981531083584e-04
-1.152126351371407509e-03
1.757452497258782387e-03
1.660486334003508091e-03
-7.782091852277517319e-04
-2.105184132233262062e-03
1.038045040331780910e-03
-1.848386484198272228e-03
-3.773902542889118195e-03
-1.236109994351863861e-03
-3.374746069312095642e-03
2.885409165173768997e-03
-2.372451592236757278e-03
2.743828372331336141e-05
-3.353115636855363846e-03
-2.721839584410190582e-03
-1.678396220086142421e-04
1.441365806385874748e-03
1.640053465962409973e-03
9.413647348992526531e-04
-3.822312923148274422e-03
2.181251533329486847e-03
5.228532827459275723e-04
-1.818421063944697380e-03
2.329979324713349342e-03
-7.728160708211362362e-04
-8.858919318299740553e-05
-1.038823742419481277e-03
1.649352489039301872e-03
-2.673672512173652649e-03
2.788602374494075775e-03
-1.922053750604391098e-03
-6.657731137238442898e-04
-3.385775722563266754e-03
-3.371559083461761475e-03
-3.602934768423438072e-03
-2.235982799902558327e-03
1.126562492572702467e-04
-3.697470994666218758e-03
3.231385722756385803e-03
-1.814089016988873482e-03
-3.498747712001204491e-03
2.660612575709819794e-03
-2.909186063334345818e-03
1.030986779369413853e-03
2.573612146079540253e-03
2.148247323930263519e-03
3.507950576022267342e-03
2.317197620868682861e-03
-2.770166611298918724e-03
1.272112247534096241e-03
2.295385347679257393e-03
-1.550247776322066784e-03
-2.878332510590553284e-03
-7.134896004572510719e-04
-1.955459883902221918e-04
-1.440506777726113796e-03
3.477025544270873070e-03
-2.390208421275019646e-03
3.514277050271630287e-03
1.617510453797876835e-03
-3.143810667097568512e-03
-2.926235552877187729e-03
9.305519633926451206e-04
1.808421337045729160e-03
-1.679797540418803692e-03
1.054537482559680939e-03
3.334230510517954826e-03
2.999304328113794327e-03
1.142488559707999229e-03
-8.824745309539139271e-04
1.270020962692797184e-03
2.745540812611579895e-03
4.713552771136164665e-04
2.363770501688122749e-03
-3.166259964928030968e-03
-4.985397754353471100e-05
2.370674861595034599e-03
1.436464604921638966e-03
-2.767944941297173500e-03
-1.002468867227435112e-03
2.778730588033795357e-03
-3.691564546898007393e-03
-3.648525744210928679e-04
6.655733450315892696e-04
-7.061315409373492002e-05
-1.542185200378298759e-03
-3.741763066500425339e-03
2.095107454806566238e-03
4.428975516930222511e-04
-3.845439059659838676e-03
5.313666188158094883e-04
-3.018560120835900307e-03
-2.535138744860887527e-03
-1.776888500899076462e-03
2.358875826757866889e-05
-6.015726248733699322e-04
1.563266501761972904e-03
1.875173184089362621e-03
-3.473256248980760574e-03
3.202639054507017136e-03
2.538852859288454056e-03
-3.623146039899438620e-04
6.334280478768050671e-04
2.526257419958710670e-03
2.455452457070350647e-03
1.219891826622188091e-03
-9.328078012913465500e-04
-2.887536073103547096e-03
2.244951203465461731e-03
-2.814719220623373985e-03
-1.891429128590971231e-04
-1.707961549982428551e-03
-1.368094817735254765e-03
3.097718814387917519e-03
-1.615413464605808258e-03
-3.868327476084232330e-03
-2.783670322969555855e-03
-3.889264073222875595e-03
3.061253810301423073e-03
2.767318161204457283e-03
1.994956284761428833e-03
2.026063390076160431e-03
-3.400471061468124390e-03
2.728373976424336433e-03
-1.576856826432049274e-03
1.575823756866157055e-03
3.864560043439269066e-03
2.401022240519523621e-03
1.735255005769431591e-03
-3.156067337840795517e-03
-1.274374779313802719e-03
6.179373594932258129e-04
-3.034350927919149399e-03
-1.122254179790616035e-03
8.312384015880525112e-04
2.748510160017758608e-04
-3.902941709384322166e-03
-1.452816184610128403e-03
-2.517446875572204590e-03
-2.208431018516421318e-03
3.568520303815603256e-03
-2.471179934218525887e-03
