-3.211512463167309761e-03
-3.512172494083642960e-03
3.279148600995540619e-03
2.095152391120791435e-03
3.360357368364930153e-04
-1.875351532362401485e-03
-3.392768790945410728e-03
-3.544332925230264664e-03
2.384560881182551384e-03
-2.431910717859864235e-03
-1.224648789502680302e-03
-1.921891118399798870e-03
3.139855340123176575e-03
-1.972706522792577744e-03
3.660674439743161201e-03
3.205766202881932259e-03
1.737867831252515316e-03
3.760027000680565834e-03
-2.442126628011465073e-03
8.611534722149372101e-04
-1.678179833106696606e-03
-2.021483844146132469e-03
3.347809193655848503e-03
-3.398234490305185318e-03
1.739825936965644360e-03
-2.111801644787192345e-03
3.338129958137869835e-03
1.946208067238330841e-03
1.897519687190651894e-03
2.894306788221001625e-03
3.080284455791115761e-03
-3.595097921788692474e-03
2.767148660495877266e-03
1.739743282087147236e-03
1.434025820344686508e-03
1.553817535750567913e-03
3.205068875104188919e-03
1.269443018827587366e-04
-3.630952560342848301e-04
-1.582805416546761990e-03
-3.602906363084912300e-03
-1.833092770539224148e-03
4.026003880426287651e-04
3.270067740231752396e-03
2.567636081948876381e-03
2.535053296014666557e-03
2.380170160904526711e-03
3.154193051159381866e-03
3.025316400453448296e-03
1.352244988083839417e-03
-2.326384419575333595e-03
3.657966619357466698e-03
-2.651181304827332497e-03
3.300689160823822021e-03
-2.038726961473003030e-04
3.620527917519211769e-03
-3.661615075543522835e-03
5.752849974669516087e-04
1.295221620239317417e-03
2.182423602789640427e-03
2.420158591121435165e-03
2.996825613081455231e-03
2.333836629986763000e-03
3.118859371170401573e-03
-9.597939788363873959e-04
-1.519854995422065258e-03
1.920036971569061279e-03
-2.219106303527951241e-03
-1.544855069369077682e-03
-2.543512498959898949e-03
-3.215872857253998518e-04
-3.040223673451691866e-04
-3.298819065093994141e-03
1.132167759351432323e-03
1.715587452054023743e-03
3.400161862373352051e-03
1.982235116884112358e-03
-2.681284677237272263e-03
3.858333220705389977e-03
-1.444659079425036907e-03
2.692773938179016113e-03
-3.020539181306958199e-03
3.793032374233007431e-03
1.285497448407113552e-03
-1.733195735141634941e-03
-2.632586052641272545e-03
2.981873927637934685e-03
1.907552708871662617e-03
-2.831510733813047409e-03
-1.326944679021835327e-03
-1.354325329884886742e-03
-3.897027811035513878e-03
-3.193028504028916359e-03
2.506518503651022911e-03
-6.893475656397640705e-04
2.844579517841339111e-03
1.102835638448596001e-03
3.117902437224984169e-03
4.354560514912009239e-04
5.605378537438809872e-04
-6.804150762036442757e-04
-1.929254067363217473e-04
3.311603097245097160e-03
2.041696803644299507e-03
2.685189945623278618e-03
5.760468775406479836e-04
1.453801873140037060e-03
-6.040728185325860977e-04
2.936850534752011299e-03
-3.221119521185755730e-03
3.502536797896027565e-03
-4.744255857076495886e-04
4.437908937688916922e-04
-3.248923458158969879e-03
3.526995424181222916e-03
-2.065125387161970139e-03
-2.164292149245738983e-03
3.857778385281562805e-03
-1.174142162199132144e-04
8.527794852852821350e-04
2.199584618210792542e-03
-1.504685264080762863e-03
1.495016040280461311e-03
2.481102943420410156e-03
-2.964718034490942955e-03
-1.031819381751120090e-03
-2.828498138114809990e-03
-3.335368121042847633e-03
3.871198743581771851e-03
-1.450217387173324823e-04
-4.042185610160231590e-04
1.667585689574480057e-03
-1.735030207782983780e-03
3.131759120151400566e-03
-2.531378064304590225e-03
2.156141912564635277e-03
-2.677213866263628006e-03
3.386783646419644356e-03
2.615155419334769249e-03
3.642933443188667297e-03
-3.544929204508662224e-04
-2.312054391950368881e-03
-3.809666028246283531e-03
3.411879064515233040e-03
-3.783830907195806503e-03
-2.971338573843240738e-03
-3.549452871084213257e-03
-2.150874119251966476e-03
-2.649674890562891960e-03
2.394085982814431190e-03
2.735606394708156586e-03
-3.492137417197227478e-03
-3.529608016833662987e-03
-3.589928848668932915e-03
-6.853695376776158810e-04
-7.502224761992692947e-04
3.247295506298542023e-03
2.168972510844469070e-03
-3.040666691958904266e-03
-5.130709032528102398e-04
9.089459781534969807e-04
-4.555070481728762388e-04
-2.079311991110444069e-03
-4.209419712424278259e-04
2.066319808363914490e-03
-2.793305553495883942e-03
-4.307323833927512169e-04
3.011601045727729797e-03
-7.008158718235790730e-04
-2.793602878227829933e-03
2.570433542132377625e-03
3.558991011232137680e-03
1.440492807887494564e-03
2.364481799304485321e-03
1.577914576046168804e-03
-9.121986804530024529e-04
-1.711901742964982986e-03
2.985320286825299263e-03
2.638645004481077194e-03
4.750303633045405149e-04
1.106110168620944023e-03
-2.290150732733309269e-04
-7.095569744706153870e-04
-8.490714244544506073e-04
3.444295143708586693e-03
-2.375582698732614517e-03
-2.178438473492860794e-03
1.071176608093082905e-03
-1.402874127961695194e-03
1.645720447413623333e-03
-2.031465061008930206e-03
2.311663236469030380e-03
2.506568562239408493e-03
3.078760113567113876e-03
-8.683167980052530766e-04
3.499388694763183594e-03
-1.684722141362726688e-03
-1.889775390736758709e-03
-2.236666856333613396e-03
3.731929973582737148e-05
-3.295418282505124807e-04
3.297348506748676300e-03
-2.595304977148771286e-03
4.871448254561983049e-06
-1.786037697456777096e-03
-2.137012779712677002e-04
3.169685136526823044e-03
2.610624069347977638e-03
-1.669122953899204731e-03
2.049837028607726097e-03
1.312778331339359283e-03
2.063026884570717812e-03
2.917601959779858589e-03
6.746953004039824009e-04
-2.088873414322733879e-03
-3.276943927630782127e-03
1.322333933785557747e-03
3.333747154101729393e-03
-6.876709085190668702e-05
-3.695229534059762955e-03
2.480527386069297791e-03
3.409747150726616383e-04
2.111029811203479767e-03
-1.790104317478835583e-03
4.326201160438358784e-04
3.316204994916915894e-03
-6.158414762467145920e-04
-2.381224883720278740e-03
-2.897735917940735817e-03
3.513520117849111557e-03
-3.178582759574055672e-03
1.969628036022186279e-03
1.402332331053912640e-03
-1.221697893925011158e-03
-2.175834728404879570e-03
1.140721025876700878e-03
1.697907573543488979e-03
-1.969621807802468538e-04
-1.927116536535322666e-03
3.521232632920145988e-03
9.593276190571486950e-04
-1.035365625284612179e-03
-2.197622554376721382e-03
-2.400878584012389183e-03
3.045844146981835365e-03
-9.531538817100226879e-04
-3.874162444844841957e-03
2.391250105574727058e-03
-1.266191829927265644e-03
3.074667882174253464e-03
3.881986020132899284e-03
-2.349020447582006454e-03
1.751172007061541080e-03
1.768119283951818943e-03
2.701037097722291946e-03
1.326190074905753136e-03
