-5.465453723445534706e-04
3.554075490683317184e-03
2.084544394165277481e-03
-4.889507545158267021e-04
1.639489782974123955e-03
3.804722568020224571e-03
2.582934976089745760e-04
7.506255642510950565e-04
-3.056088462471961975e-03
4.703948070527985692e-05
6.711799651384353638e-04
-2.498160814866423607e-03
2.287416136823594570e-04
2.448516199365258217e-03
-3.834048053249716759e-03
3.709007287397980690e-03
-1.651016180403530598e-03
-3.236602526158094406e-03
-3.012828296050429344e-03
-4.689156194217503071e-04
8.872434264048933983e-04
3.894930414389818907e-04
-1.177138881757855415e-03
1.517074182629585266e-03
3.470157738775014877e-03
3.747388720512390137e-03
5.543161532841622829e-04
-2.634974895045161247e-03
-6.337363156490027905e-04
-1.403866102918982506e-03
-6.987146916799247265e-04
7.426840602420270443e-04
-2.531540347263216972e-03
3.219459438696503639e-03
-9.492258541285991669e-04
3.161174710839986801e-03
8.055674843490123749e-04
-3.407608019188046455e-03
1.127739742514677346e-04
3.560598939657211304e-03
-7.667916361242532730e-04
2.856448991224169731e-03
-3.049184568226337433e-03
2.907267771661281586e-03
-1.495889737270772457e-04
-3.014639718458056450e-03
1.603086711838841438e-03
-3.775622695684432983e-03
-2.574175596237182617e-03
4.840071196667850018e-04
3.905907040461897850e-03
3.727093804627656937e-03
-9.462685557082295418e-04
-2.581889566499739885e-04
2.265207469463348389e-03
-2.999228658154606819e-03
-7.262339349836111069e-04
-6.207987316884100437e-04
2.519309986382722855e-03
-2.207476180046796799e-03
-8.218715083785355091e-04
1.601527095772325993e-03
2.301913220435380936e-03
-2.770822728052735329e-03
1.920804847031831741e-03
3.003764431923627853e-03
3.048632992431521416e-03
-1.195895601995289326e-03
1.937762717716395855e-03
-3.841943573206663132e-03
7.258179248310625553e-04
3.740736050531268120e-03
-2.974312286823987961e-03
-2.162073040381073952e-03
1.693073776550590992e-03
-3.730560652911663055e-03
3.300953423604369164e-03
-2.860323060303926468e-03
-7.982670213095843792e-04
8.331526187248528004e-04
1.331934821791946888e-03
3.886547870934009552e-03
2.348207170143723488e-03
7.575277122668921947e-04
-3.842043224722146988e-03
-1.458360929973423481e-03
-8.795070461928844452e-04
-2.490811748430132866e-03
2.107278909534215927e-03
1.650724094361066818e-03
-8.151944493874907494e-04
3.637247253209352493e-03
-1.731996308080852032e-03
-2.774205524474382401e-03
1.439752522855997086e-03
3.530764020979404449e-03
-3.659920068457722664e-03
9.260105434805154800e-04
2.266369061544537544e-03
2.844644244760274887e-03
-7.715349784120917320e-04
-2.875334350392222404e-03
-2.034262986853718758e-03
-2.135779475793242455e-03
-5.777581463917158544e-05
1.471477095037698746e-03
-1.163605833426117897e-03
3.538115648552775383e-03
-7.192145403678296134e-06
1.660837209783494473e-03
-3.398736938834190369e-03
-3.379351459443569183e-03
-5.197431892156600952e-04
-2.259559405501931906e-04
-2.283125417307019234e-03
-8.237285655923187733e-04
1.073437510058283806e-03
1.173573196865618229e-03
5.468858289532363415e-04
3.722034161910414696e-03
-3.740213112905621529e-03
-2.329556737095117569e-04
-3.633870743215084076e-03
2.232789993286132812e-03
2.163882134482264519e-03
1.980124274268746376e-03
9.622120414860546589e-04
3.289645072072744370e-03
-3.597159869968891144e-03
-1.405141665600240231e-03
3.279854543507099152e-03
3.721343120560050011e-03
-2.701820805668830872e-03
3.816906362771987915e-03
-3.338311566039919853e-03
-3.799394238740205765e-03
1.500723999924957752e-03
-8.323287474922835827e-04
-2.580453874543309212e-03
1.426420494681224227e-04
3.237614640966057777e-03
1.610609819181263447e-03
3.052307059988379478e-03
-6.326538859866559505e-04
3.224738757126033306e-04
-1.130666350945830345e-03
1.464021857827901840e-03
-4.423739737831056118e-04
-3.009389620274305344e-03
2.478270791471004486e-03
-4.470749991014599800e-04
1.090888399630784988e-03
2.904627239331603050e-03
2.248488366603851318e-03
-1.574186258949339390e-03
-3.650200553238391876e-03
1.672148064244538546e-04
2.446727827191352844e-03
-2.842363668605685234e-03
-7.676384993828833103e-04
-2.264646813273429871e-03
-1.575593487359583378e-03
1.373117207549512386e-03
1.311242231167852879e-03
-1.646909047849476337e-03
1.058444613590836525e-03
1.817703712731599808e-03
-1.841500052250921726e-04
-2.726915292441844940e-03
6.884494214318692684e-04
3.288968466222286224e-03
-1.334052532911300659e-03
3.715343773365020752e-03
-2.876717131584882736e-03
2.781543647870421410e-03
-7.586358697153627872e-04
2.124030143022537231e-03
1.161278691142797470e-03
2.245349576696753502e-03
-7.107121055014431477e-04
-1.834244234487414360e-03
3.095242194831371307e-03
-3.886836348101496696e-03
-1.515160081908106804e-03
-2.284634974785149097e-04
-3.174112411215901375e-03
-3.900060895830392838e-03
2.680269244592636824e-04
1.055158936651423573e-04
1.079567708075046539e-03
-1.006565871648490429e-03
2.194785920437425375e-04
7.092725718393921852e-04
1.682858797721564770e-03
-1.505177002400159836e-03
-3.645273623988032341e-03
-2.552713965997099876e-03
-6.700080120936036110e-04
-1.668256125412881374e-03
2.127124462276697159e-03
-2.445155987516045570e-03
1.051362603902816772e-03
-1.902059419080615044e-03
2.969906665384769440e-03
-3.198015037924051285e-04
-3.871109802275896072e-03
3.468021750450134277e-03
-3.802245948463678360e-03
-1.296793692745268345e-03
5.410985322669148445e-04
1.705169095657765865e-03
1.870556268841028214e-03
1.899744849652051926e-03
1.220181584358215332e-03
-1.621034229174256325e-03
3.473044838756322861e-03
-3.636362263932824135e-03
-2.494333777576684952e-03
2.034411998465657234e-03
-3.171629738062620163e-03
1.870700740255415440e-03
2.198274014517664909e-03
2.515090862289071083e-03
-3.246540669351816177e-03
-5.523608997464179993e-04
-6.953138508833944798e-04
3.055718028917908669e-03
1.869790721684694290e-03
2.879766747355461121e-03
-2.152526983991265297e-03
8.462335681542754173e-04
2.112342743203043938e-03
-2.088687848299741745e-03
-5.298919277265667915e-04
3.679209388792514801e-03
-5.933400243520736694e-04
-3.463252214714884758e-04
-1.685002935118973255e-03
9.350658510811626911e-04
2.054264041362330317e-04
2.508057048544287682e-03
-3.772871801629662514e-03
-8.017508080229163170e-04
-1.223338069394230843e-03
-1.157809281721711159e-03
3.175081510562449694e-04
6.258834036998450756e-04
2.062428044155240059e-03
2.341395476832985878e-03
3.308444283902645111e-03
3.012342145666480064e-03
-3.973635029979050159e-04
-7.122457027435302734e-04
2.221495378762483597e-03
-2.273292979225516319e-03
3.516049357131123543e-03
