8.182305609807372093e-04
8.312365971505641937e-04
-2.119868062436580658e-03
-1.012241235002875328e-03
-2.740107476711273193e-03
1.135101309046149254e-03
-3.832373535260558128e-03
-3.570468863472342491e-03
-1.001508906483650208e-03
2.104474930092692375e-03
2.226784126833081245e-03
7.737652631476521492e-04
2.604628214612603188e-03
-2.751975785940885544e-03
1.580019015818834305e-03
2.366095315665006638e-03
-2.261708723381161690e-03
-2.217717410530894995e-04
-3.227986395359039307e-03
2.918625948950648308e-03
2.460574498400092125e-03
-1.818221411667764187e-03
-2.985733328387141228e-03
2.329475013539195061e-03
1.223244355060160160e-03
6.070719100534915924e-04
1.789385220035910606e-03
1.015300367726013064e-04
3.308619372546672821e-03
-2.360877260798588395e-04
3.644750919193029404e-03
-1.619220594875514507e-03
3.543266793712973595e-03
-3.763056360185146332e-03
3.342986805364489555e-03
-9.115163120441138744e-04
-2.729689935222268105e-03
1.659411005675792694e-03
2.109257271513342857e-03
-3.115826752036809921e-03
3.612093161791563034e-03
-4.015527956653386354e-04
-1.939301146194338799e-03
1.417810795828700066e-03
5.134413368068635464e-04
7.054809248074889183e-04
-2.010551281273365021e-03
-2.119738142937421799e-03
3.167737973853945732e-03
-2.165764803066849709e-03
-5.061342380940914154e-05
3.522178856655955315e-03
1.203312538564205170e-03
-3.813727060332894325e-03
1.577073126100003719e-03
1.569765969179570675e-03
1.926977070979773998e-03
-2.403571037575602531e-03
-1.533572678454220295e-03
2.145948565157596022e-05
-1.253749127499759197e-03
-2.695800969377160072e-03
-3.348788595758378506e-04
2.554842038080096245e-03
-2.731641689024399966e-05
2.689948305487632751e-03
7.387263467535376549e-04
-3.486567409709095955e-03
-1.964923460036516190e-03
-1.778374426066875458e-03
-1.252773217856884003e-03
-1.158772851340472698e-03
1.326792873442173004e-03
-1.431914570275694132e-04
-1.493696006946265697e-03
-2.503516850993037224e-03
-8.174329414032399654e-04
-7.166592404246330261e-04
-3.910692408680915833e-03
-2.041839528828859329e-03
9.727206779643893242e-04
8.212361717596650124e-04
1.513575203716754913e-03
3.435474587604403496e-03
1.307655591517686844e-03
2.084854058921337128e-03
-2.740508411079645157e-03
-3.417164785787463188e-03
1.683387963566929102e-04
1.294928020797669888e-03
1.724991481751203537e-03
-3.027534112334251404e-03
2.790760481730103493e-03
2.447450300678610802e-03
-3.089710837230086327e-03
7.336168200708925724e-04
8.246165816672146320e-04
-2.528146607801318169e-03
1.763804699294269085e-03
-2.405425300821661949e-03
-4.903153749182820320e-04
8.162857266142964363e-04
1.267792657017707825e-03
1.243160455487668514e-03
-1.064956304617226124e-03
2.964139916002750397e-03
-3.610179293900728226e-03
-3.518547164276242256e-03
1.700053107924759388e-03
2.087492728605866432e-03
2.893709810450673103e-03
-1.657168380916118622e-03
-2.206707838922739029e-03
1.343983924016356468e-03
-2.751944819465279579e-03
-3.771948162466287613e-03
3.190501593053340912e-03
1.681174268014729023e-03
2.324900357052683830e-03
-7.571413880214095116e-04
-9.174957085633650422e-05
-4.546607669908553362e-04
-2.971833804622292519e-03
-2.396655501797795296e-03
-1.310794265009462833e-03
-3.374812426045536995e-03
3.748668590560555458e-03
2.053322270512580872e-03
-3.500069957226514816e-03
1.201827079057693481e-03
-3.787006484344601631e-03
-2.821828704327344894e-03
3.234447212889790535e-04
-1.415165024809539318e-04
-1.749746501445770264e-03
-1.359172631055116653e-03
1.835412229411303997e-03
-1.353682484477758408e-03
-3.024875419214367867e-03
-2.674263087101280689e-04
-2.569133648648858070e-03
3.617590526118874550e-03
-1.908779144287109375e-03
-1.915549277327954769e-03
3.623409895226359367e-03
3.616051049903035164e-03
3.469745395705103874e-03
-3.264018567278981209e-03
-2.059463178738951683e-03
-1.193654956296086311e-03
-3.125644579995423555e-04
-2.196135930716991425e-03
-3.365288954228162766e-03
-2.129754284396767616e-05
3.214029828086495399e-03
1.091232639737427235e-03
-1.680808607488870621e-03
1.019851843011565506e-04
2.123653888702392578e-03
-1.778136065695434809e-04
2.242108341306447983e-03
-4.169248131802305579e-05
1.691082259640097618e-03
1.843553269281983376e-03
3.320271847769618034e-03
-7.091015868354588747e-05
3.338792128488421440e-03
2.426362363621592522e-03
-3.861468518152832985e-03
-2.978359581902623177e-03
1.100617460906505585e-03
1.644033123739063740e-03
-7.411604747176170349e-04
2.954713534563779831e-03
-3.793859155848622322e-03
-7.297998527064919472e-04
3.019382245838642120e-03
6.188947590999305248e-04
-3.083836520090699196e-03
-2.263674279674887657e-03
3.713910467922687531e-03
-1.761735999025404453e-03
-2.856791717931628227e-03
-1.391837577102705836e-04
-2.780330600216984749e-03
-2.340371487662196159e-03
-2.730754204094409943e-03
6.228015990927815437e-04
1.595881185494363308e-03
-1.900599570944905281e-03
-3.537605749443173409e-03
-1.675226958468556404e-03
2.043535932898521423e-03
3.093512961640954018e-03
-3.202762221917510033e-03
-3.684204770252108574e-03
-2.681841142475605011e-03
-2.267037518322467804e-03
-2.436586888507008553e-03
-2.405508887022733688e-03
3.289808286353945732e-03
-7.553213508799672127e-04
3.111532714683562517e-04
1.140112173743546009e-03
1.414094818755984306e-03
1.453883713111281395e-03
-5.440181703306734562e-04
-9.313672198913991451e-04
6.415426614694297314e-04
-8.249590173363685608e-04
1.965439878404140472e-03
-2.948591019958257675e-03
2.260166918858885765e-03
-2.477481262758374214e-03
2.027769805863499641e-03
3.107660915702581406e-03
1.900142058730125427e-03
-6.459982832893729210e-04
3.068363526836037636e-03
-3.881699638441205025e-03
-1.443564775399863720e-03
6.428964552469551563e-04
-8.932022610679268837e-04
-1.922144903801381588e-03
3.096763975918292999e-03
6.762461271136999130e-04
1.087241922505199909e-03
-1.336692366749048233e-03
1.894348766654729843e-03
2.852946287021040916e-03
-1.569809741340577602e-03
1.146124559454619884e-03
1.437650527805089951e-03
3.863166493829339743e-04
4.465719684958457947e-04
3.171742893755435944e-03
1.899420050904154778e-03
1.766692148521542549e-03
-4.176968068350106478e-04
1.259399577975273132e-03
3.084141295403242111e-03
2.426637336611747742e-03
6.476908456534147263e-04
-2.210447564721107483e-03
-2.535847015678882599e-03
2.201520139351487160e-03
-1.918279565870761871e-03
-3.844511695206165314e-03
-2.883349661715328693e-04
-3.676222171634435654e-03
-2.525895368307828903e-03
2.564799040555953979e-03
4.950448055751621723e-04
2.612014999613165855e-03
-6.137376185506582260e-04
-2.279410837218165398e-03
