-1.106692478060722351e-03
2.381007419899106026e-03
-1.175420242361724377e-03
4.355027049314230680e-04
2.568280033301562071e-04
1.832984969951212406e-03
-2.525524469092488289e-03
1.849977881647646427e-03
-3.820548765361309052e-03
1.018931623548269272e-03
2.280363114550709724e-03
1.491580042056739330e-03
-2.763517550192773342e-04
-2.551583573222160339e-03
2.277139108628034592e-03
-2.017523627728223801e-03
6.703394465148448944e-04
6.838614353910088539e-04
1.076472108252346516e-03
-1.017187605611979961e-03
-1.258099684491753578e-03
-9.158038301393389702e-05
3.819797420874238014e-03
-3.578282892704010010e-03
7.114690379239618778e-05
3.685890696942806244e-03
-2.126523759216070175e-03
2.050784649327397346e-03
-1.741816988214850426e-03
1.924231037264689803e-04
-2.819205867126584053e-03
-2.118041273206472397e-03
5.043685669079422951e-04
3.690095385536551476e-03
3.205325454473495483e-03
-3.756148507818579674e-04
8.328150724992156029e-04
8.949093753471970558e-04
-1.291793305426836014e-03
2.778459340333938599e-03
2.420192118734121323e-03
-3.861468285322189331e-03
-3.425553208217024803e-03
1.657626940868794918e-03
3.155488288030028343e-03
-1.748292008414864540e-03
3.746861359104514122e-03
-3.514770418405532837e-03
-2.201831899583339691e-03
-4.520406655501574278e-04
-9.858902776613831520e-04
3.022542223334312439e-03
-2.278159838169813156e-03
2.304851077497005463e-03
5.184916080906987190e-04
5.299221375025808811e-04
1.190124428831040859e-03
-8.036870276555418968e-04
6.249862490221858025e-04
-2.035542158409953117e-03
2.852021949365735054e-03
3.016904229298233986e-03
1.020380412228405476e-03
-1.318077411269769073e-04
2.370299916947260499e-04
3.577326191589236259e-03
3.710056655108928680e-03
3.882582997903227806e-03
-3.771720919758081436e-03
-1.554936519823968410e-03
-2.061899984255433083e-03
-1.595765119418501854e-03
3.879383904859423637e-03
-1.626217970624566078e-03
4.838784807361662388e-04
-2.767989280982874334e-05
3.663793206214904785e-03
-1.978018553927540779e-03
9.085183264687657356e-04
1.529725384898483753e-03
-3.203675849363207817e-03
-3.380590584129095078e-03
-1.719782361760735512e-03
1.174075063318014145e-03
3.011558670550584793e-03
3.033626591786742210e-03
-2.256570878671482205e-04
-2.123260870575904846e-03
5.425412091426551342e-04
-2.590721240267157555e-03
-2.941886195912957191e-03
-6.884518370497971773e-05
3.893372835591435432e-03
3.754156641662120819e-03
2.196473069489002228e-03
3.781760111451148987e-03
-6.939902086742222309e-04
-3.132937708869576454e-03
-1.641606562770903111e-03
8.189920336008071899e-04
-1.441271277144551277e-03
-2.535484498366713524e-03
1.597206806764006615e-03
8.328894036822021008e-04
-5.790057475678622723e-04
1.884976634755730629e-03
3.227403794880956411e-04
2.014422789216041565e-03
-1.403714763000607491e-03
-1.397629384882748127e-04
-2.023077337071299553e-03
-3.308482468128204346e-03
3.058441681787371635e-03
2.605668036267161369e-03
3.850813722237944603e-03
-1.662344438955187798e-03
3.102831076830625534e-03
3.847904503345489502e-03
2.924551488831639290e-03
-2.227793447673320770e-03
1.226906664669513702e-03
2.598285907879471779e-03
2.163563854992389679e-03
3.461641259491443634e-03
-6.847659242339432240e-04
-1.867182785645127296e-03
3.837006806861609221e-04
-2.373458351939916611e-03
2.604624954983592033e-03
-2.415094058960676193e-03
-3.650845494121313095e-03
6.331368349492549896e-04
-6.215471657924354076e-04
-1.479125465266406536e-03
-7.930488791316747665e-04
-2.057420089840888977e-03
-1.572018518345430493e-04
1.280097290873527527e-03
9.493718389421701431e-04
-3.726693568751215935e-03
-2.897646976634860039e-03
2.074164105579257011e-03
3.151103155687451363e-03
-2.026883419603109360e-03
8.007056749192997813e-05
6.232284358702600002e-04
3.757198806852102280e-03
-2.621010411530733109e-03
2.600481035187840462e-03
3.337788162752985954e-03
1.560930279083549976e-03
-2.649359870702028275e-03
-9.744634735397994518e-05
-3.649326390586793423e-04
-3.327820450067520142e-03
3.009204054251313210e-03
2.588377392385154963e-04
-1.118045474868267775e-04
-2.677504438906908035e-03
3.785438137128949165e-03
6.326628499664366245e-04
3.140921937301754951e-03
-8.023377158679068089e-04
-3.609106643125414848e-03
3.254340263083577156e-03
-3.064958727918565273e-04
-8.364607347175478935e-04
2.248221775516867638e-03
-9.328993037343025208e-04
-2.323928638361394405e-04
-7.629050523974001408e-04
-7.848420063965022564e-04
-1.695972401648759842e-03
3.500219434499740601e-03
-3.347476478666067123e-03
2.334765857085585594e-03
3.246898064389824867e-03
2.770370105281472206e-03
-4.960515652783215046e-04
2.599895698949694633e-03
-3.314015222713351250e-03
1.863360870629549026e-03
-1.509751309640705585e-03
1.034162356518208981e-03
1.591786043718457222e-03
-1.115020597353577614e-03
-3.661245340481400490e-03
3.069396829232573509e-03
-5.004076519981026649e-04
-1.460126833990216255e-03
-9.418030385859310627e-04
2.427976811304688454e-03
-2.357248682528734207e-03
-2.429734217002987862e-03
3.201736137270927429e-03
-1.498354948125779629e-03
-3.203508211299777031e-03
3.090357407927513123e-03
-3.783778287470340729e-03
-3.391904756426811218e-03
1.014950103126466274e-03
2.572725526988506317e-03
-1.141836401075124741e-03
1.245589577592909336e-03
3.199700033292174339e-03
-3.843423211947083473e-03
2.972482470795512199e-03
-4.670393536798655987e-04
3.695531981065869331e-03
-2.354368800297379494e-03
1.217076205648481846e-03
-2.342309337109327316e-03
3.090585581958293915e-03
-1.613147789612412453e-03
2.951880916953086853e-03
1.721130800433456898e-03
5.649569211527705193e-04
-2.140408148989081383e-03
3.286265069618821144e-03
-2.076058415696024895e-03
3.281394951045513153e-03
3.518150886520743370e-03
2.764525823295116425e-03
-2.079937607049942017e-03
-1.683134702034294605e-03
2.044501481577754021e-03
-2.386236330494284630e-03
-1.261223573237657547e-03
4.213115025777369738e-04
1.826622174121439457e-03
2.159392926841974258e-03
3.475270932540297508e-03
1.728215720504522324e-03
-3.333339467644691467e-03
3.101281588897109032e-03
2.914312994107604027e-03
-7.789433584548532963e-04
8.711908012628555298e-04
-3.564511425793170929e-03
-2.923416672274470329e-03
-2.247496508061885834e-03
-3.327096055727452040e-04
1.046036370098590851e-03
-1.434536883607506752e-03
-2.851454308256506920e-03
-1.736301579512655735e-03
-1.378903863951563835e-03
-7.569310837425291538e-04
-8.303892682306468487e-04
7.336633279919624329e-04
-1.308029983192682266e-03
3.542655613273382187e-03
-1.402680645696818829e-03
3.421361092478036880e-03
1.465981476940214634e-03
1.787621527910232544e-03
