-2.876006532460451126e-03
2.033275319263339043e-03
-2.414451679214835167e-03
2.282543340697884560e-03
3.631239058449864388e-03
-5.461942637339234352e-04
6.061925669200718403e-04
4.842912894673645496e-04
-2.088417677441611886e-04
-1.095122075639665127e-03
2.358603756874799728e-03
-3.084535477682948112e-03
-4.602561530191451311e-04
3.186741378158330917e-03
-3.540237434208393097e-03
1.950208330526947975e-03
2.867651404812932014e-03
-2.340729115530848503e-03
6.716974312439560890e-04
-1.847269944846630096e-03
-3.233988536521792412e-03
3.410094883292913437e-03
2.348410431295633316e-03
-2.483466174453496933e-03
5.121762515045702457e-04
2.446431200951337814e-03
-2.522817230783402920e-04
-1.725432928651571274e-03
1.045381068252027035e-03
2.519442059565335512e-04
-2.997949719429016113e-03
3.553471295163035393e-03
3.675750223919749260e-03
-3.619534661993384361e-03
-3.766246605664491653e-03
-2.766867633908987045e-03
-3.520263358950614929e-03
3.309821011498570442e-03
-3.036109497770667076e-03
-3.641523187980055809e-03
-2.859790576621890068e-03
-3.524108324199914932e-03
3.802493447437882423e-03
1.185152868856675923e-04
2.907971385866403580e-03
2.497770590707659721e-03
-3.893227782100439072e-03
-6.369761103997007012e-05
-2.613645046949386597e-03
2.034508390352129936e-03
3.206163411960005760e-03
1.031768275424838066e-03
3.019847441464662552e-03
4.367079527582973242e-04
-3.048261394724249840e-03
-6.385239539667963982e-04
-3.178335726261138916e-03
-1.266280189156532288e-03
-2.809310331940650940e-03
-2.425341168418526649e-03
3.272840520367026329e-03
6.052576354704797268e-04
1.024152617901563644e-03
-1.975737512111663818e-03
1.394157530739903450e-03
-1.189194852486252785e-03
2.977437980007380247e-04
3.711328841745853424e-03
2.970054047182202339e-03
1.844776794314384460e-03
9.827741450862959027e-05
1.058557070791721344e-03
3.643451957032084465e-03
2.119693206623196602e-03
-2.359228208661079407e-03
-1.309773186221718788e-03
-2.004570793360471725e-03
4.414101567817851901e-05
-1.634223619475960732e-03
2.086300868541002274e-03
-2.446964150294661522e-03
-2.614621073007583618e-03
2.215540502220392227e-03
2.095834584906697273e-03
2.272337675094604492e-03
-2.943264087662100792e-03
1.198550336994230747e-03
3.320196876302361488e-03
3.824364859610795975e-03
-3.537895623594522476e-03
3.210454247891902924e-03
-8.692983537912368774e-04
-2.482001669704914093e-03
-1.955586951225996017e-03
-2.484731143340468407e-03
3.704181406646966934e-03
6.723897531628608704e-04
-1.792198629118502140e-03
1.812482718378305435e-03
3.690208075568079948e-03
-2.944095758721232414e-04
-1.183609583677025512e-05
5.258095334284007549e-04
1.337310764938592911e-03
4.572944890242069960e-04
1.458507147617638111e-03
2.349937334656715393e-03
-1.586573547683656216e-03
-4.857768944930285215e-04
-3.468459704890847206e-03
8.752411231398582458e-04
-1.989138545468449593e-03
-3.599750343710184097e-03
5.836202763020992279e-04
2.027234761044383049e-03
7.396915461868047714e-04
3.164086490869522095e-03
-2.331306226551532745e-03
2.014696365222334862e-03
1.916193519718945026e-03
-2.793255960568785667e-03
-1.293904730118811131e-03
2.928589528892189264e-04
3.382080467417836189e-03
-2.310333540663123131e-03
-1.596245681867003441e-03
-1.763930544257164001e-03
3.559269011020660400e-03
3.351617488078773022e-04
1.260614371858537197e-03
1.143399393185973167e-03
-6.056411657482385635e-04
-1.848371903179213405e-04
1.517920289188623428e-03
-1.027123536914587021e-03
1.890041399747133255e-03
2.746920290519483387e-05
-1.198783284053206444e-03
-3.014574467670172453e-04
-1.278650015592575073e-03
1.096516731195151806e-03
1.358583453111350536e-03
-2.746569691225886345e-03
3.218252677470445633e-03
-1.335475710220634937e-03
2.005093265324831009e-03
-1.822730293497443199e-03
-1.274210284464061260e-03
-1.340956776402890682e-03
3.422338748350739479e-03
1.231071422807872295e-03
-1.801573089323937893e-03
-4.480443021748214960e-04
1.560274511575698853e-03
-2.436902839690446854e-03
3.027419326826930046e-03
-9.413980296812951565e-05
-2.341012004762887955e-03
-2.422793302685022354e-03
-1.050628488883376122e-03
-3.550838911905884743e-03
-3.087564837187528610e-03
-5.258232704363763332e-04
-1.678263419307768345e-03
1.820470090024173260e-03
-1.036421512253582478e-03
-1.125119510106742382e-03
2.334542572498321533e-03
2.878728555515408516e-03
-3.260063473135232925e-03
8.298785542137920856e-04
-1.727371127344667912e-03
2.971336245536804199e-03
-1.385224983096122742e-03
2.211007755249738693e-03
-2.330500166863203049e-03
-1.096928026527166367e-03
3.616906236857175827e-03
2.727322280406951904e-03
2.941562561318278313e-03
-3.226417815312743187e-03
-1.334953238256275654e-03
1.447517541237175465e-03
1.890456886030733585e-03
3.096628701314330101e-03
-1.659341622143983841e-03
-3.710030810907483101e-03
2.856782870367169380e-03
2.454455709084868431e-03
1.063062925823032856e-03
-1.714229234494268894e-03
-2.083413302898406982e-03
-3.451880067586898804e-03
-2.692910609766840935e-03
2.221235074102878571e-03
-2.704471349716186523e-03
-1.212069531902670860e-03
1.969360979273915291e-03
3.634582040831446648e-03
-1.727217313600704074e-04
-2.174344612285494804e-03
-2.561251632869243622e-03
-2.390144858509302139e-03
1.459673861972987652e-03
3.227959154173731804e-03
-2.958070486783981323e-03
-3.074760083109140396e-03
3.565254854038357735e-03
-2.997664036229252815e-03
1.745269284583628178e-03
6.862410227768123150e-04
-2.786990720778703690e-03
-2.226932672783732414e-03
1.776893041096627712e-03
-1.332886866293847561e-03
5.954883818048983812e-05
1.299372990615665913e-03
1.954230247065424919e-03
3.882679156959056854e-03
-2.500821836292743683e-03
-1.801860751584172249e-03
3.154085483402013779e-03
1.504400745034217834e-03
-1.106967611121945083e-04
3.789587644860148430e-03
-3.689787583425641060e-03
2.920358907431364059e-03
1.896818284876644611e-03
2.126238541677594185e-03
1.324910321272909641e-03
-1.027678372338414192e-03
3.197351004928350449e-03
-2.479590941220521927e-03
-2.988254418596625328e-04
3.711610566824674606e-03
-5.377588095143437386e-04
-3.174592275172472000e-03
3.064983990043401718e-03
-6.397177348844707012e-04
-2.663595369085669518e-03
5.302224308252334595e-04
-1.280547119677066803e-03
2.931886119768023491e-04
-1.305002719163894653e-03
-1.361120841465890408e-03
1.523639308288693428e-03
2.476563444361090660e-03
2.540766727179288864e-03
-1.892476284410804510e-04
-9.458774002268910408e-04
-3.430243115872144699e-03
-9.932991815730929375e-04
3.641068906290456653e-05
2.949501387774944305e-03
3.794199787080287933e-03
-3.019133582711219788e-04
