1.099037937819957733e-03
3.818298457190394402e-03
2.777515444904565811e-03
-2.993638394400477409e-03
-2.292267745360732079e-03
-2.639731159433722496e-03
-2.898001810535788536e-03
-2.386037813266739249e-04
1.540892757475376129e-03
2.361895749345421791e-03
-7.456972962245345116e-04
1.081954804249107838e-03
8.524184231646358967e-04
-2.277025254443287849e-03
1.058604102581739426e-03
2.815038198605179787e-03
-1.461865380406379700e-03
1.395095256157219410e-03
3.560316516086459160e-03
-2.339049940928816795e-03
1.551955007016658783e-03
-3.439041087403893471e-03
-7.939654169604182243e-04
-4.597187216859310865e-04
-1.058547873981297016e-03
-2.042383654043078423e-03
3.675073850899934769e-03
1.920745125971734524e-03
3.258921438828110695e-03
2.248451346531510353e-03
-6.134494906291365623e-04
-1.489736954681575298e-03
-2.690540393814444542e-03
-3.348164027556777000e-03
3.715794533491134644e-03
-2.946669235825538635e-03
2.162021584808826447e-03
-1.590832136571407318e-03
-2.118834061548113823e-03
3.707442432641983032e-03
-3.088365541771054268e-03
-3.026972757652401924e-03
1.229330664500594139e-03
-4.093624884262681007e-04
3.305687103420495987e-03
-3.482881933450698853e-03
1.211445196531713009e-04
4.971405724063515663e-04
-3.466424066573381424e-03
-2.430128079140558839e-04
-2.510548569262027740e-03
9.276346536353230476e-04
2.133503789082169533e-03
-1.145127578638494015e-03
2.150811487808823586e-03
6.175150047056376934e-04
-9.720711968839168549e-04
2.165034180507063866e-03
1.500163460150361061e-03
3.256600350141525269e-03
1.181173371151089668e-03
-1.161049469374120235e-03
2.156440401449799538e-03
-2.042985055595636368e-03
2.869888267014175653e-04
7.648068713024258614e-04
-1.465157140046358109e-03
3.386214841157197952e-03
-6.943396292626857758e-04
-2.057032193988561630e-03
-2.557626226916909218e-03
2.156028640456497669e-04
1.449053059332072735e-03
1.855922047980129719e-03
2.093560295179486275e-03
2.478693146258592606e-03
3.350065788254141808e-03
5.777860060334205627e-04
-1.834672992117702961e-03
-5.826957058161497116e-04
-8.421786478720605373e-04
-7.323430036194622517e-04
2.946660388261079788e-03
-5.034006317146122456e-04
-2.235522028058767319e-03
1.786011853255331516e-03
-1.210199479828588665e-04
-3.219440812245011330e-03
1.506397034972906113e-03
-1.027452060952782631e-03
-2.197459340095520020e-03
3.589510684832930565e-03
2.322847954928874969e-03
-1.218434190377593040e-03
-1.940460642799735069e-03
-3.335081972181797028e-03
-2.937091048806905746e-03
3.472435753792524338e-03
-1.427701325155794621e-03
3.070676466450095177e-03
2.378477482125163078e-03
-3.895018016919493675e-03
4.793604311998933554e-04
2.909609349444508553e-03
-3.221020102500915527e-03
3.398064756765961647e-03
3.686996409669518471e-03
-1.634914195165038109e-03
2.146322076441720128e-04
1.271595829166471958e-03
3.591219428926706314e-04
-3.357385285198688507e-03
-1.594911795109510422e-03
-1.010629581287503242e-03
3.074374282732605934e-03
-3.623746335506439209e-03
2.292071003466844559e-03
-2.598435385152697563e-04
-8.288706885650753975e-04
8.847718709148466587e-04
8.493461064063012600e-04
-2.347382949665188789e-03
-2.776311710476875305e-03
-3.314624482300132513e-04
-8.105371380224823952e-04
3.759369021281599998e-03
8.689585374668240547e-04
-1.063013798557221889e-03
-4.406310617923736572e-04
-2.855325117707252502e-03
-1.265288912691175938e-03
-3.661463502794504166e-03
-2.506664255633950233e-03
-3.262771526351571083e-03
-2.034429460763931274e-03
-3.329888917505741119e-03
-7.796825229888781905e-05
3.903207136318087578e-03
3.711044555529952049e-03
-3.720680251717567444e-03
-2.628566464409232140e-03
2.023768844082951546e-03
1.216781238326802850e-04
-2.519836183637380600e-03
3.771846648305654526e-03
3.369797486811876297e-03
-3.474642056971788406e-03
3.272607224062085152e-03
5.333115695975720882e-04
2.334387507289648056e-03
2.349737798795104027e-03
-1.945288619026541710e-03
-2.744543366134166718e-03
-8.180761942639946938e-04
3.330341714899986982e-04
-3.116507316008210182e-03
-1.693895203061401844e-03
3.716165898367762566e-03
2.716381568461656570e-03
2.800213638693094254e-03
1.398481777869164944e-03
-2.675374504178762436e-03
3.187154885381460190e-03
3.885657759383320808e-03
3.486498317215591669e-04
-2.860161941498517990e-03
-3.858188400045037270e-03
-1.352136372588574886e-03
-3.799582831561565399e-03
-1.047311583533883095e-03
-7.988978177309036255e-04
3.889981424435973167e-03
-1.613166998140513897e-03
2.660158788785338402e-03
3.563113044947385788e-03
1.681673107668757439e-03
6.233733984117861837e-06
-2.188671845942735672e-03
-2.372491173446178436e-03
-2.321593696251511574e-03
-3.232897026464343071e-03
-1.520018908195197582e-03
1.725110574625432491e-03
-3.242912935093045235e-03
1.152390730567276478e-03
-4.829934332519769669e-04
9.393796208314597607e-04
2.150786342099308968e-03
-3.506814129650592804e-03
-3.507455112412571907e-03
8.207109931390732527e-05
-3.571719280444085598e-04
3.493680618703365326e-03
-6.918432191014289856e-04
-2.432612935081124306e-03
2.646386157721281052e-03
1.904263277538120747e-03
-1.799088437110185623e-03
-3.065415658056735992e-03
2.384084044024348259e-03
1.145410235039889812e-03
-6.481220480054616928e-04
3.826397936791181564e-03
-3.476742189377546310e-03
4.535072948783636093e-04
9.604715160094201565e-04
3.271396039053797722e-03
2.400147030130028725e-03
-2.260906156152486801e-03
-1.166808651760220528e-03
2.508566714823246002e-03
8.569168276153504848e-04
3.544983221217989922e-03
3.872120054438710213e-03
-2.168233739212155342e-03
-1.911869272589683533e-03
-2.557797823101282120e-03
1.200486090965569019e-03
8.844818221405148506e-04
-1.453194185160100460e-03
3.762621199712157249e-03
-6.385819287970662117e-04
-1.744931098073720932e-03
-4.013086800114251673e-05
-3.699733875691890717e-03
-2.455261070281267166e-03
-1.760577142704278231e-04
7.056000758893787861e-04
3.665029304102063179e-03
-1.130351098254323006e-03
4.561619134619832039e-04
-3.210065187886357307e-03
3.728072158992290497e-03
1.545492908917367458e-03
-3.385037649422883987e-03
1.104496623156592250e-04
3.451670985668897629e-03
2.455251291394233704e-03
2.147062215954065323e-03
1.945774769410490990e-03
-8.936898084357380867e-04
3.737502265721559525e-03
-1.454327139072120190e-03
-1.424687216058373451e-03
-3.532078117132186890e-03
-7.875059964135289192e-04
-1.574961468577384949e-03
3.786309389397501945e-03
-9.606925887055695057e-04
7.026204257272183895e-04
-2.430690918117761612e-03
1.933474210090935230e-03
3.835725598037242889e-03
1.403753063641488552e-03
1.787940622307360172e-03
1.422093599103391171e-03
