-2.177112502977252007e-03
-7.668126490898430347e-04
1.410926342941820621e-03
3.748990828171372414e-03
3.468401497229933739e-03
-3.380284644663333893e-03
-7.934719906188547611e-04
-3.786390298046171665e-04
2.551410114392638206e-03
1.620438415557146072e-03
1.424515387043356895e-03
-3.060756251215934753e-03
-1.132438308559358120e-03
-2.659174206200987101e-04
2.229918260127305984e-03
-7.578449731227010489e-05
-1.629386679269373417e-03
1.918924623169004917e-03
2.793394029140472412e-03
2.899111481383442879e-03
-1.260092831216752529e-03
2.038712613284587860e-03
7.042728830128908157e-04
1.178395468741655350e-03
-1.298907562159001827e-03
-2.113676629960536957e-03
-2.952989598270505667e-04
-1.009189174510538578e-03
-2.516181673854589462e-03
-3.447714494541287422e-03
2.165656333090737462e-04
2.033964032307267189e-03
1.591936801560223103e-03
-4.595896461978554726e-04
1.576521084643900394e-03
1.114452839829027653e-03
2.066661603748798370e-03
1.871699350886046886e-04
-3.359552472829818726e-03
-2.262493129819631577e-03
2.983860671520233154e-03
-2.310807816684246063e-03
-3.421623492613434792e-03
-1.634947839193046093e-03
-2.458055969327688217e-03
3.227052802685648203e-04
-1.636778004467487335e-03
-1.901642186567187309e-03
4.248289042152464390e-04
7.923907251097261906e-04
3.061555791646242142e-03
-2.361283171921968460e-03
1.894398126751184464e-03
3.521005623042583466e-03
-3.408588934689760208e-03
-2.924202941358089447e-03
3.041613381356000900e-03
-5.558035918511450291e-04
-1.295252819545567036e-03
3.075832733884453773e-03
1.788318390026688576e-03
-2.085952321067452431e-03
-2.857717219740152359e-03
-2.350584371015429497e-03
-7.517543272115290165e-04
-3.373801242560148239e-03
9.123780182562768459e-04
1.504726475104689598e-03
-1.761900726705789566e-03
3.843119833618402481e-03
-2.379961311817169189e-03
-1.394990365952253342e-03
7.513440796174108982e-04
-3.446771297603845596e-03
3.245029831305146217e-03
4.103631363250315189e-04
3.828300861641764641e-03
-4.459610790945589542e-04
-1.979613909497857094e-03
3.779403399676084518e-03
3.146693808957934380e-03
-3.338290145620703697e-03
6.743484991602599621e-04
-5.410262383520603180e-04
-3.559255565050989389e-04
2.644704189151525497e-03
-1.699409098364412785e-03
-1.315287547186017036e-03
2.376874443143606186e-03
-2.518501831218600273e-03
-1.840431941673159599e-03
-1.950448844581842422e-03
-3.306439379230141640e-03
3.101325593888759613e-03
2.781285671517252922e-03
-6.425859755836427212e-04
4.022008215542882681e-04
-2.134784357622265816e-03
-1.864412915892899036e-03
-7.080292562022805214e-04
2.539349719882011414e-03
-4.265739698894321918e-04
1.188486232422292233e-03
-9.667222620919346809e-04
1.173411379568278790e-03
-1.488581881858408451e-03
-2.082988154143095016e-03
-2.656884491443634033e-03
-1.393649261444807053e-03
-3.645204473286867142e-03
-7.716604159213602543e-06
-3.751635318621993065e-03
3.859847085550427437e-03
-3.104404022451490164e-04
1.066934783011674881e-03
3.424995229579508305e-04
1.593931810930371284e-03
2.382369711995124817e-03
-2.146813319995999336e-03
1.911177067086100578e-03
1.734482473693788052e-03
1.241374178789556026e-03
-1.846206956543028355e-03
-3.404185408726334572e-03
-1.366986543871462345e-04
-2.847958588972687721e-03
3.793513751588761806e-04
1.726283458992838860e-03
3.611480118706822395e-03
1.295292400754988194e-03
2.198078436776995659e-03
3.810196416452527046e-03
-3.608193765103351325e-06
1.637386449147015810e-04
-2.756191650405526161e-03
2.214879728853702545e-03
3.119634231552481651e-03
3.267157822847366333e-03
3.362185321748256683e-03
-3.129737917333841324e-03
-3.872277680784463882e-03
4.512677260208874941e-04
1.403093687258660793e-03
2.708662766963243484e-03
1.615196117199957371e-03
3.643489908427000046e-03
-3.004905767738819122e-03
3.478589933365583420e-03
6.652578013017773628e-04
-5.753415171056985855e-04
2.492928644642233849e-03
-1.122818444855511189e-03
-6.449224893003702164e-04
-2.227834193035960197e-03
-1.593258464708924294e-03
-3.024732461199164391e-03
9.651776053942739964e-04
1.046377117745578289e-03
-1.411315868608653545e-03
-2.068207832053303719e-03
-1.090469653718173504e-03
-7.164598209783434868e-04
3.004001453518867493e-03
-1.271451939828693867e-03
6.303846021182835102e-04
-1.462584827095270157e-03
2.716615563258528709e-03
-1.676531974226236343e-03
-1.543112448416650295e-03
-3.250011475756764412e-03
-3.110321238636970520e-03
3.137064923066645861e-04
-2.079234225675463676e-03
-2.742671174928545952e-03
3.030315507203340530e-03
3.373408224433660507e-03
-3.093217499554157257e-03
-3.887953469529747963e-03
-1.771321054548025131e-03
5.953115760348737240e-04
-3.668342251330614090e-03
1.613720523891970515e-04
2.502287039533257484e-03
3.504914231598377228e-03
2.885004971176385880e-03
2.800063695758581161e-03
-1.683908980339765549e-03
8.963935397332534194e-05
3.684412513393908739e-04
2.582388464361429214e-03
-9.605342638678848743e-04
3.018771763890981674e-03
-3.738655650522559881e-04
4.847338423132896423e-04
2.340558450669050217e-03
-2.528620650991797447e-03
2.081300830468535423e-03
-6.335446960292756557e-04
-3.610364627093076706e-03
2.564926864579319954e-03
2.383410930633544922e-03
2.560487715527415276e-03
6.387573666870594025e-04
-2.341978019103407860e-03
-3.354572225362062454e-03
-3.188120434060692787e-03
3.833643626421689987e-03
3.072677878662943840e-03
-2.403283026069402695e-03
-6.785879959352314472e-04
-1.190146431326866150e-03
1.125495648011565208e-03
2.670114859938621521e-03
-2.476619090884923935e-03
-3.908137325197458267e-03
-8.069946779869496822e-04
-1.216578297317028046e-03
-3.478899830952286720e-03
1.040082424879074097e-03
2.316646277904510498e-03
2.729677362367510796e-03
2.186847617849707603e-03
-2.767537662293761969e-04
-1.143565285019576550e-03
1.159864012151956558e-03
2.925695851445198059e-03
-8.802749216556549072e-04
1.876331043604295701e-05
-1.126636780099943280e-04
2.340538660064339638e-03
-7.104496471583843231e-04
3.791989991441369057e-03
-3.577762981876730919e-04
-2.550678560510277748e-03
-3.543691243976354599e-03
2.147840568795800209e-03
-2.396660856902599335e-03
9.230062132701277733e-04
2.480054041370749474e-03
-1.558381831273436546e-03
3.737913910299539566e-03
3.728959010913968086e-03
-1.416849903762340546e-03
1.183795277029275894e-03
3.462366061285138130e-03
5.652128602378070354e-04
6.397649412974715233e-04
-7.440598565153777599e-04
2.703274833038449287e-03
-1.009382423944771290e-03
3.173460485413670540e-03
-2.550182864069938660e-03
1.291515887714922428e-03
1.059912028722465038e-03
3.066449658945202827e-03
2.315774094313383102e-03
