-2.448214450851082802e-03
3.283824073150753975e-03
-7.748582866042852402e-04
-3.075693035498261452e-03
3.612480591982603073e-03
-5.942648858763277531e-04
9.957344736903905869e-04
-2.261969726532697678e-03
-1.198817160911858082e-03
7.207075832411646843e-04
-6.512687541544437408e-04
2.463762182742357254e-03
1.458239275962114334e-03
1.756495214067399502e-03
2.239792840555310249e-03
-2.253901911899447441e-03
1.794020528905093670e-03
-1.804097555577754974e-03
-3.512181574478745461e-03
2.634329954162240028e-03
6.428488995879888535e-04
2.807036507874727249e-03
-4.351941461209207773e-04
-1.363325747661292553e-03
1.544004189781844616e-03
-2.980855992063879967e-03
-3.870824351906776428e-03
-3.587607759982347488e-03
1.678343629464507103e-03
2.905075903981924057e-03
1.824110746383666992e-03
2.239559835288673639e-04
-1.184350578114390373e-03
3.022453049197793007e-03
3.580819582566618919e-03
1.730903517454862595e-03
-4.586084396578371525e-04
-2.649202011525630951e-03
2.327867550775408745e-03
1.124726142734289169e-03
1.089686411432921886e-04
-6.862399750389158726e-04
-8.308722171932458878e-04
1.932872575707733631e-03
-1.752799726091325283e-03
3.014281857758760452e-03
2.829048084095120430e-03
-3.263459075242280960e-03
9.344526915811002254e-04
-2.934978110715746880e-04
-1.611078390851616859e-03
-2.991060027852654457e-03
2.634573029354214668e-03
3.203478408977389336e-03
-2.371372189372777939e-03
-3.051834879443049431e-03
2.503391122445464134e-03
-1.550430082716047764e-03
1.130422344431281090e-03
-2.851765137165784836e-03
4.634048673324286938e-04
-1.632911153137683868e-03
-2.472524996846914291e-03
1.228072331286966801e-03
-2.763359807431697845e-03
-3.619837108999490738e-03
-7.093424210324883461e-04
2.159697702154517174e-03
1.271935179829597473e-03
1.172604155726730824e-03
-2.438586205244064331e-03
2.936394652351737022e-03
1.709443633444607258e-03
3.269931534305214882e-03
1.830662484280765057e-03
-2.901945495977997780e-03
1.028053928166627884e-03
2.961779478937387466e-03
3.537316806614398956e-03
-1.391561585478484631e-03
-1.457444974221289158e-03
1.018544659018516541e-03
-1.817995798774063587e-03
5.608897772617638111e-04
2.131541492417454720e-03
1.489023095928132534e-03
-1.646634074859321117e-03
3.025376703590154648e-03
1.957286614924669266e-03
-3.295370843261480331e-03
-5.667588557116687298e-04
-1.958834007382392883e-03
-1.817121286876499653e-03
-3.496109042316675186e-03
-3.620321396738290787e-03
9.614751907065510750e-04
4.887170507572591305e-04
2.473690547049045563e-03
3.880216274410486221e-03
-1.504951389506459236e-03
2.856841776520013809e-03
2.789794234558939934e-04
1.537526841275393963e-03
-3.701595356687903404e-03
-1.383779570460319519e-03
3.173573932144790888e-04
-1.938759349286556244e-03
9.263013489544391632e-04
-1.276565599255263805e-03
-1.082655857317149639e-03
5.570498251472599804e-05
-1.073014689609408379e-03
1.481474144384264946e-03
-1.280218479223549366e-03
-2.038707723841071129e-03
1.594627858139574528e-03
-5.336661706678569317e-04
2.083318307995796204e-03
2.652011578902602196e-03
2.830805256962776184e-03
8.815928595140576363e-04
8.134721429087221622e-04
-2.454148605465888977e-03
-3.095441265031695366e-03
3.332157619297504425e-03
3.563356818631291389e-03
3.449807874858379364e-03
-2.750800456851720810e-03
-1.946845906786620617e-03
-2.057745121419429779e-03
-2.595492405816912651e-03
-3.627434372901916504e-03
-1.046469085849821568e-03
-3.997746680397540331e-04
-3.052180691156536341e-04
-3.196703270077705383e-03
3.107867669314146042e-04
-3.769910894334316254e-03
-2.692043315619230270e-03
2.408305881544947624e-03
-3.893250599503517151e-03
-2.529651392251253128e-03
-1.802796497941017151e-03
2.689719258341938257e-04
1.436067977920174599e-03
1.434058183804154396e-03
-2.873787190765142441e-03
3.471111413091421127e-04
3.443720634095370770e-04
2.583558438345789909e-03
-2.642482519149780273e-03
-2.254292048746719956e-04
3.483473788946866989e-03
1.431853161193430424e-03
-3.619168710429221392e-04
2.408230444416403770e-03
5.365428514778614044e-04
-1.687306677922606468e-03
1.872606226243078709e-03
-2.425197511911392212e-03
3.872347064316272736e-03
2.057100879028439522e-03
-1.761085237376391888e-03
4.442446806933730841e-04
1.100759891414782032e-05
-1.444232650101184845e-03
3.050679340958595276e-03
2.449848456308245659e-03
-3.495737910270690918e-03
-7.459561456926167011e-04
1.142101013101637363e-03
-3.818258875980973244e-03
2.907704329118132591e-04
-2.876436803489923477e-03
-1.503623556345701218e-03
-3.213010495528578758e-03
-1.158556697191670537e-04
-3.482180181890726089e-03
-3.726275754161179066e-04
-9.221076034009456635e-04
-1.992461511690635234e-05
-3.633846063166856766e-03
3.000201657414436340e-03
3.594346344470977783e-03
-7.430004770867526531e-04
3.390393452718853951e-03
-1.923238043673336506e-03
-9.733950719237327576e-04
-2.224679337814450264e-03
-2.491927240043878555e-03
8.059621322900056839e-04
1.240762765519320965e-03
7.020283374004065990e-04
-6.839443231001496315e-04
-3.777383593842387199e-03
-3.301196498796343803e-03
3.745743306353688240e-03
3.069618018344044685e-03
-2.820938359946012497e-03
3.504833672195672989e-03
3.170369891449809074e-03
1.168463379144668579e-03
2.174939960241317749e-03
1.724675297737121582e-03
-2.143745776265859604e-03
-1.498625497333705425e-03
-6.235793116502463818e-04
-3.368935547769069672e-03
2.202175790444016457e-03
1.815912197344005108e-03
-3.308125771582126617e-03
-6.009569042362272739e-04
-3.331163898110389709e-03
3.897185670211911201e-04
3.163041779771447182e-03
-2.115917392075061798e-03
-3.751145210117101669e-03
3.818611148744821548e-03
2.906189765781164169e-03
8.864961273502558470e-05
-2.783772535622119904e-03
5.562554579228162766e-04
3.600877244025468826e-03
-1.405820803483948112e-04
-2.371838083490729332e-03
1.076951157301664352e-03
6.104867206886410713e-04
8.881274261511862278e-04
6.104677595430985093e-05
1.301133306697010994e-04
1.800118363462388515e-03
-1.215559197589755058e-03
-1.406130497343838215e-03
1.200818107463419437e-03
-1.904283417388796806e-04
2.725700847804546356e-03
-3.759051905944943428e-03
1.606790581718087196e-03
2.298227482242509723e-04
-3.706176998093724251e-03
-2.170696097891777754e-04
3.213314805179834366e-03
1.916586654260754585e-03
-2.432178240269422531e-03
2.642461098730564117e-03
3.345848992466926575e-03
-2.173652173951268196e-03
-5.476612714119255543e-04
-8.563484298065304756e-04
-3.762145526707172394e-03
3.490577684715390205e-03
-4.479660128708928823e-05
7.378496229648590088e-04
2.198035130277276039e-03
2.945860847830772400e-03
-1.317160553298890591e-03
