-4.716733237728476524e-04
-1.809314708225429058e-03
-3.532228991389274597e-03
-2.674506045877933502e-03
-1.715749152936041355e-03
3.701804904267191887e-03
1.740143983624875546e-03
2.681576181203126907e-03
3.016256494447588921e-03
3.036661772057414055e-03
1.810227287933230400e-03
2.944011357612907887e-04
1.930741127580404282e-03
2.110813045874238014e-03
3.434604965150356293e-03
1.054215827025473118e-03
-3.071066923439502716e-03
9.250169387087225914e-04
1.914472086355090141e-03
-1.809344044886529446e-03
-2.749814651906490326e-03
3.392481012269854546e-03
1.908758422359824181e-03
9.298134827986359596e-04
1.674015540629625320e-03
2.082194114336743951e-04
2.097511787724215537e-05
3.618191694840788841e-03
1.022687065415084362e-03
2.243495109723880887e-04
3.420320339500904083e-03
4.772202810272574425e-04
-5.676193395629525185e-04
-4.704055027104914188e-04
-4.064872628077864647e-04
-3.627010621130466461e-03
5.108198965899646282e-04
1.286956481635570526e-03
-2.276408486068248749e-04
1.528516295365989208e-03
1.057458212017081678e-04
-1.476353849284350872e-03
2.895413199439644814e-03
-9.226120309904217720e-04
-2.926109824329614639e-03
-2.543427748605608940e-03
3.661602968350052834e-04
2.782942610792815685e-04
-2.347746863961219788e-03
-1.232325914315879345e-03
-2.483285265043377876e-03
3.576305927708745003e-03
-3.747963346540927887e-03
3.850117791444063187e-03
-4.018434847239404917e-04
-3.809889545664191246e-03
1.610481296665966511e-03
-3.172211581841111183e-03
2.389766450505703688e-04
1.832115114666521549e-03
7.868122775107622147e-04
-6.806348683312535286e-04
4.412351117935031652e-04
-2.210020786151289940e-03
2.184723736718297005e-03
-4.806319193448871374e-04
-3.725889837369322777e-04
3.611579537391662598e-03
-5.007405998185276985e-04
-1.933320425450801849e-03
-2.804924035444855690e-03
1.970684155821800232e-03
-3.803808940574526787e-03
-1.735491445288062096e-03
-1.482501975260674953e-03
-7.853841525502502918e-04
-2.912107855081558228e-03
1.652021659538149834e-03
1.816684613004326820e-03
1.066925819031894207e-03
-2.662043087184429169e-03
-7.495875470340251923e-04
-2.978295320644974709e-03
-3.619847586378455162e-03
-5.447879084385931492e-04
-2.866579685360193253e-03
-3.332304069772362709e-03
-2.929556416347622871e-03
3.573039313778281212e-03
-3.564840648323297501e-03
-2.687018131837248802e-03
-2.196416957303881645e-03
-2.708693733438849449e-03
-3.610284533351659775e-03
1.168582122772932053e-03
3.421108238399028778e-03
2.791340521071106195e-04
1.278112875297665596e-03
3.795722266659140587e-03
-2.331197960302233696e-03
5.962780560366809368e-04
5.275766598060727119e-04
3.157383529469370842e-03
2.118921838700771332e-03
1.337362802587449551e-03
2.681358600966632366e-04
-1.973170787096023560e-03
5.357932532206177711e-04
-1.542322424938902259e-04
-1.380976755172014236e-04
3.223534207791090012e-03
2.062902785837650299e-03
-2.298604231327772141e-03
-2.157183829694986343e-03
7.459603366442024708e-04
1.997692597797140479e-04
-1.997864106670022011e-03
-1.243480714038014412e-03
1.821760670281946659e-03
3.290408756583929062e-03
-1.050908351317048073e-03
-3.709121374413371086e-03
-2.398532116785645485e-03
1.662005437538027763e-03
2.042526612058281898e-03
-3.295599017292261124e-03
1.505363616161048412e-04
-6.916971760801970959e-04
6.055383128114044666e-04
1.508961315266788006e-03
1.267891959287226200e-03
1.916082925163209438e-03
-2.434526541037485003e-04
2.788183512166142464e-03
3.083360614255070686e-03
1.506164087913930416e-03
1.680364599451422691e-03
-3.169572737533599138e-04
-6.034393445588648319e-04
-1.654133782722055912e-03
-3.315162379294633865e-03
-8.871111785992980003e-04
-3.711896250024437904e-03
2.052260795608162880e-03
1.873980392701923847e-03
2.697134332265704870e-04
3.869173116981983185e-03
8.653103577671572566e-05
-3.479296341538429260e-03
-1.795922871679067612e-03
-7.323905592784285545e-04
-3.316476242616772652e-03
-1.741171348839998245e-03
-1.501966151408851147e-03
1.229097950272262096e-03
-2.174714813008904457e-03
1.113338628783822060e-03
-3.471845993772149086e-03
2.895107027143239975e-03
-3.395369043573737144e-03
-2.830795710906386375e-03
-3.316781949251890182e-03
1.671800157055258751e-03
3.385192947462201118e-03
-2.070843242108821869e-03
-1.951596233993768692e-03
3.254090202972292900e-03
-3.662434639409184456e-03
-1.219237921759486198e-03
-5.906216683797538280e-04
-5.955907981842756271e-04
-1.529415021650493145e-03
-2.811187412589788437e-03
-3.902984084561467171e-03
2.859921660274267197e-04
-6.766805308870971203e-04
-1.658375724218785763e-03
-2.209183992817997932e-03
-4.091413866262882948e-04
-3.524442901834845543e-03
3.250671084970235825e-03
1.963193295523524284e-03
3.465751651674509048e-03
3.328057238832116127e-03
-1.056884066201746464e-03
-1.002462115138769150e-03
3.171044168993830681e-03
-1.199841848574578762e-03
1.881523348856717348e-04
3.180494764819741249e-03
-3.335019340738654137e-03
-2.019030740484595299e-03
-4.324882465880364180e-04
-3.551721107214689255e-03
-9.609545813873410225e-04
3.898900002241134644e-03
-6.516932626254856586e-04
-4.005011287517845631e-04
1.486658002249896526e-03
3.850658657029271126e-03
-7.149256416596472263e-04
1.864742138423025608e-03
-2.425910206511616707e-04
1.506749191321432590e-03
2.636661287397146225e-03
2.113345777615904808e-03
-1.935048494488000870e-03
-5.279615288600325584e-04
-1.965466886758804321e-03
2.048627240583300591e-03
1.476133358664810658e-03
2.043293323367834091e-03
-3.033692482858896255e-03
-1.677136053331196308e-03
-3.450389776844531298e-04
-1.112710800953209400e-03
-1.215335913002490997e-03
6.610583659494295716e-05
1.675530918873846531e-03
-2.967909676954150200e-04
-3.183400258421897888e-03
-7.212529308162629604e-04
3.558746073395013809e-03
3.296850482001900673e-03
-3.420241177082061768e-03
-3.271334804594516754e-03
2.374185249209403992e-03
-1.759305363520979881e-03
1.371889258734881878e-03
1.381484093144536018e-03
7.299029384739696980e-04
1.063410658389329910e-03
-2.404120517894625664e-03
-1.412130543030798435e-03
2.111208625137805939e-03
3.454893827438354492e-03
2.277385443449020386e-03
9.894394315779209137e-04
2.953822491690516472e-03
-2.583791967481374741e-03
1.493465038947761059e-03
6.400069105438888073e-04
6.622001819778233767e-05
1.601881580427289009e-03
-2.853566315025091171e-03
2.514762803912162781e-03
-1.926751341670751572e-03
2.475867979228496552e-03
-2.413463778793811798e-03
-3.834290429949760437e-03
3.502262523397803307e-03
3.107426455244421959e-03
-2.969807246699929237e-03
-7.781384047120809555e-04
2.189680933952331543e-03
2.457140944898128510e-04
