8.464889251627027988e-04
-1.489725196734070778e-03
1.133338300860486925e-04
4.625135916285216808e-04
2.221640665084123611e-03
3.616100177168846130e-03
-1.489157672040164471e-03
-2.465218771249055862e-03
-2.235368359833955765e-03
-3.618018934503197670e-03
-2.229256788268685341e-03
-3.093130886554718018e-03
-2.892589662224054337e-03
-1.823142752982676029e-03
-1.396801439113914967e-03
-2.481233328580856323e-03
-8.768968982622027397e-04
2.302515320479869843e-03
7.477916660718619823e-04
8.668305817991495132e-04
3.192716685589402914e-04
2.743018558248877525e-03
3.770771902054548264e-03
8.690558024682104588e-04
-5.951760686002671719e-04
-1.175683806650340557e-03
2.876897342503070831e-03
4.483458469621837139e-04
1.245169667527079582e-03
-8.176238043233752251e-04
-1.137597573688253760e-04
3.292410692665725946e-04
2.862075809389352798e-03
-1.384629169479012489e-03
-2.745166188105940819e-03
-3.644017502665519714e-03
-2.914983779191970825e-03
2.451206324622035027e-03
3.537076059728860855e-03
-5.156208644621074200e-04
3.764056891668587923e-04
3.869803622364997864e-03
9.823075961321592331e-04
2.437369897961616516e-03
-9.605487575754523277e-04
-2.945531159639358521e-03
2.762094372883439064e-03
-1.812019218050409108e-05
-2.378098433837294579e-03
1.306346501223742962e-03
-1.848142710514366627e-03
1.752923009917140007e-03
-2.205978846177458763e-03
-2.762381685897707939e-03
2.603967441245913506e-03
-5.610820371657609940e-04
4.226777527946978807e-04
3.111660946160554886e-03
-2.754783257842063904e-03
-3.368827048689126968e-03
-8.625806076452136040e-04
-2.952584298327565193e-03
-1.861978787928819656e-03
-3.792237490415573120e-03
-5.229312810115516186e-04
1.157582271844148636e-03
3.368160221725702286e-03
-2.131465123966336250e-03
-6.527006044052541256e-04
5.060566472820937634e-04
3.002092475071549416e-03
2.521765418350696564e-03
2.319254446774721146e-03
6.246869452297687531e-04
3.247089684009552002e-03
-7.652865024283528328e-04
-1.989518059417605400e-03
4.356884455773979425e-04
-1.314959372393786907e-03
-4.909012350253760815e-04
-3.738202620297670364e-03
3.557941410690546036e-03
-3.867337480187416077e-03
-1.830206951126456261e-03
-3.129397518932819366e-03
1.198097830638289452e-03
1.643901225179433823e-03
2.968263113871216774e-03
-3.760570427402853966e-03
-6.540286121889948845e-04
4.797389847226440907e-04
1.495751435868442059e-03
-9.449771023355424404e-04
-2.058605430647730827e-03
-2.287916140630841255e-03
3.700058674439787865e-03
-3.696538507938385010e-03
3.630680730566382408e-03
-2.340381499379873276e-03
2.435587666695937514e-04
-1.095792511478066444e-03
-3.892296459525823593e-03
-2.648446243256330490e-03
-1.889173290692269802e-03
2.677699667401611805e-04
-3.306411206722259521e-03
6.222512456588447094e-04
-2.378265606239438057e-03
2.179386327043175697e-03
-1.810780842788517475e-03
2.589554758742451668e-03
3.450033022090792656e-03
-2.173706190660595894e-03
5.050353938713669777e-04
1.150664873421192169e-03
6.775732617825269699e-04
2.626430708914995193e-03
8.580301073379814625e-05
-8.488691528327763081e-04
-2.145640319213271141e-03
2.984151244163513184e-03
3.039658768102526665e-03
-2.198298228904604912e-03
2.035709330812096596e-03
2.077921999443788081e-05
3.567730775102972984e-03
-2.118368400260806084e-03
3.712585195899009705e-03
-2.389076864346861839e-03
1.586893689818680286e-03
-6.084215710870921612e-04
2.661502454429864883e-03
-2.278710016980767250e-03
-3.819000208750367165e-03
-2.238057088106870651e-03
1.735294470563530922e-03
-3.035530680790543556e-03
2.459094626829028130e-03
-1.437930157408118248e-03
-1.455884659662842751e-03
1.342265750281512737e-03
2.699878066778182983e-03
-9.053446701727807522e-04
2.990985522046685219e-03
-1.099891844205558300e-03
-8.729469846002757549e-04
2.443869598209857941e-03
-5.974659579806029797e-04
-2.462468342855572701e-03
7.696088287048041821e-04
-1.204565560328774154e-04
1.938780536875128746e-03
-3.622820135205984116e-03
-7.886245293775573373e-05
-2.389950677752494812e-03
-1.587031991221010685e-03
-3.327896585687994957e-03
2.171899250242859125e-04
-1.305267913267016411e-03
-3.889948828145861626e-03
-8.828369318507611752e-04
1.240611076354980469e-03
1.087989541701972485e-03
-3.842989215627312660e-03
-2.477798610925674438e-03
-1.033002976328134537e-03
-2.117508556693792343e-03
1.148270603152923286e-04
-1.615401008166372776e-03
8.754682494327425957e-04
-2.331943949684500694e-03
-2.776980400085449219e-03
-8.959371480159461498e-04
1.348170451819896698e-03
-3.212669398635625839e-03
-2.451771870255470276e-03
-2.609943971037864685e-03
1.248549553565680981e-03
1.472730422392487526e-03
-3.784048312809318304e-04
2.380805788561701775e-03
-1.345440861769020557e-03
2.429390093311667442e-03
-2.358965575695037842e-03
-2.200515242293477058e-03
-1.263661542907357216e-03
3.746503498405218124e-03
2.017605584114789963e-03
2.562255831435322762e-03
1.570163527503609657e-03
1.515050302259624004e-03
1.204363070428371429e-03
-4.310515359975397587e-04
-2.299866464454680681e-04
-1.571571337990462780e-04
-2.614145167171955109e-03
8.096133824437856674e-04
1.739167491905391216e-03
-2.439070492982864380e-03
-2.217324916273355484e-03
3.686221083626151085e-03
2.342817606404423714e-03
2.802618313580751419e-03
-2.347695699427276850e-04
-2.707011066377162933e-03
-1.233580842381343246e-04
-3.028523933608084917e-04
1.678747241385281086e-03
7.776117417961359024e-04
3.215547418221831322e-03
-2.795109758153557777e-03
-2.234144194517284632e-04
2.087233820930123329e-03
-2.688772277906537056e-03
-3.426371840760111809e-03
8.576674154028296471e-04
1.988165546208620071e-03
-4.672792274504899979e-04
2.553594065830111504e-03
-2.285113791003823280e-03
-2.901985542848706245e-03
-5.424516857601702213e-04
-3.797400742769241333e-03
7.293668459169566631e-04
-2.595695841591805220e-04
3.587854735087603331e-04
-2.339474158361554146e-04
4.679344419855624437e-04
-2.992428839206695557e-03
1.794743933714926243e-03
-2.108160406351089478e-03
2.463563811033964157e-03
-2.521031303331255913e-03
-2.667708322405815125e-03
1.644473522901535034e-03
3.261141246184706688e-03
2.197579015046358109e-03
3.303386038169264793e-03
1.910090912133455276e-03
-2.034154953435063362e-03
-3.772339317947626114e-03
7.274998351931571960e-04
2.495028602425009012e-04
-2.899081911891698837e-03
-1.431862008757889271e-03
-1.486666034907102585e-03
3.387388307601213455e-03
2.548046642914414406e-03
3.419286571443080902e-03
-1.004607765935361385e-03
-7.241503917612135410e-04
-4.670339403674006462e-04
1.482931897044181824e-03
-1.608352526091039181e-03
2.452246146276593208e-03
-2.855598460882902145e-03
