-6.589618860743939877e-04
2.108594635501503944e-03
-3.014228073880076408e-03
1.151379779912531376e-03
3.480615327134728432e-03
-3.489078022539615631e-03
-2.993224188685417175e-03
1.527016516774892807e-03
-3.478872822597622871e-03
-3.516977652907371521e-03
-6.951675168238580227e-04
3.994117432739585638e-04
1.011855434626340866e-03
1.618876587599515915e-03
-3.042316064238548279e-03
-2.349319169297814369e-03
3.640855196863412857e-03
-1.622577547095716000e-03
3.129470860585570335e-03
-5.817984929308295250e-04
6.556293810717761517e-04
1.115264487452805042e-03
1.206776243634521961e-03
-8.158261189237236977e-04
4.966831766068935394e-04
-1.264340360648930073e-03
4.968138528056442738e-04
6.472103414125740528e-04
1.441606902517378330e-03
3.859468735754489899e-03
-3.460220250417478383e-05
2.848050324246287346e-03
3.103246679529547691e-03
3.268442815169692039e-03
1.720013096928596497e-04
-1.517333323135972023e-03
1.020010211504995823e-03
-2.089956076815724373e-03
-2.310953801497817039e-03
-2.761724870651960373e-03
-3.775883698835968971e-03
8.850129670463502407e-04
3.505274187773466110e-03
2.883511129766702652e-03
-4.971348098479211330e-04
2.845582319423556328e-03
-1.542908838018774986e-03
2.682128688320517540e-04
2.783465664833784103e-03
-1.042848918586969376e-03
3.007972845807671547e-03
3.276659874245524406e-03
-3.909353632479906082e-03
-1.314695808105170727e-03
2.865002024918794632e-03
3.394650528207421303e-03
2.067112363874912262e-03
4.756497219204902649e-04
-4.505611723288893700e-04
-2.126618521288037300e-03
3.820585319772362709e-03
-1.644880743697285652e-03
7.220965344458818436e-04
8.626321214251220226e-04
2.329173497855663300e-03
3.220103215426206589e-03
-3.484639339148998260e-03
-3.570878412574529648e-03
1.722131040878593922e-03
-2.900610910728573799e-03
2.068658592179417610e-03
3.386073047295212746e-03
-2.337561687454581261e-03
2.177643822506070137e-03
2.303576562553644180e-03
3.713403362780809402e-03
-1.395795028656721115e-03
6.629076669923961163e-04
2.183677861467003822e-03
-6.929442170076072216e-04
-3.836873685941100121e-03
-1.169224196928553283e-04
-4.239875124767422676e-04
-2.778748748824000359e-04
1.780773862265050411e-03
-1.788924448192119598e-03
3.131828969344496727e-03
-1.860731390479486436e-05
1.142379594966769218e-03
7.500448846258223057e-04
1.890151062980294228e-03
1.754521741531789303e-03
-2.281330293044447899e-03
-3.489023074507713318e-03
-3.722325898706912994e-03
-3.882516175508499146e-03
2.183365635573863983e-03
3.285773098468780518e-03
-2.638116478919982910e-03
1.193326083011925220e-03
3.460656735114753246e-04
-4.935606266371905804e-04
3.265816951170563698e-03
-5.116157699376344681e-04
-2.537385560572147369e-03
-3.024158533662557602e-03
-2.359500620514154434e-03
3.895021975040435791e-03
2.782573224976658821e-03
-9.571982081979513168e-04
4.367867077235132456e-04
3.354430664330720901e-03
1.454279641620814800e-03
3.338880371302366257e-03
-1.906995195895433426e-03
-3.774514698307029903e-05
-2.804835676215589046e-04
-1.793842675397172570e-04
-9.947142098098993301e-04
3.569127991795539856e-03
2.414516638964414597e-03
-1.963433111086487770e-03
-3.791888244450092316e-03
3.682048292830586433e-03
9.560374892316758633e-04
-1.623288262635469437e-03
-3.830674570053815842e-03
2.687228610739111900e-03
3.017511451616883278e-03
-3.269277978688478470e-03
1.976198516786098480e-03
-3.748060204088687897e-03
2.227964112535119057e-03
-1.395242521539330482e-03
-2.151830354705452919e-03
-7.357327849604189396e-04
-1.370196929201483727e-03
1.083251787349581718e-03
2.370577072724699974e-03
-2.148478990420699120e-03
-1.633057137951254845e-03
1.011466607451438904e-03
-1.195837743580341339e-03
-1.980089582502841949e-03
2.229334320873022079e-03
-3.952852275688201189e-04
-2.009499148698523641e-04
3.139866515994071960e-03
1.117931387852877378e-04
2.719817915931344032e-03
6.606680108234286308e-04
2.773822518065571785e-03
-1.330117811448872089e-03
3.581426572054624557e-03
3.027456114068627357e-03
8.161597070284187794e-04
-9.320052340626716614e-04
2.038483042269945145e-03
-2.964318264275789261e-03
-1.257910626009106636e-03
3.388417419046163559e-03
6.764344288967549801e-04
4.757603455800563097e-04
-3.555741859599947929e-03
-2.390262903645634651e-03
-2.992449561133980751e-03
1.279175514355301857e-03
6.217397167347371578e-04
-8.599726133979856968e-04
3.149442374706268311e-03
-2.334571676328778267e-03
-3.257661126554012299e-03
2.651572925969958305e-03
8.485637226840481162e-05
-3.898581780958920717e-04
3.245284780859947205e-03
-3.057599300518631935e-03
-4.462852666620165110e-04
-3.584699938073754311e-03
6.423332961276173592e-04
-3.475964302197098732e-03
-3.826174419373273849e-03
-3.156148362904787064e-03
-2.419074298813939095e-03
-3.765347879379987717e-03
2.148286876035854220e-04
1.368756511510582641e-05
-2.720409538596868515e-03
1.491570030339062214e-03
3.899399191141128540e-03
-2.046079607680439949e-03
-1.317895832471549511e-03
-5.866228602826595306e-04
-3.130010794848203659e-03
-3.708219388499855995e-03
3.174802754074335098e-03
1.531970803625881672e-03
-1.564573612995445728e-03
-1.818511518649756908e-03
1.705480855889618397e-03
-2.516837324947118759e-03
-3.189557231962680817e-03
-3.382041351869702339e-03
-1.877042232081294060e-03
1.760192913934588432e-03
-1.590417465195059776e-03
-3.722774330526590347e-03
-3.396385814994573593e-03
1.412399113178253174e-03
1.608351827599108219e-03
3.173968056216835976e-03
-2.042641863226890564e-03
1.140820313594304025e-04
2.915441989898681641e-03
1.954557141289114952e-03
3.072920721024274826e-03
-1.325488090515136719e-03
-1.155576668679714203e-03
-2.726451959460973740e-03
-7.144351839087903500e-04
-1.547836698591709137e-03
3.311002859845757484e-03
2.426333259791135788e-03
-7.263693842105567455e-04
3.086455632001161575e-03
3.721068380400538445e-03
1.706303679384291172e-03
-2.669311594218015671e-03
5.999109707772731781e-04
1.945026568137109280e-03
2.145210979506373405e-03
-7.443766226060688496e-04
2.685972256585955620e-03
2.654473937582224607e-04
-2.589508658275008202e-03
9.987277444452047348e-04
-3.862155368551611900e-03
-1.795830321498215199e-04
2.392346272245049477e-03
6.270316080190241337e-04
-3.668644232675433159e-03
-3.884382080286741257e-03
3.489768831059336662e-03
5.705014336854219437e-04
-1.228548469953238964e-03
-3.542234888300299644e-03
-2.992587629705667496e-03
-2.824752125889062881e-03
-3.907397389411926270e-03
-6.169497501105070114e-04
3.588965861126780510e-03
2.356928416702430695e-05
1.031215651892125607e-03
1.030544633977115154e-03
-2.206669887527823448e-03
5.248494562692940235e-04
