1.829106709919869900e-03
-2.760996110737323761e-03
3.587375627830624580e-03
1.931488979607820511e-03
2.275167731568217278e-03
1.678095315583050251e-03
2.297511673532426357e-04
6.802728748880326748e-04
-3.290444379672408104e-03
2.162837190553545952e-03
-1.577408518642187119e-03
-3.877002047374844551e-03
-1.858354196883738041e-03
-1.252769376151263714e-03
2.254504943266510963e-03
-3.375089960172772408e-03
3.760360646992921829e-03
1.052451087161898613e-03
5.755820311605930328e-04
8.350014832103624940e-05
-5.802742089144885540e-04
-1.245305640622973442e-03
1.295918191317468882e-04
-1.568962121382355690e-03
-2.469374565407633781e-03
-3.098447807133197784e-03
-3.200756327714771032e-04
-2.188250189647078514e-03
-2.343242755159735680e-03
-1.192485680803656578e-03
-1.436871476471424103e-03
-3.010099986568093300e-03
-3.578245639801025391e-03
1.659957692027091980e-03
-3.027787432074546814e-03
2.494519576430320740e-03
-3.302513156086206436e-03
-1.747231115587055683e-03
-3.350318875163793564e-03
6.608678377233445644e-04
1.573980902321636677e-03
-2.136506140232086182e-03
2.189718652516603470e-03
-2.511801663786172867e-03
1.325068995356559753e-03
-2.044592547463253140e-04
-2.081689126498531550e-05
2.472808118909597397e-03
-1.642712159082293510e-03
-3.400820540264248848e-03
-2.971087815240025520e-03
-1.891730702482163906e-03
-1.197639969177544117e-03
2.330636139959096909e-03
-5.743482033722102642e-04
5.159256979823112488e-04
2.948253182694315910e-03
-7.764227921143174171e-04
-9.449460194446146488e-04
2.660925267264246941e-03
-5.932427593506872654e-04
1.154592260718345642e-03
-8.033473859541118145e-04
1.324052107520401478e-03
-3.356841159984469414e-03
3.316942835226655006e-03
-2.842921297997236252e-03
-3.236437682062387466e-03
8.668123045936226845e-04
-2.826755866408348083e-03
-2.253205515444278717e-03
-1.978767104446887970e-03
-1.498825382441282272e-03
-5.392287857830524445e-04
-5.575663526542484760e-04
6.594772567041218281e-04
-2.913415431976318359e-03
-3.086135489866137505e-03
3.443440189585089684e-03
-4.880045889876782894e-04
-3.829564666375517845e-03
3.234493779018521309e-03
-1.817435724660754204e-03
-1.940865884535014629e-03
-2.399760298430919647e-03
-3.753608092665672302e-03
-2.176999347284436226e-03
2.171818865463137627e-03
2.041463973000645638e-03
3.789579961448907852e-03
1.194450072944164276e-03
-3.802718827500939369e-03
-2.947393339127302170e-03
2.981480443850159645e-03
6.119588506408035755e-04
-3.345817094668745995e-03
-2.161744516342878342e-03
5.078256363049149513e-04
1.894434448331594467e-03
1.102481037378311157e-03
3.894134657457470894e-03
-2.306429203599691391e-03
2.046562498435378075e-03
3.322977572679519653e-03
1.889513107016682625e-03
-1.430512405931949615e-03
5.218967635300941765e-05
-1.398833992425352335e-04
-3.806343767791986465e-03
7.620335090905427933e-04
-1.968505792319774628e-03
-3.451657947152853012e-03
6.590415723621845245e-04
1.412492478266358376e-03
-2.348960144445300102e-03
6.176143069751560688e-04
3.519549500197172165e-04
2.715570619329810143e-03
-3.360287984833121300e-03
2.333650831133127213e-03
3.820393700152635574e-03
3.643647767603397369e-03
3.348421305418014526e-03
1.837017247453331947e-03
-1.807599328458309174e-03
6.413782830350100994e-04
5.142381414771080017e-04
2.713077003136277199e-03
3.916868939995765686e-03
-2.949178451672196388e-03
-2.735906513407826424e-03
-3.291112370789051056e-03
-1.517751952633261681e-04
-9.296191856265068054e-04
2.766106976196169853e-03
-3.994636354036629200e-04
1.087630051188170910e-03
2.398352138698101044e-03
5.186271737329661846e-04
1.096213003620505333e-03
-2.731668297201395035e-03
-3.387326840311288834e-03
-2.361139748245477676e-03
2.004395471885800362e-03
2.811331942211836576e-04
-3.038067137822508812e-03
-6.407112232409417629e-04
-3.688085591420531273e-03
-1.057323883287608624e-03
1.390403253026306629e-03
-2.375889569520950317e-03
-2.376031363382935524e-03
-1.545337843708693981e-03
-7.541372906416654587e-04
-3.663785755634307861e-03
-5.308034596964716911e-04
2.238772576674818993e-03
7.554983021691441536e-04
-3.465568879619240761e-03
3.228986170142889023e-04
3.746713278815150261e-03
-1.620787661522626877e-03
-6.170803681015968323e-04
3.118617925792932510e-03
1.434536301530897617e-03
-3.069455502554774284e-03
-2.526754280552268028e-03
-3.742076456546783447e-03
2.123713638866320252e-04
1.834601745940744877e-03
-3.830214496701955795e-03
-2.078346442431211472e-03
-1.640333095565438271e-03
-3.381764108780771494e-04
2.246052259579300880e-03
2.030303701758384705e-03
-1.005921280011534691e-03
-1.233110087923705578e-03
4.408782115206122398e-04
-1.062381896190345287e-03
2.572669181972742081e-03
1.753828488290309906e-03
-2.859541680663824081e-03
-2.824446652084589005e-03
-1.986052840948104858e-03
-3.616303205490112305e-03
1.907785539515316486e-03
-4.632390046026557684e-04
1.288003637455403805e-03
-1.983849564567208290e-03
2.260731998831033707e-03
-3.357975510880351067e-03
3.791687311604619026e-03
7.386128709185868502e-05
-1.350680715404450893e-03
-4.720366268884390593e-04
2.182879252359271049e-03
3.535409050527960062e-04
-3.052950138226151466e-03
3.340156981721520424e-04
1.813097274862229824e-03
3.878646297380328178e-03
1.091625541448593140e-03
-5.086004966869950294e-04
-3.668932244181632996e-03
-3.180418396368622780e-03
2.163908444344997406e-03
-2.912859199568629265e-03
-2.637522993609309196e-03
-3.344471100717782974e-03
-2.049907576292753220e-03
-3.558778436854481697e-03
-3.805003128945827484e-03
-2.674793940968811512e-04
-2.510834252461791039e-03
-2.122421981766819954e-03
-2.544255461543798447e-03
3.732043551281094551e-03
1.174244680441915989e-03
-3.442271845415234566e-03
2.709471154958009720e-03
-1.367044751532375813e-03
2.723983256146311760e-03
1.563958940096199512e-03
1.395774539560079575e-03
2.377071417868137360e-03
-2.561524044722318649e-03
3.582402598112821579e-03
-8.180739823728799820e-04
9.536228026263415813e-04
3.289166139438748360e-03
-2.111642155796289444e-03
-3.795212600380182266e-03
-2.943841740489006042e-03
-3.277450334280729294e-03
-1.832894282415509224e-03
3.164484631270170212e-03
3.282873425632715225e-03
6.880279979668557644e-04
9.537331789033487439e-05
-3.656555665656924248e-03
-1.267341081984341145e-03
-1.818364602513611317e-03
3.453013719990849495e-03
3.626545192673802376e-03
2.684458624571561813e-03
-1.198707832372747362e-04
-9.839053964242339134e-04
3.135920036584138870e-03
2.586725400760769844e-03
2.855960919987410307e-04
1.194476615637540817e-03
-1.152561162598431110e-03
-1.331649953499436378e-03
-2.217433648183941841e-03
-1.848302897997200489e-03
