-5.069559556432068348e-04
1.818916294723749161e-03
-2.617683028802275658e-03
2.450224012136459351e-03
-1.607770449481904507e-03
1.468261471018195152e-03
1.118188840337097645e-03
-1.869146595709025860e-03
1.432356308214366436e-03
-7.750196964479982853e-04
2.785303164273500443e-03
-2.222679089754819870e-03
-3.717020852491259575e-03
-2.729592612013220787e-03
-2.251551195513457060e-04
3.786924295127391815e-03
3.021188313141465187e-03
-3.691128222271800041e-04
-1.747999456711113453e-03
-1.373255043290555477e-03
2.431667409837245941e-03
-3.124285722151398659e-03
3.214405151084065437e-03
2.914023119956254959e-03
-6.001248839311301708e-04
1.913956250064074993e-03
2.006582682952284813e-03
-2.571363933384418488e-03
-2.369216643273830414e-03
2.335245022550225258e-03
1.929583959281444550e-03
5.663475603796541691e-04
-6.887631607241928577e-04
2.129184867953881621e-04
-1.303255092352628708e-03
2.446128753945231438e-03
-2.739330520853400230e-04
3.900200361385941505e-03
-1.584467478096485138e-03
1.390306046232581139e-03
-2.912360359914600849e-04
-5.870512686669826508e-04
-2.121735364198684692e-03
-3.900926560163497925e-03
3.047219477593898773e-03
6.064799963496625423e-04
-1.972355647012591362e-03
8.543595322407782078e-04
-8.253172272816300392e-04
-3.431115765124559402e-03
-1.801539678126573563e-03
3.405697178095579147e-03
-3.878326853737235069e-03
8.150594658218324184e-04
-6.410178029909729958e-04
3.371693019289523363e-04
-3.476395970210433006e-03
-2.964867744594812393e-03
-2.135148504748940468e-03
-2.208225894719362259e-03
2.314800396561622620e-03
1.710691605694591999e-03
-2.507407683879137039e-03
-1.819116878323256969e-03
1.013830536976456642e-03
-1.817190641304478049e-04
-2.813221886754035950e-03
-1.406158786267042160e-03
-1.163231558166444302e-03
-1.417113235220313072e-03
3.505916334688663483e-03
-3.576251678168773651e-03
1.942111877724528313e-03
1.034141052514314651e-03
3.899635048583149910e-03
-1.836795941926538944e-03
-2.579296007752418518e-03
-5.421183304861187935e-04
-3.517111530527472496e-03
2.860544016584753990e-03
-2.517394721508026123e-03
1.276611583307385445e-03
2.505918731912970543e-03
1.702526002191007137e-03
-1.211198978126049042e-03
-1.252081710845232010e-03
4.840948968194425106e-04
3.069704107474535704e-04
-2.028991293627768755e-04
2.107869368046522141e-03
3.457257058471441269e-03
-3.062964824493974447e-04
-1.010037842206656933e-03
2.908536465838551521e-03
-1.834428439906332642e-05
6.710459711030125618e-04
1.807097345590591431e-03
-2.841133158653974533e-03
1.396666979417204857e-03
4.265199240762740374e-04
3.788131056353449821e-03
2.073477488011121750e-03
3.637216286733746529e-03
1.665944117121398449e-03
2.266205381602048874e-03
5.963142029941082001e-04
2.793335821479558945e-03
2.967607462778687477e-03
3.290383378043770790e-03
-1.238480675965547562e-03
3.558610798791050911e-03
-2.491778228431940079e-03
3.801325801759958267e-03
2.184369135648012161e-03
-3.071451792493462563e-04
3.009734675288200378e-03
-1.149041418102569878e-04
-1.852012239396572113e-03
3.842374542728066444e-03
-8.155504474416375160e-04
-8.457975345663726330e-04
1.221987302415072918e-03
4.635245659301290289e-06
4.493264423217624426e-04
-1.071788952685892582e-03
2.196996472775936127e-03
4.398197052069008350e-04
1.261370372958481312e-03
-2.433598274365067482e-03
3.698116401210427284e-03
3.294738417025655508e-04
2.812540391460061073e-03
3.588789608329534531e-03
-1.748769078403711319e-03
3.466735593974590302e-03
1.002034870907664299e-03
3.623598953709006310e-03
3.373559098690748215e-03
2.655414631590247154e-03
-1.413490157574415207e-03
1.660586218349635601e-03
1.703311689198017120e-03
-2.348939189687371254e-03
3.368906909599900246e-03
-3.603457007557153702e-03
-1.562109537189826369e-04
-2.419731346890330315e-03
7.249543559737503529e-04
5.624112673103809357e-04
-2.875139471143484116e-03
2.063454885501414537e-04
-1.404968788847327232e-03
-3.010420594364404678e-03
6.871568039059638977e-04
-5.899134557694196701e-04
-3.720557651831768453e-05
-5.701251939171925187e-05
3.721015062183141708e-03
1.537502103019505739e-04
-3.175969701260328293e-03
3.465512418188154697e-04
2.672124188393354416e-03
1.233946066349744797e-03
8.536090608686208725e-04
-5.567417247220873833e-04
2.687395317479968071e-03
-1.885085948742926121e-03
1.623706426471471786e-03
1.219775062054395676e-03
3.025456797331571579e-03
2.140953671187162399e-03
2.156662987545132637e-03
2.175213303416967392e-03
2.852991688996553421e-03
5.223632906563580036e-04
1.268277294002473354e-03
-2.032051561400294304e-04
-3.742059692740440369e-03
-1.269055996090173721e-03
3.840323304757475853e-03
-2.602003747597336769e-03
2.991767541971057653e-04
-2.383026527240872383e-03
-5.179023137316107750e-04
1.676495448919013143e-04
3.776428289711475372e-03
-2.362835657550022006e-04
-5.488368915393948555e-04
-2.677494194358587265e-03
-1.167509937658905983e-03
-5.787893896922469139e-04
1.367748132906854153e-03
-1.637670677155256271e-03
-1.991902012377977371e-03
-3.902762196958065033e-03
1.614261185750365257e-03
2.236766740679740906e-03
2.920805243775248528e-03
-1.868882216513156891e-03
8.617673884145915508e-04
4.487124970182776451e-04
-2.625331515446305275e-03
-2.898232080042362213e-03
-1.096084015443921089e-03
8.824978722259402275e-04
-1.844403683207929134e-03
-1.001969561912119389e-03
-3.719607600942254066e-03
-3.272904781624674797e-03
-3.388906596228480339e-03
1.586374826729297638e-03
-1.181906089186668396e-03
-7.508853450417518616e-04
3.185840905643999577e-04
3.859999356791377068e-03
-3.286467399448156357e-03
-2.682820195332169533e-03
1.868527033366262913e-03
-1.025027711875736713e-03
2.481627743691205978e-03
-1.948043820448219776e-03
-2.075872180284932256e-04
-3.449869574978947639e-03
-3.647975390776991844e-03
-2.884404966607689857e-03
6.632488220930099487e-04
-1.220860867761075497e-04
-2.163875615224242210e-03
2.203727141022682190e-03
2.312713768333196640e-04
2.616097452118992805e-03
-9.982958436012268066e-04
2.386837499216198921e-03
-1.049647573381662369e-03
-3.816321026533842087e-03
1.895111345220357180e-04
3.397721564397215843e-03
1.281262142583727837e-03
-2.142987912520766258e-03
2.325550885871052742e-03
-1.480096601881086826e-03
-9.790234034880995750e-04
2.361844992265105247e-03
-3.596720518544316292e-03
3.281457116827368736e-03
2.565604634582996368e-03
-3.616628237068653107e-04
-9.067039936780929565e-04
-3.587543265894055367e-03
-2.811881247907876968e-03
-3.469341900199651718e-04
-2.686461666598916054e-03
-1.475025899708271027e-03
1.445233356207609177e-03
2.582293003797531128e-03
-7.433078717440366745e-04
