4.959722864441573620e-04
3.145748982205986977e-03
2.638057572767138481e-03
3.914859844371676445e-04
-1.224044011905789375e-03
4.257709369994699955e-04
-1.603213371708989143e-03
-1.203824183903634548e-03
3.709288779646158218e-03
-2.940508071333169937e-03
2.909112954512238503e-04
-1.525346306152641773e-03
3.157355356961488724e-03
-1.786107168300077319e-04
1.910491962917149067e-03
3.161154454573988914e-03
-1.856698654592037201e-03
-3.234393661841750145e-03
2.096113603329285979e-04
2.418161835521459579e-03
3.199337283149361610e-03
2.143996534869074821e-03
1.447409624233841896e-03
-1.668989076279103756e-03
-3.559343749657273293e-03
3.098215209320187569e-03
1.209952868521213531e-03
-1.102873822674155235e-03
2.037933096289634705e-03
3.657130291685461998e-03
1.032961372402496636e-04
-2.553448546677827835e-03
-2.056654542684555054e-03
-2.513267099857330322e-04
-7.264426676556468010e-04
1.471201423555612564e-03
-1.355494838207960129e-03
2.626815810799598694e-03
-3.067518351599574089e-03
-1.352106919512152672e-03
3.581810160540044308e-04
1.309437677264213562e-03
-2.361207734793424606e-03
-3.185632522217929363e-06
-1.288539264351129532e-03
2.631881739944219589e-03
3.322757082059979439e-03
2.889402210712432861e-03
-2.092681126669049263e-03
2.736421069130301476e-03
1.885322853922843933e-04
-1.687724608927965164e-03
2.145624486729502678e-03
2.475587883964180946e-03
-2.335962839424610138e-03
2.428566105663776398e-03
3.279054653830826283e-04
1.479750149883329868e-03
-2.274893195135518909e-04
-3.001948120072484016e-03
2.566972281783819199e-03
2.243211725726723671e-03
5.916233640164136887e-04
9.308371227234601974e-04
-4.355241544544696808e-04
3.298996947705745697e-03
3.873329376801848412e-03
-9.542552870698273182e-04
6.011619552737101912e-05
2.210295991972088814e-03
-4.854476719629019499e-04
1.294888905249536037e-03
-1.481842249631881714e-03
1.652357750572264194e-03
1.047245808877050877e-03
1.522389356978237629e-03
-2.536596031859517097e-03
1.431241107638925314e-04
-3.316447837278246880e-03
-6.793253123760223389e-04
-2.747557824477553368e-03
-2.383484970778226852e-03
1.666093012318015099e-03
2.236168133094906807e-03
-1.261462224647402763e-03
-1.173985772766172886e-03
-2.949128684122115374e-04
1.745550427585840225e-03
8.139022975228726864e-04
-3.732103621587157249e-03
8.122631697915494442e-04
3.611458931118249893e-03
-3.845775034278631210e-03
5.607545026578009129e-04
-3.505095839500427246e-03
-3.166154492646455765e-03
-3.135165665298700333e-03
-3.814428579062223434e-03
2.830425510182976723e-04
2.152724424377083778e-03
-1.743496395647525787e-03
1.359911053441464901e-03
1.954250503331422806e-03
-3.334538778290152550e-03
-8.555342210456728935e-04
1.660227775573730469e-03
-3.514777170494198799e-03
2.177664311602711678e-03
6.319869862636551261e-05
-4.113582326681353152e-05
3.119228407740592957e-03
-2.391539048403501511e-03
-3.309570893179625273e-04
5.104714655317366123e-04
1.469020935473963618e-04
1.213696668855845928e-03
2.469363156706094742e-03
3.647213336080312729e-03
4.934968310408294201e-04
3.636769950389862061e-03
-7.026375533314421773e-05
-1.981225796043872833e-03
4.214779182802885771e-04
-1.670325524173676968e-03
2.294915495440363884e-03
3.690648358315229416e-03
3.631076775491237640e-03
-3.008758649230003357e-03
3.073369851335883141e-03
1.912157604238018394e-04
-2.621809253469109535e-03
3.198218066245317459e-03
-2.219365444034337997e-03
-4.807773802895098925e-04
2.492260187864303589e-03
-2.573165809735655785e-03
-2.692978130653500557e-03
-3.847192740067839622e-03
-2.195558277890086174e-03
-4.542661918094381690e-05
-6.024797912687063217e-04
-2.698697149753570557e-03
1.116971368901431561e-03
-3.110578749328851700e-03
2.360318467253819108e-04
-2.907414920628070831e-03
4.275350365787744522e-04
-1.874421373941004276e-03
3.685025149025022984e-04
3.700374858453869820e-03
-3.535663243383169174e-03
3.318919334560632706e-03
1.217206590808928013e-04
5.011543398723006248e-04
-1.768424874171614647e-03
-3.815012983977794647e-03
2.559628803282976151e-03
-2.795782871544361115e-03
3.144652349874377251e-03
-3.302488010376691818e-03
9.784779977053403854e-04
3.854133887216448784e-03
3.409148659557104111e-03
1.195736840600147843e-04
7.229167385958135128e-04
-3.300875192508101463e-03
-3.522243117913603783e-03
2.381511731073260307e-03
2.784777898341417313e-03
9.783759014680981636e-05
4.715158429462462664e-04
-1.364517491310834885e-03
2.988169202581048012e-03
-1.683931914158165455e-03
-2.202760195359587669e-03
3.777855774387717247e-03
3.121438436210155487e-03
-3.904532874003052711e-03
2.239612396806478500e-03
-1.476502977311611176e-03
1.312185311689972878e-03
3.818929893895983696e-03
-3.165603848174214363e-03
-4.510850703809410334e-04
1.352060935460031033e-03
3.442914166953414679e-04
8.356448379345238209e-04
-3.247942542657256126e-03
1.514932955615222454e-03
-1.773413154296576977e-03
2.885147230699658394e-03
-1.786016626283526421e-03
2.124835271388292313e-03
6.245724944164976478e-05
3.277425421401858330e-03
3.595469286665320396e-03
2.446948783472180367e-03
2.369885565713047981e-03
2.968962537124752998e-03
-3.493250347673892975e-03
-3.751402022317051888e-03
-1.912342151626944542e-03
2.313646255061030388e-03
2.321942709386348724e-03
1.660641515627503395e-03
8.289506658911705017e-04
5.328781553544104099e-04
-3.648755606263875961e-03
-6.158128380775451660e-04
-3.171022399328649044e-04
2.750224899500608444e-03
1.810987945646047592e-03
1.648604084039106965e-04
2.917066216468811035e-03
-1.149363350123167038e-03
-1.884148106910288334e-03
-2.107177162542939186e-03
-1.845111837610602379e-03
3.646429977379739285e-04
1.847241306677460670e-03
-7.504339446313679218e-04
-2.060735365375876427e-03
-2.228297293186187744e-03
-4.327460192143917084e-04
-2.518392633646726608e-03
2.197612076997756958e-03
5.868967273272573948e-04
-3.729988588020205498e-03
2.030280884355306625e-03
-1.598785514943301678e-03
-3.022074932232499123e-03
-3.324648365378379822e-03
3.157090861350297928e-03
3.149340627714991570e-03
1.378424640279263258e-04
-3.294710768386721611e-03
-1.432720571756362915e-03
2.728683175519108772e-03
-2.685429353732615709e-04
-1.759303733706474304e-03
2.106512401951476932e-04
8.555180393159389496e-04
7.648625178262591362e-04
-9.650060092099010944e-04
3.737846622243523598e-03
9.827008470892906189e-04
-2.403304912149906158e-03
-2.188769867643713951e-03
3.711446479428559542e-04
1.450131065212190151e-03
-1.858614152297377586e-03
6.613165169255807996e-05
2.573588863015174866e-03
2.348302397876977921e-03
1.272945897653698921e-03
2.728858380578458309e-04
