3.177583916112780571e-03
7.246200693771243095e-04
-3.799834521487355232e-03
-1.905856886878609657e-03
-7.130655576474964619e-04
-1.085547031834721565e-03
-3.019729047082364559e-04
-1.971355406567454338e-03
1.257087336853146553e-03
-8.226761710830032825e-04
-3.845343133434653282e-03
3.284826641902327538e-03
3.476886311545968056e-03
3.126801690086722374e-03
-2.345364773645997047e-03
-2.706581726670265198e-03
-1.187109039165079594e-03
-1.208516187034547329e-03
3.755997167900204659e-03
-3.084463067352771759e-03
9.305535932071506977e-04
-3.112743375822901726e-03
2.417357900412753224e-04
3.824881743639707565e-03
1.875442918390035629e-03
2.131775021553039551e-03
4.785044875461608171e-04
1.703722518868744373e-04
-2.053284551948308945e-03
-5.407391581684350967e-04
2.263699891045689583e-03
-1.191679693874903023e-04
5.674632848240435123e-04
3.860875498503446579e-03
-8.951495983637869358e-04
-3.293741028755903244e-03
-3.246240317821502686e-03
-5.240413011051714420e-04
-1.693704514764249325e-03
-4.745829501189291477e-04
-2.229100558906793594e-03
-2.716265385970473289e-03
2.856593579053878784e-03
8.960196282714605331e-04
-1.180439372546970844e-03
2.621013205498456955e-03
3.871179884299635887e-03
-1.503846375271677971e-03
1.288471394218504429e-03
1.537657342851161957e-03
2.878114581108093262e-03
-1.805376261472702026e-03
-3.745363326743245125e-03
-2.150952059309929609e-04
-3.007519291713833809e-03
-1.261223689652979374e-03
-2.013470279052853584e-03
-2.733653411269187927e-03
-5.231719696894288063e-04
-6.791310734115540981e-04
3.095447318628430367e-03
2.179876901209354401e-03
-3.197015030309557915e-03
2.132713096216320992e-03
4.319559957366436720e-04
1.055918983183801174e-04
1.338426722213625908e-03
-3.721120068803429604e-03
3.097218228504061699e-03
1.789863570593297482e-03
-3.464116016402840614e-03
9.439485147595405579e-04
-3.859524440485984087e-05
-1.963165123015642166e-03
3.137420280836522579e-04
-1.086700285668484867e-04
-3.743018722161650658e-03
3.989561228081583977e-04
-1.975307008251547813e-03
1.001530908979475498e-03
-2.012700773775577545e-03
-9.105632780119776726e-04
-3.099000314250588417e-03
-3.286179155111312866e-03
1.356962136924266815e-03
4.184605495538562536e-04
2.277740510180592537e-03
-2.439175266772508621e-03
3.330453531816601753e-03
5.908577004447579384e-04
2.519576111808419228e-03
-2.820394001901149750e-03
3.513192059472203255e-03
-3.529198700562119484e-03
-1.613381202332675457e-03
7.219442632049322128e-04
-6.734972121194005013e-04
9.610109846107661724e-04
-2.682329213712364435e-04
-3.644227515906095505e-03
3.287876257672905922e-03
-2.947947243228554726e-03
4.989894805476069450e-04
1.304769772104918957e-03
-3.670127596706151962e-03
1.709808944724500179e-03
-9.333046618849039078e-04
-4.656811652239412069e-04
2.131713088601827621e-03
-3.885921614710241556e-04
-1.453528995625674725e-03
1.134448539232835174e-04
2.024545101448893547e-03
2.711459761485457420e-03
1.678330358117818832e-03
3.120441688224673271e-03
7.863481296226382256e-04
6.982923950999975204e-04
-3.896127454936504364e-03
-3.223558887839317322e-03
2.013325924053788185e-03
3.777373349294066429e-03
2.518651541322469711e-03
-1.318616210483014584e-03
1.741519896313548088e-03
-1.481608836911618710e-03
2.136552939191460609e-03
-1.688483054749667645e-03
-2.830907469615340233e-03
-3.878858173266053200e-03
-1.039404538460075855e-03
1.805020612664520741e-03
-7.307231135200709105e-05
-2.902148757129907608e-03
3.472878597676753998e-03
-2.710561500862240791e-03
-7.129673758754506707e-05
-8.329724660143256187e-04
9.847197216004133224e-04
3.512451658025383949e-03
8.995633106678724289e-04
2.284567803144454956e-03
2.957868389785289764e-03
-2.521821530535817146e-03
3.548955544829368591e-03
-7.416701992042362690e-04
-3.289670683443546295e-03
2.675369323696941137e-04
4.530175647232681513e-04
1.686552772298455238e-03
2.403667662292718887e-03
3.891215426847338676e-03
-1.447967079002410173e-04
1.040790113620460033e-03
-2.985305851325392723e-03
-1.651501399464905262e-03
-1.747767091728746891e-03
-2.139605814591050148e-03
-3.152910619974136353e-03
3.485955996438860893e-03
3.131415927782654762e-03
2.660415600985288620e-03
9.017889387905597687e-04
-1.844688900746405125e-03
-1.041312352754175663e-03
9.584146318957209587e-04
3.529259993229061365e-04
3.903761971741914749e-03
2.380980178713798523e-03
2.553595928475260735e-03
3.579463809728622437e-04
7.961504743434488773e-04
-3.502394305542111397e-03
3.867723280563950539e-03
-2.431506989523768425e-03
3.619577270001173019e-03
8.234119741246104240e-04
3.508006921038031578e-03
-3.427025862038135529e-03
-1.150816824520006776e-04
1.832446083426475525e-03
-9.873565286397933960e-04
2.659781370311975479e-03
3.597097937017679214e-03
3.399394219741225243e-03
-2.170669380575418472e-03
-7.250955095514655113e-04
-5.824700347147881985e-04
1.752101117745041847e-03
-3.686450887471437454e-03
-5.743218935094773769e-04
-1.367869408568367362e-04
1.816539093852043152e-03
-8.069318719208240509e-04
3.138672094792127609e-03
2.936720149591565132e-03
-2.711715060286223888e-04
-3.139726759400218725e-04
-2.989434171468019485e-03
-3.272397909313440323e-03
1.330395694822072983e-03
-2.051010262221097946e-03
2.267464064061641693e-03
1.933836261741816998e-03
-2.064572880044579506e-03
1.063848612830042839e-03
2.940178848803043365e-03
-8.885334245860576630e-04
-1.706942217424511909e-03
2.410343848168849945e-03
2.718231407925486565e-03
1.805797655833885074e-04
-3.383522387593984604e-03
-3.831772133708000183e-03
-2.485715318471193314e-03
-2.801163645926862955e-04
-3.682673443108797073e-03
2.098414115607738495e-03
-2.241537673398852348e-03
1.625131466425955296e-03
-2.085212152451276779e-03
-2.030880888924002647e-03
8.966136956587433815e-04
-5.525214364752173424e-04
3.118829801678657532e-03
-5.145551403984427452e-04
-2.262230496853590012e-03
-1.844047685153782368e-03
3.426273819059133530e-03
-5.558698903769254684e-04
3.234570031054317951e-04
1.384344301186501980e-03
1.964307157322764397e-03
-3.248457564041018486e-03
3.845821367576718330e-03
5.757545659434981644e-05
-1.977422274649143219e-03
-2.627246314659714699e-03
2.496945671737194061e-03
-2.748051891103386879e-03
2.613518387079238892e-03
2.720128512009978294e-03
-3.697694512084126472e-03
-2.737746108323335648e-03
3.270425368100404739e-03
2.935539931058883667e-03
-2.398089272901415825e-03
-2.031755167990922928e-03
-2.010712632909417152e-03
-2.324512694031000137e-03
3.530607558786869049e-03
2.310521434992551804e-03
-3.419980406761169434e-03
2.311055082827806473e-03
1.546093728393316269e-03
1.140821143053472042e-03
