2.158339135348796844e-03
1.619382237549871206e-04
5.534492665901780128e-04
-1.400614855810999870e-03
3.727719886228442192e-03
-6.149075343273580074e-04
-2.404861152172088623e-03
2.485906705260276794e-03
2.481094328686594963e-03
3.615776542574167252e-03
3.619086928665637970e-04
2.707603853195905685e-03
-2.133360132575035095e-03
-2.815182670019567013e-04
-1.333099673502147198e-03
-8.214390254579484463e-05
3.288676729425787926e-03
3.249786561354994774e-03
-3.029188606888055801e-03
-8.861590176820755005e-04
-1.646373420953750610e-03
4.348075017333030701e-04
6.982586346566677094e-04
-2.770331921055912971e-03
-5.282651982270181179e-04
-3.482679603621363640e-04
3.035340923815965652e-03
-1.566496910527348518e-03
-3.506390610709786415e-03
-3.977740198024548590e-05
-3.006225684657692909e-03
3.853556932881474495e-03
6.869594799354672432e-04
1.637518173083662987e-03
1.224134757649153471e-04
1.554239133838564157e-04
2.807997807394713163e-04
-1.858995878137648106e-03
5.156295956112444401e-04
9.066342026926577091e-04
-3.770487383008003235e-03
-3.269627341069281101e-04
-1.182577805593609810e-03
3.109064651653170586e-03
-2.304227091372013092e-03
8.054868085309863091e-04
-3.663625800982117653e-03
-3.144173417240381241e-03
-3.842760925181210041e-04
1.256214920431375504e-03
-1.917817629873752594e-03
3.559977980330586433e-03
-3.051127539947628975e-03
2.850150456652045250e-03
-3.167411778122186661e-03
2.123931888490915298e-03
-6.817799876444041729e-04
2.732983324676752090e-03
5.168908974155783653e-04
3.871547058224678040e-03
2.799703739583492279e-03
1.204518019221723080e-03
-3.641388844698667526e-03
2.683757338672876358e-03
-3.094349289312958717e-03
-3.046859055757522583e-03
2.380310790613293648e-03
-8.938927785493433475e-04
-3.502613617456518114e-05
-2.522216876968741417e-03
2.882855013012886047e-03
2.507062861695885658e-03
-2.698449650779366493e-03
5.471420008689165115e-04
3.172027354594320059e-04
3.185823559761047363e-03
1.130931079387664795e-03
-1.560981501825153828e-03
-2.459981944411993027e-03
2.558081177994608879e-03
2.848309231922030449e-03
-2.803368726745247841e-03
-4.242580616846680641e-04
3.800488193519413471e-04
2.948696026578545570e-03
-3.240962745621800423e-03
-2.432615263387560844e-03
-8.662084583193063736e-04
1.928012934513390064e-03
-1.050624647177755833e-03
-2.935137134045362473e-03
-1.626052428036928177e-03
-2.086762804538011551e-03
-1.714458194328472018e-04
2.136098919436335564e-03
-7.400008034892380238e-04
2.198052126914262772e-03
1.567301223985850811e-04
-2.586735179647803307e-03
-6.020422442816197872e-04
-2.786262659355998039e-03
-2.611588453873991966e-03
-1.184600987471640110e-03
1.877769362181425095e-03
-3.084623487666249275e-03
9.259030339308083057e-04
-2.528358018025755882e-03
-7.869182736612856388e-04
2.190574770793318748e-03
-1.117015490308403969e-03
2.475353190675377846e-03
-3.233350813388824463e-03
1.065528718754649162e-03
1.355447107926011086e-03
3.151251701638102531e-03
-3.364844946190714836e-03
2.776498906314373016e-03
-1.466806861571967602e-03
-1.859516836702823639e-03
1.074613886885344982e-03
-1.292795059271156788e-03
-9.478884167037904263e-04
-3.236971097066998482e-03
1.162465545348823071e-03
-8.466028957627713680e-04
-2.846961840987205505e-03
-1.855130889452993870e-03
2.243393828393891454e-04
1.305086771026253700e-03
-1.907850266434252262e-03
-2.071093767881393433e-03
2.168636303395032883e-03
-1.694464008323848248e-03
-3.514989744871854782e-03
-4.899107734672725201e-04
3.828187473118305206e-03
7.490990683436393738e-04
3.271532244980335236e-03
8.004721603356301785e-04
3.448887029662728310e-03
6.473891553469002247e-04
1.498808967880904675e-03
1.443827990442514420e-03
-2.700283424928784370e-03
3.440092550590634346e-03
-2.891174983233213425e-03
1.261959434486925602e-03
3.348367987200617790e-03
3.573706606402993202e-03
-6.322204717434942722e-04
-1.558525138534605503e-03
-3.784819506108760834e-03
3.307574428617954254e-03
3.039500676095485687e-03
8.188865031115710735e-04
-1.311090542003512383e-03
-2.838605549186468124e-03
2.477221190929412842e-03
2.335334662348031998e-03
1.626040553674101830e-03
3.506307548377662897e-04
-5.306418752297759056e-04
-3.198794089257717133e-03
-1.730081858113408089e-03
-1.657810993492603302e-03
-4.774206317961215973e-04
-1.185109606012701988e-03
-4.189279861748218536e-04
3.100853413343429565e-03
2.292840275913476944e-03
3.869154490530490875e-03
-3.475025063380599022e-03
1.818535034544765949e-03
1.969384029507637024e-03
-3.835014998912811279e-03
-2.289030700922012329e-03
9.983612690120935440e-04
4.703337617684155703e-04
1.002191100269556046e-03
3.317479509860277176e-03
1.717356266453862190e-03
-6.060174200683832169e-04
2.217260189354419708e-03
-2.778897760435938835e-03
2.009673742577433586e-03
-2.615337725728750229e-04
-2.436386654153466225e-03
6.392658542608842254e-05
5.098852561786770821e-04
-2.601309446617960930e-03
-1.549857086502015591e-03
-1.085494950530119240e-04
-2.198704984039068222e-03
-2.450885949656367302e-04
3.254031063988804817e-03
1.486181397922337055e-03
-3.876111470162868500e-03
3.707896918058395386e-03
3.674670588225126266e-03
-1.597258960828185081e-03
-3.891717642545700073e-03
1.237295451574027538e-03
-1.311932574026286602e-03
2.803061390295624733e-03
1.667332689976319671e-04
-1.752597396261990070e-03
3.727099625393748283e-03
-2.460784278810024261e-03
3.479290055111050606e-03
3.433713223785161972e-03
4.731942608486860991e-04
2.171499887481331825e-03
7.154439226724207401e-04
-2.420168137177824974e-03
-3.373565385118126869e-03
-1.368319848552346230e-03
-1.415874343365430832e-03
-3.037264803424477577e-03
5.957168177701532841e-04
-3.708978649228811264e-03
-8.080774568952620029e-04
4.977610660716891289e-04
-2.516448730602860451e-03
-2.014641650021076202e-03
1.642936724238097668e-03
1.458430488128215075e-04
-1.805584179237484932e-03
1.039012218825519085e-03
-2.897542668506503105e-03
3.841602243483066559e-03
-2.802282571792602539e-03
2.803543582558631897e-03
3.628103993833065033e-03
2.808424760587513447e-04
-1.656517502851784229e-03
3.285418497398495674e-03
3.526995889842510223e-03
-3.745432943105697632e-03
2.431532600894570351e-03
-3.343827091157436371e-03
-1.534227703814394772e-05
-1.498640165664255619e-03
7.250988273881375790e-04
4.984010010957717896e-04
2.602938096970319748e-03
1.056447974406182766e-03
-6.489226361736655235e-04
8.874943014234304428e-04
-2.627757145091891289e-03
1.779615064151585102e-03
4.779735172633081675e-04
1.288655446842312813e-03
-3.611484542489051819e-03
2.787071513012051582e-03
4.024894442409276962e-04
-2.340249629924073815e-04
