-3.703462425619363785e-03
3.449438605457544327e-03
-4.953378229402005672e-04
3.347824327647686005e-03
-2.700135577470064163e-03
-1.970621757209300995e-03
1.672535319812595844e-03
2.106146654114127159e-03
1.999527215957641602e-03
2.566701034083962440e-03
-3.781302133575081825e-03
-3.791386727243661880e-03
-2.447591163218021393e-03
-1.100716763176023960e-03
3.632405772805213928e-03
-1.006722101010382175e-03
2.229681704193353653e-03
1.423137378878891468e-03
-3.112899605184793472e-03
-3.546125721186399460e-03
5.337674519978463650e-04
3.201018087565898895e-03
-6.188283441588282585e-04
-2.606326481327414513e-03
7.888328400440514088e-04
1.593340770341455936e-03
-2.302246401086449623e-03
5.436103092506527901e-04
8.000227389857172966e-04
-1.897560781799256802e-03
-2.477296162396669388e-03
-1.388869481161236763e-03
2.832706086337566376e-03
3.306276630610227585e-04
-3.089470323175191879e-03
-1.053484622389078140e-03
-3.346421755850315094e-03
-3.620421513915061951e-03
2.914881333708763123e-03
-6.648329435847699642e-04
-2.245702082291245461e-03
-3.822801401838660240e-03
-3.649371443316340446e-03
-1.496030483394861221e-03
2.985553583130240440e-03
-1.490060938522219658e-03
-3.339045913890004158e-03
1.013874891214072704e-03
-5.324695848685223609e-06
-8.628537179902195930e-04
-1.325132907368242741e-03
-3.019897965714335442e-03
-2.387637272477149963e-03
-3.860255936160683632e-03
1.653652871027588844e-04
7.344053592532873154e-04
-1.314368564635515213e-03
3.144243266433477402e-03
-3.253486473113298416e-03
-1.192030496895313263e-03
-7.319248397834599018e-04
-3.485049237497150898e-04
3.553846152499318123e-03
-2.511920873075723648e-03
3.738347906619310379e-03
-1.161595573648810387e-03
3.732389537617564201e-03
1.073690364137291908e-03
2.387720160186290741e-03
1.394781400449573994e-03
1.192088006064295769e-03
2.923575462773442268e-03
1.785858039511367679e-04
2.456199843436479568e-03
2.621009713038802147e-03
-1.817863667383790016e-04
-1.473494805395603180e-03
8.159359567798674107e-04
-1.456666272133588791e-03
9.568010864313691854e-05
-1.842979108914732933e-03
-3.062907140702009201e-03
-1.381913665682077408e-03
8.646470378153026104e-04
-1.363402698189020157e-03
-2.370325237279757857e-04
3.845070954412221909e-03
-1.247278669325169176e-05
-6.131059490144252777e-04
3.595936344936490059e-03
3.517079749144613743e-04
-2.778617665171623230e-03
3.614410816226154566e-04
-3.035215195268392563e-03
-5.151630612090229988e-04
1.701583154499530792e-03
2.716119866818189621e-03
2.089256420731544495e-03
2.882907632738351822e-03
3.894204972311854362e-03
1.028735539875924587e-03
-1.968895317986607552e-03
-1.612168736755847931e-03
7.528575952164828777e-04
-2.701674820855259895e-03
-1.115116057917475700e-03
-9.902552701532840729e-04
-2.293827245011925697e-03
-3.799097379669547081e-03
-5.403984687291085720e-04
-1.663172268308699131e-03
-2.839295193552970886e-03
7.335060508921742439e-04
-3.427604679018259048e-03
-2.054515061900019646e-03
-2.115455456078052521e-03
9.982349583879113197e-04
3.555266885086894035e-03
1.581414253450930119e-03
1.465982291847467422e-03
3.751842770725488663e-03
2.282652305439114571e-03
-3.006774233654141426e-03
-3.345919540151953697e-03
6.156822782941162586e-04
-6.274767802096903324e-04
4.582354740705341101e-04
2.855762373656034470e-03
2.687507309019565582e-03
1.520358258858323097e-03
-2.473879838362336159e-03
-8.450804743915796280e-04
-8.455830975435674191e-04
-2.794260391965508461e-03
-3.375879954546689987e-03
-3.821506863459944725e-03
1.140411710366606712e-03
-1.442981651052832603e-03
-3.524478059262037277e-03
2.934420248493552208e-03
2.675895113497972488e-03
2.299431245774030685e-03
2.026445232331752777e-03
3.293921472504734993e-03
1.501547085354104638e-04
-1.938245142810046673e-03
1.569336629472672939e-03
2.981823636218905449e-03
-6.408698391169309616e-04
1.722994260489940643e-03
-1.903044059872627258e-03
-1.795539283193647861e-03
-1.069108955562114716e-03
4.399053286761045456e-04
-2.033632714301347733e-03
-2.275749109685420990e-03
3.378204535692930222e-03
3.432590281590819359e-03
2.218623878434300423e-03
1.291255699470639229e-03
-2.520711626857519150e-03
-2.106304746121168137e-03
-7.103264215402305126e-04
-3.265227656811475754e-03
3.741185719263739884e-05
-1.480979961343109608e-03
-2.261168556287884712e-03
-1.872947788797318935e-03
3.868613392114639282e-03
-3.547707339748740196e-03
-2.892481163144111633e-03
-6.659401115030050278e-04
-1.733686192892491817e-03
2.676241099834442139e-03
-2.661956008523702621e-03
-1.872656401246786118e-03
1.764218788594007492e-03
-3.002676181495189667e-03
3.528882283717393875e-03
-1.427785493433475494e-03
3.442061599344015121e-03
1.956350170075893402e-03
-8.225606288760900497e-04
3.818432101979851723e-03
-3.061308292672038078e-03
-3.672291059046983719e-04
1.059279660694301128e-03
-1.861038850620388985e-03
2.926865359768271446e-03
2.075447700917720795e-03
1.954580191522836685e-03
7.433819700963795185e-04
1.145834103226661682e-03
3.455994010437279940e-04
2.347149187698960304e-03
3.269142704084515572e-03
-8.378449128940701485e-04
-7.012545247562229633e-04
1.268447726033627987e-03
3.599076298996806145e-03
-3.166260896250605583e-03
3.862093668431043625e-03
-2.288769697770476341e-03
1.050598337315022945e-03
-3.633054904639720917e-03
-7.676962559344246984e-05
-2.100147539749741554e-03
-3.622706513851881027e-03
3.153244964778423309e-03
8.440027013421058655e-04
1.407829840900376439e-04
3.141941502690315247e-03
1.573898596689105034e-03
7.294403621926903725e-05
3.355609485879540443e-03
-5.430484306998550892e-04
3.573469119146466255e-03
-3.140166867524385452e-03
3.271340625360608101e-03
2.041737549006938934e-03
-2.364535583183169365e-03
9.928271174430847168e-04
-2.822339767590165138e-03
1.381199108436703682e-03
3.276654751971364021e-03
-3.846302861347794533e-03
3.637680783867835999e-03
-5.989965284243226051e-04
1.812784466892480850e-05
-3.093731356784701347e-03
-1.037395559251308441e-03
1.210110727697610855e-03
-1.827850472182035446e-03
2.440660493448376656e-03
-2.558117499575018883e-03
1.198436948470771313e-03
-2.817424247041344643e-03
-2.509532496333122253e-04
-1.151896663941442966e-03
-3.199225291609764099e-03
-1.879560877569019794e-03
-5.280671175569295883e-04
-2.347586210817098618e-03
-3.152253339067101479e-03
-2.116965595632791519e-03
-2.104549435898661613e-03
-3.157705301418900490e-03
3.719064872711896896e-03
1.605611527338624001e-03
3.445049049332737923e-03
9.431465296074748039e-04
-1.573211513459682465e-03
-3.817794844508171082e-03
-3.715992672368884087e-03
-1.883203629404306412e-03
1.919104950502514839e-03
