3.909161314368247986e-04
-1.742163090966641903e-03
-2.564850030466914177e-03
1.301890937611460686e-03
2.623169450089335442e-03
-1.077305874787271023e-03
2.895308192819356918e-03
2.690352732315659523e-03
2.308388684468809515e-05
-1.826110565161798149e-05
-2.512720413506031036e-03
2.462262287735939026e-03
-2.693751011975109577e-04
2.231356687843799591e-03
3.841574769467115402e-03
8.229741360992193222e-04
1.995913684368133545e-03
9.945265483111143112e-04
1.176593592390418053e-03
-3.836997086182236671e-03
-1.335925655439496040e-03
2.531971316784620285e-03
1.826642663218080997e-03
2.710839966312050819e-03
-6.129363318905234337e-04
-3.338971873745322227e-03
3.012186614796519279e-03
-3.067504381760954857e-03
-2.418156713247299194e-03
-2.453059889376163483e-03
3.726864233613014221e-03
-1.200090919155627489e-04
-3.606737591326236725e-03
-3.256679745391011238e-03
-2.738357754424214363e-03
-2.770719816908240318e-03
8.200035081245005131e-04
1.707100542262196541e-03
1.738842576742172241e-03
1.422631787136197090e-03
-1.627416582778096199e-03
-2.330126008018851280e-03
4.957499331794679165e-04
-3.612782573327422142e-03
-1.071608625352382660e-03
-2.983154961839318275e-03
2.892376389354467392e-03
-3.101840615272521973e-03
-3.830700006801635027e-04
4.849106189794838428e-04
1.841277698986232281e-03
-1.621390110813081264e-03
-2.103131730109453201e-03
7.004386861808598042e-04
-2.497096545994281769e-03
3.515524556860327721e-03
3.088925266638398170e-03
-2.053285716101527214e-03
-3.105346113443374634e-03
7.028182153590023518e-05
2.055645221844315529e-03
1.482538209529593587e-04
5.104106385260820389e-04
-1.191329327411949635e-03
-3.525410778820514679e-03
-3.607281716540455818e-03
2.319582272320985794e-03
-2.832663943991065025e-03
-1.115589402616024017e-04
6.699938094243407249e-04
1.476678997278213501e-03
-1.441213651560246944e-03
-2.972014946863055229e-03
8.382201194763183594e-04
3.594743786379694939e-03
5.993494996801018715e-04
-2.960242796689271927e-03
-3.171502845361828804e-03
-3.012537956237792969e-03
3.207774600014090538e-03
-2.516268054023385048e-03
1.886184763861820102e-04
1.089644269086420536e-03
-3.491084091365337372e-03
2.622669097036123276e-03
-3.284050384536385536e-03
-3.358292859047651291e-03
-3.950328391510993242e-04
-1.891704159788787365e-04
3.683037124574184418e-03
-8.806569385342299938e-04
3.040414536371827126e-03
2.984603168442845345e-03
2.138861455023288727e-03
-2.940729027613997459e-03
1.021391479298472404e-03
2.951619389932602644e-04
1.593245542608201504e-03
-2.417889190837740898e-04
-1.025665202178061008e-03
-2.998904092237353325e-03
-1.222350168973207474e-03
1.360341906547546387e-03
-9.531891555525362492e-04
-2.814468927681446075e-03
-3.904867917299270630e-03
-3.157879924401640892e-03
2.442009281367063522e-03
1.201752107590436935e-03
7.222013082355260849e-04
-3.873762907460331917e-03
2.543191192671656609e-03
-3.559716511517763138e-03
7.979817455634474754e-04
-1.070494414307177067e-03
-2.455937908962368965e-03
-3.408569842576980591e-03
-2.598324499558657408e-04
2.069742418825626373e-03
-2.144612371921539307e-03
3.083340357989072800e-03
1.186037785373628139e-03
3.013187553733587265e-03
3.587391227483749390e-03
-3.442728659138083458e-03
2.812213031575083733e-03
3.208993875887244940e-04
2.276900486322119832e-04
-7.971948798513039947e-05
-2.723882906138896942e-03
2.255362924188375473e-03
-1.770072412909939885e-04
5.082014249637722969e-04
2.531792968511581421e-03
-1.133239595219492912e-03
-3.638108959421515465e-03
2.071246504783630371e-03
-2.436637179926037788e-03
3.026206046342849731e-03
2.548287156969308853e-03
3.773608710616827011e-03
-2.544071758165955544e-03
5.157089908607304096e-04
-6.288760341703891754e-04
-9.522267500869929790e-04
1.326000317931175232e-03
3.662039292976260185e-03
-2.058003563433885574e-03
2.947000088170170784e-03
-2.868576906621456146e-03
-2.825748524628579617e-04
1.785871107131242752e-03
1.670744502916932106e-03
2.748378785327076912e-03
-1.748138456605374813e-03
-3.162875771522521973e-03
-1.621273695491254330e-03
1.450588926672935486e-03
-3.892150009050965309e-03
3.934236010536551476e-04
1.702652894891798496e-03
1.677116844803094864e-03
-1.109899836592376232e-03
-3.622797958087176085e-04
-9.689580765552818775e-04
3.108338685706257820e-03
2.332944190129637718e-03
5.093103391118347645e-04
1.150208292528986931e-03
-3.770431503653526306e-03
-3.410165198147296906e-03
-2.120219171047210693e-03
1.136274076998233795e-03
-9.473982499912381172e-04
1.534971641376614571e-03
1.638483605347573757e-03
1.280129421502351761e-03
-3.534178715199232101e-03
-4.743614990729838610e-04
9.618258918635547161e-04
1.953255850821733475e-03
-1.183324842713773251e-03
-3.958043234888464212e-04
2.017091494053602219e-03
-3.199876286089420319e-03
-2.793116029351949692e-03
-2.213641302660107613e-03
-1.004994846880435944e-03
-1.199470949359238148e-03
-3.575786482542753220e-03
1.342927338555455208e-03
-1.111374585889279842e-03
-2.930569928139448166e-03
2.605216810479760170e-03
-3.884017467498779297e-03
4.284169335733167827e-05
-3.013536334037780762e-03
2.568847732618451118e-03
1.559183816425502300e-03
-1.653984072618186474e-03
3.727637697011232376e-03
-2.634333912283182144e-03
-2.368197077885270119e-03
-1.246134750545024872e-03
9.221653454005718231e-04
-3.380214096978306770e-03
5.714843282476067543e-04
2.406971994787454605e-03
-3.369417972862720490e-03
-1.135590136982500553e-03
1.643496798351407051e-03
8.432737668044865131e-04
-3.486557397991418839e-03
7.694967207498848438e-04
1.820247707655653358e-04
3.534319344907999039e-03
-2.733232220634818077e-03
-2.637258730828762054e-03
1.844433136284351349e-03
1.941601512953639030e-03
-2.851799130439758301e-03
-9.856211545411497355e-05
1.430180273018777370e-03
-1.976309344172477722e-03
3.216861980035901070e-03
2.252316335216164589e-05
-1.574271125718951225e-03
1.826102379709482193e-03
1.883314456790685654e-03
-2.447143197059631348e-04
3.514667274430394173e-03
3.231612732633948326e-03
-1.504202140495181084e-03
2.996843308210372925e-03
9.987491648644208908e-04
-2.493919804692268372e-03
2.238975604996085167e-03
3.614785382524132729e-03
4.538748471532016993e-04
1.873850822448730469e-03
-2.292005112394690514e-03
-1.117357169277966022e-03
2.351583680137991905e-03
-1.376458443701267242e-03
2.439503325149416924e-03
-2.870799973607063293e-03
-1.060363254509866238e-03
-2.166229533031582832e-03
-3.615697147324681282e-03
4.633183707483112812e-04
-1.798402518033981323e-03
7.250236812978982925e-04
-9.229957940988242626e-04
2.248000819236040115e-03
-3.191029187291860580e-03
-2.894583623856306076e-03
