-2.257649321109056473e-03
6.159230251796543598e-04
-2.420491073280572891e-03
-1.397039624862372875e-03
3.349796636030077934e-03
-7.958832429721951485e-04
3.355395048856735229e-03
8.605462426203303039e-06
4.790162201970815659e-04
9.735072962939739227e-04
5.949108162894845009e-04
2.443931996822357178e-03
-3.260846948251128197e-03
-7.835223805159330368e-04
3.844568971544504166e-03
-1.330744707956910133e-03
-8.537737448932603002e-05
-2.158463466912508011e-03
2.081846585497260094e-03
1.800567493773996830e-03
-2.606907160952687263e-03
3.219557926058769226e-03
-2.243540249764919281e-03
1.293490291573107243e-03
3.831785172224044800e-03
1.308271079324185848e-03
-2.344669774174690247e-03
-2.664257073774933815e-03
-3.140364540740847588e-03
-1.274652429856359959e-03
-2.699085278436541557e-03
4.193774948362261057e-04
-3.712459467351436615e-03
2.519471338018774986e-03
-9.634919697418808937e-04
2.050404669716954231e-03
2.230386482551693916e-03
-3.282885299995541573e-03
-1.956810709089040756e-03
-5.471834447234869003e-05
-2.904995810240507126e-03
-9.879593271762132645e-04
-3.753080032765865326e-03
3.430533222854137421e-03
-1.004268182441592216e-03
-3.582737874239683151e-03
-6.856593536213040352e-04
-7.967472774907946587e-04
-1.324704498983919621e-03
2.156693488359451294e-03
-2.894996199756860733e-03
-9.686927660368382931e-04
3.057595109567046165e-03
-2.415028167888522148e-03
1.577971735969185829e-03
-3.750773845240473747e-03
-1.776021323166787624e-03
-2.380579244345426559e-03
-5.701280897483229637e-04
-1.380948524456471205e-04
-3.065819328185170889e-04
-1.597263035364449024e-03
1.673436490818858147e-03
-3.766544105019420385e-04
-2.087332308292388916e-03
-4.048696137033402920e-04
-3.072764084208756685e-04
3.731954609975218773e-03
-2.302925102412700653e-03
-3.897812217473983765e-03
2.495544264093041420e-03
-3.531119320541620255e-03
2.111902926117181778e-03
1.281953416764736176e-03
-1.583046745508909225e-03
3.865740029141306877e-03
-1.536035561002790928e-03
-3.733840538188815117e-03
6.494331173598766327e-04
2.921642269939184189e-03
-2.127643907442688942e-03
-3.215901320800185204e-03
-8.605404873378574848e-04
-2.953038783743977547e-03
-2.425004495307803154e-03
-2.068066503852605820e-03
-7.889613043516874313e-04
-3.552172100171446800e-03
2.168264007195830345e-03
-1.155062345787882805e-04
-3.253638977184891701e-03
9.609413100406527519e-04
1.035142922773957253e-03
-2.875713398680090904e-03
-1.550143118947744370e-03
1.759854611009359360e-03
-4.318907740525901318e-04
3.752341028302907944e-03
-3.506682114675641060e-03
-4.455278976820409298e-04
-2.068621804937720299e-03
-3.822579514235258102e-03
2.451795851811766624e-03
-2.581730950623750687e-03
2.787754405289888382e-03
1.146740280091762543e-03
-8.472759509459137917e-04
3.800885984674096107e-03
2.742562443017959595e-03
-2.432965440675616264e-03
2.589449519291520119e-03
-3.367270575836300850e-03
-2.803900279104709625e-04
-4.063749802298843861e-04
2.536110114306211472e-03
1.759409205988049507e-03
-3.786921151913702488e-04
1.755868666805326939e-03
4.323243338149040937e-04
-1.849969965405762196e-03
5.730611737817525864e-04
-1.293768174946308136e-03
1.532909926027059555e-03
1.030317507684230804e-03
2.783066127449274063e-03
-2.951540751382708549e-03
-1.661952468566596508e-03
2.435854868963360786e-03
-9.345153230242431164e-04
-5.243839113973081112e-04
2.154213609173893929e-03
-3.210094990208745003e-03
-2.605573041364550591e-03
-2.107160398736596107e-03
2.334097807761281729e-04
-3.390936413779854774e-03
-1.665766758378595114e-04
-6.298589869402348995e-05
1.538786571472883224e-03
-8.285795338451862335e-04
2.124132355675101280e-03
-1.289869309403002262e-03
1.658637309446930885e-03
2.666506916284561157e-03
-3.722069668583571911e-04
-3.322199219837784767e-03
3.725474001839756966e-03
7.685503078391775489e-06
-6.184891099110245705e-04
2.739343108260072768e-05
-1.611168845556676388e-03
2.784459618851542473e-03
1.479825470596551895e-03
-1.620073104277253151e-03
3.661751979961991310e-03
-2.254910999909043312e-03
-1.201985287480056286e-03
1.252751564607024193e-03
3.434620331972837448e-03
-2.057494129985570908e-03
2.408920321613550186e-03
-3.700494533404707909e-03
2.468301914632320404e-03
-3.294404828920960426e-03
2.590460469946265221e-03
-3.070500446483492851e-03
-1.651984493946656585e-04
1.492841111030429602e-04
2.989402972161769867e-03
6.401467253454029560e-04
-2.158802002668380737e-03
2.387217478826642036e-03
2.406753832474350929e-03
2.389885019510984421e-03
-3.156694350764155388e-03
-3.581534139811992645e-03
2.505171287339180708e-04
-1.373155973851680756e-03
2.318753162398934364e-03
-1.149716321378946304e-03
8.128592744469642639e-04
-2.566045848652720451e-03
3.888826118782162666e-03
2.163024386391043663e-03
-1.985560629691462964e-06
-3.818099794443696737e-04
-3.689099801704287529e-03
-3.246521810069680214e-03
2.931621158495545387e-03
1.822981517761945724e-03
1.583178964210674167e-04
1.603828393854200840e-03
3.399726236239075661e-03
-1.181290135718882084e-03
-1.402048626914620399e-03
1.482184510678052902e-03
-1.017703674733638763e-03
-3.407521871849894524e-03
-3.684521419927477837e-03
-3.114348510280251503e-03
3.290414810180664062e-03
7.831867551431059837e-04
-9.633410081733018160e-05
-3.215908072888851166e-03
1.940580434165894985e-03
8.315987652167677879e-04
-2.743450459092855453e-04
-1.173060736618936062e-04
-3.148307325318455696e-03
2.710190368816256523e-03
-1.388483331538736820e-03
-3.859125310555100441e-03
2.852401463314890862e-03
-3.166632726788520813e-03
3.641007468104362488e-03
-2.355779986828565598e-03
9.162015048786997795e-04
-1.654748106375336647e-03
-2.777668647468090057e-03
3.871770342811942101e-03
-1.655364874750375748e-03
-3.703036578372120857e-03
-3.334201872348785400e-03
1.808196306228637695e-03
6.807160098105669022e-04
-2.937092678621411324e-03
-3.491554642096161842e-03
-2.319506136700510979e-03
2.846421441063284874e-03
-3.001597477123141289e-03
-1.233474467881023884e-03
-8.911358308978378773e-04
3.400165820494294167e-03
-1.462482730858027935e-03
2.548592630773782730e-03
-3.022586693987250328e-03
2.437620656564831734e-03
2.557787112891674042e-03
-3.189577022567391396e-03
2.924697706475853920e-03
4.460091004148125648e-04
-7.394976564683020115e-04
2.827315824106335640e-03
-2.754358341917395592e-03
1.622386975213885307e-03
-3.609172999858856201e-03
-3.361991373822093010e-03
-2.413098933175206184e-03
-1.801234611775726080e-04
1.839378033764660358e-03
-3.539594821631908417e-03
3.221550490707159042e-03
-2.518366789445281029e-03
-8.440251694992184639e-04
2.940965350717306137e-03
6.719116354361176491e-04
