-1.822732505388557911e-03
-2.783691277727484703e-03
-2.809852361679077148e-03
-3.867665072903037071e-03
-1.448679482564330101e-03
3.145292634144425392e-03
-1.390342833474278450e-03
1.654820516705513000e-03
2.159479074180126190e-03
3.905323392245918512e-04
-2.032707910984754562e-03
-3.381417598575353622e-03
1.236032810993492603e-03
2.990185283124446869e-03
-2.304698107764124870e-03
6.363378488458693027e-04
3.005152102559804916e-03
-6.660744547843933105e-04
-1.511545036919414997e-03
7.906175451353192329e-04
2.860389417037367821e-03
2.370035275816917419e-03
-3.702263347804546356e-03
-3.892491338774561882e-03
3.073367755860090256e-03
1.649417681619524956e-03
-2.964702434837818146e-03
-2.773612504824995995e-04
-2.083692466840147972e-03
3.103827591985464096e-03
-1.426977338269352913e-03
2.730712061747908592e-03
3.663915209472179413e-03
1.996461767703294754e-03
1.007460872642695904e-03
-3.745503025129437447e-03
-1.626410987228155136e-03
4.243572766426950693e-05
-3.613409120589494705e-03
1.683784939814358950e-04
-1.032623229548335075e-03
-2.050857990980148315e-03
1.041557989083230495e-03
-5.983000155538320541e-04
3.821338526904582977e-03
2.443822333589196205e-03
-2.550413366407155991e-03
-2.870401600375771523e-03
-6.218247581273317337e-04
2.951080212369561195e-03
-2.876858692616224289e-03
-4.840595356654375792e-04
-1.875185873359441757e-03
8.077765814960002899e-04
1.292756642214953899e-03
-3.728868439793586731e-03
1.729695941321551800e-03
3.547654254361987114e-03
1.234641880728304386e-03
-1.535930088721215725e-03
2.328853122889995575e-03
7.610954926349222660e-04
1.272710273042321205e-03
-2.103991108015179634e-03
-2.693384420126676559e-03
-2.955479314550757408e-03
-5.020942189730703831e-04
2.701526274904608727e-03
-8.280720212496817112e-04
8.674265118315815926e-04
2.629830036312341690e-03
-1.946439035236835480e-03
2.729537198320031166e-03
-1.874502748250961304e-03
1.567869330756366253e-03
-1.555985945742577314e-04
-2.998130628839135170e-03
-3.080581780523061752e-03
2.143400022760033607e-03
3.619063936639577150e-04
8.518076356267556548e-05
2.169458894059062004e-03
2.881445223465561867e-03
-1.830841647461056709e-03
-2.145058533642441034e-04
3.825656371191143990e-03
1.719013554975390434e-03
-3.353298641741275787e-03
-2.751775784417986870e-03
-1.133601879701018333e-03
-2.540498971939086914e-03
-2.560918917879462242e-03
3.046186408028006554e-03
-2.774139575194567442e-04
-6.615848396904766560e-04
9.117368026636540890e-04
-3.029164625331759453e-03
-1.296355505473911762e-03
-3.582571167498826981e-03
-2.616733254399150610e-04
-3.478558035567402840e-03
2.103433711454272270e-03
-1.227225642651319504e-03
2.171996515244245529e-03
1.758064026944339275e-03
-2.922513987869024277e-03
1.851357985287904739e-03
9.320159442722797394e-04
-8.827592828311026096e-04
2.471100306138396263e-04
-2.960537327453494072e-03
2.197073074057698250e-03
4.694616072811186314e-04
1.161458203569054604e-03
2.118944656103849411e-03
6.090606329962611198e-04
-2.051996532827615738e-03
2.238456392660737038e-03
-2.663557417690753937e-03
-2.402371319476515055e-04
-3.833930240944027901e-03
-1.345146098174154758e-03
-7.248031324706971645e-04
-2.563894959166646004e-03
-2.969956025481224060e-03
4.838995519094169140e-04
1.695432583801448345e-03
1.711613382212817669e-03
-2.373005496338009834e-03
3.042232710868120193e-03
3.389442805200815201e-03
3.350261598825454712e-03
2.709757769480347633e-03
-3.467743750661611557e-03
6.470920052379369736e-04
-3.654980100691318512e-03
-1.943526091054081917e-03
-7.901206263341009617e-04
3.665300318971276283e-03
-2.335554221644997597e-03
-3.297991861472837627e-05
1.045288954628631473e-04
-3.228337736800312996e-03
-1.814315677620470524e-03
1.084691961295902729e-03
2.316994592547416687e-03
-1.804628525860607624e-03
3.533654613420367241e-03
-3.943458141293376684e-04
2.824957482516765594e-03
-1.278856652788817883e-03
3.664373187348246574e-03
2.052129566436633468e-04
-1.077023334801197052e-03
-1.233388436958193779e-03
-3.575574373826384544e-03
-2.468328224495053291e-03
3.337077796459197998e-03
3.631350817158818245e-03
-7.265800959430634975e-04
-1.310075283981859684e-03
-1.003712182864546776e-03
-2.949867863208055496e-03
-2.458451781421899796e-04
-1.302107702940702438e-03
-2.709869761019945145e-03
-1.598721952177584171e-03
5.368241691030561924e-04
-1.364757772535085678e-03
3.166615264490246773e-03
6.240264629013836384e-04
-3.714608494192361832e-03
-3.568292362615466118e-03
3.108023898676037788e-03
8.461412508040666580e-04
-2.796080196276307106e-03
-1.861879900388885289e-05
-3.322632284834980965e-03
-3.014364629052579403e-04
1.562490360811352730e-03
1.729835872538387775e-03
3.243589599151164293e-04
2.016129903495311737e-03
3.080496331676840782e-03
-7.753487443551421165e-04
-1.965264789760112762e-03
3.673937637358903885e-03
5.640324088744819164e-04
1.445168280042707920e-03
1.999462023377418518e-03
-1.788105582818388939e-03
-1.893542939797043800e-03
-3.179945750162005424e-03
2.794837346300482750e-03
-4.853424325119704008e-04
-1.519681536592543125e-04
1.629352220334112644e-03
-2.436600858345627785e-03
1.837510382756590843e-03
1.170411123894155025e-03
-1.915539149194955826e-03
1.175612997030839324e-04
3.840513760223984718e-03
-1.920338021591305733e-03
-5.053766071796417236e-04
-3.765259170904755592e-03
2.329952782019972801e-03
3.557435469701886177e-03
2.870390424504876137e-03
-4.254407831467688084e-04
-2.369315363466739655e-03
-1.255857496289536357e-04
-3.137075807899236679e-03
2.901590196415781975e-03
9.764893911778926849e-05
2.105175517499446869e-03
-3.103811061009764671e-03
3.206696826964616776e-03
1.448535942472517490e-03
-2.515169093385338783e-03
2.265279879793524742e-03
-1.068257479346357286e-04
-3.697519190609455109e-03
2.297810046002268791e-03
1.144588692113757133e-03
-1.369413104839622974e-03
-1.374306622892618179e-03
-1.563050551339983940e-03
-2.463976386934518814e-03
2.490464365109801292e-03
-2.051905496045947075e-03
6.220263312570750713e-04
1.134778140112757683e-03
-3.820562036707997322e-03
-4.307390481699258089e-04
1.095885876566171646e-03
4.583133559208363295e-04
1.255484996363520622e-03
3.013242268934845924e-03
-3.018756397068500519e-03
-2.624667540658265352e-04
2.764624310657382011e-03
1.018030219711363316e-03
-1.842468511313199997e-03
1.705401111394166946e-03
-1.484010717831552029e-03
-1.512812334112823009e-03
-2.528979675844311714e-04
-3.337326459586620331e-03
-6.434456445276737213e-04
-3.685571020469069481e-03
2.750088693574070930e-03
-2.466147299855947495e-03
2.185200573876500130e-03
-1.302720280364155769e-03
-3.401808440685272217e-03
