1.954636099981144071e-04
2.318701939657330513e-03
2.779179019853472710e-03
3.654546453617513180e-04
-3.112570149824023247e-03
2.895504236221313477e-03
4.900109488517045975e-04
3.808422945439815521e-03
1.909012440592050552e-03
3.632374806329607964e-03
2.038500737398862839e-03
3.271450987085700035e-03
3.743691602721810341e-03
-4.315392288845032454e-04
1.170158619061112404e-03
1.907385070808231831e-03
-2.099993871524930000e-03
-3.399052424356341362e-03
-1.770994276739656925e-03
-1.413056161254644394e-03
1.205247128382325172e-03
3.623624797910451889e-03
-1.403237809427082539e-03
-1.852918649092316628e-03
-3.748575691133737564e-03
3.799003781750798225e-03
-3.575336188077926636e-03
-3.375697997398674488e-04
1.941978815011680126e-03
-2.222608076408505440e-03
2.467958955094218254e-03
9.811315685510635376e-04
-2.531397331040352583e-05
-2.280727028846740723e-03
-2.830479294061660767e-03
3.679370274767279625e-03
1.268583117052912712e-03
-2.461272524669766426e-03
-5.330671556293964386e-04
-3.183636581525206566e-03
-2.995518269017338753e-03
2.514620311558246613e-03
3.870619184453971684e-05
-1.880223862826824188e-03
3.137975698336958885e-03
-2.092136535793542862e-03
2.441723132506012917e-03
-1.049400889314711094e-03
-8.550497004762291908e-04
-2.993748523294925690e-03
-1.982893794775009155e-03
-3.169525181874632835e-03
-1.404458074830472469e-03
-1.174840843304991722e-03
1.960654510185122490e-03
-7.154988707043230534e-04
1.245909254066646099e-03
-1.633000676520168781e-03
1.265992061235010624e-03
-3.319035517051815987e-03
1.895954250358045101e-03
3.808841807767748833e-03
4.284380411263555288e-04
-9.920252487063407898e-04
-9.607030078768730164e-04
-2.291827462613582611e-03
3.095037536695599556e-03
3.901682794094085693e-03
1.499768113717436790e-03
2.668505301699042320e-03
2.338624093681573868e-03
-2.189067890867590904e-03
9.947241051122546196e-04
-1.423649024218320847e-03
2.799778485496062785e-05
-1.217157929204404354e-03
1.140827545896172523e-03
-8.866369898896664381e-05
1.602473901584744453e-03
-3.208250505849719048e-03
-2.549135824665427208e-03
1.040488365106284618e-03
-2.565350150689482689e-03
1.350839738734066486e-03
2.425677841529250145e-03
-7.439543260261416435e-04
-1.074018422514200211e-03
4.246746830176562071e-04
-1.585726276971399784e-03
-1.929566264152526855e-03
3.029062878340482712e-03
-1.972348582057747990e-05
-1.565416809171438217e-03
3.307103179395198822e-03
-2.104714745655655861e-03
6.181869539432227612e-04
3.698782762512564659e-03
1.722863758914172649e-03
8.593099773861467838e-04
-8.045686990953981876e-05
-3.079978981986641884e-03
9.650616557337343693e-04
-5.622647004202008247e-04
-1.861268829088658094e-04
2.207232639193534851e-03
-1.254259725101292133e-03
3.907068632543087006e-03
-6.996004958637058735e-04
3.761781612411141396e-03
-1.704871770925819874e-03
-1.968896976904943585e-04
1.225262298248708248e-03
3.797827987000346184e-03
-3.432668978348374367e-03
-2.071490976959466934e-03
-1.389727462083101273e-03
1.042439471348188818e-04
-3.491085954010486603e-03
1.864881836809217930e-03
3.860242723021656275e-04
-5.864857230335474014e-04
4.945428227074444294e-04
2.219003858044743538e-03
3.409424098208546638e-03
3.471641568467020988e-03
1.149767776951193810e-03
-9.499440202489495277e-04
-3.450796706601977348e-03
3.256721189245581627e-03
1.871704589575529099e-03
-8.966778987087309361e-04
-3.584018209949135780e-03
1.344293006695806980e-03
-2.355122705921530724e-03
1.020159223116934299e-03
-9.446651674807071686e-04
-7.030860288068652153e-04
2.296281978487968445e-03
-4.168447921983897686e-04
-2.969644265249371529e-03
-8.451578905805945396e-04
3.628724021837115288e-03
-2.285756869241595268e-03
-6.997009040787816048e-05
8.220777090173214674e-05
2.464015735313296318e-03
-1.681266876403242350e-04
6.166482926346361637e-04
-4.131352761760354042e-04
-3.285813145339488983e-04
-2.094598021358251572e-03
-6.641140789724886417e-04
-1.035690656863152981e-03
-3.435979364439845085e-03
9.117912268266081810e-04
1.132570905610918999e-03
7.580773672088980675e-05
3.583830082789063454e-03
3.752452787011861801e-03
1.746911206282675266e-03
-1.052464125677943230e-03
-6.337800878100097179e-04
-6.261413218453526497e-04
2.419306198135018349e-03
2.431709785014390945e-03
3.452294273301959038e-03
-1.847409293986856937e-03
3.041415009647607803e-03
-2.351235831156373024e-03
-2.948591718450188637e-03
-2.576663624495267868e-03
-3.853738307952880859e-03
-3.586017526686191559e-03
-1.351891085505485535e-03
8.377032936550676823e-04
2.357589779421687126e-03
-3.050918225198984146e-03
3.591259242966771126e-03
4.327520146034657955e-04
9.695233893580734730e-04
1.264616614207625389e-03
-3.530830144882202148e-03
2.037444850429892540e-03
3.101887647062540054e-03
-1.825122279115021229e-03
-3.819828387349843979e-03
1.330777420662343502e-03
3.239538986235857010e-03
-1.916712033562362194e-03
6.263493560254573822e-04
-6.176804890856146812e-05
3.015281399711966515e-03
-2.848579781129956245e-03
-8.322578505612909794e-04
-2.651909890118986368e-04
-1.313099521212279797e-03
1.656265347264707088e-03
-8.832413004711270332e-04
-7.359265582635998726e-04
1.806679414585232735e-03
8.735912851989269257e-04
-1.710660173557698727e-03
-3.566610161215066910e-03
4.725230683106929064e-04
-3.774130716919898987e-03
2.353244461119174957e-03
2.339591272175312042e-03
-2.869121497496962547e-03
1.011554268188774586e-03
1.853894791565835476e-03
6.524295895360410213e-04
-2.263362519443035126e-03
-3.457760671153664589e-03
3.369543468579649925e-03
-3.825306193903088570e-03
2.477971371263265610e-03
-1.965556293725967407e-03
-3.771490650251507759e-03
-5.698120803572237492e-04
-1.378375221975147724e-03
2.710090717300772667e-03
2.459397655911743641e-04
3.553756512701511383e-03
1.858217059634625912e-03
3.353848354890942574e-03
4.707841799245215952e-05
8.411861490458250046e-04
5.457267980091273785e-04
4.166825237916782498e-05
2.194007625803351402e-03
3.772085299715399742e-03
-2.991264918819069862e-03
1.177269368781708181e-04
1.037590904161334038e-03
3.669171361252665520e-03
-2.355257747694849968e-03
-1.066996948793530464e-03
-3.213146701455116272e-04
-2.816857537254691124e-03
2.401707228273153305e-03
-9.424257996215601452e-08
3.355179214850068092e-03
-1.734298421069979668e-03
-1.251433510333299637e-03
-2.171556407120078802e-04
3.166773356497287750e-03
3.701222129166126251e-03
-1.323566539213061333e-03
1.125953043811023235e-03
7.659958209842443466e-04
3.231556620448827744e-03
-3.758852835744619370e-04
-9.887134656310081482e-04
1.798908488126471639e-05
-1.592981745488941669e-03
-6.419157143682241440e-04
