1.392903039231896400e-03
9.600251214578747749e-04
5.351274157874286175e-04
3.880301723256707191e-03
2.600468695163726807e-03
-1.251571928150951862e-03
-3.344379598274827003e-03
1.178730279207229614e-03
-3.235985292121767998e-03
-3.399725072085857391e-03
-1.375137162540340796e-05
1.173625001683831215e-03
6.844670278951525688e-04
2.405866049230098724e-03
-2.557936590164899826e-03
-3.081429051235318184e-03
2.345818327739834785e-03
9.465673356316983700e-04
2.931013936176896095e-03
2.657931530848145485e-03
-2.816713415086269379e-03
3.247503424063324928e-03
1.296891248784959316e-03
-3.225914668291807175e-03
7.958402857184410095e-04
-7.736737024970352650e-04
2.741901844274252653e-04
2.420691074803471565e-03
-3.257395699620246887e-03
2.448143903166055679e-03
3.798588179051876068e-03
6.272818427532911301e-04
1.157716815214371309e-05
1.809638226404786110e-03
-1.586109865456819534e-03
-1.019926625303924084e-03
-2.041090279817581177e-03
9.938259609043598175e-04
-1.983479131013154984e-03
3.405198222026228905e-03
-2.411277033388614655e-03
-3.647873178124427795e-03
2.309808041900396347e-03
2.425999147817492485e-03
-8.054322679527103901e-04
-3.736481536179780960e-03
-2.418071264401078224e-03
-7.568073342554271221e-04
2.228606608696281910e-04
7.670918712392449379e-04
2.866854891180992126e-03
2.671704860404133797e-03
3.553438466042280197e-03
-3.465406130999326706e-03
-8.280544425360858440e-04
-7.521987427026033401e-04
-7.911873399280011654e-05
4.504981043282896280e-04
-2.314985729753971100e-03
1.898014568723738194e-03
4.816699074581265450e-04
-3.521611215546727180e-03
2.771868137642741203e-03
-3.680445719510316849e-03
-1.096124760806560516e-04
1.569168176501989365e-03
-3.655204083770513535e-03
5.055739311501383781e-04
-2.085441024973988533e-03
-2.830821787938475609e-03
-3.088004654273390770e-03
-3.516166470944881439e-03
-1.111135352402925491e-03
3.516244236379861832e-03
-1.119797350838780403e-03
1.569694904901552945e-05
2.006562193855643272e-03
2.285838592797517776e-03
1.136130813392810524e-04
1.851622015237808228e-03
3.152262885123491287e-03
-1.162365428172051907e-03
-3.889103536494076252e-04
-2.632407704368233681e-03
2.130646491423249245e-03
2.068720757961273193e-03
-3.521084785461425781e-03
-1.791887334547936916e-04
-1.464809291064739227e-03
-7.400060712825506926e-05
-3.719567786902189255e-03
-2.404442289844155312e-03
-5.901171243749558926e-04
-2.146132756024599075e-03
-2.552843885496258736e-03
-2.112742979079484940e-03
-1.974516315385699272e-03
5.694677820429205894e-04
1.189209637232124805e-03
3.488550893962383270e-03
-3.667835844680666924e-03
2.114892471581697464e-03
3.231025533750653267e-03
-1.208084635436534882e-03
1.321475370787084103e-03
1.047692960128188133e-03
2.658850047737360001e-03
-1.900578616186976433e-03
-1.313690911047160625e-03
-3.712337696924805641e-03
-2.810348523780703545e-03
3.757497761398553848e-03
4.559520166367292404e-04
-3.403121139854192734e-03
1.060171402059495449e-03
-6.769323372282087803e-04
-2.409959677606821060e-03
-8.368901908397674561e-04
1.408870797604322433e-03
-3.041718853637576103e-03
2.884197514504194260e-03
3.498207312077283859e-03
-1.719510415568947792e-03
5.099514964967966080e-04
-6.714725750498473644e-04
-1.022545737214386463e-03
3.522304352372884750e-03
2.582411514595150948e-03
2.304592635482549667e-03
-2.999658929184079170e-03
-1.283367979340255260e-03
2.121091121807694435e-03
3.739122301340103149e-03
-3.278060583397746086e-03
4.169902531430125237e-04
2.595515688881278038e-03
3.600145690143108368e-03
1.148612354882061481e-03
-1.552572706714272499e-03
-3.725614165887236595e-03
-9.663574019214138389e-05
-7.323204190470278263e-04
3.031888045370578766e-03
6.448845379054546356e-04
2.940831473097205162e-03
-6.280625821091234684e-04
-2.348975976929068565e-03
3.830375499092042446e-04
-3.015113063156604767e-03
-2.576055005192756653e-03
2.761004725471138954e-04
1.641285605728626251e-03
-8.855412597768008709e-04
2.354871714487671852e-03
2.909968607127666473e-03
2.260530600324273109e-03
3.606569487601518631e-03
3.763251879718154669e-04
-8.929469040594995022e-04
-1.990614226087927818e-03
-7.414090796373784542e-04
3.054639790207147598e-03
-1.828054082579910755e-03
-8.188456995412707329e-04
-3.261243226006627083e-03
-1.763483887771144509e-04
-7.428496610373258591e-04
3.844210412353277206e-03
-7.061748765408992767e-04
3.069010796025395393e-03
1.314393011853098869e-03
-1.579463481903076172e-03
3.749850904569029808e-03
1.970195444300770760e-03
-1.004978432320058346e-03
6.790594779886305332e-04
8.370509603992104530e-04
-2.322957152500748634e-03
-1.086430507712066174e-03
7.941873045638203621e-04
2.597344107925891876e-03
3.442424349486827850e-03
3.109684446826577187e-03
-1.994991442188620567e-03
2.438073512166738510e-03
3.153551602736115456e-03
5.245053325779736042e-04
2.605184679850935936e-03
-6.543471827171742916e-04
-4.315018886700272560e-04
-7.586068823002278805e-04
7.953912136144936085e-04
1.370612415485084057e-03
-1.012759530567564070e-04
-1.506811822764575481e-03
1.763933105394244194e-03
-1.753693330101668835e-03
-3.442251589149236679e-03
-2.935350639745593071e-04
-2.224250463768839836e-03
1.519299112260341644e-03
-1.294833258725702763e-03
5.811288719996809959e-04
7.510875002481043339e-04
-2.503739960957318544e-04
2.715272596105933189e-03
2.105414867401123047e-03
1.829043612815439701e-03
2.109601628035306931e-03
-3.583293640986084938e-03
1.266013277927413583e-04
1.764101674780249596e-03
-3.407362615689635277e-03
-1.896561705507338047e-03
-2.252868376672267914e-03
-2.573360456153750420e-03
8.130288333632051945e-04
-2.610567258670926094e-03
-2.314253477379679680e-03
-1.811324269510805607e-03
-2.870203228667378426e-03
2.025763969868421555e-03
-2.407354302704334259e-03
3.346297191455960274e-03
-2.639655023813247681e-03
3.219840116798877716e-03
2.171978820115327835e-03
-3.241582540795207024e-03
-5.959062254987657070e-04
9.923233883455395699e-04
3.614197485148906708e-03
-3.103073220700025558e-03
1.451159827411174774e-03
6.860811845399439335e-04
-2.106840722262859344e-03
-1.201233011670410633e-03
2.016559941694140434e-03
3.036480396986007690e-03
-1.079020672477781773e-03
-1.225362299010157585e-03
1.215909142047166824e-03
5.960552953183650970e-04
-3.598506562411785126e-03
-4.266706528142094612e-04
-3.152412362396717072e-03
-3.336028195917606354e-03
3.348515834659337997e-03
1.151079079136252403e-03
2.352535258978605270e-03
2.720271877478808165e-04
1.935439300723373890e-03
-6.093736737966537476e-04
-1.231741392984986305e-03
3.464427078142762184e-03
1.220733160153031349e-03
-1.708028605207800865e-03
