-8.149764616973698139e-04
1.812799600884318352e-04
-2.575441321823745966e-04
3.104554489254951477e-03
-3.876498085446655750e-04
9.614189038984477520e-04
1.925918040797114372e-04
2.673612907528877258e-03
-5.808943533338606358e-04
1.687361975200474262e-03
2.201357390731573105e-03
9.474183898419141769e-04
-3.273102047387510538e-04
8.612789097242057323e-04
-1.681887224549427629e-04
4.805200296686962247e-05
3.830041387118399143e-04
-1.938799628987908363e-03
2.372193615883588791e-03
-1.297504757530987263e-03
-3.377551911398768425e-03
-1.431579003110527992e-03
3.185202600434422493e-03
2.787287114188075066e-03
-1.993256853893399239e-03
-3.819774603471159935e-03
2.742270706221461296e-03
2.051729941740632057e-03
3.888896200805902481e-03
-3.113809740170836449e-03
-7.553069153800606728e-04
-1.503502484411001205e-03
2.595589496195316315e-03
-8.925790898501873016e-04
-3.396350191906094551e-03
-9.633812005631625652e-04
-5.287501262500882149e-04
9.151505655609071255e-04
2.238589804619550705e-03
-2.656505210325121880e-03
3.655097214505076408e-03
-3.028234001249074936e-03
1.829351997002959251e-03
-5.489729810506105423e-04
-3.381561720743775368e-03
3.827897366136312485e-03
2.949201734736561775e-03
-3.561748890206217766e-03
-2.483751391991972923e-03
3.853637957945466042e-03
-2.651253947988152504e-03
3.256966592743992805e-03
-1.185158616863191128e-03
-3.583230078220367432e-03
-9.267115383408963680e-04
-4.449708212632685900e-04
-3.425854491069912910e-03
1.450008829124271870e-03
2.263164613395929337e-03
1.684230053797364235e-03
1.748537644743919373e-03
1.613479456864297390e-03
1.436980441212654114e-03
4.800643946509808302e-04
-1.043528551235795021e-03
3.335352987051010132e-03
3.296536393463611603e-03
2.646793145686388016e-03
2.170020015910267830e-03
7.896143360994756222e-04
3.673988394439220428e-03
-5.755552556365728378e-04
3.249406116083264351e-03
-8.519380935467779636e-05
3.044898388907313347e-03
-2.941305516287684441e-03
1.897686859592795372e-03
6.644910172326490283e-05
-1.569425803609192371e-03
-4.656605888158082962e-04
-2.395366551354527473e-03
3.234155010432004929e-03
-1.090526464395225048e-03
3.487839596346020699e-03
2.536670072004199028e-03
2.355058677494525909e-03
-1.922886876855045557e-04
-3.820319892838597298e-03
4.729828215204179287e-04
2.975234761834144592e-03
-4.059815182699821889e-05
1.846373197622597218e-03
-1.353347674012184143e-03
-8.407235145568847656e-04
1.347219687886536121e-03
3.615847090259194374e-04
-1.793606439605355263e-03
-9.834201773628592491e-04
3.654728410765528679e-03
-2.382152015343308449e-03
2.020454994635656476e-04
2.573918085545301437e-03
-2.226504031568765640e-03
2.187796635553240776e-03
3.855943446978926659e-03
2.053891075775027275e-03
3.864262485876679420e-03
-3.179029095917940140e-03
-4.534035979304462671e-04
-1.971813617274165154e-03
3.819382749497890472e-03
-3.732451703399419785e-03
2.224953146651387215e-03
-3.783517284318804741e-03
1.130491844378411770e-03
1.539639488328248262e-04
-2.463451819494366646e-03
-3.882040735334157944e-03
3.472742624580860138e-03
1.295864931307733059e-03
9.056538110598921776e-04
2.793591469526290894e-03
3.317203372716903687e-03
-3.505638334900140762e-03
-4.573045589495450258e-04
-7.782160537317395210e-06
-2.270959783345460892e-03
2.405876293778419495e-03
-2.279748208820819855e-03
-2.727563492953777313e-03
2.313587348908185959e-03
-1.028883270919322968e-03
2.771596889942884445e-03
-3.630191786214709282e-03
3.831122070550918579e-03
1.948128687217831612e-03
-5.055168294347822666e-04
-2.054984681308269501e-03
2.365933498367667198e-03
-7.727439515292644501e-04
-3.417361294850707054e-03
-3.706458490341901779e-03
-2.799311187118291855e-03
2.957523101940751076e-03
-7.944962126202881336e-04
8.950645569711923599e-04
3.472508396953344345e-03
-1.123103313148021698e-03
-2.816270338371396065e-03
1.089497585780918598e-03
2.023884793743491173e-03
-9.956079302355647087e-04
2.824855968356132507e-03
1.893961743917316198e-04
2.129483269527554512e-03
-7.018816540949046612e-04
1.541549805551767349e-03
2.570012584328651428e-04
1.150366733781993389e-03
3.061776282265782356e-03
-1.808081287890672684e-03
-2.120713237673044205e-03
-2.868201816454529762e-03
1.960611669346690178e-03
-1.452404423616826534e-03
3.752939403057098389e-03
2.879498526453971863e-03
2.543361857533454895e-03
2.168445615097880363e-03
-3.144321730360388756e-03
-2.935708733275532722e-03
2.155869733542203903e-03
1.118416665121912956e-03
-3.236639313399791718e-03
-2.732334658503532410e-03
1.798799377866089344e-03
6.684727850370109081e-04
8.464760030619800091e-04
3.096807748079299927e-03
1.842301688157021999e-03
-4.475153982639312744e-04
1.671423902735114098e-03
3.808904206380248070e-03
2.149670151993632317e-03
8.261738694272935390e-04
-3.123029600828886032e-03
2.407598309218883514e-03
-3.265347797423601151e-03
-2.680662088096141815e-03
-3.084243973717093468e-03
-3.797278273850679398e-03
7.702985894866287708e-04
-1.549050328321754932e-03
-2.897151047363877296e-03
-2.458950271829962730e-03
2.827474148944020271e-03
-7.763493922539055347e-04
1.660101930610835552e-03
-3.674429841339588165e-03
3.907559905201196671e-03
3.211727133020758629e-03
3.279255004599690437e-03
2.819910179823637009e-03
-4.388438537716865540e-04
1.184274209663271904e-03
-7.336012204177677631e-04
2.150610322132706642e-03
3.759029787033796310e-03
-3.955370339099317789e-04
-1.385405194014310837e-03
-1.463494147174060345e-03
-3.655598266050219536e-03
1.422622473910450935e-03
-3.656878601759672165e-03
2.284239744767546654e-03
8.231223328039050102e-04
-1.591916894540190697e-03
-1.048108795657753944e-03
-1.642016926780343056e-03
2.039956860244274139e-03
-1.665391464484855533e-04
-5.268121603876352310e-04
5.049832398071885109e-04
3.885126672685146332e-03
1.728388830088078976e-03
-1.480967155657708645e-03
-5.777629557996988297e-04
3.448151051998138428e-03
9.092765394598245621e-04
3.453971119597554207e-03
-2.248913515359163284e-04
1.981086563318967819e-03
-1.544627244584262371e-03
-4.232814535498619080e-04
-1.260410158465674613e-06
-2.561439992859959602e-03
1.514413626864552498e-03
-5.350428400561213493e-04
-2.717810450121760368e-03
1.650389865972101688e-03
-3.698148299008607864e-03
-7.497884216718375683e-04
1.973431324586272240e-03
4.568554868455976248e-04
-2.686816034838557243e-03
1.668253797106444836e-03
-9.684234391897916794e-04
1.832382054999470711e-03
2.312681870535016060e-03
-2.259198576211929321e-03
2.411570399999618530e-03
2.379036741331219673e-03
-8.284637442557141185e-05
3.735581878572702408e-03
3.161106025800108910e-03
5.868932930752635002e-04
