-1.611075567780062556e-04
2.648478839546442032e-03
-5.532003706321120262e-04
-2.587040187790989876e-03
3.862876212224364281e-03
1.890490995720028877e-03
-1.960034715011715889e-03
-8.179162396118044853e-04
2.205056836828589439e-03
1.028869650326669216e-03
-2.918280661106109619e-03
-1.503838109783828259e-03
2.823028480634093285e-03
2.514955122023820877e-04
-1.211001770570874214e-03
2.418616786599159241e-03
2.999929245561361313e-03
-1.582308090291917324e-03
-2.998161129653453827e-03
3.489735536277294159e-03
2.412781352177262306e-03
-2.191198524087667465e-03
-1.440827734768390656e-03
-1.983633730560541153e-03
2.993169706314802170e-03
5.427727010101079941e-04
-1.445948029868304729e-03
2.235401654615998268e-03
-5.262099875835701823e-05
1.399221364408731461e-03
-2.041963627561926842e-03
-1.627416932024061680e-03
-3.826544852927327156e-04
-2.373084716964513063e-04
-5.757007747888565063e-04
2.283089328557252884e-03
2.574310405179858208e-03
3.169037401676177979e-03
-7.958075730130076408e-04
1.623624557396396995e-04
-2.473652828484773636e-03
3.578384872525930405e-03
3.501332597807049751e-03
-3.626788733527064323e-03
1.748166163451969624e-03
3.405302064493298531e-03
-2.603543223813176155e-03
6.740809767507016659e-04
1.699086395092308521e-03
3.323500044643878937e-03
1.843506703153252602e-03
7.623771671205759048e-05
-1.520125078968703747e-03
-2.739469287917017937e-03
-7.190444157458841801e-04
-3.153663361445069313e-03
3.490974195301532745e-03
-1.838943804614245892e-03
2.316858619451522827e-03
-2.752926666289567947e-04
-1.994456164538860321e-03
-1.452583353966474533e-03
-1.929891179315745831e-03
2.998486161231994629e-03
1.374225481413304806e-03
5.538600380532443523e-04
-1.319014700129628181e-03
-6.395827513188123703e-04
-1.501512946560978889e-03
-2.269539516419172287e-03
1.824650564230978489e-03
-1.864295103587210178e-03
4.291580989956855774e-04
-1.677464577369391918e-03
-1.676514628343284130e-03
-2.910720417276024818e-03
-2.456119516864418983e-03
-3.381474176421761513e-03
-9.953910484910011292e-04
3.104604547843337059e-03
-2.868965500965714455e-03
3.671955084428191185e-03
3.122937632724642754e-03
3.120550885796546936e-03
-2.813439816236495972e-03
2.200620365329086781e-04
1.460823579691350460e-03
2.192534506320953369e-03
1.479632337577641010e-03
-1.960444962605834007e-03
1.802133629098534584e-03
1.730978372506797314e-03
-3.332111518830060959e-03
1.027798396535217762e-03
-2.905199537053704262e-03
1.268016290850937366e-03
-1.580266980454325676e-03
-3.122283611446619034e-03
3.513124771416187286e-03
-3.345096483826637268e-03
-1.396095147356390953e-03
1.927386387251317501e-03
6.479115108959376812e-04
-2.315611200174316764e-04
-9.162451606243848801e-04
-2.234949497506022453e-03
-3.901330986991524696e-03
3.562758909538388252e-03
-8.172209491021931171e-04
2.763946773484349251e-03
9.588298853486776352e-04
2.093577757477760315e-03
-3.648966783657670021e-03
-9.405894088558852673e-04
1.765625529515091330e-05
-3.101332345977425575e-03
-7.694442174397408962e-04
-2.793315332382917404e-03
3.605996957048773766e-03
-5.296865710988640785e-04
3.217134857550263405e-03
-1.039841794408857822e-03
3.892390057444572449e-03
-1.511356560513377190e-03
9.318824741058051586e-04
-3.851298708468675613e-03
2.300273859873414040e-03
-2.129423664882779121e-03
-1.970394514501094818e-03
2.475994871929287910e-03
-3.410210832953453064e-03
-2.277098363265395164e-03
-2.666646614670753479e-03
-2.909363713115453720e-03
1.638891291804611683e-03
3.740224521607160568e-03
-2.469367580488324165e-03
2.821737900376319885e-03
2.685633487999439240e-03
-2.965701976791024208e-03
-3.904490731656551361e-04
3.000476164743304253e-03
3.664328018203377724e-03
-1.941614202223718166e-03
2.796914661303162575e-03
9.279014193452894688e-04
-1.248297397978603840e-03
8.770079584792256355e-04
-3.584701102226972580e-03
1.351844286546111107e-03
2.715932670980691910e-03
-1.764386892318725586e-03
3.621091367676854134e-03
5.160566070117056370e-04
2.636419609189033508e-03
-4.332785320002585649e-04
-2.463790122419595718e-03
-7.737024570815265179e-04
-1.514658448286354542e-03
-2.455738605931401253e-03
-3.622515825554728508e-03
1.059990681824274361e-04
-2.509352751076221466e-03
-3.652396379038691521e-03
-1.356633729301393032e-03
9.874016977846622467e-04
-2.869292162358760834e-03
2.542675239965319633e-03
1.317763468250632286e-03
-1.288252766244113445e-03
-2.317929902346804738e-04
-1.980559201911091805e-03
3.779074409976601601e-03
3.064155112951993942e-03
3.115133149549365044e-03
3.185368375852704048e-03
7.415538420900702477e-04
-3.536512085702270269e-04
-2.319665625691413879e-03
5.058881361037492752e-04
-9.653937304392457008e-04
-3.699561581015586853e-03
-2.588840667158365250e-03
3.452975070104002953e-04
-1.523918472230434418e-03
-3.773821517825126648e-03
-1.577695482410490513e-03
1.516153453849256039e-03
-2.151305787265300751e-03
1.333335181698203087e-03
1.693466678261756897e-03
2.543845679610967636e-03
-1.566366176120936871e-03
1.896456582471728325e-03
3.752262797206640244e-03
-1.251544745173305273e-04
2.650913083925843239e-03
2.089818939566612244e-03
2.009155694395303726e-03
-1.488711277488619089e-04
2.225721720606088638e-03
2.497232984751462936e-03
-1.302559510804712772e-03
-2.317893086001276970e-03
-1.588342827744781971e-03
3.231471055187284946e-04
2.909685717895627022e-03
2.550022210925817490e-03
-1.532030175440013409e-03
-1.516330987215042114e-03
-2.749973908066749573e-03
-2.288814401254057884e-03
-3.286623104941099882e-04
-1.445096102543175220e-03
2.951821079477667809e-03
-1.654281863011419773e-03
1.204905100166797638e-03
3.406422212719917297e-03
-2.946493215858936310e-03
-2.615198725834488869e-03
2.264377428218722343e-03
-2.283616689965128899e-03
-1.507718698121607304e-03
-2.789559541270136833e-03
8.790980209596455097e-04
-3.902000375092029572e-03
-3.754642093554139137e-03
9.225688991136848927e-04
-1.917132409289479256e-03
1.192332594655454159e-03
2.858724212273955345e-03
-3.273787675425410271e-03
-2.373966854065656662e-03
5.849387380294501781e-04
1.936127897351980209e-03
3.563722828403115273e-03
1.102829701267182827e-03
-9.804553119465708733e-04
3.218111582100391388e-03
-3.809694200754165649e-03
-2.661741804331541061e-03
3.398752014618366957e-04
1.514697098173201084e-03
2.248120261356234550e-03
3.166665788739919662e-03
3.206503111869096756e-03
-2.436798764392733574e-03
-6.199026247486472130e-04
-1.779905869625508785e-03
-6.014549871906638145e-04
-3.022817429155111313e-03
-4.781456664204597473e-04
-1.245287130586802959e-03
3.686145879328250885e-03
7.210093899630010128e-04
-3.057446097955107689e-03
