2.466949634253978729e-03
2.008399693295359612e-03
-1.410197699442505836e-03
1.315656118094921112e-03
1.070734229870140553e-03
1.297255512326955795e-03
-1.524469698779284954e-03
3.242858452722430229e-03
2.355171134695410728e-03
-3.078340669162571430e-04
-3.460392123088240623e-03
2.727274259086698294e-04
-1.826774096116423607e-04
-3.570161992684006691e-03
3.540005534887313843e-03
-1.417743042111396790e-03
-1.201512175612151623e-03
2.477750647813081741e-03
2.417881740257143974e-03
9.722810937091708183e-04
-3.114106599241495132e-03
3.734770230948925018e-03
-2.673254581168293953e-03
8.185821934603154659e-04
1.377356122247874737e-03
8.884263806976377964e-04
-8.778841583989560604e-04
-2.446242142468690872e-03
7.103401731001213193e-05
3.419361077249050140e-03
3.882312914356589317e-03
-3.659670939669013023e-03
-8.993038209155201912e-04
-3.645055927336215973e-03
-2.874943893402814865e-03
-1.124615315347909927e-03
1.354087493382394314e-03
2.737561007961630821e-03
3.650162601843476295e-03
3.187528578564524651e-03
3.263325197622179985e-04
-2.905278932303190231e-03
3.644081065431237221e-03
3.101978451013565063e-03
3.126084571704268456e-03
2.983268816024065018e-03
-1.814068295061588287e-03
9.501103777438402176e-04
3.734221216291189194e-03
1.751456176862120628e-03
1.742670312523841858e-03
3.250496811233460903e-04
4.123344551771879196e-04
-1.047766418196260929e-03
-2.923367545008659363e-03
-3.445280948653817177e-03
3.668675664812326431e-03
-3.044972545467317104e-04
3.424540336709469557e-04
-3.883094293996691704e-03
-2.289454452693462372e-03
6.086638895794749260e-04
-1.202547922730445862e-03
-2.999563002958893776e-03
1.966522308066487312e-03
2.725066617131233215e-03
-5.763496155850589275e-04
3.308072686195373535e-03
3.870039712637662888e-03
2.871508477255702019e-03
-9.577397722750902176e-04
-1.248120330274105072e-03
-2.166472841054201126e-03
-5.505150766111910343e-04
2.204149728640913963e-03
-2.907995600253343582e-03
2.597690094262361526e-03
-1.877374248579144478e-03
5.867493018740788102e-05
-3.701886162161827087e-03
-2.354275900870561600e-03
-2.686854219064116478e-03
-3.097294829785823822e-03
1.329152961261570454e-03
3.227411536499857903e-03
-9.106589131988584995e-04
3.617120441049337387e-03
3.446951974183320999e-03
-7.520401268266141415e-04
-2.446154830977320671e-03
-7.790263043716549873e-04
2.318129176273941994e-03
-3.024478210136294365e-03
2.611635485664010048e-03
8.138923440128564835e-04
1.426616683602333069e-03
3.255538467783480883e-04
-3.894343506544828415e-03
-1.142523135058581829e-03
-9.090962703339755535e-04
-3.229714697226881981e-03
3.154289675876498222e-03
1.706001232378184795e-03
-2.619957667775452137e-04
1.969263656064867973e-03
1.136655686423182487e-03
-3.871366498060524464e-04
-1.851635868661105633e-03
2.262615831568837166e-03
-2.791035687550902367e-03
-2.904417691752314568e-03
1.107012849388411269e-05
3.781551029533147812e-03
1.543775550089776516e-03
2.915431745350360870e-03
-1.373719074763357639e-03
-3.636158769950270653e-03
-9.147436358034610748e-04
-2.493724226951599121e-03
2.145885257050395012e-03
-1.955406507477164268e-03
-1.439786516129970551e-03
1.705631031654775143e-03
-2.779537346214056015e-03
1.403606613166630268e-03
-2.059879712760448456e-03
4.023625806439667940e-04
3.766748821362853050e-03
-2.411282621324062347e-03
1.808585366234183311e-03
-5.152144003659486771e-04
2.494534943252801895e-03
-3.047203063033521175e-04
-1.119798980653285980e-03
2.246129093691706657e-03
3.523924620822072029e-03
9.700250229798257351e-04
-7.884446531534194946e-04
7.677720277570188046e-04
1.788232941180467606e-03
-2.256945706903934479e-03
-1.166446483694016933e-03
-3.118109423667192459e-03
2.737491624429821968e-03
1.970577053725719452e-03
-3.572764107957482338e-04
3.593051107600331306e-03
-3.027731552720069885e-03
-1.380414352752268314e-03
-1.999164000153541565e-03
1.042305157170630991e-04
-1.124890404753386974e-03
-3.688715514726936817e-04
6.744941347278654575e-04
3.879251657053828239e-03
1.567411585710942745e-03
3.605868900194764137e-03
-3.302703262306749821e-04
-2.051869640126824379e-03
-7.326936465688049793e-04
2.472524298354983330e-03
-2.150713698938488960e-03
3.401881083846092224e-03
1.782753679435700178e-04
2.804299816489219666e-03
-1.261562341824173927e-03
-2.286445349454879761e-03
3.411433193832635880e-03
3.690098412334918976e-03
-3.325043653603643179e-04
-1.251137233339250088e-03
1.501909340731799603e-03
2.517845481634140015e-03
-2.591718221083283424e-04
2.965453779324889183e-03
1.445567759219557047e-04
1.350761624053120613e-03
2.314637415111064911e-03
-3.292894689366221428e-03
1.083347946405410767e-03
-6.815025699324905872e-04
1.152058015577495098e-03
-7.517962367273867130e-04
2.101680729538202286e-03
2.304803580045700073e-03
2.699740463867783546e-03
1.120593748055398464e-03
1.416884129866957664e-03
3.772270167246460915e-03
1.933110761456191540e-04
-2.443587640300393105e-03
2.493761479854583740e-03
3.422991372644901276e-03
2.757993934210389853e-04
-5.232449038885533810e-04
-2.763493452221155167e-03
-1.377766137011349201e-03
-2.490068553015589714e-03
1.176298363134264946e-03
3.181238425895571709e-03
3.315989626571536064e-03
3.680214285850524902e-03
-1.232986454851925373e-03
2.117499243468046188e-03
-9.394387598149478436e-04
-1.483466767240315676e-04
-1.539012882858514786e-03
-9.480501757934689522e-04
-1.134227146394550800e-03
-2.692879410460591316e-03
-3.317940281704068184e-03
2.049522008746862411e-03
1.599162467755377293e-03
-2.888803370296955109e-03
-7.832772098481655121e-04
-7.639653631485998631e-04
2.312468597665429115e-03
-3.171965014189481735e-03
-3.508923575282096863e-03
-3.255163319408893585e-03
3.665664466097950935e-03
-2.188789512729272246e-04
2.753487555310130119e-03
1.547416904941201210e-03
-3.322776407003402710e-03
1.136650796979665756e-03
-2.931152994278818369e-05
2.665362088009715080e-03
2.345310291275382042e-03
2.733955159783363342e-03
-3.620819421485066414e-03
5.516005330719053745e-04
-3.088178345933556557e-03
3.023069351911544800e-03
-4.883967922069132328e-04
-3.357010195031762123e-03
-1.123374095186591148e-03
-6.206927937455475330e-04
3.431215416640043259e-03
3.015455789864063263e-03
-7.305468316189944744e-04
-2.482158364728093147e-03
-3.575324546545743942e-03
7.857461459934711456e-04
-8.467566804029047489e-04
-2.544212620705366135e-03
-1.183032640255987644e-03
1.674273749813437462e-03
6.268613506108522415e-04
-1.532587921246886253e-03
2.493235515430569649e-03
2.812698949128389359e-03
1.288051134906709194e-03
3.223428037017583847e-03
2.114850794896483421e-03
3.045865800231695175e-03
