9.136919397860765457e-04
4.509831778705120087e-04
-1.472442527301609516e-03
-9.634240414015948772e-04
-4.750794323626905680e-04
1.706489012576639652e-03
-2.987543353810906410e-03
3.591797940316610038e-05
-3.577120602130889893e-03
-1.206947956234216690e-03
-5.128307966515421867e-04
-2.917036646977066994e-03
3.823615144938230515e-03
-2.108096843585371971e-03
1.696686842478811741e-03
9.437748813070356846e-04
3.158743260428309441e-03
-2.186940284445881844e-03
-7.111807353794574738e-04
3.285668324679136276e-03
-5.392921157181262970e-04
-2.285818802192807198e-03
-3.585562226362526417e-04
1.116224448196589947e-03
-8.257068693637847900e-04
-2.557764295488595963e-03
-3.299811156466603279e-03
-2.160806470783427358e-04
3.695346182212233543e-03
-2.025052206590771675e-03
2.043140120804309845e-03
-1.525976578705012798e-03
3.416250983718782663e-04
-3.546841908246278763e-03
-2.160875825211405754e-03
-1.757570309564471245e-03
-1.263924787053838372e-04
-1.650947378948330879e-03
-1.394720282405614853e-03
1.820388482883572578e-03
-8.358019986189901829e-04
-9.291377500630915165e-04
3.354865824803709984e-03
4.278741544112563133e-04
3.724776208400726318e-03
3.858372336253523827e-03
-2.746784826740622520e-03
2.976489719003438950e-03
3.303149016574025154e-03
-3.535392461344599724e-03
1.029959763400256634e-03
-4.546084674075245857e-04
2.228121506050229073e-03
-3.625072538852691650e-03
1.692360732704401016e-03
1.778953941538929939e-03
-2.323819790035486221e-03
-1.585825812071561813e-03
-2.814095932990312576e-03
3.584490623325109482e-03
-2.860520035028457642e-03
-3.315581241622567177e-03
3.525113686919212341e-03
6.426061736419796944e-04
1.527300453744828701e-03
-2.597872866317629814e-03
3.430504817515611649e-03
-9.488321957178413868e-04
3.518288955092430115e-03
-1.780501333996653557e-03
5.585007784247864038e-06
9.817776735872030258e-04
-1.589560997672379017e-03
-1.201224047690629959e-03
-1.550270360894501209e-03
1.334124681307002902e-04
-1.355066080577671528e-03
-3.064479446038603783e-03
5.311492714099586010e-04
1.615508575923740864e-03
2.201241673901677132e-03
2.531892096158117056e-04
1.054733060300350189e-03
6.722798570990562439e-04
-1.562154502607882023e-03
2.265398157760500908e-03
-1.484180567786097527e-03
-2.749950159341096878e-03
-1.825733459554612637e-03
3.338309004902839661e-03
1.544861705042421818e-03
-1.338265254162251949e-03
1.559823518618941307e-03
-2.330465242266654968e-03
9.368339087814092636e-04
2.988472115248441696e-03
2.720092888921499252e-03
3.096716944128274918e-03
2.855422906577587128e-03
1.291270717047154903e-03
-1.100781024433672428e-03
-3.118046326562762260e-03
-2.418015385046601295e-03
2.225805073976516724e-03
-6.935091805644333363e-04
-1.866304199211299419e-03
-2.630824164953082800e-04
-1.365801435895264149e-03
3.703515511006116867e-03
2.375102601945400238e-03
-9.178425534628331661e-04
2.801482914946973324e-04
-1.369069213978946209e-03
-7.729224162176251411e-04
1.244249142473563552e-04
2.624908229336142540e-03
6.863605231046676636e-04
2.498214831575751305e-03
2.091067610308527946e-03
-2.329015871509909630e-03
1.808606320992112160e-03
-3.599953837692737579e-03
2.068061847239732742e-03
-1.549682201584801078e-04
-2.310058800503611565e-03
2.565537288319319487e-04
3.399705979973077774e-03
-1.805820502340793610e-03
-6.030261283740401268e-04
-3.648902289569377899e-03
3.502976382151246071e-03
-3.697925712913274765e-03
-6.345631554722785950e-04
-3.957793232984840870e-04
-1.307869446463882923e-03
2.380511432420462370e-04
-3.667215351015329361e-03
2.030583331361413002e-03
3.262789687141776085e-03
3.170619253069162369e-03
-3.320213407278060913e-03
-7.341862656176090240e-04
-1.503198989666998386e-03
6.854460225440561771e-04
3.094824205618351698e-05
-3.687658347189426422e-03
-3.125902498140931129e-03
-1.957475673407316208e-03
3.244673134759068489e-03
-2.107285894453525543e-03
9.228293201886117458e-04
2.558232517912983894e-03
-4.745350088342092931e-05
3.897494752891361713e-04
-1.761124935001134872e-03
9.093519183807075024e-04
-1.485851244069635868e-03
-2.248413395136594772e-03
3.000230994075536728e-03
-3.648787969723343849e-03
-2.318662125617265701e-03
2.765371929854154587e-03
2.882016357034444809e-03
4.343560431152582169e-04
2.694356488063931465e-03
3.059850772842764854e-03
1.406399300321936607e-03
-6.040803273208439350e-04
2.362979343160986900e-03
-1.995307160541415215e-03
4.512510204222053289e-04
-2.332715084776282310e-04
-5.535820673685520887e-05
-2.737998729571700096e-03
3.753686556592583656e-03
-2.832570811733603477e-03
1.766597037203609943e-03
-3.129236167296767235e-03
-1.699169515632092953e-03
9.461545851081609726e-04
-3.885681275278329849e-03
-2.357970224693417549e-03
8.705092477612197399e-04
1.749323215335607529e-03
-2.142311772331595421e-03
-1.283966819755733013e-03
-3.811237169429659843e-03
3.149027470499277115e-03
1.250971807166934013e-03
4.174925852566957474e-04
2.579247113317251205e-03
-6.211894215084612370e-04
-6.120172911323606968e-04
1.786434149835258722e-04
-1.841342542320489883e-03
1.975267659872770309e-03
3.806879103649407625e-04
-2.088130684569478035e-03
-3.066349541768431664e-03
-3.176476340740919113e-03
7.455685408785939217e-04
-1.746459282003343105e-03
-1.951859099790453911e-03
8.871412137523293495e-04
3.078522393479943275e-03
6.187579710967838764e-04
-1.981829991564154625e-03
-2.736724680289626122e-03
4.872564750257879496e-04
-3.904870827682316303e-04
2.755123656243085861e-03
-3.686325508169829845e-04
-7.840122561901807785e-04
-1.494851429015398026e-03
1.862934906966984272e-03
-1.190916984342038631e-03
-1.542232581414282322e-03
2.570917829871177673e-03
1.556923380121588707e-04
-1.233291928656399250e-03
3.243356011807918549e-03
7.950191502459347248e-04
2.146149985492229462e-03
-4.529772922978736460e-05
-1.958700362592935562e-03
1.760127954185009003e-03
1.475882017984986305e-03
7.320680306293070316e-04
3.162864129990339279e-03
-1.519069774076342583e-03
3.137642052024602890e-03
-1.865591970272362232e-03
1.550004119053483009e-03
1.769231130310799927e-05
2.111877780407667160e-03
1.734343240968883038e-03
2.785335993394255638e-03
3.643985372036695480e-03
-1.671283389441668987e-03
-3.542402992025017738e-03
2.786054741591215134e-03
1.810381188988685608e-03
-1.480850041843950748e-03
-3.837188938632607460e-03
3.909884952008724213e-03
2.612298354506492615e-03
-3.851570421829819679e-03
2.732357941567897797e-03
1.076937420293688774e-03
2.391507616266608238e-03
3.065337659791111946e-03
1.725761918351054192e-03
3.337375819683074951e-03
-1.793645205907523632e-03
-1.473382930271327496e-03
3.350802231580018997e-03
