-3.664511255919933319e-03
2.657673787325620651e-03
-2.142997458577156067e-03
1.429964206181466579e-03
7.741537992842495441e-04
-3.213751129806041718e-03
-3.487302223220467567e-03
-2.269843593239784241e-03
-2.712208544835448265e-03
-3.373565850779414177e-03
2.019056119024753571e-03
9.202233632095158100e-04
2.668284869287163019e-04
1.395054627209901810e-03
3.493471769616007805e-03
6.579590844921767712e-04
-2.702048281207680702e-03
3.485311288386583328e-03
-3.609563922509551048e-03
3.755619283765554428e-03
-1.592212123796343803e-03
7.254555821418762207e-04
-3.398056374862790108e-03
-3.761962754651904106e-03
3.725785296410322189e-03
3.554077353328466415e-03
1.848820014856755733e-03
1.331222825683653355e-03
3.399403300136327744e-03
-1.990033080801367760e-03
-2.625451597850769758e-04
1.183149637654423714e-03
-1.264676247956231236e-04
3.443920752033591270e-03
3.244203049689531326e-03
-1.900254865176975727e-03
-1.064412790583446622e-04
-2.080140169709920883e-03
3.185021923854947090e-03
-9.200238273479044437e-04
2.455839421600103378e-03
8.600438595749437809e-04
-3.471584292128682137e-03
-3.894389665219932795e-04
3.359438618645071983e-03
-5.063367425464093685e-04
2.414549700915813446e-03
2.339561237022280693e-03
3.744089335668832064e-04
-2.505874959751963615e-03
7.398492889478802681e-04
2.053400268778204918e-03
2.776756009552627802e-04
1.839781645685434341e-03
6.836540414951741695e-04
-1.399313565343618393e-03
-1.480787992477416992e-03
9.138825698755681515e-04
7.411002297885715961e-04
1.221319253090769053e-04
4.318355931900441647e-04
1.593433116795495152e-04
1.788656227290630341e-03
-1.734895166009664536e-03
1.848999410867691040e-03
-1.668788376264274120e-03
5.719529581256210804e-04
-3.412993391975760460e-03
-6.819908739998936653e-04
-2.247137745143845677e-04
1.992322504520416260e-03
-8.051408804021775723e-04
-3.773485077545046806e-04
-1.475117751397192478e-03
-5.424158880487084389e-04
1.971178920939564705e-03
-4.907241673208773136e-04
2.422660123556852341e-03
1.228285953402519226e-03
3.237638389691710472e-03
-1.071123173460364342e-03
-1.809467910788953304e-03
-2.835482358932495117e-03
1.946975127793848515e-03
-7.242798892548307776e-05
-3.202091204002499580e-03
-1.386144082061946392e-03
-2.980507910251617432e-03
-1.074208063073456287e-03
1.895766356028616428e-03
1.645260141231119633e-03
7.468259427696466446e-04
-2.811015816405415535e-03
-2.993219532072544098e-03
1.500723999924957752e-03
1.136820064857602119e-03
4.235138767398893833e-04
-2.040180843323469162e-03
-3.363401629030704498e-03
-3.297782386653125286e-04
3.059426671825349331e-04
8.409182191826403141e-04
-2.666497370228171349e-03
-3.901194082573056221e-03
-8.537784451618790627e-04
-1.012141816318035126e-03
2.217513741925358772e-03
-3.830002387985587120e-03
-2.079041674733161926e-03
-6.106218788772821426e-04
8.639113511890172958e-04
2.063375868601724505e-04
-1.994695514440536499e-03
-2.296016551554203033e-03
1.855011214502155781e-03
-7.758697611279785633e-04
-3.239484503865242004e-03
-1.273500733077526093e-03
2.254133112728595734e-03
2.735888585448265076e-03
5.859720986336469650e-04
-2.189391758292913437e-03
-2.661012404132634401e-04
-5.937007372267544270e-04
8.286284864880144596e-04
1.613696687854826450e-03
2.581213833764195442e-03
-2.214290434494614601e-03
-3.368351317476481199e-04
-1.999319647438824177e-05
2.184099284932017326e-03
-8.121629361994564533e-04
-1.238265307620167732e-03
1.554127316921949387e-03
-1.381486654281616211e-03
-1.189559698104858398e-03
-1.096965788747183979e-04
-2.805615775287151337e-03
6.081851897761225700e-04
1.211371622048318386e-03
-1.513651106506586075e-03
-6.787916063331067562e-04
3.842078382149338722e-03
3.692023456096649170e-03
-9.302015532739460468e-04
-3.140744753181934357e-03
-2.965070074424147606e-03
-2.861166605725884438e-03
2.347989240661263466e-03
2.932483796030282974e-03
1.357340253889560699e-03
4.550490411929786205e-04
8.216653368435800076e-04
3.745403839275240898e-03
3.533016890287399292e-03
3.581673372536897659e-03
-1.362947223242372274e-04
-1.120325410738587379e-03
-1.570333843119442463e-03
-1.081328300642780960e-04
2.688475884497165680e-03
5.399830406531691551e-04
-2.568181836977601051e-03
-2.261485671624541283e-03
-2.606360241770744324e-03
-1.348164398223161697e-03
-9.273788891732692719e-04
-3.123743459582328796e-03
-2.775152912363409996e-03
-3.590278793126344681e-03
-3.590130247175693512e-03
3.700496396049857140e-03
-1.907280180603265762e-03
3.052895888686180115e-03
2.928982488811016083e-03
3.709535580128431320e-03
2.715623006224632263e-03
-1.504669315181672573e-03
2.435405767755582929e-04
-1.090742298401892185e-03
-1.621748204343020916e-03
3.494323231279850006e-03
-3.044879762455821037e-03
-3.230205038562417030e-03
3.134511411190032959e-03
-1.518265577033162117e-03
-3.088791854679584503e-03
3.855467075482010841e-04
1.131475903093814850e-03
2.527708420529961586e-03
-3.831215901300311089e-03
-1.815641735447570682e-04
-3.563696052879095078e-03
3.792985808104276657e-03
9.558198507875204086e-04
1.648144563660025597e-03
1.773656927980482578e-03
-6.303403060883283615e-04
-1.584090176038444042e-03
-2.585161710157990456e-03
6.104419589973986149e-04
-1.161578227765858173e-03
-3.847599029541015625e-03
1.418468076735734940e-03
-1.463634544052183628e-03
-3.408448246773332357e-04
-7.057054317556321621e-04
1.437301252735778689e-04
2.298021172464359552e-05
-8.504553698003292084e-04
1.660766080021858215e-03
-2.627180656418204308e-03
1.428499934263527393e-03
2.299899642821401358e-04
5.670250975526869297e-04
3.739666135516017675e-04
-5.903810961171984673e-04
-2.752212807536125183e-03
2.007642062380909920e-03
1.396589097566902637e-03
-3.629470942541956902e-03
-4.672238137573003769e-04
4.883950459770858288e-04
-2.926623914390802383e-03
3.603576216846704483e-03
2.263010945171117783e-03
3.669192374218255281e-04
7.547718123532831669e-04
2.969625871628522873e-03
-1.856615999713540077e-03
2.687416272237896919e-03
-6.960574537515640259e-04
-9.186132811009883881e-04
-1.859311130829155445e-03
1.743874745443463326e-03
4.133350739721208811e-04
1.313909539021551609e-03
7.556858327006921172e-05
-7.301347795873880386e-04
-9.543751948513090611e-04
-2.275367733091115952e-03
2.972198417410254478e-03
-3.044816839974373579e-04
8.070945623330771923e-04
-8.677078294567763805e-04
2.652104711160063744e-03
-3.652455052360892296e-04
-2.284724498167634010e-03
-2.464987337589263916e-03
-6.058832514099776745e-04
2.749294973909854889e-03
-3.684133058413863182e-03
-2.706961939111351967e-03
2.271599136292934418e-03
1.501699793152511120e-03
3.009869484230875969e-03
