-3.257188363932073116e-04
-2.917035482823848724e-03
3.768461756408214569e-03
-1.903540105558931828e-03
2.010959200561046600e-03
2.852070610970258713e-03
3.286180552095174789e-03
3.860362106934189796e-03
-3.436292754486203194e-04
-2.082790742861106992e-04
1.287391787627711892e-04
-2.026720670983195305e-03
-2.074149902909994125e-03
2.126543782651424408e-03
-2.749095438048243523e-03
-9.987417142838239670e-04
1.938702189363539219e-03
7.850524852983653545e-04
-3.130184020847082138e-03
1.887882244773209095e-03
-1.425819587893784046e-03
1.264984835870563984e-03
-1.484726788476109505e-03
-4.866461968049407005e-04
-3.238690784201025963e-03
-3.411366371437907219e-03
-1.484942185925319791e-04
-2.394172130152583122e-03
8.819562499411404133e-04
-3.008973319083452225e-03
-6.134361028671264648e-04
1.246764673851430416e-03
2.401839243248105049e-03
-6.149930995889008045e-04
2.829099539667367935e-03
3.020027186721563339e-03
2.436675364151597023e-03
3.356983186677098274e-03
2.797073684632778168e-03
-5.074017099104821682e-04
1.512657850980758667e-03
-1.139680854976177216e-03
-1.886858255602419376e-03
-3.646079450845718384e-03
8.347314724233001471e-05
9.728161967359483242e-04
-3.558520926162600517e-03
-2.135811140760779381e-03
-1.423834124580025673e-03
3.820844460278749466e-03
-3.604587167501449585e-03
1.963336486369371414e-03
-3.390047699213027954e-03
-2.341062499908730388e-04
-3.859843360260128975e-03
2.483919961377978325e-03
-2.549931872636079788e-03
3.130314638838171959e-03
-1.982689136639237404e-04
-3.348716069012880325e-03
2.660288242623209953e-03
1.053917105309665203e-03
1.467420952394604683e-04
-2.177396090701222420e-03
5.451723118312656879e-04
-7.462573121301829815e-04
-3.478603670373558998e-03
-2.146385610103607178e-03
3.282921388745307922e-04
-9.338891832157969475e-04
-2.961552934721112251e-03
7.015446317382156849e-04
-3.869368927553296089e-03
-7.770896627334877849e-05
-1.219473197124898434e-04
2.251395490020513535e-03
-2.834725193679332733e-03
-2.522832015529274940e-03
3.390644676983356476e-03
-9.536858851788565516e-05
7.508181734010577202e-04
-2.350705442950129509e-03
1.998252235352993011e-03
-2.284800866618752480e-03
2.065542154014110565e-03
-6.582308560609817505e-04
-1.924190553836524487e-03
-2.927068853750824928e-03
9.052825043909251690e-04
-2.713461872190237045e-04
1.088947057723999023e-03
-2.432330977171659470e-03
-3.152286866679787636e-03
-3.751879092305898666e-03
3.234222531318664551e-03
1.986286137253046036e-03
3.079018089920282364e-03
3.511313116177916527e-03
2.638197969645261765e-03
-2.206751145422458649e-03
-3.489326918497681618e-03
-2.411030931398272514e-03
2.561732660979032516e-03
3.100171918049454689e-03
1.772992662154138088e-03
-3.606382058933377266e-03
2.203201409429311752e-03
-1.386497169733047485e-04
7.699028938077390194e-04
-2.961040008813142776e-03
2.162738237529993057e-03
-1.112700090743601322e-03
-3.516081778798252344e-04
2.467763843014836311e-03
1.079863170161843300e-03
-9.437169646844267845e-04
-3.074880223721265793e-03
3.639762755483388901e-03
-1.972438534721732140e-03
6.074840202927589417e-04
3.393899824004620314e-04
-1.366451499052345753e-03
2.331942319869995117e-03
-2.158858114853501320e-03
-3.547792322933673859e-03
-3.317345632240176201e-03
-9.004756575450301170e-04
-3.262898419052362442e-03
2.824027033057063818e-04
-6.719960947521030903e-04
-3.736283397302031517e-04
-1.552723348140716553e-03
3.787400783039629459e-05
-3.079336602240800858e-03
-2.209847007179632783e-04
1.797777600586414337e-03
2.876802580431103706e-03
7.561713573522865772e-04
1.544566126540303230e-03
-3.601417876780033112e-03
1.522209262475371361e-03
-1.833082060329616070e-03
1.225246000103652477e-03
-8.021011017262935638e-04
1.305789570324122906e-03
-2.745526144281029701e-03
1.270280103199183941e-03
3.679943736642599106e-03
-3.301973221823573112e-03
1.748388051055371761e-03
-2.522349823266267776e-03
2.422908291919156909e-04
9.026595507748425007e-04
-3.610638203099370003e-03
-3.060624236240983009e-03
-3.360047121532261372e-04
1.211899681948125362e-03
3.286846214905381203e-03
2.874860772863030434e-03
2.030906180152669549e-04
6.878051790408790112e-04
2.678360091522336006e-03
1.983406255021691322e-03
-3.038422670215368271e-03
-1.994380028918385506e-03
-1.500368351116776466e-03
-3.670454723760485649e-03
3.388020908460021019e-03
-2.376563381403684616e-03
3.013981040567159653e-03
3.024849807843565941e-03
-7.085344404913485050e-04
3.017082810401916504e-03
2.223598537966609001e-03
-2.384343650192022324e-03
1.477031153626739979e-03
1.091384794563055038e-03
-1.915642991662025452e-03
-1.770091825164854527e-03
-1.603771233931183815e-03
1.239615492522716522e-03
6.864986062282696366e-06
-3.543538739904761314e-03
-7.604671282024355605e-06
-1.127832685597240925e-03
-3.194240853190422058e-03
3.861385630443692207e-03
6.592810968868434429e-04
2.708366373553872108e-04
1.915593049488961697e-03
-2.802367089316248894e-04
1.239797449670732021e-03
-2.874447032809257507e-03
1.664957380853593349e-03
3.171431599184870720e-04
-3.881829092279076576e-03
-3.396151820197701454e-03
1.882615732029080391e-03
-1.050117309205234051e-03
-2.560514258220791817e-03
3.639312344603240490e-04
3.074198495596647263e-03
-2.264979761093854904e-03
-3.084251424297690392e-03
2.524714218452572823e-03
-1.569481799378991127e-03
3.638375084847211838e-03
-1.451674150303006172e-03
-1.599782612174749374e-03
5.935926456004381180e-04
-1.490986032877117395e-04
-2.161622513085603714e-03
-3.881013020873069763e-03
3.572059329599142075e-03
-2.778247930109500885e-03
-5.562966689467430115e-04
-3.865361679345369339e-03
1.916702138260006905e-03
2.798964036628603935e-03
1.595166861079633236e-03
3.891861299052834511e-03
2.306661801412701607e-03
1.561665558256208897e-03
2.625457709655165672e-03
-3.845783416181802750e-03
-1.332139945589005947e-03
8.065735455602407455e-04
6.850034114904701710e-04
3.393508261069655418e-03
7.310071960091590881e-04
-5.372424493543803692e-04
-3.847846994176506996e-03
-3.414117032662034035e-03
-8.820974617265164852e-04
1.438813516870141029e-03
3.203144297003746033e-03
-3.530158195644617081e-03
3.337384201586246490e-03
3.507882589474320412e-03
-1.978135696845129132e-04
1.232007751241326332e-03
3.408951219171285629e-03
-2.971219597384333611e-03
-2.973108785226941109e-03
5.503619904629886150e-04
1.533284201286733150e-03
3.678812878206372261e-03
-3.969328245148062706e-04
-2.804473740980029106e-03
8.474057540297508240e-05
-1.898257178254425526e-04
-3.258915618062019348e-03
7.817355217412114143e-04
-2.593712881207466125e-03
3.055717796087265015e-03
-2.026992151513695717e-03
