2.296233316883444786e-03
2.377554541453719139e-03
-4.006012750323861837e-05
-5.907550221309065819e-04
3.821264486759901047e-03
-6.669019930996000767e-04
3.115641884505748749e-03
8.963543223217129707e-04
-7.761779706925153732e-04
1.982890069484710693e-03
2.504397649317979813e-03
2.428081817924976349e-03
2.168873557820916176e-03
1.887075486592948437e-03
1.776940654963254929e-03
-1.770807546563446522e-03
1.044980017468333244e-03
-1.261940924450755119e-03
-4.192997002974152565e-04
1.616284251213073730e-03
1.177683006972074509e-03
-3.781754290685057640e-03
1.970159122720360756e-03
-2.428210806101560593e-03
1.497273100540041924e-03
-3.311009844765067101e-03
-1.668520504608750343e-03
1.281417906284332275e-03
1.199784601340070367e-04
1.310607069171965122e-03
-8.996163960546255112e-04
8.827479905448853970e-04
1.520205172710120678e-03
1.758847269229590893e-03
2.599889878183603287e-03
2.099391538649797440e-03
-4.699782002717256546e-04
1.037665715557523072e-04
3.172474447637796402e-03
3.442550078034400940e-03
-2.247061114758253098e-03
4.294775717426091433e-04
-3.716292092576622963e-03
-2.182446420192718506e-03
-2.544513670727610588e-03
7.970099686644971371e-04
-1.480361446738243103e-03
1.313966349698603153e-03
-3.107775934040546417e-03
7.198329549282789230e-04
5.632601678371429443e-04
1.423361478373408318e-03
-2.898222533985972404e-03
-3.701544133946299553e-03
4.517615016084164381e-04
2.533729886636137962e-03
1.601438387297093868e-03
-3.578961128368973732e-03
-2.292771358042955399e-03
-1.403765170834958553e-03
2.364971442148089409e-03
6.823258008807897568e-04
-2.138260286301374435e-03
-8.284533978439867496e-04
-2.669520210474729538e-03
-1.498939585871994495e-03
-1.970356097444891930e-03
1.804981613531708717e-03
2.979460405185818672e-03
-4.697831172961741686e-04
-2.030645497143268585e-03
-3.856350202113389969e-03
7.526621338911354542e-04
-1.796054420992732048e-03
-1.876796828582882881e-03
-1.009305357001721859e-03
-3.269024658948183060e-03
-1.149405492469668388e-03
-3.572641639038920403e-03
-1.798914978280663490e-03
-2.241126727312803268e-03
4.169893800280988216e-04
-1.924532116390764713e-03
2.462939824908971786e-03
-1.885492587462067604e-03
-1.316578243859112263e-03
2.980576595291495323e-03
-1.365841832011938095e-03
-3.661927534267306328e-03
-3.473858232609927654e-04
-8.950624032877385616e-04
-2.057957695797085762e-03
2.071419032290577888e-03
-1.961102942004799843e-03
2.917664591223001480e-03
-1.792455674149096012e-03
1.931834995048120618e-04
5.971375503577291965e-04
-3.608342725783586502e-03
-3.356750821694731712e-04
-1.416391460224986076e-03
6.359968683682382107e-04
-5.038743256591260433e-04
1.587104867212474346e-03
2.720729447901248932e-03
-1.509768422693014145e-03
3.451771801337599754e-03
-1.823995378799736500e-03
-9.195248712785542011e-04
3.298592986539006233e-03
1.583162928000092506e-03
-3.800783306360244751e-04
-3.811455389950424433e-04
3.325984347611665726e-03
2.434142632409930229e-03
-3.107180818915367126e-03
-3.826646134257316589e-04
-3.593255241867154837e-04
1.760667364578694105e-04
-2.101659309118986130e-03
-4.409742832649499178e-04
9.480286971665918827e-04
1.427359646186232567e-03
-1.069035148248076439e-03
3.299911506474018097e-03
-1.944695017300546169e-03
-2.057701814919710159e-03
2.160782692953944206e-03
-5.566971376538276672e-04
-3.364615840837359428e-03
-3.327797865495085716e-03
-3.575440496206283569e-03
1.756064448272809386e-04
2.499155234545469284e-03
3.331514308229088783e-04
1.889082835987210274e-03
-2.912563737481832504e-03
-1.334384083747863770e-03
-1.766852074069902301e-04
2.540546935051679611e-03
-2.899499610066413879e-03
8.037268416956067085e-04
3.532318631187081337e-03
-3.539999714121222496e-03
-3.171364311128854752e-03
-1.975016435608267784e-03
-1.084117568098008633e-03
-2.675533993169665337e-03
-7.257052347995340824e-04
-7.208251918200403452e-05
-1.717344392091035843e-03
-3.085153410211205482e-03
1.693891594186425209e-03
-2.991408109664916992e-03
2.106450498104095459e-03
-2.953904913738369942e-03
2.254065329907462001e-04
2.474477980285882950e-03
1.806827378459274769e-03
-1.807967084459960461e-03
1.869945554062724113e-04
-6.367134046740829945e-04
1.255297684110701084e-03
-3.301225136965513229e-03
9.875972755253314972e-04
-2.512420527637004852e-03
3.846618812531232834e-03
1.555559108965098858e-03
-3.389448625966906548e-03
-2.329246839508414268e-03
2.538067987188696861e-03
3.488222428131848574e-04
-2.759869676083326340e-03
-3.780182683840394020e-03
-2.310261828824877739e-03
1.187749323435127735e-03
-2.976105315610766411e-03
-3.186006098985671997e-03
7.950038416311144829e-04
-1.675775041803717613e-03
3.618367016315460205e-03
2.166088204830884933e-03
-9.382429416291415691e-04
3.887623548507690430e-03
1.432841992937028408e-03
-2.384233986958861351e-03
1.876832684502005577e-04
1.831775298342108727e-04
2.806001342833042145e-03
-1.171689946204423904e-03
-3.558954456821084023e-03
3.652377752587199211e-03
-6.698702691210201010e-06
-3.366395598277449608e-03
-1.053493688232265413e-04
1.708188327029347420e-03
-4.481619980651885271e-04
1.056879555108025670e-04
-3.712828503921627998e-03
1.693989150226116180e-03
-2.744315890595316887e-03
7.958158385008573532e-04
-2.458255738019943237e-03
-5.861087702214717865e-04
3.166487207636237144e-03
-7.721621659584343433e-04
2.491612453013658524e-03
-2.920820610597729683e-03
1.779000158421695232e-03
-1.507637556642293930e-03
-3.807992208749055862e-03
-4.973215982317924500e-04
9.202842193190008402e-05
-3.762754378840327263e-03
6.718619843013584614e-04
2.185862511396408081e-03
-2.395619172602891922e-03
-2.307903254404664040e-03
-1.747287227772176266e-03
2.996302209794521332e-03
-1.399436499923467636e-03
-3.864368656650185585e-03
-3.325480036437511444e-03
2.756608300842344761e-04
2.912122057750821114e-03
-1.883652294054627419e-05
-1.492451294325292110e-03
-1.433835714124143124e-03
-9.060680167749524117e-04
1.086092088371515274e-03
-2.054431941360235214e-03
-1.922135008499026299e-03
-1.883885008282959461e-03
-3.217744641005992889e-03
-1.131040626205503941e-03
3.267328022047877312e-03
-1.552817295305430889e-03
-7.517358171753585339e-04
-2.030239440500736237e-03
1.942171365953981876e-04
1.881993259303271770e-03
-4.884837544523179531e-04
-1.218299963511526585e-03
-5.838189390487968922e-04
2.727516461163759232e-03
3.480668179690837860e-03
-2.170186024159193039e-03
-1.099207904189825058e-03
2.886417321860790253e-03
1.082039903849363327e-03
1.403904752805829048e-03
-3.016183909494429827e-04
-2.904095221310853958e-03
-1.687975251115858555e-03
2.227502875030040741e-03
2.357478486374020576e-03
