2.638655016198754311e-03
-3.679784713312983513e-03
-1.374530955217778683e-03
-8.753464790061116219e-04
1.873902278020977974e-03
-2.834851853549480438e-03
2.199069131165742874e-03
-1.351019134745001793e-03
2.531436271965503693e-03
-9.264529217034578323e-04
-3.252395195886492729e-03
2.925454406067728996e-03
-3.742258064448833466e-03
3.583550453186035156e-03
-1.462044892832636833e-03
-1.608148450031876564e-04
-1.486535766161978245e-03
3.653927939012646675e-03
-3.351981053128838539e-03
3.631555227912031114e-05
-2.142204903066158295e-03
3.470706287771463394e-03
-2.317665494047105312e-04
1.969459932297468185e-03
-2.259000204503536224e-03
-2.074364805594086647e-03
3.042334923520684242e-03
-1.245756517164409161e-03
-4.047563124913722277e-04
2.989064669236540794e-03
-1.651299069635570049e-03
2.402852056547999382e-03
4.116135241929441690e-04
-3.097329055890440941e-03
-1.070094149326905608e-04
-7.773200195515528321e-05
2.312998287379741669e-03
-3.149767406284809113e-03
-2.207151846960186958e-03
-8.870945894159376621e-04
3.316962858662009239e-03
-1.081775873899459839e-03
-1.091222395189106464e-03
1.624319003894925117e-03
-3.870926797389984131e-03
-2.683645288925617933e-05
-3.230701899155974388e-03
5.170551012270152569e-04
3.226562635973095894e-03
1.317953865509480238e-04
-3.562845755368471146e-03
3.680696012452244759e-03
-2.393128117546439171e-03
-1.438731444068253040e-03
-3.734396072104573250e-03
-3.587169572710990906e-03
-1.442222273908555508e-03
-1.772283925674855709e-03
2.357199089601635933e-03
2.965574851259589195e-03
2.699655713513493538e-03
2.010691910982131958e-03
2.237401895399671048e-05
7.475149468518793583e-04
9.560932521708309650e-04
-1.431405195035040379e-03
-1.990596298128366470e-03
-2.659384394064545631e-03
1.559215947054326534e-03
-2.988136373460292816e-03
-3.186510642990469933e-03
-3.744335379451513290e-03
-1.348164687442476861e-06
-2.041544998064637184e-03
-9.545758366584777832e-04
-1.990618417039513588e-03
2.235817490145564079e-03
-1.564787002280354500e-03
9.144135983660817146e-04
2.915213815867900848e-03
-3.793095471337437630e-03
8.771367138251662254e-04
2.071266295388340950e-03
-1.207992318086326122e-03
-8.228411898016929626e-04
1.227673928951844573e-04
-1.993823563680052757e-03
-6.595298182219266891e-04
-2.781712391879409552e-04
-7.790740928612649441e-04
-5.256292643025517464e-04
-2.124945895047858357e-04
5.043109413236379623e-04
2.210547914728522301e-03
2.803531708195805550e-03
3.084256022702902555e-04
-3.187965136021375656e-03
-3.481992520391941071e-03
-3.164218738675117493e-03
2.750965533778071404e-03
-2.304973080754280090e-03
9.386072051711380482e-04
-2.040361985564231873e-03
2.656777505762875080e-04
-1.777251949533820152e-03
1.651030615903437138e-03
-1.821935526095330715e-03
3.705084673129022121e-04
2.949883928522467613e-03
3.830543253570795059e-03
1.296487520448863506e-03
1.582225086167454720e-03
-2.580009633675217628e-03
-3.431834338698536158e-04
-1.404889393597841263e-03
-3.663754789158701897e-03
-9.059906005859375000e-04
-1.301319804042577744e-03
1.671217265538871288e-03
-2.139294752851128578e-03
-3.903596894815564156e-03
-3.203850705176591873e-03
1.058231573551893234e-03
2.025908790528774261e-03
-3.318517236039042473e-03
-1.205958658829331398e-03
-3.240858670324087143e-03
-2.200481947511434555e-03
3.754503559321165085e-04
1.206453074701130390e-03
3.030447987839579582e-03
-3.409112337976694107e-03
-1.531573710963129997e-03
3.633210901170969009e-03
1.503829727880656719e-03
1.067828154191374779e-03
3.710066666826605797e-03
-1.559184864163398743e-03
-3.739925101399421692e-03
-5.133331287652254105e-04
-1.862757722847163677e-03
1.841085031628608704e-03
1.668114331550896168e-03
2.697036834433674812e-03
3.378260647878050804e-03
-2.706398023292422295e-03
3.271442838013172150e-03
3.816812299191951752e-03
-1.996564446017146111e-03
2.721133176237344742e-03
-3.127613454125821590e-04
-1.402835827320814133e-03
6.629235576838254929e-04
3.847138956189155579e-03
-1.645854325033724308e-03
1.573966001160442829e-03
-9.142745402641594410e-04
6.962578045204281807e-04
-1.455402184546983335e-06
6.554776336997747421e-04
-3.436321625486016273e-03
2.670906716957688332e-03
1.805891632102429867e-03
-2.685625804588198662e-04
7.215402547444682568e-06
-1.494614291004836559e-03
-1.428989635314792395e-04
-2.175860106945037842e-03
-2.086553722620010376e-03
8.944426663219928741e-04
-3.580854041501879692e-03
-2.799572423100471497e-03
-9.992319392040371895e-04
-8.267363300547003746e-04
-1.823335187509655952e-04
2.943286439403891563e-03
-1.993101090192794800e-03
-1.798143959604203701e-03
3.827309235930442810e-03
1.831697998568415642e-03
-3.602714743465185165e-03
3.447015304118394852e-03
-3.754564328119158745e-03
2.162943826988339424e-03
-2.818165114149451256e-03
-5.899675888940691948e-04
-5.436280844151042402e-05
2.118536503985524178e-03
-3.486537374556064606e-03
2.656379481777548790e-03
3.668243531137704849e-03
-1.440044143237173557e-03
1.331277424469590187e-03
-1.545799314044415951e-03
3.399910405278205872e-03
-3.695515217259526253e-03
-3.178407670930027962e-03
-2.980950754135847092e-03
2.195456530898809433e-03
2.787391655147075653e-03
-1.185825240099802613e-04
2.016759011894464493e-03
-1.341612543910741806e-03
7.119120564311742783e-04
-1.051519066095352173e-03
-1.140541862696409225e-03
-1.941709197126328945e-03
-1.820503151975572109e-03
2.810944104567170143e-03
3.707045456394553185e-03
1.661273534409701824e-03
3.994086582679301500e-04
2.813041443005204201e-03
2.768168458715081215e-03
3.531425958499312401e-03
2.726333215832710266e-03
3.827307140454649925e-03
-2.567863557487726212e-03
-3.650921629741787910e-03
1.471810741350054741e-03
-8.476669900119304657e-04
4.162024415563791990e-04
-2.658635785337537527e-04
-3.900340758264064789e-03
2.892624353989958763e-03
-1.137421699240803719e-03
8.806056575849652290e-04
-1.519731245934963226e-03
-8.147761109285056591e-04
-7.610489847138524055e-04
-1.402443973347544670e-03
-2.568162512034177780e-03
-3.859935794025659561e-03
-3.031186759471893311e-03
2.158827381208539009e-03
2.231484977528452873e-03
4.434495640452951193e-04
-7.152608595788478851e-04
1.464022061554715037e-04
-3.679822257254272699e-04
7.722131558693945408e-04
-5.860084784217178822e-04
-3.533695824444293976e-03
-2.488913480192422867e-03
-1.436722959624603391e-04
1.794397539924830198e-04
1.173686236143112183e-03
1.174990669824182987e-03
5.017697112634778023e-04
3.244850551709532738e-03
-1.141130807809531689e-03
5.431825411505997181e-04
3.301312681287527084e-03
3.454226767644286156e-03
-1.776708522811532021e-03
-3.277138457633554935e-04
