4.940808867104351521e-04
3.148812102153897285e-03
2.641286468133330345e-03
3.909633087459951639e-04
-1.233640592545270920e-03
4.238171095494180918e-04
-1.608127960935235023e-03
-1.201733713969588280e-03
3.715061116963624954e-03
-2.944245235994458199e-03
2.929151523858308792e-04
-1.524592633359134197e-03
3.160451771691441536e-03
-1.762065076036378741e-04
1.911626197397708893e-03
3.167960094287991524e-03
-1.865230617113411427e-03
-3.229066729545593262e-03
2.140297583537176251e-04
2.409464446827769279e-03
3.190886229276657104e-03
2.146333688870072365e-03
1.441280590370297432e-03
-1.667513744905591011e-03
-3.561716061085462570e-03
3.110478864982724190e-03
1.213229028508067131e-03
-1.100898836739361286e-03
2.039045793935656548e-03
3.654400818049907684e-03
1.059548667399212718e-04
-2.561191795393824577e-03
-2.056532539427280426e-03
-2.587285416666418314e-04
-7.176498766057193279e-04
1.477209385484457016e-03
-1.353770960122346878e-03
2.620728686451911926e-03
-3.065492957830429077e-03
-1.350183971226215363e-03
3.580639313440769911e-04
1.304371864534914494e-03
-2.356636803597211838e-03
1.591465661476831883e-07
-1.294948742724955082e-03
2.626335481181740761e-03
3.324605524539947510e-03
2.886270638555288315e-03
-2.089092042297124863e-03
2.744323574006557465e-03
1.927463163156062365e-04
-1.688510994426906109e-03
2.140366937965154648e-03
2.471466315910220146e-03
-2.322214189916849136e-03
2.432602690532803535e-03
3.271069144830107689e-04
1.472666044719517231e-03
-2.235264691989868879e-04
-3.002299694344401360e-03
2.566544804722070694e-03
2.247419906780123711e-03
5.922231939621269703e-04
9.240112849511206150e-04
-4.407191008795052767e-04
3.300425829365849495e-03
3.872995497658848763e-03
-9.505108464509248734e-04
6.385152664734050632e-05
2.203746931627392769e-03
-4.820723552256822586e-04
1.288949046283960342e-03
-1.490000053308904171e-03
1.657013199292123318e-03
1.047714264132082462e-03
1.510806032456457615e-03
-2.537194639444351196e-03
1.455705059925094247e-04
-3.314234782010316849e-03
-6.779693067073822021e-04
-2.751125255599617958e-03
-2.382525708526372910e-03
1.671083969995379448e-03
2.229252830147743225e-03
-1.259710756130516529e-03
-1.167266280390322208e-03
-2.945805899798870087e-04
1.746235066093504429e-03
8.136083488352596760e-04
-3.738672472536563873e-03
8.157258853316307068e-04
3.612438216805458069e-03
-3.848869586363434792e-03
5.610046209767460823e-04
-3.499677404761314392e-03
-3.166016889736056328e-03
-3.143620677292346954e-03
-3.814459778368473053e-03
2.798566711135208607e-04
2.144903410226106644e-03
-1.743014086969196796e-03
1.356141408905386925e-03
1.956556923687458038e-03
-3.334528300911188126e-03
-8.588126511313021183e-04
1.665643183514475822e-03
-3.518995363265275955e-03
2.174510853365063667e-03
6.569243851117789745e-05
-4.474307934287935495e-05
3.120314329862594604e-03
-2.380504272878170013e-03
-3.347892488818615675e-04
5.151579971425235271e-04
1.437279861420392990e-04
1.223694533109664917e-03
2.469237893819808960e-03
3.642423544079065323e-03
4.990039742551743984e-04
3.640871960669755936e-03
-5.943682481301948428e-05
-1.984792528674006462e-03
4.178090021014213562e-04
-1.670195953920483589e-03
2.294839825481176376e-03
3.688752651214599609e-03
3.635199274867773056e-03
-2.993907080963253975e-03
3.079463029280304909e-03
1.817826851038262248e-04
-2.632252871990203857e-03
3.201992018148303032e-03
-2.212869934737682343e-03
-4.727026971522718668e-04
2.490194747224450111e-03
-2.577359089627861977e-03
-2.703707432374358177e-03
-3.835365409031510353e-03
-2.197878435254096985e-03
-4.609650204656645656e-05
-6.045090849511325359e-04
-2.690913155674934387e-03
1.124902162700891495e-03
-3.098887857049703598e-03
2.332915464648976922e-04
-2.898594830185174942e-03
4.323830653447657824e-04
-1.880914205685257912e-03
3.717069630511105061e-04
3.691683989018201828e-03
-3.525499720126390457e-03
3.316909074783325195e-03
1.168500093626789749e-04
4.961944068782031536e-04
-1.763361156918108463e-03
-3.816833253949880600e-03
2.554341452196240425e-03
-2.789725782349705696e-03
3.136444138363003731e-03
-3.304556710645556450e-03
9.834262309595942497e-04
3.858790965750813484e-03
3.405525581911206245e-03
1.165698267868719995e-04
7.244913722388446331e-04
-3.305816557258367538e-03
-3.523929975926876068e-03
2.377290045842528343e-03
2.780920127406716347e-03
1.017475588014349341e-04
4.679314442910254002e-04
-1.364810275845229626e-03
2.979680662974715233e-03
-1.685605617240071297e-03
-2.204901073127985001e-03
3.777838079258799553e-03
3.115155268460512161e-03
-3.899929113686084747e-03
2.245275303721427917e-03
-1.480903592891991138e-03
1.304042991250753403e-03
3.816822310909628868e-03
-3.177407896146178246e-03
-4.569639859255403280e-04
1.352670136839151382e-03
3.413934027776122093e-04
8.390000439248979092e-04
-3.243847284466028214e-03
1.525517553091049194e-03
-1.767656416632235050e-03
2.885713474825024605e-03
-1.784545485861599445e-03
2.132331952452659607e-03
5.915486326557584107e-05
3.275795839726924896e-03
3.601046279072761536e-03
2.447633072733879089e-03
2.363316249102354050e-03
2.968736225739121437e-03
-3.490291070193052292e-03
-3.748200368136167526e-03
-1.915867091156542301e-03
2.316452329978346825e-03
2.317760605365037918e-03
1.657523913308978081e-03
8.265168871730566025e-04
5.446149734780192375e-04
-3.643402596935629845e-03
-6.110062240622937679e-04
-3.109633689746260643e-04
2.751033985987305641e-03
1.816977979615330696e-03
1.737749698804691434e-04
2.917886711657047272e-03
-1.148903043940663338e-03
-1.885585370473563671e-03
-2.106456551700830460e-03
-1.850855420343577862e-03
3.666255215648561716e-04
1.845870283432304859e-03
-7.440930348820984364e-04
-2.063093008473515511e-03
-2.220110967755317688e-03
-4.283305606804788113e-04
-2.527937060222029686e-03
2.196263521909713745e-03
5.906529841013252735e-04
-3.729713382199406624e-03
2.035668352618813515e-03
-1.597558264620602131e-03
-3.010927932336926460e-03
-3.322852775454521179e-03
3.147793235257267952e-03
3.153454512357711792e-03
1.422627537976950407e-04
-3.288767533376812935e-03
-1.444520428776741028e-03
2.729784697294235229e-03
-2.667082007974386215e-04
-1.761409570463001728e-03
2.002629626076668501e-04
8.625173941254615784e-04
7.747620111331343651e-04
-9.679774520918726921e-04
3.740446176379919052e-03
9.962834883481264114e-04
-2.412207191810011864e-03
-2.183156553655862808e-03
3.741185937542468309e-04
1.453140517696738243e-03
-1.858905539847910404e-03
7.120865484466776252e-05
2.567785093560814857e-03
2.355728298425674438e-03
1.273347297683358192e-03
2.705498191062361002e-04
