1.104508759453892708e-03
3.220862010493874550e-03
-2.866247203201055527e-03
-1.327456906437873840e-03
3.781688632443547249e-03
-1.052179490216076374e-03
3.795758821070194244e-03
1.133534940890967846e-03
2.050191862508654594e-03
1.064364914782345295e-03
-3.098606364801526070e-03
1.938548055477440357e-03
-3.740792861208319664e-03
-7.371886749751865864e-04
-1.018622540868818760e-03
6.025287439115345478e-04
-2.470073988661170006e-03
3.187460359185934067e-03
3.664596704766154289e-03
-1.635006046853959560e-03
-9.848484769463539124e-04
2.991781570017337799e-03
6.257971981540322304e-04
3.228775458410382271e-03
6.074164994060993195e-04
-2.128084423020482063e-03
5.758730112574994564e-04
-8.913842611946165562e-04
-2.961406717076897621e-03
-1.506967819295823574e-03
3.680932568386197090e-03
-1.883964054286479950e-03
-1.443370711058378220e-04
1.078074448741972446e-03
6.435416871681809425e-04
-1.103004789911210537e-03
3.493479918688535690e-03
-1.349726575426757336e-03
1.725953537970781326e-03
7.734974496997892857e-05
5.526584573090076447e-04
-3.710901131853461266e-03
5.763265653513371944e-04
6.652545416727662086e-04
-1.307384925894439220e-03
-2.016486134380102158e-03
-3.640115028247237206e-03
-6.404898012988269329e-04
3.171656979247927666e-03
2.393716946244239807e-03
2.368580317124724388e-03
-2.256091451272368431e-03
3.655338368844240904e-04
2.835022751241922379e-03
9.485591435804963112e-04
-1.675126608461141586e-03
2.449821913614869118e-03
1.439803745597600937e-03
1.230637371918419376e-05
1.530916546471416950e-03
-3.842283505946397781e-03
2.245707670226693153e-03
-2.377598080784082413e-03
-3.291618777438998222e-03
-2.713451394811272621e-03
2.327841939404606819e-04
-2.786107826977968216e-03
-2.658095443621277809e-03
-2.846832852810621262e-03
-2.569854957982897758e-03
2.678071323316544294e-04
-1.707874354906380177e-03
-1.102437265217304230e-03
2.258227206766605377e-03
6.816507084295153618e-04
-3.887130646035075188e-03
2.711495384573936462e-03
-3.535807481966912746e-04
2.534831874072551727e-03
-1.350067439489066601e-03
-1.330167171545326710e-03
3.087381366640329361e-03
-2.161121927201747894e-03
2.643692540004849434e-03
8.323937072418630123e-04
2.624759508762508631e-04
-2.966394415125250816e-03
-1.496468205004930496e-03
-3.631051396951079369e-03
-1.109093311242759228e-03
-2.332024043425917625e-03
3.023461205884814262e-03
2.201928989961743355e-03
1.748489448800683022e-03
-2.829643897712230682e-03
1.165622030384838581e-03
-4.846839874517172575e-04
-2.522655297070741653e-03
-7.113142055459320545e-04
-6.077807629480957985e-04
1.692081103101372719e-03
2.307564136572182178e-04
-1.480829901993274689e-03
-6.950823008082807064e-04
1.804028754122555256e-03
-3.721166867762804031e-03
2.293444937095046043e-03
3.718470223248004913e-03
1.432365272194147110e-03
-4.388543311506509781e-04
3.163061803206801414e-03
8.353022858500480652e-04
-1.445644185878336430e-03
-1.239354256540536880e-03
1.838467549532651901e-03
-1.537445816211402416e-03
-1.955710118636488914e-03
1.911523402668535709e-03
9.103593183681368828e-04
1.770486589521169662e-03
2.866312861442565918e-03
9.957294678315520287e-04
2.862656954675912857e-03
-3.219292033463716507e-03
-3.002068959176540375e-03
-3.265202103648334742e-04
1.018351060338318348e-03
-2.448755782097578049e-03
1.642369083128869534e-03
-2.533813705667853355e-03
3.767312271520495415e-03
-3.777613397687673569e-03
-1.197082819999195635e-04
2.359020436415448785e-04
4.065870889462530613e-04
-2.897128462791442871e-03
-3.649567952379584312e-03
-7.964858668856322765e-04
-3.724527487065643072e-04
7.478014449588954449e-04
3.743717214092612267e-03
3.249283879995346069e-03
9.858087869361042976e-04
1.928300713188946247e-03
6.876611732877790928e-04
2.309088595211505890e-03
5.585142062045633793e-04
-3.886033082380890846e-03
7.136561907827854156e-04
3.259616205468773842e-03
8.113436633720993996e-04
3.137457184493541718e-03
1.061376766301691532e-03
-7.376421708613634109e-04
-2.697504125535488129e-03
-3.407078096643090248e-03
-2.727921353653073311e-03
-3.054015105590224266e-03
-2.514408901333808899e-03
-1.235031988471746445e-03
-1.152169774286448956e-03
-5.001223762519657612e-04
-7.954858010634779930e-04
3.416770137846469879e-03
-1.963203103514388204e-04
-1.045193290337920189e-03
6.496024434454739094e-04
3.292433917522430420e-03
3.306282684206962585e-03
1.566684368299320340e-04
8.307710231747478247e-05
-2.991762710735201836e-03
-3.272003494203090668e-03
-5.583577440120279789e-04
2.695847069844603539e-03
1.247593991138273850e-05
2.588663948699831963e-03
-3.605650737881660461e-03
-1.301600132137537003e-04
-2.866117982193827629e-03
2.339899074286222458e-03
-1.745280111208558083e-03
-3.729758609551936388e-04
3.565331688150763512e-03
-2.376849064603447914e-03
3.433883422985672951e-03
1.129242358729243279e-03
3.054320346564054489e-03
-2.607669681310653687e-03
3.070038044825196266e-03
7.678408874198794365e-04
6.004322203807532787e-04
4.458637558855116367e-04
1.233188319019973278e-03
8.092787466011941433e-04
4.401066107675433159e-04
-5.916838999837636948e-04
2.099545439705252647e-03
2.843947149813175201e-03
-3.402227535843849182e-03
3.228848334401845932e-03
-4.843254573643207550e-04
-1.652421662583947182e-03
-1.383743947371840477e-03
-2.358991187065839767e-03
-2.362916013225913048e-03
8.432941976934671402e-04
-3.278227755799889565e-03
-1.554546994157135487e-03
9.310123277828097343e-04
-4.659312544390559196e-04
-9.866288164630532265e-04
-1.241706428118050098e-03
3.135334234684705734e-03
-3.335192159283906221e-04
-2.019445877522230148e-03
1.299865893088281155e-03
4.040252315462566912e-05
-2.613838296383619308e-03
-1.478358404710888863e-03
2.713262569159269333e-03
-1.621451345272362232e-03
1.363177318125963211e-03
3.367473138496279716e-03
-2.752907574176788330e-03
-6.245950353331863880e-04
-2.778407186269760132e-03
2.229287987574934959e-03
-1.253350521437823772e-03
2.870891185011714697e-04
2.421064535155892372e-03
2.302393317222595215e-03
3.239489393308758736e-03
2.608354436233639717e-03
-2.075421158224344254e-03
-7.330445223487913609e-04
6.186550599522888660e-04
-2.435622627672273666e-05
1.978237647563219070e-03
2.034536562860012054e-03
-3.001784207299351692e-03
3.799678990617394447e-03
-1.755330362357199192e-03
-3.867434337735176086e-03
2.052847528830170631e-03
3.558036172762513161e-03
-1.421421882696449757e-03
2.684031613171100616e-03
3.581051249057054520e-03
-3.102298825979232788e-03
-3.160793799906969070e-03
-1.592948916368186474e-03
2.570037497207522392e-03
-3.159493906423449516e-03
7.100818947947118431e-06
2.124160528182983398e-03
