-2.489838749170303345e-03
3.038760041818022728e-03
-3.217025659978389740e-03
-1.905961893498897552e-03
3.200054168701171875e-03
-1.099529792554676533e-03
-3.005550010129809380e-03
-3.138122381642460823e-03
3.759575774893164635e-03
-9.855788666754961014e-04
2.630832605063915253e-03
-2.501067938283085823e-03
-2.512392587959766388e-03
-3.469777991995215416e-03
2.911736490204930305e-03
2.930875634774565697e-03
-4.624738648999482393e-04
-1.198582816869020462e-03
-1.770078088156878948e-03
-1.838984549976885319e-03
-2.744589233770966530e-03
2.120431978255510330e-03
3.240417921915650368e-03
-1.759188366122543812e-03
-1.562396500958129764e-04
-8.240587194450199604e-04
-2.164211124181747437e-03
3.103972994722425938e-04
1.074608517228625715e-04
-3.577365714590996504e-04
-1.016166410408914089e-03
7.833700510673224926e-04
-3.930271486751735210e-04
9.909649379551410675e-04
-1.502326194895431399e-04
-2.752553205937147141e-03
3.317980736028403044e-04
-3.798157209530472755e-03
3.943986375816166401e-04
3.881101496517658234e-03
-1.466296263970434666e-03
-3.578782489057630301e-04
-2.329300856217741966e-03
2.303140703588724136e-03
1.110107987187802792e-04
1.906644902192056179e-03
-4.038732731714844704e-04
8.359173079952597618e-05
3.193558426573872566e-03
2.981016412377357483e-03
-2.472143387421965599e-03
-1.466613379307091236e-03
-3.173419274389743805e-03
2.299723448231816292e-03
3.775213612243533134e-03
-8.286524098366498947e-04
-1.712646102532744408e-03
-3.002013545483350754e-03
-3.016484202817082405e-03
-1.589113380759954453e-03
4.376377328298985958e-04
-2.716614864766597748e-03
7.674709195271134377e-04
1.614040462300181389e-03
-1.940582296811044216e-03
-1.567054889164865017e-03
3.634606953710317612e-03
2.413153648376464844e-03
1.854855101555585861e-03
-8.191976230591535568e-04
-2.216345630586147308e-03
3.663686802610754967e-03
1.630811952054500580e-03
-2.636775374412536621e-03
-3.310270607471466064e-03
1.963207498192787170e-03
1.840466051362454891e-03
2.839851891621947289e-03
-3.776616649702191353e-03
-3.322189208120107651e-03
-2.032248303294181824e-03
3.056466113775968552e-03
2.303549321368336678e-03
3.583333222195506096e-03
3.080585272982716560e-03
-3.540630219504237175e-03
2.219127258285880089e-03
-2.692822599783539772e-03
2.903328277170658112e-03
2.707504667341709137e-03
3.241098485887050629e-03
-1.425723196007311344e-03
5.919755785726010799e-04
-1.381451962515711784e-03
1.048982492648065090e-03
1.175762736238539219e-03
5.715779261663556099e-04
1.781000173650681973e-03
2.135065384209156036e-03
2.829289296641945839e-03
2.518059452995657921e-03
-3.328641410917043686e-03
-1.762740546837449074e-03
1.783859217539429665e-03
1.027981634251773357e-03
-4.061787913087755442e-04
1.537920790724456310e-03
-1.548986183479428291e-03
-3.456481499597430229e-03
-3.278775140643119812e-03
-3.747778013348579407e-03
-1.173301483504474163e-03
8.269074896816164255e-05
-8.497794042341411114e-04
-1.485115848481655121e-03
2.105346648022532463e-03
2.799740526825189590e-03
3.776319557800889015e-03
-2.569800009950995445e-03
2.512725302949547768e-03
-3.182862652465701103e-03
2.484387485310435295e-03
-2.594008401501923800e-04
3.781928215175867081e-03
-4.200801777187734842e-04
2.407199237495660782e-03
3.690049052238464355e-03
3.595040412619709969e-03
3.200950799509882927e-03
-3.210940398275852203e-03
-2.042914420599117875e-04
1.839059288613498211e-03
-2.214424312114715576e-04
-2.703869482502341270e-03
-2.559697255492210388e-03
3.201579675078392029e-03
2.951029164250940084e-04
-1.991842174902558327e-03
-3.399130189791321754e-03
3.598726820200681686e-03
3.247852204367518425e-03
1.811063615605235100e-03
-1.966397743672132492e-03
-1.631543971598148346e-03
1.648513134568929672e-03
-2.925004577264189720e-03
5.213107215240597725e-04
2.605158602818846703e-03
1.557454117573797703e-03
6.111793336458504200e-04
1.955431653186678886e-03
9.806902380660176277e-04
-3.139209700748324394e-03
3.323792014271020889e-03
-4.889020347036421299e-04
5.466147558763623238e-04
-2.233294304460287094e-03
2.368242247030138969e-03
-2.455080626532435417e-03
-3.597294678911566734e-03
-1.463506603613495827e-03
5.473427590914070606e-04
-2.281128894537687302e-03
1.804729108698666096e-04
-2.798520959913730621e-03
-3.252706723287701607e-03
-3.167668124660849571e-03
-8.768571569817140698e-05
-1.082051661796867847e-03
-1.321548479609191418e-03
-2.097804797813296318e-03
1.178451115265488625e-03
-3.717789892107248306e-03
3.869705367833375931e-03
7.300784927792847157e-04
-1.146878465078771114e-03
1.548275002278387547e-03
-1.440208405256271362e-03
1.157200313173234463e-03
2.194111701101064682e-03
9.316874784417450428e-04
-2.422207966446876526e-03
-3.120697103440761566e-03
-3.322278149425983429e-03
2.632258692756295204e-03
3.453455166891217232e-03
1.704098540358245373e-03
2.173902699723839760e-03
-3.584214719012379646e-03
-1.854970469139516354e-03
-3.064614254981279373e-03
-3.466198919340968132e-03
8.213461842387914658e-05
1.741730491630733013e-03
1.462618587538599968e-03
-2.633652649819850922e-03
-3.390460973605513573e-03
3.202522639185190201e-03
2.802479546517133713e-03
1.261219964362680912e-03
3.689004806801676750e-04
-1.641622744500637054e-03
2.699389588087797165e-04
2.615474397316575050e-03
1.626796321943402290e-03
-2.782156516332179308e-04
1.465210458263754845e-03
-3.835467156022787094e-03
5.805854452773928642e-04
6.764043355360627174e-04
6.677389028482139111e-04
-1.165637149824760854e-04
-1.919992617331445217e-03
3.841049736365675926e-03
1.728231902234256268e-03
-4.139581287745386362e-04
2.285736845806241035e-03
-3.646763274446129799e-03
3.253718372434377670e-03
2.260535489767789841e-03
-2.222066745162010193e-03
-2.572112949565052986e-03
-3.237121040001511574e-03
-3.672584192827343941e-03
2.125906990841031075e-03
-9.718326618894934654e-04
-1.480833045206964016e-03
-8.273773128166794777e-04
-1.225485932081937790e-03
-2.083704806864261627e-03
1.276973925996571779e-04
3.209365997463464737e-03
2.196402056142687798e-03
2.102632075548171997e-03
-2.326410729438066483e-03
3.340168157592415810e-03
-2.533486345782876015e-03
-2.617395482957363129e-03
-3.724825568497180939e-03
1.439028419554233551e-03
3.042241325601935387e-03
3.684658790007233620e-03
-2.358990954235196114e-03
-3.131621051579713821e-03
-3.791620954871177673e-03
-2.734007313847541809e-03
-7.115855696611106396e-04
-3.705990500748157501e-03
-2.313376171514391899e-03
-6.656133336946368217e-04
1.674248953349888325e-03
-7.290089852176606655e-04
5.933963693678379059e-04
1.967776799574494362e-03
-2.460348885506391525e-03
-1.651059836149215698e-03
