5.299805779941380024e-04
-5.563356098718941212e-04
3.508735680952668190e-03
-1.308005535975098610e-03
-2.798104425892233849e-03
2.211730228736996651e-03
-2.734181005507707596e-03
1.980123575776815414e-03
3.114392748102545738e-04
-1.054088235832750797e-03
2.131652319803833961e-03
3.197965444996953011e-03
-2.619784092530608177e-03
3.822450991719961166e-03
1.480238861404359341e-03
-3.830819623544812202e-03
4.167746519669890404e-04
-3.768840804696083069e-03
9.814322693273425102e-04
-3.097719280049204826e-03
-2.474240958690643311e-03
-1.798059209249913692e-03
3.750240197405219078e-03
4.318396386224776506e-04
-3.831375506706535816e-04
-2.047169255092740059e-03
-3.775215009227395058e-04
-3.152833553031086922e-03
-3.808191046118736267e-03
-1.127057257690466940e-04
-2.234668238088488579e-03
-3.841150784865021706e-03
-3.082141745835542679e-03
-2.811286831274628639e-03
2.024327171966433525e-03
1.961407950147986412e-03
-1.198607787955552340e-04
-3.059899900108575821e-03
2.735946793109178543e-03
3.275500377640128136e-03
1.689390512183308601e-03
-5.864461418241262436e-04
2.983727958053350449e-03
-2.704840153455734253e-03
3.482138272374868393e-03
-3.084288910031318665e-03
3.525251289829611778e-03
-2.679702360183000565e-03
3.016831120476126671e-03
3.812520066276192665e-03
1.721938140690326691e-03
-1.341409282758831978e-03
2.077062847092747688e-03
-2.031330950558185577e-03
8.165787585312500596e-05
2.486144658178091049e-04
3.747478360310196877e-03
1.813082024455070496e-03
3.329121274873614311e-03
-1.355074578896164894e-03
-3.302559780422598124e-04
-2.296675374964252114e-04
-1.988212112337350845e-03
-3.770674578845500946e-03
-1.658508408581838012e-04
2.092849230393767357e-03
2.970109460875391960e-03
-1.545149949379265308e-03
8.346600807271897793e-04
3.850241191685199738e-03
-2.967662177979946136e-03
2.521771937608718872e-03
-5.816162447445094585e-04
-3.177650971338152885e-03
2.392686670646071434e-03
-3.042873460799455643e-03
-7.279989076778292656e-04
-3.550160909071564674e-03
-1.988786272704601288e-03
-2.726803068071603775e-03
3.185813315212726593e-03
-1.422333647496998310e-03
-3.585524158552289009e-03
-2.962229074910283089e-03
2.169311046600341797e-03
1.322940341196954250e-03
3.233447903767228127e-03
1.630882266908884048e-03
-1.414432306773960590e-03
3.065679222345352173e-03
2.389995381236076355e-03
-1.095403102226555347e-03
-1.181652187369763851e-03
-3.265583887696266174e-03
1.586180413141846657e-03
1.064879354089498520e-03
8.155247196555137634e-04
3.766831243410706520e-03
-2.516556764021515846e-03
-2.711671404540538788e-03
2.998793206643313169e-04
-2.426734194159507751e-03
-1.989983255043625832e-03
1.799985999241471291e-03
-9.566237567923963070e-04
1.389556098729372025e-03
2.383014652878046036e-03
-9.547846857458353043e-04
3.690547309815883636e-03
3.902495373040437698e-03
-3.213371848687529564e-03
-1.801468082703649998e-03
6.902894529048353434e-05
2.502716844901442528e-03
8.554009837098419666e-04
3.382588620297610760e-04
-3.441055305302143097e-03
3.011744469404220581e-03
-1.562794786877930164e-03
-1.630989718250930309e-03
3.233822528272867203e-03
-3.008375409990549088e-03
3.421399975195527077e-03
-8.998854900710284710e-04
-3.354481654241681099e-03
8.756016904953867197e-05
-1.859625102952122688e-03
-1.691949088126420975e-03
-9.362040436826646328e-04
-8.219743613153696060e-04
-2.555102808400988579e-03
2.106911968439817429e-03
3.606231650337576866e-03
1.710885902866721153e-03
-4.782854521181434393e-04
2.754919230937957764e-03
-3.125469433143734932e-03
3.077069064602255821e-03
2.001355402171611786e-03
5.135345272719860077e-04
-9.109317325055599213e-04
1.076723681762814522e-03
-2.931018359959125519e-03
-1.978636486455798149e-03
6.575812585651874542e-04
-2.048716414719820023e-03
5.352706648409366608e-04
-1.755612785927951336e-03
3.274429822340607643e-03
2.155000343918800354e-03
-2.652940340340137482e-03
1.436239224858582020e-03
-1.740648876875638962e-03
3.054692177101969719e-03
-3.154734848067164421e-03
2.526167780160903931e-03
2.742809941992163658e-03
-3.080468857660889626e-03
1.603390555828809738e-03
-1.814795657992362976e-03
1.145693822763860226e-03
1.838127500377595425e-03
6.101133112679235637e-05
-2.208624355262145400e-04
-3.586930921301245689e-03
-3.664003452286124229e-03
-2.177116228267550468e-03
-1.670439960435032845e-03
1.424271904397755861e-04
1.208931091241538525e-03
-5.931418272666633129e-04
-3.572909859940409660e-03
3.532012226060032845e-03
1.772132236510515213e-03
1.582765835337340832e-03
-3.808995475992560387e-03
-1.791720278561115265e-03
7.762703462503850460e-04
-3.555638482794165611e-03
1.522349310107529163e-03
-2.350643509998917580e-03
-1.150972559116780758e-03
-1.587781473062932491e-03
1.061284565366804600e-03
-2.214004518464207649e-03
-2.557404804974794388e-03
1.363630872219800949e-03
2.301144413650035858e-03
1.083598635887028649e-05
-9.737454820424318314e-04
-3.346849698573350906e-03
-2.947339671663939953e-04
3.700633067637681961e-03
8.711516275070607662e-04
1.374052488245069981e-03
3.126832889392971992e-03
-2.938559977337718010e-03
-1.626842189580202103e-03
7.107559940777719021e-04
1.924564421642571688e-04
4.964296822436153889e-04
-3.395298263058066368e-03
-1.337444409728050232e-03
3.258995944634079933e-03
3.196713048964738846e-03
1.726940972730517387e-03
1.750111579895019531e-03
-5.748815019614994526e-04
2.339648315683007240e-03
-3.317506285384297371e-03
4.280869034118950367e-04
2.525594085454940796e-03
1.228086533956229687e-03
1.539780641905963421e-03
3.692087018862366676e-03
-1.528955181129276752e-03
-1.109280856326222420e-03
-2.691929461434483528e-03
-2.226923592388629913e-03
-9.038617135956883430e-04
-2.271226607263088226e-03
-6.334933568723499775e-04
-8.493905770592391491e-04
1.658139051869511604e-03
-6.807590834796428680e-04
1.112974714487791061e-03
2.748451661318540573e-03
-2.890843199566006660e-03
3.578005591407418251e-03
-2.925208536908030510e-03
-4.222486168146133423e-04
3.755873301997780800e-03
-1.966371433809399605e-03
-3.546854248270392418e-03
1.691687270067632198e-03
-8.427713182754814625e-04
3.292018081992864609e-03
1.738415216095745564e-03
-3.068345133215188980e-03
-2.381184312980622053e-04
-2.042780164629220963e-03
-2.641120459884405136e-03
1.694242673693224788e-04
5.358587950468063354e-04
-3.270178334787487984e-03
-1.735215657390654087e-03
9.970796527341008186e-04
2.987426996696740389e-04
3.750108298845589161e-04
-2.419345080852508545e-03
2.492763102054595947e-03
-2.592412522062659264e-03
2.324569970369338989e-03
-6.343554123304784298e-04
-1.562479999847710133e-03
2.192156389355659485e-03
