3.328145015984773636e-03
-2.948113018646836281e-03
1.777745666913688183e-03
2.997704781591892242e-03
2.914127660915255547e-03
2.390661276876926422e-03
1.752846757881343365e-03
7.913454901427030563e-04
-2.364882733672857285e-03
-7.845778600312769413e-04
2.274473663419485092e-03
-3.829351626336574554e-03
-9.140375768765807152e-04
-3.553151153028011322e-03
-1.391933474224060774e-04
1.247012987732887268e-03
-3.535008057951927185e-03
-1.333759399130940437e-03
-2.327496884390711784e-03
-1.925442367792129517e-03
3.787056542932987213e-03
-3.663252282422035933e-04
3.573703579604625702e-03
-2.029495080932974815e-03
-5.645192577503621578e-04
-7.793348049744963646e-04
-9.349815663881599903e-04
1.263874466530978680e-03
-5.327892140485346317e-04
3.225457854568958282e-03
2.987267915159463882e-03
-2.385153202340006828e-03
3.462871070951223373e-03
-2.904687542468309402e-03
2.902971114963293076e-03
-2.274028374813497066e-04
3.152446821331977844e-03
1.611442887224256992e-03
9.140130132436752319e-04
2.488400088623166084e-03
-3.135843435302376747e-03
-2.126625273376703262e-03
1.515678246505558491e-03
3.832530346699059010e-04
-3.890494350343942642e-03
2.062850864604115486e-03
-9.065835038200020790e-04
-2.944194711744785309e-03
-2.177915303036570549e-03
-6.926379137439653277e-05
-2.163798781111836433e-04
-3.038411261513829231e-03
-3.446104703471064568e-03
-2.176204230636358261e-03
-1.722546177916228771e-03
-3.680047113448381424e-03
1.700668479315936565e-03
1.659173634834587574e-03
3.742421278730034828e-03
-3.848559688776731491e-03
9.823192376643419266e-04
-7.195760263130068779e-04
1.806855550967156887e-03
1.528964843600988388e-03
-3.419786226004362106e-03
1.575814792886376381e-03
-8.980843122117221355e-04
-2.045936649665236473e-03
-2.840464469045400620e-03
-5.596834234893321991e-04
-2.967281499877572060e-03
1.617895090021193027e-03
3.277151612564921379e-03
-1.242928788997232914e-03
1.722848159261047840e-03
3.111155005171895027e-03
-4.340285377111285925e-04
3.067132551223039627e-03
-8.833174942992627621e-04
-2.625932451337575912e-03
2.031765412539243698e-03
2.991618588566780090e-03
-1.337947323918342590e-03
6.065299967303872108e-04
-3.032674314454197884e-03
2.526191761717200279e-03
-3.232878632843494415e-03
-1.744219567626714706e-03
2.549347002059221268e-03
-3.772260621190071106e-03
1.731801661662757397e-03
-1.537146978080272675e-03
1.017386210151016712e-03
-2.253431128337979317e-03
6.341428379528224468e-04
2.567380899563431740e-03
-3.275281284004449844e-03
-1.817633048631250858e-03
1.298108953051269054e-03
6.979696918278932571e-04
2.266010269522666931e-03
2.737406175583600998e-03
-3.813791787251830101e-03
2.941361395642161369e-03
-3.556663636118173599e-03
3.347984282299876213e-03
3.364533884450793266e-03
5.733295110985636711e-04
4.103243700228631496e-04
-3.307068720459938049e-03
2.141820034012198448e-03
-3.317062510177493095e-03
-2.101657213643193245e-03
6.579793989658355713e-04
-8.088214090093970299e-04
4.687941400334239006e-04
1.853675115853548050e-03
7.709699566476047039e-04
-7.343468605540692806e-04
1.945125768543221056e-05
-2.595261670649051666e-03
-2.304577268660068512e-03
1.226230640895664692e-03
-1.665835967287421227e-03
-1.250899862498044968e-03
2.913557691499590874e-03
2.214576379628852010e-04
-2.603795845061540604e-03
-3.907719161361455917e-03
-3.697486827149987221e-03
2.982898615300655365e-03
-1.213974319398403168e-03
1.777087803930044174e-03
-1.896844129078090191e-03
3.217069199308753014e-03
3.398531407583504915e-04
3.472434123978018761e-03
-1.059918082319200039e-03
5.314575973898172379e-04
-1.675799489021301270e-03
-1.809924026019871235e-03
2.591473748907446861e-03
-2.928942907601594925e-03
-3.383145900443196297e-03
2.312970813363790512e-03
-3.656925400719046593e-03
-1.172118005342781544e-03
3.605936653912067413e-03
2.092514652758836746e-03
1.188510330393910408e-03
-2.154855057597160339e-03
-3.672678722068667412e-03
-2.495641820132732391e-03
1.237464719451963902e-03
-2.820251742377877235e-03
-2.571622608229517937e-03
1.870932290330529213e-03
-9.657243208494037390e-05
-4.837526357732713223e-04
-2.552473917603492737e-03
-9.724587289383634925e-05
-1.744336099363863468e-03
2.236566506326198578e-03
-2.996901748701930046e-03
-1.209594658575952053e-03
7.405521464534103870e-04
1.402040710672736168e-03
-7.631105836480855942e-04
1.560482196509838104e-03
-1.752519048750400543e-03
-1.011737855151295662e-03
-1.538753276690840721e-03
-5.852898466400802135e-04
2.936915028840303421e-03
1.479779602959752083e-03
-1.376967644318938255e-03
-2.444597193971276283e-03
1.166024012491106987e-03
-1.925437012687325478e-03
1.922434195876121521e-03
-7.886901148594915867e-04
2.336392062716186047e-04
-7.532269228249788284e-04
2.992116846144199371e-03
-2.273409394547343254e-03
-9.346883744001388550e-04
8.296237792819738388e-04
-1.857412047684192657e-03
3.371206810697913170e-03
3.414099803194403648e-03
-1.426524831913411617e-03
-3.210133872926235199e-03
-3.139665117487311363e-03
-2.037325175479054451e-03
3.906496800482273102e-03
-2.563566202297806740e-03
-1.199779871967621148e-04
-2.750229788944125175e-03
1.908494974486529827e-03
-1.925081596709787846e-03
-1.448349677957594395e-03
-2.163304947316646576e-03
2.697352785617113113e-03
-3.324265708215534687e-04
-3.668789518997073174e-03
7.965083932504057884e-04
-3.246057545766234398e-03
2.392690803389996290e-04
-3.246533917263150215e-03
-8.798318449407815933e-04
2.133328001946210861e-03
-2.712478162720799446e-03
-4.752481763716787100e-04
-9.656949550844728947e-04
2.815936226397752762e-03
1.068779034540057182e-03
5.048842867836356163e-04
-6.978020537644624710e-04
-2.182578667998313904e-03
3.790514776483178139e-03
3.702164627611637115e-03
-2.861875342205166817e-03
-1.480715873185545206e-04
1.162018161267042160e-03
-3.812500974163413048e-03
-1.168003538623452187e-03
9.048625361174345016e-05
1.730365678668022156e-03
-2.141491742804646492e-03
-5.336035392247140408e-04
3.232034156098961830e-03
-2.735847374424338341e-03
9.506109054200351238e-04
-2.434597816318273544e-03
3.710352350026369095e-03
-3.791319904848933220e-03
1.866028993390500546e-03
2.068909670924767852e-04
-2.037216676399111748e-03
-2.355839125812053680e-03
-2.590348245576024055e-03
9.539976017549633980e-04
2.478281268849968910e-03
3.615078516304492950e-03
3.483235370367765427e-03
-2.090525813400745392e-03
3.240458201617002487e-03
1.882488257251679897e-03
2.954631112515926361e-03
-3.660650923848152161e-03
6.782758864574134350e-04
3.085282398387789726e-03
2.619859587866812944e-04
7.320256554521620274e-04
-8.744967053644359112e-04
1.886488520540297031e-03
