-8.155941613949835300e-04
-2.861810149624943733e-03
-2.381966449320316315e-03
1.978054875507950783e-03
-2.186002209782600403e-03
-2.919968217611312866e-03
7.342210737988352776e-04
-1.080031157471239567e-03
3.760421881452202797e-03
1.674083876423537731e-03
-2.540727378800511360e-03
1.234799972735345364e-03
2.893731230869889259e-03
2.691167406737804413e-03
1.733022858388721943e-03
2.105109015246853232e-04
1.546727726235985756e-03
3.589880070649087429e-04
2.898476785048842430e-03
-9.411718929186463356e-04
-5.836124182678759098e-04
3.775241086259484291e-03
-3.412364283576607704e-03
2.594897057861089706e-03
2.689586021006107330e-03
-3.846288425847887993e-03
-2.871608361601829529e-03
-9.996159933507442474e-04
1.730542979203164577e-03
-1.844559563323855400e-03
3.141758032143115997e-03
1.745605142787098885e-03
3.783807856962084770e-03
1.661893678829073906e-03
2.175326459109783173e-03
2.348612062633037567e-03
-3.509819274768233299e-03
3.723393892869353294e-03
3.591157495975494385e-03
-3.154292935505509377e-03
-3.542235819622874260e-03
3.570542903617024422e-03
-2.421929384581744671e-04
3.369342448422685266e-05
-1.989665208384394646e-03
3.872385132126510143e-04
-3.375683445483446121e-04
1.437236787751317024e-03
-3.345676697790622711e-03
2.967166248708963394e-03
1.566498831380158663e-04
2.494228770956397057e-03
-3.332946682348847389e-03
-1.552452449686825275e-03
3.829926252365112305e-03
3.753806697204709053e-03
-2.068400615826249123e-03
-2.438042778521776199e-03
1.236571231856942177e-03
2.104398328810930252e-03
3.524539060890674591e-03
3.333523171022534370e-03
1.577286748215556145e-03
9.515176061540842056e-04
3.221661783754825592e-03
2.434209454804658890e-03
-9.343372075818479061e-04
-1.346638076938688755e-03
3.770239185541868210e-03
-2.016683574765920639e-03
7.417770102620124817e-04
-1.881723175756633282e-03
-6.761526456102728844e-04
3.122128313407301903e-03
8.026943542063236237e-04
1.540971337817609310e-03
1.750362687744200230e-03
1.222893828526139259e-03
-2.119160722941160202e-03
-2.537779277190566063e-03
2.481522737070918083e-03
2.212490886449813843e-03
-1.768701804394368082e-05
-2.796234097331762314e-03
2.118722070008516312e-03
1.273188623599708080e-03
1.007834682241082191e-03
-3.576449118554592133e-03
1.927886740304529667e-03
-1.305150333791971207e-03
-2.311730058863759041e-03
2.711366396397352219e-03
-3.028495702892541885e-04
1.091637997888028622e-03
2.380977617576718330e-03
1.065658070729114115e-04
8.236530266003683209e-05
2.659194171428680420e-03
3.621627343818545341e-03
9.359410032629966736e-04
7.365436758846044540e-04
1.622707699425518513e-03
1.958505017682909966e-04
-3.276987466961145401e-03
1.313533866778016090e-03
-2.439229516312479973e-03
1.290661399252712727e-03
-3.288233419880270958e-03
3.720192471519112587e-03
3.483359934762120247e-03
1.013084664009511471e-03
1.793774077668786049e-03
-3.260724246501922607e-03
1.168102840892970562e-03
-1.058663590811192989e-03
1.168947783298790455e-03
-3.715946339070796967e-03
2.894618781283497810e-03
-3.705573501065373421e-03
-2.325389068573713303e-03
-1.835133880376815796e-03
-2.303091343492269516e-03
-2.760985167697072029e-03
-1.204513711854815483e-03
-1.061687245965003967e-03
-1.815510797314345837e-03
-2.216325607150793076e-03
-1.369721605442464352e-03
-2.497276989743113518e-03
1.356332330033183098e-03
3.656536573544144630e-03
3.167307469993829727e-03
-1.158477040007710457e-03
-1.452876487746834755e-03
-2.304545370861887932e-03
-2.201439812779426575e-03
-1.841478515416383743e-03
-2.018808620050549507e-03
-2.423836616799235344e-03
3.141458844766020775e-03
-1.935817417688667774e-03
2.792766550555825233e-03
1.162485568784177303e-03
-2.673704642802476883e-03
-1.860177959315478802e-03
-1.924985903315246105e-03
3.826824482530355453e-03
3.179338062182068825e-03
-1.659954199567437172e-03
-3.720370354130864143e-03
1.938963076099753380e-03
-2.114273142069578171e-03
-1.519320503575727344e-04
3.778710495680570602e-03
3.066651988774538040e-03
-3.571673762053251266e-03
3.618241287767887115e-03
6.585157825611531734e-04
1.798051409423351288e-03
3.389518707990646362e-03
-3.099489258602261543e-03
3.233108203858137131e-03
2.685930114239454269e-03
1.212561619468033314e-04
2.453991444781422615e-03
3.125619841739535332e-03
2.706982195377349854e-03
3.276751609519124031e-03
1.632843515835702419e-03
-1.308452221564948559e-03
3.643006319180130959e-03
2.465716795995831490e-03
-2.212350489571690559e-03
1.926250522956252098e-03
-2.286413917317986488e-03
-3.400501795113086700e-03
3.761169733479619026e-03
-2.492981264367699623e-03
-3.417210886254906654e-03
-3.639115951955318451e-03
4.027054819744080305e-05
1.480737992096692324e-04
-2.139932708814740181e-03
3.900760493706911802e-04
3.368103178218007088e-03
1.667666248977184296e-03
2.499633410479873419e-04
1.002990058623254299e-03
-1.870245323516428471e-03
6.534968269988894463e-04
-1.563517958857119083e-03
3.062276169657707214e-03
-2.420430537313222885e-03
-3.225431544706225395e-03
2.191874664276838303e-03
3.284436184912919998e-03
-2.625030174385756254e-04
2.961701713502407074e-03
1.291739772568689659e-05
-1.359020126983523369e-03
2.078116405755281448e-03
-1.599460840225219727e-03
5.269974644761532545e-05
3.528223838657140732e-03
1.906032906845211983e-03
1.134828489739447832e-04
-1.683020731434226036e-03
3.211754374206066132e-03
-1.225059386342763901e-03
1.935750478878617287e-04
1.404254580847918987e-03
2.217757282778620720e-03
-2.718494040891528130e-03
2.947933506220579147e-03
2.196891000494360924e-03
3.136918181553483009e-03
1.958370674401521683e-03
-3.503351472318172455e-03
-2.069261623546481133e-03
3.813556162640452385e-03
3.287505591288208961e-03
-2.066815970465540886e-03
-1.888338127173483372e-03
1.456872094422578812e-03
1.482475199736654758e-04
-2.817552303895354271e-03
-3.692305646836757660e-03
-5.828740540891885757e-04
3.183547873049974442e-03
-2.786105964332818985e-03
2.234976709587499499e-04
3.788791364058852196e-04
3.592399007175117731e-04
-2.229268662631511688e-03
-2.651204122230410576e-03
2.014525001868605614e-03
9.492512326687574387e-04
-1.163928187452256680e-03
-2.485342556610703468e-03
3.640732495114207268e-03
-1.550424844026565552e-03
3.365530632436275482e-03
7.344199111685156822e-04
1.629509497433900833e-03
-5.092052742838859558e-04
-9.904780890792608261e-04
-2.061939798295497894e-03
-6.985383806750178337e-04
-3.295236499980092049e-03
1.302565069636330009e-04
6.127532105892896652e-04
9.998489404097199440e-04
-3.383463015779852867e-03
2.257228363305330276e-03
9.717928478494286537e-04
-7.053247536532580853e-04
