2.087181201204657555e-03
-3.876914968714118004e-03
3.894028952345252037e-03
-1.996123697608709335e-03
-5.779346683993935585e-04
-1.562960795126855373e-03
-7.028277032077312469e-04
6.645661196671426296e-04
-2.295721555128693581e-03
3.706595161929726601e-03
1.997172366827726364e-03
1.343512558378279209e-03
4.358541336841881275e-04
3.301846096292138100e-03
3.434377489611506462e-03
-2.737434813752770424e-03
-2.167230937629938126e-03
1.379214460030198097e-03
-3.702499205246567726e-03
-7.451259298250079155e-04
3.870481159538030624e-03
3.728999057784676552e-03
3.521200735121965408e-03
6.796158850193023682e-04
1.844515674747526646e-03
-1.932843588292598724e-03
-1.981945533771067858e-04
-3.661986440420150757e-03
1.226639724336564541e-03
9.841141582001000643e-05
-3.210612048860639334e-04
3.395604435354471207e-03
3.267837455496191978e-03
-3.515315242111682892e-03
-5.917560192756354809e-04
2.341954037547111511e-03
-1.384819508530199528e-03
3.082733834162354469e-03
3.156750230118632317e-03
1.574174850247800350e-03
-8.156860712915658951e-04
-3.023969766218215227e-04
-1.380668603815138340e-03
3.151517128571867943e-03
2.061564940959215164e-03
3.354463726282119751e-03
3.787632333114743233e-03
-3.424931317567825317e-03
2.000428969040513039e-03
-2.111913403496146202e-03
3.366089658811688423e-03
-1.050953171215951443e-03
-9.411465725861489773e-05
1.829141285270452499e-03
-3.226590342819690704e-05
-3.805143292993307114e-03
-1.929760794155299664e-03
1.942414790391921997e-03
2.358390251174569130e-03
-2.198002068325877190e-03
-3.201135434210300446e-03
-1.817030482925474644e-03
1.075477339327335358e-03
-2.231824444606900215e-03
3.005397506058216095e-03
1.775597338564693928e-03
-2.273895952384918928e-04
-3.639061003923416138e-03
-1.752464799210429192e-03
-2.110189991071820259e-03
-4.199369286652654409e-04
9.127106750383973122e-04
-3.570254193618893623e-03
-7.371152169071137905e-04
-1.347158919088542461e-03
3.433445701375603676e-03
-5.280559998936951160e-04
-3.604424651712179184e-03
8.386276313103735447e-04
3.233727067708969116e-03
4.712932568509131670e-04
-2.236946020275354385e-03
-2.242329530417919159e-03
3.706975607201457024e-03
-1.545164268463850021e-03
-1.999985659494996071e-03
2.500128466635942459e-03
-2.775307046249508858e-03
1.983108231797814369e-03
1.427531475201249123e-03
1.054045744240283966e-03
-3.661337075755000114e-03
4.274189996067434549e-04
3.860492492094635963e-03
1.236650277860462666e-03
4.822178161703050137e-04
3.000065218657255173e-03
3.201272338628768921e-03
-1.368666708003729582e-04
-2.856020291801542044e-04
-2.618575934320688248e-03
-7.199920946732163429e-04
-2.910891314968466759e-03
-1.152888289652764797e-03
-2.088045468553900719e-03
2.311948686838150024e-03
3.273132489994168282e-03
1.204293570481240749e-03
-1.239246572367846966e-03
-1.415989361703395844e-03
-5.222253821557387710e-05
-6.311002653092145920e-04
-3.586941165849566460e-03
-1.773369731381535530e-03
-9.677923517301678658e-04
1.496840501204133034e-03
2.198849339038133621e-03
-1.715944614261388779e-03
2.626259578391909599e-03
1.515110023319721222e-03
-1.779034850187599659e-03
2.628610003739595413e-03
-2.919532591477036476e-03
-1.283230958506464958e-03
2.934262156486511230e-03
4.465719393920153379e-04
3.046037629246711731e-03
-1.264154328964650631e-03
1.850696164183318615e-03
3.044018987566232681e-03
3.229431342333555222e-03
-2.165890065953135490e-03
2.219127258285880089e-03
2.304871100932359695e-03
-3.058372065424919128e-03
-3.713891142979264259e-03
8.972290088422596455e-04
1.079945708625018597e-03
1.677493914030492306e-03
3.144049842376261950e-04
3.547966945916414261e-03
6.036599006620235741e-05
-3.006260609254240990e-03
3.962368064094334841e-04
1.765810535289347172e-03
3.519241232424974442e-03
3.748533490579575300e-04
-3.710595192387700081e-03
6.793108768761157990e-04
-1.013387591228820384e-04
-2.119212411344051361e-03
-2.247249241918325424e-03
-3.157671075314283371e-03
3.828078042715787888e-03
3.831790061667561531e-03
3.714055754244327545e-03
-3.158805891871452332e-03
-1.266084145754575729e-03
1.099004060961306095e-03
2.702134428545832634e-03
2.520446432754397392e-03
3.084974829107522964e-03
-3.502005711197853088e-03
-1.632897416129708290e-03
2.455035690218210220e-03
2.493641804903745651e-03
-2.520997077226638794e-04
-3.569338936358690262e-03
1.584476325660943985e-03
-2.236430998891592026e-03
1.092845224775373936e-03
-2.762204036116600037e-03
-9.504208574071526527e-04
1.469424896640703082e-04
-9.940464515239000320e-04
3.611026040744036436e-04
3.433676669374108315e-03
3.174716606736183167e-03
-1.853767782449722290e-03
9.815649827942252159e-04
-1.826526131480932236e-03
5.821714294143021107e-04
3.778074868023395538e-03
3.494412871077656746e-03
2.649319358170032501e-03
3.464695764705538750e-03
3.307363716885447502e-03
-1.870901207439601421e-03
-3.323689335957169533e-03
-3.851424204185605049e-03
-2.242791932076215744e-03
2.153901616111397743e-03
4.617237718775868416e-04
-3.758486855076625943e-06
-1.192096271552145481e-03
-3.473299322649836540e-03
-1.573480549268424511e-03
-3.088190278504043818e-04
9.757456718944013119e-04
7.896723691374063492e-04
2.492153784260153770e-03
9.968618396669626236e-04
1.706704497337341309e-03
3.847972839139401913e-04
2.491165359970182180e-04
9.661035146564245224e-04
-1.081093098036944866e-03
-2.091563073918223381e-03
2.410978544503450394e-03
2.625768247526139021e-04
-3.847529646009206772e-03
-2.569759264588356018e-03
3.475040430203080177e-03
-2.204945543780922890e-03
-3.557754447683691978e-03
-2.752356929704546928e-03
1.387569820508360863e-03
-2.811315469443798065e-03
8.135841344483196735e-04
4.527437558863312006e-04
-1.992335310205817223e-03
2.644411986693739891e-03
-2.344358479604125023e-03
-1.536802155897021294e-03
2.148912753909826279e-03
-8.553580264560878277e-04
2.649297239258885384e-03
-3.021750133484601974e-03
-5.011799512431025505e-04
1.264332240680232644e-04
2.932020230218768120e-03
-3.511635353788733482e-03
-2.165298676118254662e-03
6.836385000497102737e-04
1.129512907937169075e-03
1.980878179892897606e-03
-8.372592274099588394e-04
1.868635765276849270e-03
-2.017101272940635681e-03
3.331278916448354721e-03
4.919072380289435387e-04
3.643254982307553291e-03
-5.813895259052515030e-04
-8.872807957231998444e-04
1.287934137508273125e-03
2.323385793715715408e-03
-2.125702798366546631e-03
-3.135961713269352913e-03
-1.088028191588819027e-03
1.271840883418917656e-03
3.047080943360924721e-03
-2.528476528823375702e-03
-1.170669449493288994e-03
3.281465964391827583e-03
-2.127043902873992920e-03
2.755946479737758636e-03
