2.883836394175887108e-03
2.769941464066505432e-03
3.860171884298324585e-03
2.782381838187575340e-03
3.423314541578292847e-03
-2.047494985163211823e-03
6.978800229262560606e-05
-3.507802262902259827e-03
3.917125519365072250e-03
9.363322169519960880e-04
3.883834928274154663e-03
-6.002453155815601349e-04
-9.739550878293812275e-04
3.283764002844691277e-03
5.656340508721768856e-04
-3.155051497742533684e-03
1.094475621357560158e-03
2.909153932705521584e-03
1.087103853933513165e-03
9.402501164004206657e-04
-2.544936956837773323e-03
4.413955903146415949e-04
-1.818180317059159279e-03
-3.137812484055757523e-03
2.644866704940795898e-03
2.751880383584648371e-04
1.282064593397080898e-03
2.255398314446210861e-03
-1.308797043748199940e-03
-1.861591590568423271e-03
5.358257567422697321e-06
-1.117891282774507999e-03
-8.147846674546599388e-04
-2.182529307901859283e-03
-4.793409243575297296e-05
3.389616031199693680e-03
3.091801423579454422e-03
-3.018372226506471634e-03
1.437145518139004707e-03
-5.561579655477544293e-06
1.135153230279684067e-03
-1.174557371996343136e-03
2.890564035624265671e-03
-1.491528004407882690e-03
-3.314430592581629753e-03
-1.943369396030902863e-03
-1.906591642182320356e-04
-2.174352528527379036e-03
-1.207040157169103622e-03
1.225293613970279694e-03
-4.641037085093557835e-04
-6.435348186641931534e-04
2.210495062172412872e-03
-3.109775017946958542e-03
3.797564422711730003e-04
-4.520608636084944010e-04
1.922855502925813198e-03
-2.166863298043608665e-03
-2.809679834172129631e-03
-2.868074690923094749e-03
-5.610696971416473389e-04
4.524413088802248240e-04
-1.310390769504010677e-03
3.127318108454346657e-03
1.031790161505341530e-03
2.385497326031327248e-03
-6.171878776513040066e-04
2.553180558606982231e-03
-3.597128205001354218e-03
6.165165686979889870e-04
2.619285834953188896e-03
-3.198669059202075005e-03
9.085555211640894413e-04
3.650855505838990211e-03
-1.095441839424893260e-04
3.825240302830934525e-03
5.553682567551732063e-04
-1.944991876371204853e-03
-2.373180119320750237e-03
-1.187793444842100143e-03
8.440386154688894749e-04
2.729496918618679047e-03
2.229025354608893394e-03
2.241769107058644295e-03
4.946643343828327488e-07
-3.381225513294339180e-03
-3.130217781290411949e-03
-3.428635420277714729e-03
-5.920694093219935894e-04
3.056221408769488335e-03
1.912701874971389771e-03
-1.091504454961977899e-04
2.713617868721485138e-03
2.059736521914601326e-03
-1.597724272869527340e-03
1.113197999075055122e-03
3.298289841040968895e-03
1.283813500776886940e-03
3.417156403884291649e-03
1.581728225573897362e-03
-1.081504742614924908e-03
9.999074973165988922e-04
-2.194493077695369720e-03
2.204085001721978188e-03
-3.334660781547427177e-03
5.189357325434684753e-04
1.936543849296867847e-03
1.863672863692045212e-03
-2.527053235098719597e-03
3.483380423858761787e-03
-3.388161770999431610e-03
1.944627001648768783e-04
-2.694423077628016472e-03
3.182043787091970444e-03
2.673098817467689514e-03
-1.029756967909634113e-03
-8.608295465819537640e-04
9.768273448571562767e-04
1.162928645499050617e-03
7.613704656250774860e-04
2.919942606240510941e-03
-1.252297428436577320e-03
-2.394971903413534164e-03
2.443188801407814026e-03
-3.721470944583415985e-03
-1.140825683251023293e-03
-1.000164309516549110e-03
-1.887643011286854744e-03
1.252597663551568985e-03
-2.080666832625865936e-03
-3.852450172416865826e-04
3.605739912018179893e-03
-1.907068537548184395e-03
-4.041061620227992535e-04
2.309158910065889359e-03
1.850356115028262138e-03
3.236921271309256554e-03
-1.427519164280965924e-04
-3.614637302234768867e-03
-6.021892768330872059e-04
-8.956998353824019432e-04
3.280482720583677292e-03
1.718529732897877693e-03
-1.537843025289475918e-03
9.948445949703454971e-04
6.732046604156494141e-04
1.208984060212969780e-03
2.355536213144659996e-03
-2.107814187183976173e-03
1.026239595375955105e-03
1.039717244566418231e-04
-6.033417885191738605e-04
-3.505038097500801086e-03
1.973766833543777466e-03
-3.508678346406668425e-04
2.971480600535869598e-03
3.541983198374509811e-03
2.241885056719183922e-03
-2.786702534649521112e-04
2.334435470402240753e-03
2.156047266907989979e-04
-2.725732745602726936e-03
1.410569879226386547e-03
-3.102037822827696800e-03
-2.881615946535021067e-04
2.694144845008850098e-03
-2.419701340841129422e-04
-2.964791376143693924e-03
3.196644363924860954e-03
-3.331428859382867813e-03
-6.559326429851353168e-04
3.383343573659658432e-03
-4.216225934214890003e-04
3.377570305019617081e-03
3.558240365236997604e-03
-3.258660668507218361e-03
6.420866702683269978e-05
-4.532000748440623283e-04
-2.949364250525832176e-03
-3.088757861405611038e-03
5.043779965490102768e-04
-2.692058333195745945e-04
-2.039715880528092384e-03
2.321410691365599632e-03
2.482435666024684906e-03
2.692755777388811111e-03
2.693185117095708847e-03
-2.357232617214322090e-03
6.644561071880161762e-04
-2.701935824006795883e-03
-6.913277320563793182e-04
3.463418921455740929e-03
-3.651708830147981644e-03
-3.251910908147692680e-03
4.945622058585286140e-04
2.103222534060478210e-03
-1.950948964804410934e-03
-1.318069407716393471e-03
1.068366691470146179e-03
1.233942224644124508e-03
-1.348839257843792439e-03
-2.020524116232991219e-03
3.135957755148410797e-03
3.912929969374090433e-04
-2.930526854470372200e-03
-3.895269939675927162e-03
1.362627488560974598e-03
-2.609253162518143654e-03
3.650097176432609558e-03
2.283088397234678268e-03
3.626906080171465874e-03
-4.414875875227153301e-04
-3.364899428561329842e-03
2.382864244282245636e-03
1.522414851933717728e-03
-2.524634590372443199e-03
-3.079807385802268982e-03
-1.447023241780698299e-04
-5.578774143941700459e-04
-1.602662960067391396e-03
-1.573634508531540632e-04
-1.405145390890538692e-03
-1.379577879561111331e-04
-1.220850972458720207e-03
-2.180737676098942757e-03
2.638431731611490250e-03
3.028005594387650490e-03
-3.047160338610410690e-03
-3.520666388794779778e-03
-1.323250355198979378e-03
3.814080962911248207e-03
2.680967096239328384e-03
-2.722783014178276062e-03
-3.650016617029905319e-03
-2.506747550796717405e-04
2.102197322528809309e-04
4.917363985441625118e-04
2.204856136813759804e-03
-1.058285008184611797e-03
1.396446372382342815e-03
7.007773383520543575e-04
2.621092367917299271e-03
2.998818177729845047e-03
3.948848461732268333e-04
1.694941311143338680e-03
-4.337013815529644489e-04
-3.308004466816782951e-03
1.075672116712667048e-04
-1.268674735911190510e-03
2.833150792866945267e-03
-1.944639370776712894e-03
-2.814875682815909386e-03
-2.865275368094444275e-03
2.254097955301403999e-03
-2.945908345282077789e-03
-1.273863133974373341e-03
