3.834265051409602165e-03
1.376980217173695564e-03
7.711349171586334705e-04
-1.506032276665791869e-04
3.073967993259429932e-03
-4.792670952156186104e-04
-3.301876829937100410e-03
8.123607840389013290e-04
-3.138664178550243378e-03
7.270239293575286865e-04
-5.413288599811494350e-04
-1.931696780957281590e-03
-2.920316299423575401e-03
-9.809728944674134254e-04
2.770446939393877983e-03
-3.431200515478849411e-03
1.443226821720600128e-03
-3.303707577288150787e-03
2.383902436122298241e-03
-1.494891941547393799e-03
7.842225022614002228e-04
2.820702735334634781e-03
1.485330401919782162e-03
-2.074693329632282257e-03
1.063389354385435581e-03
-8.936977246776223183e-04
2.705162158235907555e-03
2.973499940708279610e-03
2.175772795453667641e-03
2.608195180073380470e-03
-1.289867446757853031e-03
2.205753698945045471e-03
-3.096716944128274918e-03
3.898703726008534431e-03
7.493882731068879366e-05
2.756857247732114047e-05
3.019925206899642944e-03
7.250484777614474297e-04
3.517383709549903870e-03
3.260812722146511078e-03
1.483051892137154937e-05
-1.710833515971899033e-03
-3.895550733432173729e-03
3.856064286082983017e-03
3.803988220170140266e-03
-7.975509506650269032e-04
3.710165852680802345e-03
2.243015682324767113e-03
1.364205381833016872e-03
1.149624818935990334e-03
-2.002695109695196152e-03
-4.297118575777858496e-04
2.655787160620093346e-03
2.235752530395984650e-03
-2.043866552412509918e-03
-1.569678890518844128e-03
5.962158902548253536e-04
3.370679682120680809e-03
1.688031945377588272e-03
-3.674959996715188026e-03
3.276773262768983841e-03
-1.153850345872342587e-03
3.860700177028775215e-03
-4.548367360257543623e-05
-7.113465107977390289e-04
1.592672051629051566e-04
1.034606946632266045e-03
3.358999965712428093e-03
-5.493937060236930847e-04
6.540540489368140697e-04
-1.245660532731562853e-04
-3.200640203431248665e-03
2.354473806917667389e-03
2.594457706436514854e-03
-1.699133863439783454e-04
-3.313085762783885002e-03
-3.520969068631529808e-03
-8.162019657902419567e-04
3.810230176895856857e-03
-4.943729727528989315e-04
8.537062094546854496e-04
-2.027853624895215034e-03
1.038056099787354469e-03
2.101064193993806839e-03
-4.598807427100837231e-04
-3.626226214691996574e-03
2.027774462476372719e-03
-1.990743476198986173e-04
-2.321655629202723503e-04
4.733437963295727968e-04
-2.883205423131585121e-03
-4.452056309673935175e-04
2.199607435613870621e-03
3.189318813383579254e-04
-7.338239811360836029e-05
4.136554343858733773e-05
1.043612835928797722e-03
6.127736996859312057e-04
-2.774430671706795692e-03
-1.192224881378933787e-04
-2.885883674025535583e-03
3.856454277411103249e-03
5.083853029645979404e-04
-3.513256087899208069e-03
3.022734308615326881e-03
-3.350620158016681671e-03
-3.888594219461083412e-04
-3.823792096227407455e-03
-3.685060190036892891e-03
2.676146803423762321e-03
9.985968936234712601e-04
-2.928229514509439468e-03
-2.747705439105629921e-04
6.293877959251403809e-04
-1.186955836601555347e-03
-3.155491081997752190e-03
-6.752936751581728458e-04
-2.548367017880082130e-03
3.077187808230519295e-03
9.238051279680803418e-05
-2.901859348639845848e-03
3.249277593567967415e-03
-3.332022606628015637e-05
-1.427563955076038837e-03
-3.784208558499813080e-03
1.208029789268039167e-05
-1.913164858706295490e-03
2.888609655201435089e-03
-3.106882097199559212e-03
2.035694895312190056e-03
-2.271584700793027878e-03
-9.016063995659351349e-04
2.572628902271389961e-03
2.726851089391857386e-04
3.135483944788575172e-03
1.612606691196560860e-03
-4.491580766625702381e-04
2.596823265776038170e-03
-1.112111494876444340e-03
-3.802571445703506470e-03
-2.910664537921547890e-03
1.056915614753961563e-03
3.769133472815155983e-03
-8.055056678131222725e-04
1.964040799066424370e-03
-3.445057431235909462e-03
-1.771514420397579670e-03
3.660807851701974869e-03
-3.213934134691953659e-03
1.621478237211704254e-03
6.220052600838243961e-04
-7.505373796448111534e-04
3.732345299795269966e-03
6.140902987681329250e-04
-1.694790669716894627e-03
-2.369110705330967903e-03
-2.338202204555273056e-03
3.307317383587360382e-04
9.010543581098318100e-04
-1.214683405123651028e-03
-1.507845940068364143e-03
9.544303757138550282e-04
-3.373404033482074738e-03
-3.383033210411667824e-03
2.347853034734725952e-03
-1.535831019282341003e-03
-1.075565116479992867e-03
8.053054334595799446e-04
-3.090270096436142921e-03
-5.117562250234186649e-04
-2.882458968088030815e-03
1.809112145565450191e-03
2.247477648779749870e-03
1.346292789094150066e-03
-2.893342869356274605e-03
2.248619217425584793e-03
-1.958309439942240715e-03
2.830853918567299843e-03
5.705489893443882465e-04
2.763962140306830406e-03
2.696317678783088923e-04
-1.151264645159244537e-03
1.981029752641916275e-03
2.104285871610045433e-03
2.222287002950906754e-03
-3.827169770374894142e-03
-3.216095792595297098e-04
9.519503219053149223e-04
-2.125815022736787796e-03
3.714943071827292442e-03
-5.941118579357862473e-04
1.867450424470007420e-03
1.220403355546295643e-03
-1.163568813353776932e-03
-2.950942842289805412e-03
2.249856013804674149e-03
-8.788184495642781258e-04
-2.274848986417055130e-03
-3.687069518491625786e-03
-7.262281724251806736e-04
-3.459693863987922668e-03
-1.233863527886569500e-03
-2.358193509280681610e-03
2.085274085402488708e-03
-7.847880478948354721e-04
-1.472361269406974316e-03
1.856986316852271557e-03
-1.358014880679547787e-03
2.996256342157721519e-03
-3.729291260242462158e-03
-2.884243149310350418e-03
2.890740754082798958e-03
-2.050526905804872513e-03
-2.021418476942926645e-04
2.743332413956522942e-03
2.897244645282626152e-03
-1.275799819268286228e-03
1.943913171999156475e-03
3.727471223101019859e-03
9.121481562033295631e-04
-3.110882593318820000e-03
2.660197904333472252e-03
-7.098156493157148361e-04
1.143773552030324936e-04
3.141437482554465532e-04
-1.621288392925634980e-04
-9.371268097311258316e-04
-3.245150903239846230e-03
-2.794016618281602859e-03
-2.401904435828328133e-03
3.500780789181590080e-03
1.113323844037950039e-03
2.340976847335696220e-03
-3.733269171789288521e-03
1.783966436050832272e-03
3.883084049448370934e-03
-1.648949109949171543e-03
3.054036060348153114e-03
-5.419455701485276222e-04
3.392435843124985695e-03
3.824872197583317757e-03
-3.993292630184441805e-04
-1.454691868275403976e-03
-2.053844276815652847e-03
3.701425157487392426e-03
1.877588510978966951e-04
3.060916205868124962e-03
1.913196902023628354e-04
-1.540635945275425911e-03
-2.815617946907877922e-03
-3.444904228672385216e-03
1.546173123642802238e-03
2.528431941755115986e-04
-2.509302226826548576e-03
-9.558790770824998617e-05
-7.544691470684483647e-05
