2.910901559516787529e-03
-4.794497508555650711e-04
-9.030774235725402832e-04
2.741595031693577766e-03
-2.283027861267328262e-03
-3.192453412339091301e-03
2.411931287497282028e-03
2.233279170468449593e-03
-2.737362869083881378e-03
-2.018241910263895988e-03
-2.252591308206319809e-03
2.468289574608206749e-03
-3.435348044149577618e-04
3.572162007912993431e-03
2.741780830547213554e-03
6.604962982237339020e-04
2.352415816858410835e-03
-2.018279861658811569e-03
-2.728339750319719315e-04
-9.963207412511110306e-04
-1.885643112473189831e-03
-2.389400964602828026e-03
3.124779090285301208e-03
-6.758673698641359806e-04
-1.531815039925277233e-03
1.743554894346743822e-04
3.889385610818862915e-03
1.643187715671956539e-03
3.045563644263893366e-04
-3.232600400224328041e-03
3.793460549786686897e-03
-1.050146645866334438e-03
-3.362477291375398636e-03
-2.156188478693366051e-03
1.247489359229803085e-03
-6.123940693214535713e-04
1.005456317216157913e-03
-3.787669411394745111e-04
3.681684378534555435e-03
-1.269340515136718750e-03
3.162912325933575630e-03
-2.128720516338944435e-03
3.719861619174480438e-03
1.931906561367213726e-03
2.303836401551961899e-03
-3.500826656818389893e-03
-2.133478992618620396e-04
2.587549621239304543e-03
-3.454734804108738899e-03
-6.683088140562176704e-04
5.783620508736930788e-05
-1.178401755169034004e-03
-1.173322787508368492e-03
3.765554167330265045e-03
-2.194246044382452965e-03
8.168536442099139094e-05
1.071636332198977470e-03
6.864102906547486782e-04
3.452509408816695213e-03
2.688820473849773407e-03
-1.345436176052317023e-04
-1.809641718864440918e-03
-1.249300781637430191e-03
-3.556942334398627281e-03
-2.610459458082914352e-03
2.697817748412489891e-03
-3.876242088153958321e-03
5.399489891715347767e-04
-1.950512756593525410e-03
3.816493554040789604e-03
3.198955906555056572e-03
-2.345104236155748367e-03
2.044128719717264175e-03
1.992256846278905869e-03
-1.747046946547925472e-03
-3.905319841578602791e-03
-2.365631749853491783e-03
1.908112317323684692e-03
-2.168697072193026543e-03
2.560159657150506973e-03
8.039852837100625038e-04
2.313223201781511307e-03
2.875583944842219353e-03
-1.137936138547956944e-03
8.786565158516168594e-04
1.350816572085022926e-03
-2.306491136550903320e-03
5.590212531387805939e-04
-1.965745817869901657e-03
1.688274322077631950e-03
-2.283633220940828323e-03
3.405684139579534531e-03
-2.778720110654830933e-03
3.159870160743594170e-03
8.886065334081649780e-04
6.926245405338704586e-04
2.015570207731798291e-04
-5.684324423782527447e-04
-3.771895542740821838e-03
-1.903133088489994407e-04
2.410026500001549721e-03
-2.297159982845187187e-03
-3.185695386491715908e-04
2.948975889012217522e-03
-2.802583621814846992e-03
2.339115744689479470e-04
3.000850090757012367e-03
9.746982250362634659e-04
3.361113835126161575e-03
-1.103209215216338634e-03
2.866727532818913460e-03
-1.518163946457207203e-03
1.488302659709006548e-04
-2.963890787214040756e-03
-1.079875859431922436e-03
3.001160686835646629e-03
2.385790692642331123e-03
1.689379496383480728e-05
2.170686144381761551e-03
4.307061608415096998e-04
-2.175308531150221825e-03
1.944186515174806118e-03
2.794551895931363106e-03
2.783014206215739250e-03
-3.747278591617941856e-03
8.524785516783595085e-05
-1.704170368611812592e-03
1.942815957590937614e-03
-3.111312398687005043e-03
1.577289891429245472e-03
3.705940442159771919e-03
2.454658737406134605e-03
-3.589525353163480759e-03
9.419796988368034363e-04
-2.898999257013201714e-03
2.951680216938257217e-03
-7.188862655311822891e-04
2.187924692407250404e-03
3.404590534046292305e-03
-3.079087939113378525e-03
-1.845850725658237934e-03
-2.787237754091620445e-04
-2.364736516028642654e-03
-2.096049021929502487e-03
-2.856802195310592651e-03
-1.182772917672991753e-03
3.543647471815347672e-03
1.938610337674617767e-03
1.894232118502259254e-03
2.013286575675010681e-03
1.169378985650837421e-03
-3.848320338875055313e-03
-1.179557060822844505e-03
-9.903258178383111954e-04
1.188891357742249966e-03
-1.391411991789937019e-03
-2.650837879627943039e-03
3.436063183471560478e-03
1.725736423395574093e-03
1.847872161306440830e-03
-3.176717087626457214e-03
7.352175307460129261e-04
5.947240861132740974e-04
-3.833918017335236073e-04
3.265896230004727840e-04
2.794867614284157753e-03
2.804511459544301033e-03
7.179360836744308472e-04
-1.700145658105611801e-03
1.900089671835303307e-03
1.350113656371831894e-03
-3.903282340615987778e-03
9.859021520242094994e-04
-6.590425036847591400e-04
1.263666199520230293e-04
3.900307463482022285e-03
1.804949366487562656e-03
-2.198592526838183403e-03
4.563475376926362514e-04
3.063746495172381401e-03
2.072712406516075134e-03
1.537900679977610707e-04
-1.128563075326383114e-03
4.335034172981977463e-04
2.855387050658464432e-03
1.074945088475942612e-03
-1.191354938782751560e-03
2.839356195181608200e-03
1.821858575567603111e-03
-3.778732381761074066e-03
-3.727036761119961739e-03
-2.786356257274746895e-03
-2.736284164711833000e-03
-2.907176502048969269e-03
-3.925499913748353720e-04
8.679752354510128498e-04
-1.300597563385963440e-03
-3.231842769309878349e-03
1.512563670985400677e-03
1.331993029452860355e-03
-2.072492614388465881e-03
-4.714716051239520311e-04
-5.713167483918368816e-04
-2.984031103551387787e-03
-2.219663467258214951e-03
-1.221539685502648354e-03
2.068257192149758339e-03
-2.357062883675098419e-03
1.386851654388010502e-03
-6.143432110548019409e-04
2.667983761057257652e-03
-2.088225679472088814e-03
3.368493635207414627e-04
4.150359600316733122e-04
-2.357157412916421890e-03
-2.619558945298194885e-03
1.042425283230841160e-03
3.703057998791337013e-03
-2.312195952981710434e-03
2.376837364863604307e-04
2.032088581472635269e-03
-8.134177187457680702e-04
3.566710511222481728e-04
2.166465856134891510e-03
-1.630297396332025528e-03
2.977418480440974236e-03
-4.883155343122780323e-04
-1.159567502327263355e-03
2.832693513482809067e-03
1.603554817847907543e-03
3.541287733241915703e-03
-1.312611741013824940e-03
3.784708911553025246e-03
-7.061471842462196946e-05
-1.014927751384675503e-03
9.543447231408208609e-05
1.866903156042098999e-03
1.817066688090562820e-03
-1.134889389504678547e-04
-8.186729974113404751e-04
8.077753009274601936e-04
-3.063563490286469460e-04
3.341531613841652870e-03
2.472428139299154282e-03
6.858402048237621784e-04
-2.659020945429801941e-03
2.217581495642662048e-03
-2.931301947683095932e-03
1.055901288054883480e-03
2.016017242567613721e-04
2.452823566272854805e-03
-5.489405011758208275e-04
2.896967052947729826e-04
-3.561967052519321442e-03
-1.803991966880857944e-03
3.449820214882493019e-04
