-2.784062875434756279e-03
-3.491403069347143173e-03
-3.161113010719418526e-03
1.812970614992082119e-03
-2.691024448722600937e-03
5.278190365061163902e-04
9.469524375163018703e-04
1.470973715186119080e-03
3.046193625777959824e-03
-3.895238274708390236e-03
-6.550334510393440723e-04
2.563955495133996010e-04
-2.193814580095931888e-04
2.451634733006358147e-03
-1.698376960121095181e-03
-3.104706527665257454e-03
2.957184333354234695e-03
-1.821820391342043877e-03
1.355188665911555290e-03
1.775974524207413197e-03
-3.177102189511060715e-04
1.189887174405157566e-03
1.366374897770583630e-03
2.494933723937720060e-04
-6.347618182189762592e-04
-2.205843338742852211e-03
2.858894411474466324e-03
2.439940581098198891e-03
3.074977779760956764e-03
-3.087827935814857483e-03
-1.401963436364894733e-05
1.717121456749737263e-03
3.646091790869832039e-03
-1.346028991974890232e-03
-1.749777002260088921e-03
-1.942057861015200615e-03
1.254081493243575096e-03
-1.529453787952661514e-03
1.581185264512896538e-03
-3.795005846768617630e-03
-2.572429599240422249e-03
-2.419077092781662941e-03
2.867134520784020424e-03
-1.922923693200573325e-04
-2.123772865161299706e-03
3.472894197329878807e-03
2.010627504205331206e-04
-2.076597593259066343e-04
-6.226531695574522018e-04
1.863795798271894455e-03
-5.050487743574194610e-05
-1.908668433316051960e-03
-1.045703538693487644e-03
-3.365048614796251059e-04
1.766553847119212151e-03
-3.299476346001029015e-03
2.851123223081231117e-03
-1.288808649405837059e-03
3.162555629387497902e-03
1.634408981772139668e-04
-2.728765830397605896e-03
-9.675654000602662563e-04
-3.433061763644218445e-03
1.797864097170531750e-03
2.226936630904674530e-03
-2.656038384884595871e-03
-1.027316553518176079e-03
-4.526548727881163359e-04
2.791726728901267052e-03
-3.350372659042477608e-03
-4.111599700991064310e-04
-1.447054441086947918e-03
2.878798870369791985e-03
-3.417655592784285545e-03
1.215651165693998337e-03
3.484842833131551743e-03
-3.534997813403606415e-03
-1.431722543202340603e-03
-2.136149210855364799e-03
-1.876781228929758072e-03
-2.365099266171455383e-03
-1.596964313648641109e-03
6.454700487665832043e-04
4.811089311260730028e-04
1.265209401026368141e-03
-3.376980777829885483e-03
3.583542769774794579e-03
-4.406136868055909872e-04
1.715074060484766960e-03
1.151911099441349506e-03
-1.059821661328896880e-04
2.271317178383469582e-03
-2.969615161418914795e-03
-1.401379355229437351e-03
-3.630994819104671478e-03
2.970911154989153147e-04
-1.130014308728277683e-03
1.153114717453718185e-03
3.570856992155313492e-03
-3.571034641936421394e-03
-2.268722513690590858e-03
-6.263693794608116150e-04
1.185607630759477615e-03
3.573524532839655876e-03
-1.582742785103619099e-03
2.943484811112284660e-03
-2.965576481074094772e-03
-2.744788769632577896e-03
-2.422617515549063683e-03
2.002906287088990211e-03
-1.286889659240841866e-03
1.848093466833233833e-03
1.845511374995112419e-03
1.904673059470951557e-03
-3.855065442621707916e-03
2.532782731577754021e-03
-1.256176386959850788e-03
2.617483260110020638e-03
3.449987387284636497e-03
-1.942741684615612030e-03
-1.296225702390074730e-03
3.096684347838163376e-03
3.732517128810286522e-03
1.690872129984200001e-03
-2.970234258100390434e-03
6.269114674068987370e-04
-3.790249349549412727e-03
2.497940731700509787e-04
-1.714286510832607746e-03
3.217092016711831093e-03
3.785831388086080551e-03
3.365451470017433167e-03
-3.474087221547961235e-03
-2.220550086349248886e-03
-1.440656487829983234e-03
-2.756889443844556808e-03
2.442639961373060942e-04
1.596754649654030800e-03
1.259923446923494339e-03
3.549386747181415558e-03
-3.216344164684414864e-03
-3.323063720017671585e-04
2.010849071666598320e-03
2.362574217841029167e-03
-2.767126774415373802e-03
1.545228646136820316e-03
1.216220087371766567e-03
-1.465793815441429615e-03
3.546896390616893768e-03
-9.186256793327629566e-04
-3.357574576511979103e-03
1.841661054641008377e-03
2.055065706372261047e-03
1.799651421606540680e-03
2.736470196396112442e-03
1.790299662388861179e-03
2.426772611215710640e-03
3.283093683421611786e-03
-1.959207933396100998e-03
-2.899228828027844429e-03
-3.784215368796139956e-04
3.383121220394968987e-03
-3.899239934980869293e-03
-1.017297967337071896e-03
2.577201230451464653e-03
-3.887466387823224068e-03
-3.751698881387710571e-03
-9.689077851362526417e-04
2.397928154096007347e-03
-1.002338365651667118e-03
2.117994474247097969e-03
-2.643399871885776520e-03
-8.754113805480301380e-04
-2.386932028457522392e-03
5.419874287326820195e-05
9.835783857852220535e-04
2.714050700888037682e-03
2.969115041196346283e-03
-2.715712413191795349e-03
-2.148546191165223718e-04
2.881043124943971634e-03
9.635583846829831600e-04
-2.863315166905522346e-04
-3.554472234100103378e-03
3.202504245564341545e-03
-1.746096997521817684e-03
2.029497700277715921e-04
2.595992526039481163e-03
1.182517851702868938e-03
2.725097001530230045e-04
2.616324636619538069e-04
1.306286430917680264e-04
1.422327826730906963e-03
1.475760131143033504e-03
3.181504085659980774e-03
3.748448332771658897e-03
2.923739841207861900e-03
2.651593647897243500e-03
2.956234849989414215e-03
-6.820249836891889572e-04
-1.875876216217875481e-03
6.759395910194143653e-05
-2.620122162625193596e-03
-3.425250528380274773e-03
3.363251453265547752e-03
-1.440030871890485287e-03
2.900701714679598808e-03
1.584977842867374420e-03
-3.668237011879682541e-03
6.924044573679566383e-04
-2.655858697835355997e-04
-7.632610504515469074e-04
-2.568724798038601875e-03
-2.522539580240845680e-03
7.546347333118319511e-04
4.052473523188382387e-04
1.982753630727529526e-03
-1.103964867070317268e-03
-1.611593528650701046e-03
9.681819938123226166e-04
-3.310697851702570915e-03
-3.774359822273254395e-03
3.848096821457147598e-03
2.316162455826997757e-03
3.219898324459791183e-03
-2.955166622996330261e-03
2.672567730769515038e-03
-1.836155774071812630e-03
2.470195293426513672e-03
1.039391383528709412e-03
3.458883846178650856e-03
4.441845812834799290e-04
1.065611373633146286e-03
1.700238673947751522e-03
9.990226244553923607e-04
-3.806408960372209549e-03
2.850274322554469109e-03
1.057932386174798012e-03
3.197575220838189125e-03
2.004572888836264610e-03
-1.694163074716925621e-03
3.732827957719564438e-03
-1.973926788195967674e-03
-9.724100236780941486e-04
-2.957366639748215675e-03
-2.624047687277197838e-03
-6.424870662158355117e-05
1.458719256334006786e-03
-4.600997726811328903e-06
1.524289837107062340e-03
2.488944679498672485e-03
-2.822523820213973522e-04
8.998573175631463528e-04
1.331796986050903797e-03
-1.174249802716076374e-03
6.625209935009479523e-04
