1.136621809564530849e-03
3.176806028932332993e-03
1.357008120976388454e-03
3.157631726935505867e-03
1.097734435461461544e-03
2.388612832874059677e-03
-1.211112132295966148e-03
-1.823703758418560028e-03
-2.708808751776814461e-03
1.188126043416559696e-03
-1.343888812698423862e-03
1.370534591842442751e-04
3.557900898158550262e-03
-2.170147141441702843e-03
2.233493141829967499e-03
2.054095966741442680e-03
-2.623213687911629677e-03
1.357731176540255547e-03
3.342296229675412178e-03
3.641358343884348869e-03
-3.868441795930266380e-03
-3.624867880716919899e-03
2.277519321069121361e-03
3.846664912998676300e-03
-2.792324637994170189e-03
1.558133400976657867e-03
3.364226548001170158e-03
-2.423239173367619514e-03
-1.657424261793494225e-03
2.427662722766399384e-03
-1.487269764766097069e-03
2.632280578836798668e-03
-2.765337470918893814e-03
-8.890351746231317520e-04
2.048949012532830238e-03
2.434384077787399292e-03
1.156635931693017483e-03
2.042463165707886219e-04
2.071430906653404236e-03
2.821149304509162903e-03
2.872616052627563477e-03
3.207667032256722450e-03
1.517212367616593838e-03
-2.650724491104483604e-03
2.728746039792895317e-03
-4.860591434407979250e-04
-8.694519056007266045e-04
3.468281356617808342e-03
2.683548023924231529e-03
-1.603470300324261189e-03
1.816475414671003819e-03
-2.718180185183882713e-03
-2.638796111568808556e-03
2.900954801589250565e-03
-3.110493416897952557e-04
-3.877811366692185402e-03
2.634158125147223473e-03
3.086792072281241417e-03
1.076643820852041245e-03
-2.518029417842626572e-03
6.851470516266999766e-06
-6.862313603051006794e-04
-5.417070351541042328e-04
2.837578998878598213e-03
-1.996459206566214561e-03
-3.851879155263304710e-03
1.760790357366204262e-03
2.249899553135037422e-03
2.104851417243480682e-03
-3.164574969559907913e-03
3.317453665658831596e-03
1.095609623007476330e-03
-3.325486904941499233e-04
-9.670499712228775024e-04
-8.254877757281064987e-04
-5.577948177233338356e-04
1.698538544587790966e-03
2.859877422451972961e-03
5.284498183755204082e-05
9.846731554716825485e-04
2.165610640076920390e-04
-2.424682257696986198e-03
1.450480311177670956e-03
-2.573837758973240852e-03
2.784738084301352501e-03
-8.059247629716992378e-04
-1.412563491612672806e-03
-5.639575538225471973e-04
-1.151924603618681431e-03
-1.431544544175267220e-03
2.192178042605519295e-03
-5.609226354863494635e-05
-2.954634604975581169e-03
-1.468870323151350021e-03
7.835052674636244774e-04
-3.130502300336956978e-03
-1.848149811848998070e-03
2.160000149160623550e-03
-1.234298688359558582e-03
1.020410913042724133e-03
-3.011533117387443781e-04
2.998119452968239784e-03
-1.652100123465061188e-03
9.646785329096019268e-04
3.327368292957544327e-03
-3.145948285236954689e-03
2.720040502026677132e-03
-1.501793041825294495e-03
1.027301070280373096e-03
-2.954771509394049644e-03
-2.690518042072653770e-03
1.842134399339556694e-03
-1.082899863831698895e-03
-3.305424237623810768e-03
2.387600485235452652e-03
-7.758461870253086090e-04
-1.022302385536022484e-04
-3.176735015586018562e-03
2.619378035888075829e-03
1.781240105628967285e-03
-5.516746896319091320e-04
-2.248907927423715591e-03
1.400543027557432652e-03
2.012797922361642122e-04
3.430104348808526993e-03
-1.859692973084747791e-03
-7.549132569693028927e-04
-1.209307229146361351e-03
-1.071283710189163685e-03
1.449505361961200833e-04
1.890671323053538799e-03
1.588684390299022198e-04
1.558508374728262424e-03
-3.615692257881164551e-03
-3.820984391495585442e-03
1.603018026798963547e-04
3.216251730918884277e-03
-1.414063619449734688e-03
2.850705292075872421e-03
-2.167817670851945877e-03
3.217730773030780256e-05
-3.603110788390040398e-03
2.531949197873473167e-03
6.852352526038885117e-04
-3.292605746537446976e-03
-9.770462056621909142e-04
1.560942386277019978e-03
3.908158687409013510e-04
-1.316372072324156761e-03
-2.119556069374084473e-03
-1.265555038116872311e-03
-2.534425584599375725e-03
-1.206281594932079315e-03
-3.627284895628690720e-03
1.739205792546272278e-03
-1.775006297975778580e-03
-2.149329986423254013e-03
-2.223938703536987305e-03
-2.475311048328876495e-04
2.129150961991399527e-04
-2.951289527118206024e-03
-3.353859996423125267e-03
-2.181548392400145531e-03
3.369829384610056877e-03
-7.421376649290323257e-04
3.371430793777108192e-03
-3.633218817412853241e-03
1.693083788268268108e-03
3.349062288179993629e-03
3.101090202108025551e-03
-3.093388397246599197e-03
2.547542564570903778e-03
1.160899293608963490e-03
1.949745274032466114e-05
2.203293843194842339e-03
1.248161192052066326e-03
-2.365430351346731186e-03
-1.931185368448495865e-03
-1.151015865616500378e-03
1.808082801289856434e-03
-1.757614081725478172e-03
-3.291874600108712912e-04
-3.045307006686925888e-03
1.172056188806891441e-03
-5.506213055923581123e-04
-2.179098315536975861e-03
2.140880795195698738e-03
3.392998361960053444e-03
2.382734091952443123e-03
-7.171849720180034637e-04
9.041050798259675503e-04
3.417594591155648232e-03
3.381853690370917320e-03
-1.468975562602281570e-03
-8.699003956280648708e-04
1.084753079339861870e-03
-2.820503897964954376e-03
2.585887210443615913e-03
-2.581107197329401970e-03
-6.116482545621693134e-04
-8.299889159388840199e-04
1.831151777878403664e-03
2.343581756576895714e-03
-2.674951916560530663e-03
-6.992654525674879551e-04
1.798334647901356220e-03
1.548376400023698807e-03
1.916346140205860138e-03
-2.809562953189015388e-03
-2.033706754446029663e-03
-2.249334240332245827e-03
-1.695362268947064877e-03
-4.418942844495177269e-04
1.346054836176335812e-03
1.895730732940137386e-03
-2.716471790336072445e-04
-1.855719950981438160e-03
1.709996286081150174e-05
-1.485673477873206139e-03
2.075230237096548080e-03
3.132733982056379318e-03
-2.738936571404337883e-03
6.036725608282722533e-06
-5.029382300563156605e-04
-1.508053625002503395e-03
-1.155582605861127377e-03
-1.450751093216240406e-03
2.154414309188723564e-03
-1.605637604370713234e-03
1.332542859017848969e-03
4.980676458217203617e-04
-3.801754675805568695e-03
2.246438991278409958e-03
4.727741470560431480e-04
-3.151942219119518995e-04
-1.802903367206454277e-03
3.564733779057860374e-04
-1.554144546389579773e-03
2.211092971265316010e-03
-3.554061288014054298e-03
2.288903808221220970e-03
-5.869466695003211498e-04
1.366854994557797909e-03
-4.570563614834100008e-04
9.621985373087227345e-04
-3.205693326890468597e-03
7.720676367171108723e-04
2.502829534932971001e-03
3.079612506553530693e-03
1.793729898054152727e-04
-3.208514535799622536e-03
1.436687889508903027e-03
-3.223147068638354540e-04
-1.884026103653013706e-03
1.174519071355462074e-03
2.125663682818412781e-03
