3.473753458820283413e-04
-2.747116610407829285e-03
2.437625778838992119e-03
2.965711057186126709e-03
-1.515041338279843330e-03
5.404366675065830350e-05
-1.482140069128945470e-04
2.854688325896859169e-03
2.306624781340360641e-03
2.831098623573780060e-03
2.806887729093432426e-03
1.637215609662234783e-04
-9.206740069203078747e-04
3.437691833823919296e-03
6.364368018694221973e-04
-1.145839574746787548e-03
-7.904943777248263359e-04
1.582927885465323925e-03
3.850525943562388420e-03
1.540272845886647701e-03
-1.048032310791313648e-03
3.530004527419805527e-03
-1.834135764511302114e-04
3.299012081697583199e-03
3.393677528947591782e-03
3.382631810382008553e-03
-1.661501475609838963e-03
-3.754467936232686043e-03
-3.363053314387798309e-03
6.083379848860204220e-04
-3.371567465364933014e-03
-1.767415902577340603e-03
-2.511327620595693588e-03
2.963326405733823776e-03
1.204604981467127800e-03
1.930758240632712841e-03
1.673870719969272614e-03
-3.458302235230803490e-03
-1.175332348793745041e-03
3.532114438712596893e-03
-6.637520855292677879e-04
2.753977430984377861e-03
1.949144992977380753e-03
2.460506511852145195e-03
3.175040241330862045e-03
2.398556564003229141e-03
2.851403085514903069e-03
-3.579235402867197990e-03
2.752599772065877914e-03
-5.481853731907904148e-04
2.025805646553635597e-03
-3.291077446192502975e-03
6.759736570529639721e-04
-3.518029407132416964e-04
-3.629012266173958778e-03
-7.010219269432127476e-04
1.731405034661293030e-03
-2.538343193009495735e-03
2.974018454551696777e-03
3.377126529812812805e-03
-8.291192934848368168e-04
3.110615769401192665e-03
3.153310855850577354e-03
-3.815223928540945053e-03
-1.761047285981476307e-03
1.910846098326146603e-03
6.627226248383522034e-04
3.818559227511286736e-03
-3.844394814223051071e-04
-5.423167604021728039e-04
3.038765629753470421e-03
1.925674383528530598e-03
1.151000848039984703e-03
2.040531020611524582e-03
1.009618397802114487e-03
3.110959194600582123e-03
-7.381110917776823044e-04
1.735654310323297977e-03
2.210073638707399368e-03
-3.164590802043676376e-03
-1.180408173240721226e-03
-8.997394470497965813e-04
-1.155234524048864841e-03
2.139900112524628639e-03
-1.833756687119603157e-03
2.602499211207032204e-03
6.108049419708549976e-04
-1.759385340847074986e-04
2.775144530460238457e-03
-1.954497536644339561e-03
-9.305304265581071377e-04
-2.941773040220141411e-03
-3.498238045722246170e-03
-1.668708166107535362e-03
-1.886343816295266151e-03
-5.972198414383456111e-05
-1.878509530797600746e-03
-3.698376007378101349e-03
1.008370745694264770e-04
3.434530692175030708e-03
-2.883285284042358398e-03
2.500463509932160378e-03
-1.380581641569733620e-03
-2.014129888266324997e-03
-2.755827503278851509e-03
3.045728197321295738e-03
-1.550459768623113632e-03
-1.497731660492718220e-03
-5.255502765066921711e-04
-2.436318434774875641e-03
2.587168943136930466e-03
-1.359147485345602036e-03
-3.283853176981210709e-03
-2.696029143407940865e-03
-2.822246402502059937e-03
1.787686254829168320e-03
1.272589783184230328e-03
2.022081054747104645e-03
3.189948620274662971e-03
1.560332253575325012e-03
-7.887131068855524063e-04
-2.135954098775982857e-03
-3.374205902218818665e-03
-1.401439309120178223e-03
2.617922378703951836e-03
3.766052657738327980e-03
2.599573927000164986e-03
-2.964857267215847969e-03
-9.056348935700953007e-04
-1.850999658927321434e-03
2.026454079896211624e-03
2.200748771429061890e-03
3.655636450275778770e-03
-3.166244132444262505e-03
-1.035110792145133018e-03
3.251334652304649353e-03
-2.135477261617779732e-03
3.346239682286977768e-03
2.969895023852586746e-03
1.905579993035644293e-04
-5.293069989420473576e-04
-4.281164146959781647e-04
-9.383099968545138836e-04
9.362069540657103062e-04
1.035049674101173878e-03
-2.936474047601222992e-03
1.693830010481178761e-03
-2.461486728861927986e-03
-1.701103756204247475e-03
-1.466887188144028187e-03
2.629078226163983345e-03
-3.121846355497837067e-03
-3.449525218456983566e-03
1.848918967880308628e-03
1.353229396045207977e-03
3.076680470257997513e-03
-1.993729965761303902e-03
-2.241719746962189674e-03
2.839496126398444176e-03
-2.060861792415380478e-03
8.713449351489543915e-04
-5.460277898237109184e-04
1.276654889807105064e-03
4.004091897513717413e-04
3.035948611795902252e-03
-3.175960388034582138e-03
3.751021344214677811e-03
-3.368881763890385628e-03
-3.122288500890135765e-03
7.691954961046576500e-04
-1.860376913100481033e-03
1.163768116384744644e-03
5.315535818226635456e-04
-3.003193764016032219e-03
-2.611831761896610260e-03
-8.519440889358520508e-04
-1.482743537053465843e-03
7.744292379356920719e-04
2.952325157821178436e-03
-1.760627957992255688e-03
3.120029112324118614e-03
-1.747646951116621494e-03
9.345774305984377861e-04
-1.046234508976340294e-03
-1.771487062796950340e-03
1.365725882351398468e-03
-1.691164914518594742e-03
2.614892553538084030e-03
3.464615205302834511e-03
-3.178894752636551857e-03
2.700112061575055122e-03
1.072228420525789261e-03
-1.984223956242203712e-03
5.597934068646281958e-05
3.457162994891405106e-03
-9.444758761674165726e-04
7.097705965861678123e-04
4.917039768770337105e-04
-6.604949594475328922e-04
-1.158875296823680401e-03
-7.003202917985618114e-04
1.273946953006088734e-03
-1.878247014246881008e-03
8.408703724853694439e-04
9.783006971701979637e-04
-1.672288868576288223e-03
1.106921466998755932e-03
2.412504982203245163e-03
7.372110849246382713e-04
-1.811010530218482018e-03
1.376388245262205601e-03
6.698415963910520077e-04
-2.869049785658717155e-03
-7.914699963293969631e-04
-2.582057146355509758e-03
3.112209262326359749e-03
1.446552807465195656e-03
1.647211611270904541e-04
-2.873119665309786797e-03
-2.498623449355363846e-03
2.557175932452082634e-03
1.779247249942272902e-04
-1.515282317996025085e-03
-2.111009554937481880e-03
-2.546685747802257538e-03
-1.346783945336937904e-03
-1.945072202943265438e-03
-3.665213473141193390e-03
2.580160973593592644e-03
-3.240170422941446304e-03
-6.866270559839904308e-04
2.478633774444460869e-03
1.623509684577584267e-03
1.390278921462595463e-03
1.190799870528280735e-03
-8.555901004001498222e-04
-4.619944957084953785e-04
1.681821886450052261e-03
2.782452851533889771e-03
2.903983928263187408e-03
-7.370084495050832629e-05
-1.184242544695734978e-03
1.529674162156879902e-03
2.056060824543237686e-03
1.550772343762218952e-03
-1.823964877985417843e-03
-1.964761177077889442e-03
-5.932928761467337608e-04
-3.339811693876981735e-03
-2.576697617769241333e-03
1.921946182847023010e-03
3.281196113675832748e-03
1.239122357219457626e-03
3.678595414385199547e-03
1.355399494059383869e-03
-2.157924231141805649e-03
