-2.742859302088618279e-03
-4.561596870189532638e-05
3.365183714777231216e-03
3.903887933120131493e-03
2.991292858496308327e-03
3.022827440872788429e-03
-4.097140044905245304e-04
-1.106289797462522984e-03
3.642882918938994408e-03
-3.208329202607274055e-03
-6.648054113611578941e-05
-3.721554763615131378e-03
3.910692408680915833e-03
-1.881361240521073341e-03
-2.839884953573346138e-03
-3.862748388200998306e-03
-6.535241118399426341e-05
-1.560566131956875324e-03
-3.711495548486709595e-03
-3.528664354234933853e-03
-6.139974575489759445e-04
1.992648700252175331e-03
-3.246839856728911400e-03
-4.167446459177881479e-04
-2.750994171947240829e-03
3.637933637946844101e-03
-1.842488069087266922e-03
-6.438127602450549603e-04
-1.857425668276846409e-03
-2.640008227899670601e-03
-2.946217777207493782e-03
-1.963062231880030595e-06
-1.669671655690763146e-05
9.638001793064177036e-04
-2.703146543353796005e-03
-3.858379204757511616e-04
-3.139264415949583054e-03
-9.220541687682271004e-04
-2.700724871829152107e-03
-2.837383886799216270e-03
3.757989034056663513e-03
-3.308427694719284773e-04
2.170806750655174255e-03
-1.091382233425974846e-03
-3.826441243290901184e-03
2.771534491330385208e-03
2.083149272948503494e-03
-9.470306104049086571e-04
1.656721229664981365e-03
-3.965723153669387102e-04
3.359071910381317139e-03
8.024129783734679222e-05
1.652372448006644845e-04
-2.711025066673755646e-03
2.456902991980314255e-03
3.413587110117077827e-03
-4.707670887000858784e-04
-2.679924480617046356e-03
-7.293591042980551720e-04
-1.913777785375714302e-03
2.848277799785137177e-03
-2.606771187856793404e-03
-2.122259931638836861e-03
-1.863045035861432552e-03
-2.788532758131623268e-03
4.796021094080060720e-04
2.197723835706710815e-03
-3.003036836162209511e-04
-1.955170184373855591e-03
3.734197234734892845e-03
1.959498040378093719e-03
-2.345701446756720543e-03
2.547811600379645824e-04
2.114712027832865715e-03
6.067769136279821396e-04
3.546773456037044525e-03
4.131087334826588631e-04
8.961916901171207428e-04
-1.957067754119634628e-03
3.660739632323384285e-03
3.062400734052062035e-03
-3.903979435563087463e-03
2.869265154004096985e-04
2.919297432526946068e-03
-1.014124252833425999e-03
9.528732625767588615e-04
2.864062553271651268e-03
2.614187309518456459e-03
-2.889686962589621544e-03
1.540238619782030582e-03
1.631707069464027882e-03
1.997043378651142120e-03
2.662817481905221939e-03
-3.529357491061091423e-03
-3.689383389428257942e-03
3.572973888367414474e-03
-2.177871065214276314e-04
-1.751228817738592625e-03
2.223822986707091331e-03
1.487370696850121021e-03
2.570193901192396879e-04
1.144992886111140251e-03
2.160292118787765503e-03
-1.618929207324981689e-03
3.317490685731172562e-03
-3.834725590422749519e-03
-2.191262785345315933e-03
-7.386887446045875549e-04
-6.283888942562043667e-04
3.606556914746761322e-03
6.802934803999960423e-04
3.870394779369235039e-03
1.843412057496607304e-03
1.135962316766381264e-03
-8.800499490462243557e-04
1.945700496435165405e-03
-1.962296897545456886e-03
-1.344229793176054955e-03
-3.537434618920087814e-03
-1.691167009994387627e-03
1.358407433144748211e-03
1.142291002906858921e-03
-3.029362531378865242e-03
2.901151077821850777e-03
-2.770879771560430527e-03
-2.269864780828356743e-03
7.817983278073370457e-04
3.470429684966802597e-03
3.237581579014658928e-03
6.655516335740685463e-04
-4.022284410893917084e-04
3.216890851035714149e-03
1.906294957734644413e-03
3.124408656731247902e-03
1.634216401726007462e-03
6.002754671499133110e-04
-2.022901782765984535e-03
-1.720645930618047714e-03
3.811276750639081001e-03
-8.456390933133661747e-04
-2.317053731530904770e-03
-8.738696342334151268e-04
1.497126766480505466e-03
3.280425211414694786e-03
2.426058519631624222e-03
-3.002555109560489655e-03
1.726370421238243580e-03
-7.755805854685604572e-04
-2.058621961623430252e-03
-3.641308518126606941e-03
6.312208715826272964e-04
-1.553986454382538795e-03
1.781645230948925018e-03
-7.156201172620058060e-05
2.113724913215264678e-04
-1.027219987008720636e-04
1.094106584787368774e-03
-6.500829476863145828e-04
-2.292420249432325363e-03
2.518333960324525833e-03
-3.687801072373986244e-03
2.788962563499808311e-03
3.777155652642250061e-03
-3.556982381269335747e-03
3.538725897669792175e-03
-3.439283696934580803e-03
-3.424592548981308937e-03
-1.857859781011939049e-03
3.085549920797348022e-03
-8.728072280064225197e-04
2.655562246218323708e-03
-3.368090605363249779e-03
1.421268912963569164e-03
-3.143964335322380066e-03
1.365536823868751526e-03
1.482138526625931263e-03
-3.265345236286520958e-03
3.649157471954822540e-03
1.854450325481593609e-03
-3.777188714593648911e-03
4.137381038162857294e-04
-3.007171442732214928e-03
1.397076994180679321e-03
3.570762462913990021e-03
3.692658385261893272e-03
-2.512487990316003561e-04
1.701313653029501438e-03
-3.260612953454256058e-03
1.803905121050775051e-03
-3.646770783234387636e-04
-3.494869684800505638e-03
3.009134670719504356e-04
-1.336563960649073124e-03
-7.146612624637782574e-04
1.028844970278441906e-03
3.796854289248585701e-03
-2.191137522459030151e-03
-2.574089448899030685e-03
3.195132361724972725e-03
-2.366681816056370735e-03
2.672455506399273872e-03
-1.914944732561707497e-03
2.851768629625439644e-03
6.225476972758769989e-04
3.307052189484238625e-03
3.129772376269102097e-03
1.245287363417446613e-03
1.191925373859703541e-03
1.714508252916857600e-04
3.683695103973150253e-04
3.739153034985065460e-03
1.400139532051980495e-03
6.871148070786148310e-05
-6.625808600801974535e-05
3.697269596159458160e-03
-7.992272730916738510e-04
-8.144319872371852398e-04
-1.325842109508812428e-03
-2.369591267779469490e-03
1.335635897703468800e-03
-2.513969549909234047e-03
-1.120893793995492160e-04
-5.115965614095330238e-04
9.673175372881814837e-05
-1.805851701647043228e-03
3.265388309955596924e-03
-2.668759087100625038e-03
2.881416585296392441e-03
1.581246033310890198e-03
2.688704989850521088e-03
2.964709885418415070e-03
1.390562159940600395e-03
-3.567481413483619690e-03
-2.435919450363144279e-04
2.518085530027747154e-03
2.125808037817478180e-03
3.378018969669938087e-03
3.510408103466033936e-03
-3.009968437254428864e-03
-2.622794592753052711e-03
4.977018688805401325e-04
8.187742205336689949e-04
-3.831619163975119591e-03
2.882133703678846359e-03
1.558500225655734539e-03
3.416282823309302330e-03
4.021601635031402111e-04
2.989226486533880234e-03
-8.252646075561642647e-04
-1.033849432133138180e-03
3.161353757604956627e-03
2.195782260969281197e-03
3.743856679648160934e-03
-9.035817347466945648e-04
8.543745498172938824e-04
-2.359744161367416382e-03
