-5.293297581374645233e-04
-2.365378430113196373e-03
1.170137780718505383e-03
-1.830177352530881763e-04
1.836049021221697330e-03
-8.869112352840602398e-04
-1.616962486878037453e-03
8.908299496397376060e-04
3.267968073487281799e-03
-1.956138992682099342e-03
1.049598213285207748e-03
-3.121912712231278419e-03
-2.651042304933071136e-03
-1.852582354331389070e-04
-3.426751121878623962e-03
1.089897472411394119e-03
6.303123664110898972e-04
-9.031547233462333679e-04
1.960577908903360367e-03
3.804494161158800125e-03
3.303051460534334183e-03
-7.437697495333850384e-04
7.980969967320561409e-04
-1.565254991874098778e-03
-3.215504577383399010e-03
2.453656634315848351e-03
-7.692805374972522259e-04
-2.539468405302613974e-04
-6.872242665849626064e-04
-1.770697534084320068e-03
1.592274638824164867e-03
-1.670177676714956760e-03
-3.740568179637193680e-03
3.495423123240470886e-03
1.632115454412996769e-03
3.614888992160558701e-03
2.596978796645998955e-03
1.141531858593225479e-03
3.832455258816480637e-03
-1.734431483782827854e-03
-2.656777389347553253e-03
1.658445456996560097e-03
1.457271864637732506e-03
-2.211733954027295113e-03
3.799584694206714630e-03
-1.391357043758034706e-03
3.734552999958395958e-03
3.171323041897267103e-04
-2.473594853654503822e-03
-7.704521995037794113e-04
-2.885157009586691856e-03
-1.156339189037680626e-03
4.095708427485078573e-04
3.706536721438169479e-03
3.649421501904726028e-03
-2.587240887805819511e-03
1.356803579255938530e-03
8.889234741218388081e-04
-9.764413116499781609e-04
-3.603866090998053551e-03
4.100302176084369421e-04
-3.193703712895512581e-03
2.471375511959195137e-03
-2.262383466586470604e-03
2.170160878449678421e-03
3.838632954284548759e-03
-6.343632412608712912e-05
1.777682336978614330e-03
-7.058249320834875107e-04
2.871744334697723389e-03
1.542303478345274925e-03
-3.525539301335811615e-03
-9.415450622327625751e-04
1.416479819454252720e-03
-4.629581235349178314e-05
-4.667963366955518723e-04
-4.152949841227382421e-04
-6.488327053375542164e-04
2.363907842664048076e-04
1.628485741093754768e-03
-1.658434048295021057e-03
-1.500406302511692047e-03
-1.577233160787727684e-05
1.019172414089553058e-04
-6.190518615767359734e-05
-1.864343299530446529e-03
1.691072713583707809e-03
-8.535594679415225983e-04
8.225791389122605324e-04
2.569638891145586967e-04
2.333281561732292175e-03
-2.682510763406753540e-03
-2.666750457137823105e-03
-1.750702038407325745e-03
3.687575692310929298e-03
-6.173269357532262802e-04
-3.688857425004243851e-03
-2.101887366734445095e-04
-1.736513455398380756e-03
2.349510556086897850e-03
-3.746715839952230453e-03
1.113311969675123692e-03
-3.618666203692555428e-03
4.822209593839943409e-04
2.345767337828874588e-03
2.886992180719971657e-03
-2.979825716465711594e-03
-2.362489234656095505e-03
-2.660953905433416367e-03
-3.101798938587307930e-03
-3.704800270497798920e-03
-8.352490258403122425e-04
-3.300636308267712593e-04
-2.836445579305291176e-03
2.650476992130279541e-03
4.347224021330475807e-04
2.277466002851724625e-03
5.852166796103119850e-04
3.178437182214111090e-04
-2.880355576053261757e-03
-8.576498948968946934e-04
1.683886977843940258e-03
-1.991237048059701920e-03
4.448619729373604059e-04
1.124774687923491001e-03
-5.996877443976700306e-04
3.876294475048780441e-03
3.259176155552268028e-03
9.450603392906486988e-04
2.779946196824312210e-03
2.309023635461926460e-03
-2.189102815464138985e-03
-2.014842815697193146e-03
-2.611408475786447525e-03
-3.036940470337867737e-03
3.251045243814587593e-03
-7.754056714475154877e-04
-2.677161479368805885e-03
-1.624096767045557499e-03
2.015267731621861458e-03
-1.120331347920000553e-03
-1.460076658986508846e-03
6.265475531108677387e-04
-1.082342001609504223e-03
-6.192079745233058929e-04
4.278241249267011881e-04
-1.165352412499487400e-03
3.332894062623381615e-03
1.537394127808511257e-03
-3.898209892213344574e-03
2.442923607304692268e-03
-2.641393337398767471e-03
2.993948874063789845e-04
1.719201798550784588e-03
-1.992126228287816048e-03
-8.265951764769852161e-04
3.166540991514921188e-03
-1.656280248425900936e-03
-2.987021813169121742e-03
3.614021698012948036e-03
-8.457434014417231083e-04
-1.847399747930467129e-03
3.349054371938109398e-03
1.682671369053423405e-03
1.689936849288642406e-03
3.625533077865839005e-03
-3.304599784314632416e-03
2.048513619229197502e-03
8.027976728044450283e-04
1.632116618566215038e-03
6.648724665865302086e-04
1.745021087117493153e-03
1.751868519932031631e-03
2.383732004091143608e-03
-1.252726186066865921e-03
-1.790234353393316269e-03
-1.728913484839722514e-04
1.000894699245691299e-03
-1.275216811336576939e-03
2.365820109844207764e-03
1.620251568965613842e-03
3.030847059562802315e-03
1.000242191366851330e-03
3.175007645040750504e-03
-5.367004196159541607e-04
3.160452703014016151e-03
1.453113742172718048e-03
-3.145266091451048851e-03
-1.530793495476245880e-03
-9.699463844299316406e-04
1.912333769723773003e-03
-3.488139482215046883e-04
-1.105698873288929462e-03
3.059493610635399818e-03
3.652396611869335175e-03
-6.305353599600493908e-04
-2.013196237385272980e-03
-1.844194834120571613e-03
-1.896481844596564770e-03
-3.745781024917960167e-03
5.286698578856885433e-04
-1.648904173634946346e-03
9.899381548166275024e-04
2.197536639869213104e-03
-1.577801536768674850e-03
-3.740560729056596756e-03
6.072946125641465187e-04
-2.616396173834800720e-03
9.708292200230062008e-04
-1.480902195908129215e-03
2.763141412287950516e-03
2.549642813391983509e-04
1.397682819515466690e-03
-1.067368430085480213e-03
-6.664106040261685848e-04
2.987251849845051765e-03
5.514209042303264141e-04
-2.285050926730036736e-03
-3.064168384298682213e-03
4.821868205908685923e-04
2.520677400752902031e-03
2.172519452869892120e-03
-3.509133122861385345e-03
3.363771131262183189e-03
1.579745556227862835e-03
2.915501594543457031e-03
3.809180343523621559e-03
-2.846931805834174156e-03
-3.531520487740635872e-03
2.276023849844932556e-03
3.674136009067296982e-03
1.368485973216593266e-03
2.771129831671714783e-03
-6.111064576543867588e-04
3.106025746092200279e-03
-3.703412832692265511e-03
-3.142716130241751671e-03
-2.584735397249460220e-03
-1.570458174683153629e-03
1.949629746377468109e-03
-1.495814300142228603e-03
-3.252926515415310860e-03
3.286342369392514229e-03
-1.457959413528442383e-03
3.363255877047777176e-03
-1.923901611007750034e-03
1.530797337181866169e-03
1.922575174830853939e-03
9.384443401359021664e-04
-1.105147064663469791e-03
1.113540842197835445e-03
-3.225946100428700447e-03
-1.077087596058845520e-03
-1.014983281493186951e-03
2.832226920872926712e-03
-1.357997534796595573e-03
