3.621608484536409378e-03
9.812251664698123932e-04
2.000533975660800934e-03
2.924502594396471977e-03
1.139098079875111580e-03
-1.860789954662322998e-03
-6.449764478020370007e-04
7.756030536256730556e-04
-1.081945025362074375e-03
-2.180889947339892387e-03
3.620541887357831001e-03
8.069679024629294872e-04
3.533425973728299141e-03
-1.091293757781386375e-03
3.773796372115612030e-03
3.235347336158156395e-03
-1.164855435490608215e-03
-2.863400615751743317e-03
3.217560006305575371e-03
-3.316066926345229149e-03
-2.747008344158530235e-03
2.809205558151006699e-03
2.598884049803018570e-03
-3.844000748358666897e-04
-3.143771784380078316e-03
2.863265341147780418e-03
-1.042847638018429279e-03
-1.354206004180014133e-03
-9.873884264379739761e-04
-1.384869101457297802e-03
-1.625549164600670338e-03
5.132716032676398754e-04
1.712336787022650242e-03
2.640682971104979515e-03
9.349289466626942158e-04
-2.863306319341063499e-03
-3.309937892481684685e-04
-1.737573184072971344e-03
-1.794287818484008312e-03
-2.814523875713348389e-03
-2.026752801612019539e-03
1.883582328446209431e-03
-2.276525367051362991e-03
-1.474733580835163593e-04
-2.284809248521924019e-03
-3.307771170511841774e-03
-2.325642621144652367e-03
-2.056566299870610237e-03
-2.500483533367514610e-03
1.275850459933280945e-03
1.983467955142259598e-03
-3.853347385302186012e-03
-2.684734063223004341e-03
2.466643229126930237e-03
2.099798439303413033e-05
1.260296703549101949e-04
3.530922345817089081e-03
-1.558694173581898212e-03
-2.967256354168057442e-03
-3.097128355875611305e-03
-3.143682843074202538e-03
-2.669680863618850708e-03
-1.388833741657435894e-03
-8.026304421946406364e-04
-3.025470068678259850e-03
9.880550205707550049e-04
-3.371577709913253784e-03
2.233213512226939201e-03
-2.065117238089442253e-03
3.773197764530777931e-03
2.080390229821205139e-03
-1.114714541472494602e-03
3.667792538180947304e-03
4.959865473210811615e-04
-3.628029488027095795e-03
1.816026750020682812e-03
2.995662624016404152e-03
-3.751094918698072433e-03
-2.735706046223640442e-03
-3.297118702903389931e-03
-9.509490919299423695e-04
3.597673960030078888e-03
3.236016491428017616e-03
2.737778238952159882e-03
-2.897309313993901014e-04
-3.195275552570819855e-03
-2.255490049719810486e-03
5.677717272192239761e-04
2.404002938419580460e-03
-3.621984273195266724e-03
-3.375598695129156113e-03
2.744664670899510384e-03
1.297354348935186863e-03
3.468694863840937614e-03
-7.324488251470029354e-04
2.083804138237610459e-04
2.645991975441575050e-03
-2.967430977150797844e-03
-2.032147254794836044e-03
2.691580913960933685e-03
2.812296384945511818e-03
2.289793221279978752e-03
-3.763708053156733513e-03
-3.657532390207052231e-03
-2.468783641234040260e-03
-3.302721015643328428e-04
-8.894046186469495296e-05
-1.289535313844680786e-03
9.388983016833662987e-04
3.033023094758391380e-03
-3.617808455601334572e-03
-1.159848878160119057e-03
-3.014186164364218712e-03
-1.124417576647829264e-05
1.747981761582195759e-03
-3.356075030751526356e-04
2.305253641679883003e-03
-2.830648794770240784e-03
-3.796330187469720840e-03
-3.466553986072540283e-03
-3.430948825553059578e-03
5.560560384765267372e-04
2.992217661812901497e-03
7.493687444366514683e-04
-9.228019043803215027e-04
-1.220189151354134083e-03
3.111864771199179813e-06
-3.543814644217491150e-03
-3.595403628423810005e-03
3.092708066105842590e-03
2.154369372874498367e-03
2.892243443056941032e-03
3.953060368075966835e-04
8.910072501748800278e-04
-2.450479660183191299e-03
-7.274894160218536854e-04
-1.152421464212238789e-03
5.229685921221971512e-04
2.437881659716367722e-03
-1.606461941264569759e-03
-6.089095040806569159e-05
-2.778645604848861694e-03
3.611533436924219131e-03
1.874694135040044785e-03
-2.990991379192564636e-05
-3.402906004339456558e-03
1.946735079400241375e-03
-1.565207028761506081e-03
-2.260901674162596464e-04
2.653329866006970406e-03
8.452910697087645531e-04
2.032793825492262840e-03
2.799641340970993042e-03
-1.482450286857783794e-03
-2.713300986215472221e-03
7.307144114747643471e-04
-1.673417980782687664e-03
-1.442913897335529327e-03
2.053511328995227814e-03
3.727018600329756737e-03
2.983152400702238083e-03
3.818677971139550209e-03
-9.015843970701098442e-04
-2.593153156340122223e-03
3.339207731187343597e-03
1.013707020319998264e-03
-2.512459876015782356e-03
3.873095614835619926e-03
1.472818083129823208e-03
-2.290450356667861342e-04
1.196532139147166163e-05
-2.325233537703752518e-03
-2.410546410828828812e-03
-1.453970442526042461e-03
2.396915107965469360e-03
-3.626538440585136414e-03
8.509089821018278599e-04
-3.744324669241905212e-03
3.764058928936719894e-03
-1.295538037084043026e-03
3.048018785193562508e-03
1.949338766280561686e-04
9.953510016202926636e-04
7.039668853394687176e-04
-1.000783173367381096e-03
1.565329032018780708e-03
-1.397595275193452835e-03
8.254741260316222906e-05
3.143729642033576965e-03
4.048562841489911079e-04
1.880174968391656876e-03
2.617918886244297028e-03
-2.728628227487206459e-03
-2.922720450442284346e-04
3.808823646977543831e-03
-3.157419152557849884e-03
-1.662581809796392918e-03
-1.996539067476987839e-03
1.663649920374155045e-03
-3.020911011844873428e-03
3.012821311131119728e-03
-3.371458500623703003e-03
-8.605629554949700832e-04
3.174779005348682404e-03
2.849902957677841187e-03
-2.781431889161467552e-03
-3.892821259796619415e-03
-3.511790884658694267e-03
2.555915853008627892e-04
1.747975009493529797e-03
-6.556005100719630718e-04
-3.412293735891580582e-03
-6.389911286532878876e-04
-6.746284198015928268e-04
-4.980061203241348267e-04
-8.024782873690128326e-04
3.533357055857777596e-03
-1.218855031765997410e-03
-3.762018168345093727e-03
2.023551147431135178e-03
1.552785863168537617e-03
3.304149955511093140e-03
-2.030372386798262596e-03
-2.609304385259747505e-03
-1.487897825427353382e-03
3.157420549541711807e-03
1.720228698104619980e-03
-9.718752698972821236e-04
-3.601451171562075615e-03
-1.090061152353882790e-03
1.091383281163871288e-03
3.031754866242408752e-03
-1.515835640020668507e-03
1.830687397159636021e-03
3.304159035906195641e-04
-1.421078341081738472e-03
1.104064635001122952e-03
-2.266087336465716362e-03
3.478116821497678757e-03
3.226347267627716064e-03
-6.334644858725368977e-04
-1.656543230637907982e-03
-3.646473865956068039e-03
-2.964035142213106155e-03
-1.994490623474121094e-03
-2.270876895636320114e-03
-5.334386369213461876e-04
1.037572277709841728e-03
-1.673919963650405407e-03
1.659549307078123093e-03
6.035983096808195114e-04
2.209341764682903886e-04
-2.013674471527338028e-03
1.001744181849062443e-03
-8.535986125934869051e-05
3.473093733191490173e-03
