2.862719818949699402e-03
-3.100974718108773232e-03
-3.330653766170144081e-03
2.038793638348579407e-03
1.834474096540361643e-04
-3.531103720888495445e-03
2.178996801376342773e-03
8.076172089204192162e-04
7.864178041927516460e-04
-1.025124220177531242e-03
-2.140888100257143378e-04
3.563842969015240669e-03
2.182977623306214809e-04
-7.407011580653488636e-04
-2.709293505176901817e-03
1.788607449270784855e-03
1.564325299113988876e-03
3.793695941567420959e-03
6.376471137627959251e-04
-2.165072830393910408e-03
3.326482372358441353e-03
-3.600423457100987434e-03
1.469543087296187878e-03
2.365517430007457733e-03
1.797975157387554646e-03
2.159167779609560966e-04
3.435323946177959442e-03
3.527527209371328354e-03
-2.196995308622717857e-03
3.064370248466730118e-03
-3.801602870225906372e-03
-3.668992081657052040e-03
-1.566466060467064381e-03
2.615276607684791088e-04
-6.358426180668175220e-04
1.920330978464335203e-04
-1.996234524995088577e-03
1.868711260613054037e-04
-3.821764606982469559e-03
2.426000544801354408e-03
-3.314745612442493439e-03
2.138042123988270760e-03
7.501608924940228462e-04
2.405508887022733688e-03
1.298112678341567516e-03
2.614884171634912491e-03
2.955693518742918968e-03
1.498691854067146778e-03
2.435141708701848984e-03
-3.673819301184266806e-04
3.560917219147086143e-03
-2.762009622529149055e-03
3.852083114907145500e-03
1.821749028749763966e-03
-3.298075404018163681e-03
1.470063463784754276e-03
3.205647692084312439e-03
2.212288556620478630e-03
-3.586304374039173126e-03
-2.133161062374711037e-03
-2.574301324784755707e-03
-2.945183077827095985e-03
1.785149099305272102e-03
2.682649297639727592e-03
-8.631062519270926714e-05
-3.121439833194017410e-03
2.661387203261256218e-03
-1.276629860512912273e-03
2.891724929213523865e-03
2.117645228281617165e-03
1.173980068415403366e-03
-3.295867703855037689e-03
9.275626507587730885e-04
3.831702342722564936e-04
4.000874178018420935e-04
2.191432751715183258e-03
-2.185760764405131340e-03
8.153060916811227798e-04
1.301076030358672142e-03
-1.481808256357908249e-03
2.690803725272417068e-03
2.610503695905208588e-03
-1.076686894521117210e-03
-9.973861742764711380e-04
-3.313836059533059597e-04
-7.188061717897653580e-04
3.809715621173381805e-03
1.316001726081594825e-04
1.017431961372494698e-03
3.558424999937415123e-03
2.645694650709629059e-03
2.450420754030346870e-03
1.448750263080000877e-04
-2.523309667594730854e-04
-1.841814490035176277e-03
-1.134601654484868050e-03
-1.446379115805029869e-03
-3.135245526209473610e-03
1.040856150211766362e-04
2.745800651609897614e-03
1.905726152472198009e-03
-1.481614890508353710e-03
3.534806193783879280e-03
-1.980224624276161194e-03
1.620384748093783855e-03
3.833204740658402443e-03
-2.798261819407343864e-03
-3.219267353415489197e-03
3.454910358414053917e-03
3.417490981519222260e-03
3.737918101251125336e-03
1.438398496247828007e-03
-1.441912492737174034e-03
1.143933623097836971e-03
1.015754416584968567e-03
-7.069078856147825718e-04
-2.259245142340660095e-03
1.659787725657224655e-03
-3.189867595210671425e-03
-1.877207309007644653e-03
2.067487075692042708e-04
-1.452345604775473475e-04
-3.761785628739744425e-04
-8.102120045805349946e-05
-3.474795259535312653e-03
2.084350911900401115e-03
1.119663356803357601e-03
-3.391528734937310219e-03
3.392838174477219582e-03
1.316990586929023266e-03
-7.409973186440765858e-04
1.909553422592580318e-03
-1.829543034546077251e-03
-2.846247283741831779e-03
4.388506058603525162e-04
7.323780446313321590e-04
2.502072369679808617e-03
-2.303020795807242393e-03
-2.345022279769182205e-03
-1.113336067646741867e-03
1.102379872463643551e-03
-6.549793179146945477e-04
-3.564831422409042716e-05
1.107733929529786110e-03
3.604693571105599403e-03
-2.279922366142272949e-03
-3.132723271846771240e-03
-2.526734955608844757e-03
3.156018210574984550e-03
-1.389030716381967068e-03
5.255880532786250114e-04
-2.613269025459885597e-03
-2.162050455808639526e-03
-3.192650037817656994e-04
-6.065489724278450012e-04
-2.363637555390596390e-03
-3.903018310666084290e-03
-2.662286628037691116e-03
1.563386991620063782e-03
3.097449429333209991e-03
-3.765048459172248840e-03
-6.399477715604007244e-04
7.499938947148621082e-04
-1.272608875297009945e-03
-2.647488843649625778e-03
3.873942885547876358e-03
-2.441876800730824471e-03
7.761191227473318577e-05
-1.280176802538335323e-03
-1.441720174625515938e-03
-3.928702499251812696e-04
-2.819634741172194481e-03
-6.847727927379310131e-04
-2.274161670356988907e-03
-3.061032388359308243e-03
3.546189051121473312e-03
-3.532174741849303246e-03
-1.838268653955310583e-04
-9.971316903829574585e-04
-1.716096267045941204e-05
-9.660038631409406662e-04
3.223699517548084259e-03
-2.431526081636548042e-03
-2.157933777198195457e-03
2.968003973364830017e-03
-2.364018699154257774e-03
3.452882403507828712e-03
1.178749487735331059e-03
-6.520471069961786270e-04
-3.742855507880449295e-03
1.039188122376799583e-03
-5.879853852093219757e-04
9.201022330671548843e-04
2.232928061857819557e-03
1.711487275315448642e-04
-1.980033703148365021e-03
-1.652628998272120953e-03
3.644395386800169945e-03
-1.856611925177276134e-03
-1.921759219840168953e-03
-3.500666003674268723e-03
-7.283978629857301712e-04
3.443827852606773376e-03
9.196382015943527222e-04
3.701062174513936043e-03
-5.238997400738298893e-04
-5.237999139353632927e-04
1.313263084739446640e-03
-3.887341008521616459e-04
2.380474004894495010e-03
3.755668003577739000e-04
7.665717275813221931e-04
-1.700797351077198982e-03
-2.944274805486202240e-03
-3.461736720055341721e-03
1.141166212619282305e-04
2.518845489248633385e-03
-2.933246083557605743e-03
6.998889730311930180e-04
3.399440553039312363e-03
3.854898677673190832e-04
3.936807333957403898e-04
-1.063349889591336250e-03
-3.607784165069460869e-03
1.168721704743802547e-03
3.711550030857324600e-03
1.083970186300575733e-03
2.094893949106335640e-03
1.549351844005286694e-03
1.239097677171230316e-03
-2.136072376742959023e-03
-2.455695765092968941e-03
3.537668962962925434e-04
-1.584644429385662079e-03
3.207457484677433968e-03
3.871715161949396133e-03
-1.726587302982807159e-03
-2.629303839057683945e-03
1.857948373071849346e-03
-3.887253813445568085e-03
3.026206744834780693e-03
-2.585059264674782753e-03
3.654538420960307121e-03
1.658125780522823334e-03
-1.508160261437296867e-03
2.278309315443038940e-03
2.181931864470243454e-03
3.310143947601318359e-04
-2.907996065914630890e-03
-2.014248399063944817e-03
7.680790149606764317e-04
-1.414352678693830967e-03
-3.190671093761920929e-03
3.402038128115236759e-04
8.206384372897446156e-04
3.171943360939621925e-03
