-1.487572881160303950e-04
-3.833570983260869980e-03
1.054983586072921753e-03
3.375667845830321312e-03
-1.968207303434610367e-03
-6.938228034414350986e-04
-2.777487272396683693e-03
-3.750694217160344124e-03
1.306687830947339535e-03
1.671262434683740139e-03
-2.874150872230529785e-03
1.558972639031708241e-03
1.473971758969128132e-03
-5.558328120969235897e-04
-2.282709116116166115e-03
-1.846825703978538513e-03
-2.445387886837124825e-03
-2.068115165457129478e-03
-3.696482162922620773e-03
3.839450189843773842e-03
1.063124742358922958e-03
1.262927544303238392e-03
3.036059206351637840e-03
2.587551134638488293e-04
-3.547579050064086914e-03
-3.406674601137638092e-03
-1.899038907140493393e-03
-1.195359043776988983e-03
-3.877430921420454979e-03
-2.490188227966427803e-03
6.667879642918705940e-04
-2.311420161277055740e-03
-2.940284321084618568e-03
-2.613424148876219988e-04
-1.402903231792151928e-03
-2.797476481646299362e-03
9.277958888560533524e-04
-3.518991870805621147e-04
2.392980735749006271e-03
-3.553196787834167480e-03
-1.803399994969367981e-03
-3.997439926024526358e-04
8.847035351209342480e-04
-2.861370798200368881e-03
-3.781698876991868019e-03
-1.739906962029635906e-03
-3.495232667773962021e-03
3.187478985637426376e-03
-3.789745504036545753e-03
-3.099298104643821716e-03
1.414251397363841534e-03
6.535600987263023853e-04
-3.723467933014035225e-03
5.094134248793125153e-04
2.741886768490076065e-03
7.294239476323127747e-04
1.749927061609923840e-03
-2.518261782824993134e-03
-1.842486322857439518e-03
2.549260156229138374e-03
-3.105541225522756577e-03
1.100332709029316902e-03
2.315967576578259468e-03
-3.389379708096385002e-03
2.377368276938796043e-03
9.078730945475399494e-04
-3.291331231594085693e-03
-2.405863488093018532e-03
-2.237128792330622673e-03
-6.693105096928775311e-04
5.409138975664973259e-04
2.151982858777046204e-03
-2.732334425672888756e-03
1.281755394302308559e-03
1.259173150174319744e-03
1.425732392817735672e-03
-6.248285062611103058e-04
1.411091536283493042e-03
3.467782808002084494e-04
3.181444946676492691e-03
7.359290029853582382e-04
-3.094390500336885452e-03
-1.140827080234885216e-03
5.768277333118021488e-04
4.314923717174679041e-04
3.417702624574303627e-03
-1.845662598498165607e-03
-2.119505312293767929e-03
3.099970286712050438e-03
-2.405102597549557686e-03
-3.047356382012367249e-03
2.973115537315607071e-03
-3.903273725882172585e-03
-2.467057900503277779e-03
-1.165865804068744183e-03
3.835304873064160347e-03
-2.407910302281379700e-03
-1.764977234415709972e-03
-2.634099218994379044e-03
-3.172997385263442993e-03
-5.525522283278405666e-04
-3.677237313240766525e-03
3.773534670472145081e-03
1.588485087268054485e-03
2.942143008112907410e-03
3.406920237466692924e-03
7.833975832909345627e-04
1.997483661398291588e-03
1.058898516930639744e-03
-2.741980366408824921e-03
1.763310981914401054e-03
2.768704434856772423e-03
2.054508076980710030e-03
1.572880428284406662e-03
3.638970199972391129e-03
3.513672389090061188e-03
-1.994248712435364723e-03
-2.422682009637355804e-03
8.542850846424698830e-04
-3.395508741959929466e-03
-1.201768405735492706e-03
-3.668633755296468735e-03
-2.559771528467535973e-03
2.876261249184608459e-03
-2.170279854908585548e-03
-3.636975539848208427e-03
-1.965517411008477211e-03
2.472990192472934723e-03
1.730554271489381790e-03
-3.149582538753747940e-03
-1.438890816643834114e-03
1.644854666665196419e-03
-1.631445484235882759e-03
-1.907308120280504227e-03
-2.744050230830907822e-03
-2.101282123476266861e-03
7.666108431294560432e-04
-1.322572003118693829e-03
3.710285993292927742e-03
-1.072990708053112030e-04
-3.002044279128313065e-03
-2.081450074911117554e-03
4.101259037270210683e-05
1.366975368000566959e-03
2.122973790392279625e-03
3.812012262642383575e-03
-9.449570206925272942e-04
-3.016868140548467636e-03
-1.708088093437254429e-03
-2.693584829103201628e-04
-1.703790389001369476e-03
2.850123215466737747e-03
-3.118698019534349442e-03
2.843609254341572523e-04
-4.971904563717544079e-04
-1.331990002654492855e-03
-2.004829468205571175e-03
1.419619191437959671e-03
4.092309682164341211e-04
1.397424144670367241e-03
-3.859521821141242981e-03
3.837281605228781700e-03
-7.119200308807194233e-04
2.723173005506396294e-03
-3.479745239019393921e-03
1.696566818282008171e-03
-6.217041518539190292e-04
1.438655308447778225e-03
2.979083918035030365e-03
3.373791230842471123e-03
1.976709114387631416e-03
-3.750107716768980026e-03
-3.635608823969960213e-03
-1.774077536538243294e-03
3.033677967323455960e-05
-1.200437312945723534e-03
-3.866912797093391418e-03
-1.450597628718242049e-04
2.907613234128803015e-04
2.562239067628979683e-03
-1.734577701427042484e-03
8.734253788134083152e-05
3.626916557550430298e-03
9.355884685646742582e-05
2.007285831496119499e-03
2.346011111512780190e-03
2.440040465444326401e-03
8.004729170352220535e-04
-3.557118587195873260e-03
6.208680133568122983e-05
2.519940491765737534e-03
-7.651771302334964275e-04
-1.905626995721831918e-04
3.384662093594670296e-03
2.615635748952627182e-03
-3.191305091604590416e-03
2.358609577640891075e-03
-3.543860046193003654e-03
1.083583920262753963e-03
2.358683195780031383e-05
1.876238849945366383e-03
-3.369070356711745262e-03
1.054208376444876194e-03
1.528788707219064236e-03
2.991524990648031235e-03
-2.906759735196828842e-03
2.406838349997997284e-03
1.991490367799997330e-03
2.264957176521420479e-03
3.489517839625477791e-03
1.722877961583435535e-03
1.777088386006653309e-03
-3.836926771327853203e-04
3.476796438917517662e-03
-3.725029528141021729e-03
-3.741097403690218925e-03
-3.736090846359729767e-03
-2.353456337004899979e-03
7.858175667934119701e-04
2.958063501864671707e-03
-3.224151907488703728e-03
-2.711145498324185610e-04
3.596572438254952431e-03
-3.534303512424230576e-03
1.095599145628511906e-03
1.739260042086243629e-03
-3.310103900730609894e-03
-2.397593925707042217e-04
-2.194428816437721252e-03
1.165637047961354256e-03
-1.041757292114198208e-03
-1.242944563273340464e-04
3.502462292090058327e-03
-6.317112711258232594e-04
-2.870893571525812149e-03
2.702895784750580788e-03
3.395143896341323853e-03
-2.104434417560696602e-03
-2.268061973154544830e-03
3.903306555002927780e-03
-3.547621192410588264e-03
1.988718518987298012e-03
-1.951782614924013615e-03
7.361765019595623016e-04
-1.402057940140366554e-03
-1.804967992939054966e-03
-8.145768661051988602e-04
1.837957650423049927e-03
-3.062859876081347466e-03
4.836730295210145414e-05
1.907325349748134613e-03
-3.227119159419089556e-04
-5.871712346561253071e-04
2.248149598017334938e-03
2.283690497279167175e-03
-3.111069789156317711e-03
