3.063989570364356041e-03
-3.715245111379772425e-04
2.348590875044465065e-03
3.631149418652057648e-03
1.053215586580336094e-03
-1.579710748046636581e-03
2.329444279894232750e-03
-3.728905227035284042e-03
-1.654212013818323612e-03
3.593696514144539833e-03
2.533622086048126221e-03
7.453609141521155834e-04
2.192549640312790871e-03
3.575345035642385483e-03
1.416151993907988071e-03
2.722844947129487991e-03
1.711072633042931557e-03
4.497432382777333260e-04
-1.872081338660791516e-04
-2.680918434634804726e-03
9.430149220861494541e-04
-7.857536547817289829e-04
-3.194104414433240891e-03
-2.456195652484893799e-03
-1.369305653497576714e-03
-1.252934918738901615e-03
-2.377436496317386627e-03
1.000850345008075237e-03
-1.148520270362496376e-03
-2.202823059633374214e-03
3.891186323016881943e-03
3.645293647423386574e-03
-1.636623346712440252e-04
-3.117862856015563011e-03
-1.818845747038722038e-03
7.762198802083730698e-04
3.856244031339883804e-03
-2.295947168022394180e-03
-1.527158659882843494e-03
1.342687522992491722e-03
2.676472533494234085e-03
1.389698474667966366e-03
-2.365724649280309677e-04
3.158282721415162086e-03
4.970977897755801678e-04
-2.446758095175027847e-03
-2.148516708984971046e-03
1.498109661042690277e-03
7.790369563736021519e-04
-1.702258363366127014e-03
1.353180035948753357e-03
2.620376646518707275e-03
-2.327045658603310585e-03
2.847517374902963638e-03
2.644482534378767014e-03
-3.635968780145049095e-03
-1.248869521077722311e-04
-3.154223959427326918e-04
1.321886316873133183e-03
-3.093689680099487305e-03
1.157132428488694131e-04
-4.458491166587918997e-04
-2.009166637435555458e-03
-2.656556200236082077e-03
-3.723912814166396856e-04
2.354067109990864992e-04
3.154756734147667885e-03
-2.279258798807859421e-03
2.830940764397382736e-03
-3.324162913486361504e-03
-1.720096479402855039e-04
-2.442255383357405663e-03
-2.949813846498727798e-03
-2.496276050806045532e-03
-3.658140194602310658e-04
-1.389935350744053721e-04
3.011565422639250755e-03
1.632752595469355583e-03
-1.948971417732536793e-03
-3.089631209149956703e-03
9.341596160084009171e-04
-3.595143556594848633e-03
-8.161165751516819000e-04
-3.661351744085550308e-03
1.075389911420643330e-03
-2.323705935850739479e-03
-1.009461237117648125e-03
-1.032593427225947380e-03
-2.945996820926666260e-03
2.237873995909467340e-04
-2.198738977313041687e-03
-2.627353649586439133e-03
-3.033792600035667419e-03
-1.856249291449785233e-03
1.621967996470630169e-03
3.023259574547410011e-03
-8.209743537008762360e-04
-4.986288840882480145e-04
-3.895932342857122421e-03
-1.210869057103991508e-03
-1.117927255108952522e-03
2.382445614784955978e-03
-6.189152481965720654e-04
-1.214431365951895714e-03
3.708121832460165024e-03
1.724792411550879478e-03
1.914287800900638103e-03
1.555257826112210751e-03
-5.758790648542344570e-04
-2.813099185004830360e-03
7.171576144173741341e-04
-2.552399178966879845e-03
2.859499072656035423e-03
-2.427086234092712402e-03
-3.596205962821841240e-03
-3.918625006917864084e-04
2.604760993563104421e-05
1.745752873830497265e-03
-2.037180820479989052e-03
-3.020651871338486671e-03
2.946965163573622704e-03
-3.850141540169715881e-03
-3.318269504234194756e-03
1.522533246316015720e-03
3.076818247791379690e-04
2.718095201998949051e-03
-4.194709181319922209e-04
-4.487300757318735123e-04
2.819916699081659317e-04
1.517896307632327080e-03
2.605865483928937465e-05
1.712866709567606449e-03
-1.105782226659357548e-03
2.214517677202820778e-03
2.964964834973216057e-03
-1.443222630769014359e-03
1.260942197404801846e-03
-2.782192779704928398e-03
2.025926078204065561e-04
2.281419700011610985e-03
2.456961898133158684e-03
-2.508125733584165573e-03
2.077902900055050850e-03
1.251724897883832455e-03
3.145572030916810036e-03
2.457635710015892982e-03
2.636356279253959656e-03
-1.156677142716944218e-03
-2.158293034881353378e-03
-2.296875696629285812e-03
-2.266763243824243546e-03
-2.802871866151690483e-03
2.707720501348376274e-03
-2.383093815296888351e-03
-1.171314041130244732e-03
-3.213147167116403580e-03
-3.939075104426592588e-04
2.536648418754339218e-03
1.441896427422761917e-03
-1.261389232240617275e-03
-1.279626274481415749e-03
7.843986386433243752e-04
-3.141919383779168129e-03
1.928229467011988163e-03
-2.918041544035077095e-03
-1.975677208974957466e-03
2.453862922266125679e-03
-1.829666900448501110e-03
2.485594712197780609e-03
-1.640562433749437332e-03
2.984212711453437805e-03
2.343623666092753410e-03
6.690562586300075054e-04
1.869080704636871815e-03
-2.028883027378469706e-04
-3.161148168146610260e-03
2.321750856935977936e-03
3.534877439960837364e-03
3.682889975607395172e-03
8.882703259587287903e-04
2.095318399369716644e-03
-2.896774094551801682e-03
-3.249743953347206116e-03
3.529879730194807053e-03
1.867483602836728096e-03
-9.588865796104073524e-04
-2.689153188839554787e-03
3.674278501421213150e-03
1.416319515556097031e-03
-9.247471462003886700e-04
3.537799697369337082e-03
3.304601414129137993e-03
-1.129579264670610428e-03
-1.767155015841126442e-03
4.820138274226337671e-04
-3.510358976200222969e-03
-3.728254931047558784e-03
6.691814633086323738e-05
2.134083770215511322e-03
2.675205469131469727e-03
8.329685661010444164e-04
-2.362970029935240746e-03
-2.313163364306092262e-03
-7.811931573087349534e-05
3.516739001497626305e-03
2.159502910217270255e-04
-7.974408799782395363e-04
2.693458925932645798e-03
2.041281200945377350e-03
-2.214047592133283615e-03
3.646877361461520195e-03
3.107049269601702690e-03
-1.596510759554803371e-03
1.449870644137263298e-03
1.904548378661274910e-03
5.292051355354487896e-04
-3.826153930276632309e-03
-4.492908483371138573e-04
-1.781025435775518417e-03
-2.904677530750632286e-03
-2.210758626461029053e-03
2.112861984642222524e-04
-6.451139342971146107e-04
-3.661847440525889397e-03
-3.735688282176852226e-03
-3.019644180312752724e-03
3.419079817831516266e-03
-4.847985692322254181e-04
2.977639960590749979e-04
-9.213575685862451792e-05
-2.538668049965053797e-04
8.432285394519567490e-04
1.330211176536977291e-03
2.136375755071640015e-03
-4.686160827986896038e-04
-2.910296898335218430e-03
-1.735298428684473038e-03
3.288981679361313581e-04
5.992727237753570080e-04
2.456096000969409943e-03
1.771154231391847134e-03
6.930204108357429504e-04
4.693561058957129717e-04
-1.368978410027921200e-03
3.258216660469770432e-03
3.861533245071768761e-03
-7.587850559502840042e-04
-2.342730527743697166e-03
-1.445739180780947208e-03
3.331149928271770477e-03
3.418562933802604675e-03
-2.443921985104680061e-03
-2.866272581741213799e-03
-9.831070201471447945e-04
1.308075734414160252e-03
1.190619193948805332e-03
