3.943111805710941553e-04
-6.721719983033835888e-04
-2.271612873300909996e-03
2.310096286237239838e-03
-3.595107700675725937e-03
-4.240049456711858511e-04
-6.368668982759118080e-04
-2.345299115404486656e-03
3.250582143664360046e-03
-1.236689975485205650e-03
-2.040080027654767036e-03
-1.753425924107432365e-03
2.792252693325281143e-03
3.455775324255228043e-03
-2.931666560471057892e-03
2.864130074158310890e-03
-3.466742346063256264e-03
1.858041854575276375e-03
-2.112895483151078224e-03
-3.400158311706036329e-04
-9.170031407848000526e-04
2.569121308624744415e-03
1.896509202197194099e-03
-1.246104598976671696e-03
-3.562475088983774185e-03
-5.897677328903228045e-05
2.106007188558578491e-03
-3.568489337339997292e-03
-2.668542321771383286e-03
-3.268926404416561127e-03
-3.506545675918459892e-03
-2.045585773885250092e-03
2.247492782771587372e-03
-3.303008386865258217e-03
1.546484767459332943e-03
1.570218359120190144e-03
-1.126270624808967113e-03
2.991623478010296822e-03
2.190708415582776070e-03
-2.532298211008310318e-03
1.852577319368720055e-03
1.409811549820005894e-03
-3.466479014605283737e-03
-1.687299954937770963e-04
-1.545579521916806698e-03
1.666231895796954632e-03
-6.482426542788743973e-04
1.286522019654512405e-03
3.793871655943803489e-05
-2.618964295834302902e-03
1.345705590210855007e-03
1.833397778682410717e-03
2.640428952872753143e-03
-3.856943221762776375e-03
-1.321680494584143162e-03
-3.801194019615650177e-03
-3.550145309418439865e-03
-3.710628487169742584e-03
-3.051345003768801689e-03
-3.293083980679512024e-03
-2.250221325084567070e-03
-5.103956791572272778e-04
1.503083389252424240e-03
2.297193510457873344e-03
1.932102488353848457e-03
-4.306035407353192568e-05
7.227000896818935871e-04
1.486070221289992332e-03
-3.682811511680483818e-03
2.448776271194219589e-03
-1.658030552789568901e-03
8.866477583069354296e-05
2.354132244363427162e-03
3.755406942218542099e-03
-8.336327737197279930e-04
1.489287533331662416e-04
3.031353000551462173e-03
-2.181289251893758774e-03
-1.271911169169470668e-04
-1.851307228207588196e-03
-2.251315396279096603e-03
-2.352031413465738297e-03
1.894099754281342030e-03
2.457495545968413353e-03
3.699749708175659180e-03
-3.684611059725284576e-03
1.402611727826297283e-03
-8.401364902965724468e-04
-2.778124995529651642e-03
2.314388286322355270e-03
-5.023732664994895458e-04
-1.475665252655744553e-03
1.257005846127867699e-03
3.833306021988391876e-03
-1.168402843177318573e-03
1.396592007949948311e-03
2.472305437549948692e-03
3.178259794367477298e-05
2.648145600687712431e-04
2.189624821767210960e-03
-2.958991099148988724e-03
2.623035106807947159e-03
-3.582426812499761581e-03
1.951267222466412932e-05
-8.082944077614229172e-06
-2.159016206860542297e-03
-3.114265156909823418e-03
-4.441169148776680231e-04
-1.359769230475649238e-04
2.106029773131012917e-03
-1.568869105540215969e-03
-3.371234517544507980e-03
-5.820696242153644562e-04
1.111454093916108832e-05
2.886814530938863754e-03
-1.816912321373820305e-03
9.891798981698229909e-05
2.315003890544176102e-03
-3.404080867767333984e-03
9.909273358061909676e-04
-2.689091488718986511e-03
-3.216199111193418503e-03
-1.571361324749886990e-03
3.411887446418404579e-03
-2.100446494296193123e-03
1.367554767057299614e-03
-1.208287081681191921e-03
2.078429097309708595e-03
1.784357475116848946e-03
2.722240053117275238e-03
2.813686151057481766e-03
-2.735845046117901802e-03
-2.760013332590460777e-03
-2.470069797709584236e-03
2.298647304996848106e-03
-1.912419567815959454e-03
-2.327158115804195404e-03
-1.952017773874104023e-03
-2.890506992116570473e-03
-3.555599600076675415e-03
-1.775497570633888245e-03
-1.561918063089251518e-03
2.370922593399882317e-03
-1.932648359797894955e-03
-3.097805427387356758e-03
2.846681512892246246e-03
-2.982277888804674149e-03
-7.070193532854318619e-04
1.279412303119897842e-03
-3.104003379121422768e-03
-1.628513797186315060e-03
-6.144749931991100311e-04
3.325398138258606195e-04
8.311984711326658726e-04
-3.039615403395146132e-04
-1.243707723915576935e-03
3.250706242397427559e-03
-5.348178092390298843e-04
1.891143387183547020e-03
-2.761612646281719208e-03
1.331789768300950527e-03
2.862214343622326851e-03
3.371712751686573029e-03
-3.452584380283951759e-03
1.633039792068302631e-03
3.200524486601352692e-03
-3.778593381866812706e-03
1.180433318950235844e-03
-3.096340922638773918e-03
2.901859348639845848e-03
9.646066464483737946e-04
1.866503880592063069e-04
1.620654249563813210e-03
1.929155667312443256e-03
3.098603570833802223e-03
1.232024987984914333e-05
-1.647690311074256897e-03
2.113653114065527916e-03
-3.517570672556757927e-03
2.864805748686194420e-03
2.452778862789273262e-03
-1.605408382602035999e-03
3.268375992774963379e-03
-3.249513451009988785e-03
-2.168912440538406372e-03
3.207235829904675484e-03
-2.215764950960874557e-03
-1.944786054082214832e-03
1.835451112128794193e-03
3.661522641777992249e-03
1.259811106137931347e-03
-1.762564526870846748e-03
2.034577541053295135e-03
2.899525919929146767e-03
1.119231805205345154e-03
1.173648633994162083e-03
-2.194526838138699532e-03
-1.805136562325060368e-04
1.251012901775538921e-03
-1.016584457829594612e-03
-1.348200719803571701e-03
-2.340358623769134283e-04
-2.092024544253945351e-03
2.364526968449354172e-03
-2.801353111863136292e-04
3.594238311052322388e-03
-2.834523329511284828e-03
1.100850524380803108e-03
3.644759766757488251e-03
-1.968927681446075439e-03
1.922668772749602795e-03
-2.258947642985731363e-04
-3.559317206963896751e-03
1.170797331724315882e-04
3.212395589798688889e-03
1.744540059007704258e-03
-4.453800793271511793e-04
-1.475733006373047829e-03
-5.655437125824391842e-04
2.559882821515202522e-03
1.851625042036175728e-03
-1.944067626027390361e-04
-1.956344116479158401e-03
3.861746517941355705e-04
3.806838998571038246e-03
-2.793940249830484390e-03
-3.420291235670447350e-03
2.944167237728834152e-03
3.320941235870122910e-03
-3.101657610386610031e-03
1.973255071789026260e-03
3.157701110467314720e-03
2.860933076590299606e-03
-1.250212197192013264e-03
6.334171048365533352e-04
2.142433309927582741e-03
-4.190929466858506203e-04
-1.233458286151289940e-03
-3.487915731966495514e-03
4.015108424937352538e-05
-2.538238419219851494e-03
2.708220388740301132e-03
-8.287295931950211525e-04
-3.624171949923038483e-03
-2.298683626577258110e-03
3.766198176890611649e-03
-5.611950182355940342e-04
3.446097020059823990e-03
9.657058399170637131e-04
2.137860719813033938e-04
1.687726005911827087e-03
2.529538236558437347e-03
2.254051287309266627e-05
-1.071863225661218166e-03
1.720516709610819817e-03
-2.793739549815654755e-03
