-1.444514608010649681e-03
1.733749639242887497e-03
-2.508751349523663521e-03
1.782721956260502338e-03
-6.711324676871299744e-04
2.133019035682082176e-03
-1.838191645219922066e-03
-2.652536612004041672e-03
3.580541582778096199e-03
5.156997358426451683e-04
-1.784336171112954617e-03
-2.605296904221177101e-03
-2.401336329057812691e-03
-4.564185801427811384e-04
7.517089252360165119e-04
-2.930084941908717155e-03
3.468093229457736015e-03
-3.898312570527195930e-03
1.955637941136956215e-03
3.029039362445473671e-04
1.806648913770914078e-03
1.670503115747123957e-04
9.765476570464670658e-04
2.481232164427638054e-03
-6.475430564023554325e-05
-1.799073303118348122e-03
-1.847119187004864216e-03
8.443361148238182068e-04
-3.636341309174895287e-03
-7.970773149281740189e-04
-1.477241457905620337e-04
-1.747010392136871815e-04
-2.540760906413197517e-03
3.168686525896191597e-03
-2.847166964784264565e-03
-7.694340310990810394e-04
3.527802182361483574e-03
2.469815779477357864e-03
1.119777676649391651e-03
7.042553042992949486e-04
-2.328547125216573477e-04
-3.254292532801628113e-03
-4.134321643505245447e-04
2.928785746917128563e-03
2.840702421963214874e-03
-2.264197450131177902e-03
1.538481912575662136e-03
-2.098432043567299843e-03
2.190041122958064079e-03
-3.283807775005698204e-03
-1.682362635619938374e-03
-1.199862803332507610e-03
-2.397099509835243225e-03
-2.501681912690401077e-03
2.856058534234762192e-03
2.917612437158823013e-03
-1.888801925815641880e-03
1.289850217290222645e-03
2.313683042302727699e-03
-1.767122186720371246e-03
-1.376573345623910427e-03
-9.730582823976874352e-04
-2.087723929435014725e-03
2.449380699545145035e-03
1.313905580900609493e-03
2.353163203224539757e-03
-1.837618881836533546e-03
-3.929952799808233976e-04
2.254587830975651741e-03
2.328935544937849045e-03
-1.917541492730379105e-03
-9.558559977449476719e-04
8.101398707367479801e-04
1.958888489753007889e-03
-1.481515937484800816e-03
1.493792398832738400e-03
-2.355749486014246941e-03
3.706183983013033867e-03
1.399836153723299503e-03
2.524637850001454353e-03
-2.525035524740815163e-04
-7.272751827258616686e-05
2.022522967308759689e-04
-2.952881623059511185e-03
3.697919892147183418e-03
3.398112254217267036e-03
-3.539596917107701302e-03
3.883470781147480011e-03
-9.791441261768341064e-04
2.291606971994042397e-03
1.929589896462857723e-03
-2.613408258184790611e-03
-3.640383714810013771e-03
3.273010719567537308e-03
-1.642824354348704219e-04
-3.774742363020777702e-03
1.857447554357349873e-03
3.069377969950437546e-03
-2.629286842420697212e-03
-3.645710647106170654e-03
2.043194370344281197e-03
9.880283614620566368e-04
2.754252636805176735e-03
-1.684350660070776939e-03
-1.835770905017852783e-03
-1.999962609261274338e-03
-2.906981389969587326e-03
-2.432705601677298546e-03
3.896129317581653595e-03
-1.953372498974204063e-03
-3.755006473511457443e-03
-3.459830069914460182e-03
-1.824624487198889256e-03
-1.108776545152068138e-03
-4.492709704209119081e-04
2.882825443521142006e-03
2.424020640319213271e-04
7.655116496607661247e-04
3.371696919202804565e-03
2.323670312762260437e-03
-1.717362087219953537e-03
6.715935887768864632e-04
1.868994673714041710e-03
1.810177229344844818e-03
-2.052218187600374222e-03
1.441831409465521574e-04
-8.969334885478019714e-05
-2.936701290309429169e-03
3.166593378409743309e-03
3.448672650847584009e-04
3.355174092575907707e-03
-4.186311707599088550e-05
-1.945791766047477722e-03
-3.305985126644372940e-03
-2.796686487272381783e-03
1.436041085980832577e-03
-1.234214054420590401e-03
2.468307968229055405e-03
2.103796228766441345e-03
3.554047318175435066e-03
-3.685291856527328491e-03
-2.111660083755850792e-03
1.641624607145786285e-03
1.276967930607497692e-03
-2.375540789216756821e-03
-1.263243262656033039e-03
2.530701458454132080e-03
1.929196063429117203e-03
1.807784894481301308e-03
7.930747815407812595e-04
1.752900774590671062e-03
3.372504143044352531e-03
-2.621290506795048714e-03
1.289752661250531673e-03
-1.733565441099926829e-04
-3.826700616627931595e-03
1.336266752332448959e-03
4.407656379044055939e-04
2.687647240236401558e-03
-1.022526761516928673e-03
2.517005428671836853e-03
-3.733810735866427422e-03
-9.374395012855529785e-04
3.054058877751231194e-03
-3.595852060243487358e-03
-3.656910499557852745e-03
-2.388020511716604233e-03
2.172163920477032661e-03
8.247683872468769550e-04
1.848582876846194267e-03
3.725484479218721390e-03
-4.861932247877120972e-04
-1.994865480810403824e-03
1.817895972635596991e-04
-1.973857171833515167e-03
2.818723209202289581e-03
3.633489133790135384e-03
-3.646602388471364975e-03
-2.315524179721251130e-04
-3.093217383138835430e-04
2.020818414166569710e-03
-3.047556616365909576e-03
1.012490363791584969e-03
2.758205519057810307e-04
-2.400237368419766426e-03
2.519164700061082840e-03
1.468559028580784798e-03
-3.162363311275839806e-03
9.173626312986016273e-04
-2.746202982962131500e-03
3.650279948487877846e-03
2.966400934383273125e-03
3.871825756505131721e-03
-1.207552035339176655e-03
2.059365389868617058e-03
-2.109918743371963501e-03
8.099611150100827217e-04
-3.046558937057852745e-03
4.130355082452297211e-04
1.939873094670474529e-03
2.309054834768176079e-03
3.601291915401816368e-03
4.374588897917419672e-04
1.801008358597755432e-03
4.783854819834232330e-04
-2.494466491043567657e-03
-3.381291171535849571e-03
2.765356795862317085e-03
1.936938846483826637e-03
2.637492259964346886e-03
2.126430394127964973e-03
8.633236284367740154e-04
2.098751720041036606e-03
2.196950605139136314e-03
-4.805046773981302977e-04
-7.299951976165175438e-04
-1.066054101102054119e-03
4.192087217234075069e-04
3.786500019486993551e-04
1.734660763759166002e-04
-6.556141306646168232e-04
-2.708139596506953239e-03
2.668309956789016724e-03
9.810990886762738228e-04
-3.553255926817655563e-03
2.048840280622243881e-03
1.623262884095311165e-03
3.184501081705093384e-03
1.617354108020663261e-03
3.493897384032607079e-03
-2.733875066041946411e-03
-3.578370204195380211e-03
2.454565605148673058e-03
2.303622430190443993e-03
3.114135237410664558e-03
-6.991801637923344970e-05
8.232467807829380035e-04
-3.648420795798301697e-03
4.755662230309098959e-04
1.023399876430630684e-03
-2.027992624789476395e-03
-2.714319387450814247e-03
1.020627911202609539e-03
-2.422479446977376938e-03
-1.807710737921297550e-03
2.041946630924940109e-03
-3.776846220716834068e-03
-8.238650043494999409e-04
6.616157479584217072e-04
-1.494552940130233765e-03
6.014254540787078440e-05
-2.911679679527878761e-03
2.284709131345152855e-03
-1.304145902395248413e-03
-2.828338881954550743e-03
2.350122667849063873e-03
