-2.903602086007595062e-03
1.387933734804391861e-03
-7.782292668707668781e-04
2.485412871465086937e-03
-1.730176969431340694e-03
2.972502028569579124e-03
-3.368340898305177689e-03
-7.239055121317505836e-04
-1.858781557530164719e-03
2.536517567932605743e-03
2.557205501943826675e-03
-1.524847466498613358e-03
2.267119707539677620e-03
2.328878501430153847e-03
3.132250392809510231e-03
-3.815148491412401199e-03
3.137134714052081108e-03
-9.905963670462369919e-04
-1.248544780537486076e-03
1.048910664394497871e-03
2.922492240031715482e-05
-1.533618313260376453e-03
-3.127775155007839203e-03
1.154433703050017357e-03
2.051379065960645676e-03
2.178271533921360970e-03
-5.368259153328835964e-04
-6.988857057876884937e-04
1.398322987370193005e-03
-8.755879825912415981e-04
-6.468023057095706463e-04
3.415972227230668068e-03
3.055020701140165329e-03
5.304174846969544888e-04
-3.652051556855440140e-03
2.782960655167698860e-04
1.608891529031097889e-03
-1.262939535081386566e-03
-2.381036756560206413e-03
1.229017740115523338e-03
2.798235043883323669e-03
-2.279888605698943138e-03
2.032500458881258965e-03
3.519073361530900002e-03
-2.856851322576403618e-03
-2.760757459327578545e-03
-7.010403205640614033e-04
2.091161906719207764e-03
8.843209361657500267e-04
2.574556274339556694e-03
1.997463259613141418e-04
-2.813043771311640739e-03
2.783898962661623955e-03
3.809449262917041779e-03
5.283689242787659168e-04
-2.688688226044178009e-03
-1.497107441537082195e-03
-8.029068121686577797e-04
-1.531423069536685944e-03
-3.864237340167164803e-03
-2.676971955224871635e-03
-2.327115507796406746e-03
-2.388015389442443848e-03
1.575723639689385891e-03
-3.698772052302956581e-03
3.891718806698918343e-03
-2.667459426447749138e-03
-3.770780516788363457e-03
2.050708513706922531e-03
-2.180058509111404419e-03
-3.819220699369907379e-03
2.283632522448897362e-03
-2.591181313619017601e-03
-2.316631376743316650e-03
-2.964637940749526024e-03
5.949233309365808964e-04
1.316417823545634747e-03
1.089887111447751522e-03
-3.183589142281562090e-04
3.073948202654719353e-03
1.333875232376158237e-03
2.601187909021973610e-03
3.236545890104025602e-04
-2.148455008864402771e-03
-5.159843130968511105e-04
2.365975640714168549e-03
2.064902364509180188e-04
-8.297228487208485603e-04
1.841785036958754063e-03
-3.005671780556440353e-03
-1.525139785371720791e-03
3.249020082876086235e-03
-2.577004721388220787e-03
1.581488410010933876e-03
-1.905658748000860214e-03
-3.432740224525332451e-03
-1.621978008188307285e-03
2.914835233241319656e-03
3.791562980040907860e-03
2.233997918665409088e-03
3.135324222967028618e-03
-1.991134835407137871e-03
-1.666401047259569168e-03
2.950755413621664047e-03
1.825031242333352566e-03
3.231642767786979675e-03
-3.216046607121825218e-03
-8.084843866527080536e-04
1.629789912840351462e-04
2.469634637236595154e-03
-6.489509833045303822e-04
2.449168823659420013e-03
2.209625439718365669e-03
2.004487439990043640e-03
-5.402583046816289425e-04
-2.977459691464900970e-03
-5.973264342173933983e-04
-3.693287959322333336e-03
-1.602204400114715099e-03
2.015441656112670898e-03
2.787518780678510666e-03
3.670501289889216423e-03
1.084092422388494015e-03
2.905128756538033485e-03
2.980741439387202263e-03
-2.223355695605278015e-03
-9.771712357178330421e-04
-1.263130106963217258e-03
2.093453891575336456e-03
-2.133694011718034744e-03
-3.518184646964073181e-03
3.111817408353090286e-03
-7.273880182765424252e-04
2.120602177456021309e-03
-3.773662261664867401e-03
2.045371336862444878e-03
2.897241502068936825e-04
6.991663831286132336e-04
-2.301609609276056290e-03
5.183372995816171169e-04
-3.283814759925007820e-03
2.636820543557405472e-03
2.061783103272318840e-03
-2.068622503429651260e-03
-3.102394286543130875e-03
-1.938145142048597336e-03
2.202592324465513229e-03
-1.898108748719096184e-04
-2.457004040479660034e-03
-2.877967199310660362e-03
4.405026265885680914e-04
5.598235293291509151e-04
-1.291263964958488941e-03
-3.158372594043612480e-03
-3.093370702117681503e-03
1.541894045658409595e-03
-5.143102607689797878e-04
2.756829140707850456e-03
-3.773688338696956635e-03
2.412391826510429382e-03
1.304370467551052570e-03
3.773552831262350082e-03
-2.465135650709271431e-03
1.251956331543624401e-03
3.482459578663110733e-03
-2.506983233615756035e-03
-1.796203665435314178e-03
-1.764441025443375111e-03
-3.655921434983611107e-03
8.472808985970914364e-05
-1.552109606564044952e-03
-7.249829941429197788e-04
-2.943915314972400665e-03
-1.283090095967054367e-03
-2.238985616713762283e-03
7.231065683299675584e-05
-3.542781341820955276e-03
9.030200308188796043e-04
1.860666670836508274e-03
1.212585601024329662e-03
2.369353314861655235e-03
-2.759325550869107246e-03
-2.767664380371570587e-03
2.821914851665496826e-03
-3.386190859600901604e-03
3.288534469902515411e-03
2.000148640945553780e-03
-2.006130060181021690e-03
-1.663539733272045851e-04
-1.038589980453252792e-03
3.279903903603553772e-03
3.814857336692512035e-04
-1.268100459128618240e-03
1.152574404841288924e-04
2.309890463948249817e-03
2.598240273073315620e-03
2.061059698462486267e-03
3.234428120777010918e-03
2.637025900185108185e-03
3.293026005849242210e-03
2.866087714210152626e-03
-1.551281078718602657e-03
2.116743708029389381e-03
-5.505547742359340191e-04
2.585034584626555443e-03
3.828455926850438118e-03
-3.692383761517703533e-04
2.052250551059842110e-03
-5.665235803462564945e-04
-3.324593417346477509e-03
7.706126780249178410e-04
3.735543228685855865e-03
-4.841646587010473013e-04
3.434382379055023193e-03
-1.935367938131093979e-03
-2.244608709588646889e-03
-1.846234663389623165e-03
3.400649642571806908e-03
-6.515147397294640541e-04
7.913648732937872410e-04
-2.860085107386112213e-03
-3.801656188443303108e-03
-8.785327081568539143e-04
1.489361748099327087e-03
4.594294587150216103e-04
5.865332786925137043e-04
-6.167297251522541046e-04
1.375787775032222271e-03
3.486436326056718826e-03
1.407296862453222275e-03
3.297936171293258667e-03
2.832432975992560387e-03
-2.372117945924401283e-03
-8.799451170489192009e-04
1.298720715567469597e-03
5.401844391599297523e-04
-2.069788984954357147e-03
-1.242058235220611095e-03
3.348040394484996796e-03
-3.574172966182231903e-03
3.064589574933052063e-03
1.684363349340856075e-03
-7.606747094541788101e-04
-4.928293637931346893e-04
-3.495169221423566341e-04
2.032926306128501892e-03
1.661384943872690201e-03
1.600359682925045490e-03
-1.797638251446187496e-03
-2.901405561715364456e-03
-2.777429530397057533e-03
-2.804929390549659729e-03
-3.072000341489911079e-03
-2.191406209021806717e-03
1.431852928362786770e-03
-3.259337507188320160e-03
