7.504881359636783600e-04
2.920826198533177376e-03
-1.442184555344283581e-03
3.301333636045455933e-03
5.138134001754224300e-04
1.968151191249489784e-03
-3.799526602961122990e-04
-2.326017711311578751e-03
3.802268533036112785e-03
-1.273297239094972610e-03
3.018841147422790527e-03
3.838351694867014885e-03
3.823970910161733627e-04
-2.896217396482825279e-03
-7.637617818545550108e-05
-1.076284097507596016e-03
2.966367406770586967e-03
2.104210434481501579e-03
-1.450223266147077084e-03
3.050114537472836673e-05
-1.894367858767509460e-03
-2.453139750286936760e-03
4.248879849910736084e-04
-6.654873141087591648e-04
8.347378025064244866e-05
2.938851015642285347e-03
-3.414884209632873535e-03
3.036234760656952858e-03
-3.302420955151319504e-03
-2.425337675958871841e-03
1.984735717996954918e-03
9.503077599219977856e-04
2.044114284217357635e-03
-1.078728120774030685e-03
1.945607131347060204e-03
1.900516799651086330e-04
-3.623903961852192879e-03
1.628675847314298153e-03
-2.171834697946906090e-03
-3.185134381055831909e-03
1.378644374199211597e-03
2.190737053751945496e-03
-1.072359154932200909e-03
2.714327303692698479e-03
3.889886196702718735e-03
2.518337219953536987e-03
-1.805540756322443485e-03
-1.139429397881031036e-03
-2.977346302941441536e-03
1.307061058469116688e-03
3.107675118371844292e-03
-3.328575287014245987e-03
3.401560708880424500e-03
1.096939784474670887e-03
1.558592339279130101e-04
-4.297789710108190775e-04
2.929301932454109192e-03
-2.551177516579627991e-03
4.307783383410423994e-04
-2.823998802341520786e-04
-1.140203530667349696e-04
9.749878663569688797e-04
1.936567015945911407e-03
2.957496093586087227e-03
2.917509526014328003e-03
-1.740225125104188919e-04
3.579544834792613983e-03
-1.722739078104496002e-03
3.828457323834300041e-03
3.234195755794644356e-04
-1.855887705460190773e-03
2.717751311138272285e-03
2.906448207795619965e-03
2.567167626693844795e-03
1.451035961508750916e-03
1.475403783842921257e-03
-2.753077307716012001e-03
-1.588989747688174248e-03
-6.275938940234482288e-04
-3.829257097095251083e-03
1.585888327099382877e-03
3.228396642953157425e-03
-2.547935349866747856e-03
6.217134650796651840e-04
-1.996937207877635956e-03
2.963212318718433380e-03
-2.243370283395051956e-03
3.094351384788751602e-03
3.208719892427325249e-03
1.765812630765140057e-03
-2.087123924866318703e-03
1.917770016007125378e-03
-1.681187190115451813e-03
3.018870775122195482e-04
1.218375633470714092e-03
1.145692658610641956e-03
-3.080674679949879646e-03
-1.305971294641494751e-03
-2.384867751970887184e-03
1.770131988450884819e-03
9.498425642959773540e-04
-2.199847949668765068e-03
-1.007642247714102268e-03
4.632506752386689186e-04
-1.333513937424868345e-04
-9.188773110508918762e-04
-2.004831098020076752e-03
-2.118256816174834967e-04
-2.478322247043251991e-03
-4.892073920927941799e-04
-2.457630122080445290e-03
-9.987254161387681961e-04
3.133804304525256157e-03
-1.363431569188833237e-03
-2.206923207268118858e-03
2.060365397483110428e-03
-2.721801633015275002e-03
-1.161384978331625462e-03
-5.740319611504673958e-04
3.469606395810842514e-03
1.077333727153018117e-04
-9.001045254990458488e-04
-2.328407485038042068e-03
2.396984025835990906e-03
9.249359136447310448e-04
-1.563169877044856548e-03
1.890024053864181042e-03
3.083997871726751328e-03
-7.262746803462505341e-04
8.933129720389842987e-04
2.821480389684438705e-03
3.864231053739786148e-03
3.042929805815219879e-03
-3.947499208152294159e-04
2.749743172898888588e-03
3.169500734657049179e-03
1.172317774035036564e-03
7.361632306128740311e-04
8.262561750598251820e-04
-3.333461470901966095e-03
-2.266546012833714485e-03
-2.892836229875683784e-03
1.866037142463028431e-03
-4.956771226716227829e-05
3.010642481967806816e-03
1.858292613178491592e-03
-3.357132431119680405e-03
2.439310308545827866e-03
-3.898023860529065132e-03
2.256810257676988840e-04
-2.593780402094125748e-03
3.936623688787221909e-04
-2.015908481553196907e-03
-3.901845775544643402e-03
-1.416119863279163837e-03
-2.895347541198134422e-03
-3.129530698060989380e-03
3.109857905656099319e-03
1.943984301760792732e-03
1.677188905887305737e-03
-1.561815850436687469e-03
-2.495949855074286461e-03
-2.189439255744218826e-03
-3.002982819452881813e-03
1.532756490632891655e-03
-3.391114296391606331e-03
-3.373552113771438599e-03
1.862018601968884468e-03
-1.340225222520530224e-03
-2.704687649384140968e-03
-2.023349283263087273e-03
2.163906756322830915e-04
1.533130067400634289e-03
1.922274008393287659e-03
1.924723619595170021e-03
-2.139230957254767418e-03
3.189316252246499062e-03
-2.348308917135000229e-03
-5.716295563615858555e-04
-3.539335448294878006e-03
4.249333578627556562e-04
-2.778533613309264183e-03
3.133587539196014404e-03
-3.020356409251689911e-03
1.077760010957717896e-03
-1.763573498465120792e-03
-3.658352885395288467e-03
-1.386216841638088226e-03
1.168509945273399353e-03
-3.243144601583480835e-03
-5.869105225428938866e-04
3.899042494595050812e-03
2.820823807269334793e-03
-1.584264973644167185e-04
-1.242023659870028496e-03
8.579302084399387240e-05
-1.738134073093533516e-03
-2.176984911784529686e-03
-4.536028136499226093e-04
-2.147125080227851868e-03
2.269908785820007324e-03
2.578409155830740929e-03
-2.620222512632608414e-03
1.085297553800046444e-03
-1.277178991585969925e-03
2.091283909976482391e-03
-9.144818177446722984e-04
-1.247137843165546656e-04
2.056593308225274086e-03
-1.021165517158806324e-03
2.087632426992058754e-03
2.625729423016309738e-03
1.216403092257678509e-03
1.589139807038009167e-03
-1.617847359739243984e-03
-1.324400305747985840e-03
1.334581756964325905e-03
2.099795034155249596e-03
2.161545678973197937e-03
3.880819305777549744e-03
6.461630109697580338e-04
3.908108454197645187e-03
1.491397619247436523e-03
-3.502709325402975082e-03
-1.199339749291539192e-03
-8.808220736682415009e-04
-2.304031979292631149e-03
-2.519482979550957680e-03
-3.762845182791352272e-03
3.622550982981920242e-03
-1.056643450283445418e-04
1.475861412473022938e-03
1.452374272048473358e-03
3.009142121300101280e-03
3.182503627613186836e-03
-3.654404776170849800e-03
-1.171048614196479321e-03
8.725353982299566269e-04
3.254552604630589485e-03
2.427424071356654167e-03
3.870215266942977905e-03
-1.616220804862678051e-03
3.883636323735117912e-03
1.403508707880973816e-03
8.483123965561389923e-04
1.646475750021636486e-03
-1.193876611068844795e-03
2.676119329407811165e-03
-1.301568583585321903e-03
-1.318368245847523212e-03
8.588475757278501987e-04
3.501210594549775124e-03
1.165149442385882139e-04
-2.051073359325528145e-03
-2.831195306498557329e-04
-2.280534245073795319e-03
