2.169235376641154289e-03
3.484962042421102524e-03
2.327064983546733856e-03
2.927111461758613586e-03
3.440680215135216713e-03
2.922781743109226227e-03
1.653152285143733025e-03
2.173356944695115089e-03
-2.082593040540814400e-03
3.045013872906565666e-03
2.208201680332422256e-03
-1.332696177996695042e-03
2.321115229278802872e-03
4.729593638330698013e-04
-9.703171090222895145e-04
-2.990392269566655159e-03
-2.804888645187020302e-03
-9.685324039310216904e-04
9.286419372074306011e-04
3.502277191728353500e-03
-3.561813617125153542e-03
-3.879624884575605392e-03
-2.530593192204833031e-03
-1.570398802869021893e-03
-3.430237760767340660e-03
2.202679206675384194e-05
-2.997428178787231445e-03
3.228817600756883621e-03
2.756171394139528275e-03
-1.327197183854877949e-03
1.184767679660581052e-04
2.997025381773710251e-03
1.024359953589737415e-03
-2.012954792007803917e-03
1.512291142717003822e-03
3.512979252263903618e-03
2.774423453956842422e-03
-7.714843959547579288e-04
3.695914521813392639e-03
-2.078288234770298004e-03
3.681375179439783096e-03
1.187319983728230000e-03
2.603895263746380806e-03
3.542606020346283913e-03
-2.620278159156441689e-03
2.807577606290578842e-03
-2.912316238507628441e-03
-8.885723218554630876e-06
2.709490479901432991e-03
-3.286433871835470200e-03
1.746921334415674210e-03
2.419106196612119675e-03
3.382226219400763512e-03
-1.209995127283036709e-03
8.359347120858728886e-04
-3.869741223752498627e-03
9.423191077075898647e-04
1.342177158221602440e-03
1.818401156924664974e-03
2.692492678761482239e-03
-2.313792065251618624e-04
3.304629353806376457e-03
1.071800710633397102e-03
3.708432195708155632e-04
7.843121420592069626e-04
-1.834366237744688988e-03
3.237530821934342384e-03
2.560198772698640823e-03
1.228871289640665054e-03
-2.548314863815903664e-03
8.617714047431945801e-04
-2.233951585367321968e-03
9.689077851362526417e-04
8.911976328818127513e-05
2.584973350167274475e-03
-1.865611760877072811e-03
1.481981715187430382e-03
3.895353991538286209e-03
-2.511298516765236855e-03
-2.913726726546883583e-03
3.848950436804443598e-04
1.679045613855123520e-03
-2.680233679711818695e-03
7.822502520866692066e-04
1.381447422318160534e-03
-2.724150661379098892e-03
-2.513343933969736099e-03
2.934143121819943190e-04
-2.443818841129541397e-03
2.042221371084451675e-03
3.573533846065402031e-03
-8.457531221210956573e-04
2.721603494137525558e-03
-2.864230424165725708e-03
2.091505331918597221e-03
3.462278051301836967e-03
2.692312409635633230e-04
2.607542788609862328e-03
-1.621029921807348728e-03
1.784992287866771221e-03
3.403583774343132973e-03
-3.183691529557108879e-03
-1.796067226678133011e-03
-3.293686313554644585e-03
1.114291255362331867e-03
3.474983386695384979e-03
1.033571781590580940e-03
1.291720313020050526e-03
8.674425771459937096e-05
3.266702871769666672e-03
-3.754142962861806154e-04
-2.079056110233068466e-03
2.846458693966269493e-03
1.542084966786205769e-03
1.633321167901158333e-03
8.630243828520178795e-04
-2.104384126141667366e-03
-2.786587865557521582e-04
2.998745767399668694e-03
-1.379493391141295433e-03
2.847374416887760162e-03
-2.296372549608349800e-03
-2.672363538295030594e-03
-6.038345163688063622e-04
2.019109670072793961e-03
2.450222149491310120e-03
1.370101585052907467e-03
-2.161954995244741440e-03
-2.948985667899250984e-03
-9.967834921553730965e-04
-2.296482212841510773e-03
2.605207730084657669e-03
7.684867014177143574e-04
1.609161379747092724e-03
-3.629037877544760704e-03
-2.187124919146299362e-03
-1.805895473808050156e-03
-2.928006462752819061e-03
-2.177932998165488243e-03
-2.003083005547523499e-03
1.101035741157829762e-03
6.926899077370762825e-04
3.275881055742502213e-03
3.471907693892717361e-03
1.287131919525563717e-03
-3.449131967499852180e-03
2.516547916457056999e-03
-3.559756092727184296e-03
-8.783263619989156723e-04
-1.065453980118036270e-03
-3.497550729662179947e-03
-2.858307678252458572e-03
2.468987368047237396e-03
-2.414207672700285912e-03
1.537666394142434001e-04
-2.544298302382230759e-03
-3.204734297469258308e-03
2.076063770800828934e-03
2.408108121016994119e-04
3.829993540421128273e-03
-2.151690656319260597e-03
-3.743613604456186295e-03
3.832530230283737183e-03
3.196090925484895706e-03
-9.931469103321433067e-04
-1.055186963640153408e-03
3.369932528585195541e-03
4.081949300598353148e-04
1.597027992829680443e-03
1.932094688527286053e-03
3.522625425830483437e-03
5.832116585224866867e-04
2.264582319185137749e-03
-7.790017407387495041e-04
2.813309663906693459e-03
5.483348504640161991e-04
-2.416237257421016693e-03
3.183110151439905167e-03
-1.316267065703868866e-03
-1.777283730916678905e-03
8.156656404025852680e-04
-1.547445775941014290e-03
-1.038558548316359520e-03
1.741701737046241760e-03
-2.222156035713851452e-05
-3.893978195264935493e-03
-3.162733279168605804e-03
2.300310647115111351e-03
3.621791256591677666e-03
3.145958529785275459e-03
-9.935840498656034470e-04
-2.201178343966603279e-03
-3.783674677833914757e-03
-7.453508442267775536e-04
3.966700169257819653e-04
2.943237777799367905e-03
1.285591395571827888e-03
2.114448434440419078e-04
-1.248115207999944687e-03
3.230593167245388031e-03
-1.759562059305608273e-03
-3.566013416275382042e-03
2.141578122973442078e-03
-9.761071414686739445e-04
-5.247970693744719028e-04
5.227792426012456417e-04
6.916311685927212238e-04
1.975870225578546524e-03
-1.592457876540720463e-03
5.057955277152359486e-04
3.810712601989507675e-03
-3.460090840235352516e-03
-7.362641044892370701e-04
-4.262138099875301123e-05
3.341299248859286308e-03
-2.574095269665122032e-03
-1.647761324420571327e-03
-3.383108647540211678e-03
-6.640476058237254620e-04
-1.046312041580677032e-03
-3.351757302880287170e-03
2.499822061508893967e-03
9.562410996295511723e-04
1.087248208932578564e-03
2.554913749918341637e-03
1.879351679235696793e-03
-4.518432979239150882e-05
2.673208946362137794e-03
-7.929885177873075008e-04
-1.107322517782449722e-03
-2.839078428223729134e-03
-3.162401262670755386e-03
3.650957718491554260e-03
3.011392196640372276e-03
-2.050859387964010239e-03
-1.155378064140677452e-03
-1.449787523597478867e-04
9.463084279559552670e-04
2.626410918310284615e-03
1.475659199059009552e-03
-1.639256719499826431e-03
-2.428845735266804695e-03
1.740331645123660564e-03
7.338306750170886517e-04
-5.506403977051377296e-04
-1.942030503414571285e-03
-2.139583230018615723e-03
-2.785601653158664703e-03
-8.867004653438925743e-04
-3.597809001803398132e-03
-4.880820633843541145e-04
-3.631650703027844429e-03
5.184243200346827507e-04
-1.374987768940627575e-03
-2.170866209780797362e-04
5.060871480964124203e-04
