2.878768827940803021e-05
-2.616632962599396706e-03
1.642617426114156842e-04
-1.764830900356173515e-03
-3.539975965395569801e-03
-8.281895861728116870e-05
2.621548715978860855e-03
2.470078179612755775e-03
3.243455663323402405e-03
-1.799893652787432075e-04
-3.392062149941921234e-03
7.708782213740050793e-04
8.616996929049491882e-04
5.583242746070027351e-04
-3.407873446121811867e-03
1.570189720951020718e-03
-2.826041076332330704e-03
-1.668517827056348324e-03
-2.151106484234333038e-03
-1.336791203357279301e-03
-3.240102436393499374e-03
3.573990194126963615e-03
4.946460248902440071e-04
2.424699719995260239e-03
2.027685288339853287e-03
-4.395051801111549139e-04
-3.490403294563293457e-03
-1.039642724208533764e-03
2.716451708693057299e-04
-2.978842006996273994e-03
2.338226186111569405e-03
1.536318450234830379e-04
-1.423312933184206486e-03
-3.874076064676046371e-03
3.219427075237035751e-03
3.439696505665779114e-03
-3.102247137576341629e-03
-3.065573750063776970e-03
9.143591887550428510e-05
-5.439206506707705557e-05
1.495305798016488552e-03
-3.599007846787571907e-03
-1.591406529769301414e-03
2.475773449987173080e-03
1.892208238132297993e-03
-1.688302261754870415e-03
-7.153609185479581356e-04
3.143616253510117531e-03
2.348316367715597153e-03
-3.513640956953167915e-03
-2.680936129763722420e-03
-1.428474206477403641e-03
-1.111228368245065212e-03
-5.917897215113043785e-04
5.021541728638112545e-04
8.312381105497479439e-04
2.256397157907485962e-03
7.761952001601457596e-04
2.179195173084735870e-03
-3.462249645963311195e-03
-2.095651812851428986e-03
-3.748012473806738853e-03
1.727455091895535588e-04
-3.223346720915287733e-04
3.448193660005927086e-03
2.066315850242972374e-03
-3.705858252942562103e-03
5.574241513386368752e-04
3.252584021538496017e-03
3.125790273770689964e-03
1.141947577707469463e-03
-2.049264963716268539e-03
6.369154434651136398e-04
-2.164706820622086525e-03
-2.888044342398643494e-03
-2.737540751695632935e-03
2.531713689677417278e-04
-1.362744835205376148e-03
4.860720073338598013e-04
-3.630610182881355286e-03
3.582606557756662369e-03
2.749708481132984161e-03
1.840261102188378572e-04
-1.314228633418679237e-03
-3.535124007612466812e-03
2.859339816495776176e-03
4.195295041427016258e-04
-2.291154116392135620e-03
3.661347553133964539e-03
5.251475377008318901e-04
-3.706334391608834267e-03
2.846007933840155602e-03
-3.683443181216716766e-03
3.882222808897495270e-04
2.189155668020248413e-03
-7.684203592361882329e-05
-1.768960151821374893e-03
5.538586992770433426e-04
-1.446269103325903416e-03
3.666975535452365875e-04
2.972147660329937935e-03
3.530154237523674965e-03
-1.735215657390654087e-03
-2.851680619642138481e-03
1.951859798282384872e-03
2.299918327480554581e-03
6.484287587227299809e-05
1.669307122938334942e-03
3.766917157918214798e-03
-1.161181367933750153e-03
1.846086961450055242e-04
-1.541762147098779678e-03
-2.649559872224926949e-03
-1.224079402163624763e-03
2.810017904266715050e-03
2.975622657686471939e-03
2.835222985595464706e-03
-3.527276217937469482e-03
1.366662094369530678e-03
3.841704223304986954e-03
-5.853974726051092148e-04
7.824987405911087990e-04
-2.780368318781256676e-03
2.268427284434437752e-03
-1.359351444989442825e-03
3.378671826794743538e-03
2.707813400775194168e-03
1.533610629849135876e-03
-2.537659835070371628e-03
2.216495806351304054e-03
1.994569785892963409e-03
-2.370293514104560018e-04
-2.114708302542567253e-03
2.126084174960851669e-03
-8.905219146981835365e-04
-1.173524884507060051e-03
5.966094904579222202e-04
3.362500108778476715e-03
-2.754883840680122375e-03
3.345031524077057838e-03
9.600140037946403027e-05
1.257522613741457462e-03
-1.218729419633746147e-03
-2.250978490337729454e-03
3.668974153697490692e-03
2.268235431984066963e-03
-3.376226173713803291e-03
-2.577408682554960251e-03
5.058680544607341290e-04
-7.755791302770376205e-04
1.606117933988571167e-03
-3.143237670883536339e-03
-1.675946754403412342e-03
2.170576481148600578e-03
-3.291120519861578941e-03
-7.772894459776580334e-04
3.712887410074472427e-03
-1.916942419484257698e-03
-1.955739222466945648e-03
1.071573467925190926e-03
-4.172732005827128887e-04
-1.699209824437275529e-04
-1.004344085231423378e-03
7.021029887255281210e-05
3.482190659269690514e-03
-2.229595789685845375e-03
-1.440587686374783516e-03
3.480628598481416702e-03
-1.415356178767979145e-03
4.236804088577628136e-04
-2.382014645263552666e-03
3.835396841168403625e-03
3.004527650773525238e-03
2.697295276448130608e-03
-2.596238628029823303e-03
-7.781001040711998940e-04
3.311308973934501410e-04
3.501022933050990105e-03
-2.425094367936253548e-03
-3.302273107692599297e-04
-2.899363636970520020e-03
-1.024908735416829586e-03
-1.787280896678566933e-03
2.624385990202426910e-03
-2.133973321178928018e-04
-1.438626059098169208e-04
1.141403190558776259e-04
-5.515828379429876804e-04
4.294951504562050104e-04
2.569261996541172266e-04
-2.284773392602801323e-03
-3.402349771931767464e-03
1.139925443567335606e-03
1.818809425458312035e-03
-1.267841435037553310e-03
2.314287470653653145e-03
3.611172549426555634e-03
8.204767364077270031e-04
1.448386930860579014e-03
-2.182316035032272339e-03
3.208661684766411781e-03
6.760903052054345608e-04
-2.813544822856783867e-03
-4.888300900347530842e-04
-1.612930063856765628e-04
3.762455191463232040e-03
2.776236273348331451e-03
2.965537132695317268e-04
2.431473461911082268e-03
1.895078108645975590e-03
2.314829267561435699e-03
-6.255071493797004223e-04
-7.687769830226898193e-04
-3.306977916508913040e-03
3.309485735371708870e-03
-3.121460089460015297e-03
1.959170447662472725e-03
-3.453702200204133987e-03
2.421031706035137177e-03
-3.283168422058224678e-03
-2.473885193467140198e-03
-2.303393092006444931e-03
-3.603230696171522141e-03
1.909816055558621883e-04
-3.569835971575230360e-04
-1.457133796066045761e-03
-2.689438173547387123e-03
2.404178492724895477e-03
-2.157135022571310401e-04
-3.508468158543109894e-03
1.820096862502396107e-03
-9.652577573433518410e-04
-2.412862842902541161e-03
3.034812631085515022e-03
-2.310792217031121254e-03
3.776798956096172333e-03
2.560082124546170235e-03
-2.277153544127941132e-03
-7.855324074625968933e-04
-3.065447555854916573e-03
3.261457604821771383e-04
1.101523055694997311e-03
-2.137455448973923922e-04
-1.954911509528756142e-03
1.742504187859594822e-03
2.029110910370945930e-03
-6.503632175736129284e-05
-5.183095345273613930e-04
-3.840054152533411980e-03
1.410230062901973724e-03
1.498500583693385124e-03
1.194201540783978999e-04
1.966663170605897903e-03
-3.352836240082979202e-03
-2.241834066808223724e-03
-3.459380939602851868e-03
