-2.457224298268556595e-03
2.555784303694963455e-03
-7.624914869666099548e-04
1.267328480025753379e-04
3.585626545827835798e-04
1.661194139160215855e-03
-7.197269005700945854e-04
6.715884956065565348e-05
1.945323019754141569e-04
1.784650026820600033e-03
-1.228893874213099480e-03
-1.879960764199495316e-03
-8.447223808616399765e-04
-1.414216472767293453e-03
-3.096145344898104668e-03
6.274104816839098930e-04
8.590005454607307911e-04
2.548321383073925972e-03
-1.475900178775191307e-03
2.872114127967506647e-04
-3.258928423747420311e-03
-3.099880646914243698e-03
1.198225654661655426e-03
-3.551900619640946388e-03
1.630172715522348881e-03
1.094781560823321342e-03
3.349940292537212372e-03
-1.116807106882333755e-03
-1.898738555610179901e-03
2.112842164933681488e-03
-1.518858713097870350e-03
-1.915696630021557212e-04
4.988783039152622223e-04
-1.167698181234300137e-03
3.303911769762635231e-03
-3.339836141094565392e-03
3.295555012300610542e-03
-9.656895417720079422e-04
5.822700040880590677e-05
-1.628835801966488361e-03
-3.159868763759732246e-03
2.140511758625507355e-03
-3.112776903435587883e-03
-3.302112454548478127e-03
-2.255124272778630257e-03
-2.148507162928581238e-03
1.653329818509519100e-03
1.850753673352301121e-03
9.688421851024031639e-04
-8.420219528488814831e-04
-3.186635207384824753e-03
3.609374398365616798e-03
2.059436868876218796e-03
-1.058922847732901573e-03
-2.185750985518097878e-03
-2.783568575978279114e-03
-1.063035218976438046e-03
1.779355225153267384e-03
3.757580416277050972e-03
2.650189213454723358e-03
-7.874062866903841496e-04
-3.359105205163359642e-03
-4.031273711007088423e-04
7.047833059914410114e-04
-2.444817917421460152e-03
-1.797130214981734753e-03
1.284480444155633450e-03
-1.913174754008650780e-03
3.079624148085713387e-03
-3.896804992109537125e-04
-1.485010958276689053e-03
2.238325076177716255e-03
-1.550857326947152615e-03
-2.559340500738471746e-04
-2.378879114985466003e-03
4.657338140532374382e-04
1.941358554176986217e-03
3.000707365572452545e-03
-6.510528037324547768e-04
-1.194589771330356598e-03
-2.781968796625733376e-03
-2.551615471020340919e-04
5.445245769806206226e-04
1.266792532987892628e-03
-3.883503144606947899e-03
3.460949752479791641e-03
-1.382190734148025513e-03
2.102144761011004448e-03
6.593749276362359524e-04
3.622682765126228333e-03
-1.694054692052304745e-03
-1.393492100760340691e-03
9.256272460334002972e-04
-3.245772328227758408e-03
1.530382432974874973e-03
-3.885960904881358147e-03
6.246402626857161522e-04
3.003686433658003807e-04
2.743276767432689667e-03
-3.354753833264112473e-03
-1.583421370014548302e-03
-1.705036382190883160e-03
1.558708143420517445e-03
2.224936382845044136e-03
7.942618685774505138e-04
-6.710063316859304905e-04
-1.394355786032974720e-04
-2.798270361381582916e-05
-1.891036401502788067e-03
-3.099723951891064644e-03
-2.227785531431436539e-03
-3.707290394231677055e-03
7.570284651592373848e-04
3.393452148884534836e-03
1.224507694132626057e-03
2.479178830981254578e-03
-1.900306815514340997e-04
-2.132242079824209213e-04
-9.983874624595046043e-04
2.732265973463654518e-03
-1.672100625000894070e-03
-3.145811613649129868e-03
-5.851276800967752934e-04
-3.499960293993353844e-03
3.622115124017000198e-03
-1.169237773865461349e-03
3.408665768802165985e-03
-3.655618056654930115e-03
9.904404869303107262e-04
-5.410209996625781059e-04
-1.290041382162598893e-05
2.945868996903300285e-03
-2.344759879633784294e-03
-2.351574221393093467e-04
7.825804641470313072e-04
-2.703951904550194740e-03
-6.263657705858349800e-04
-2.022962085902690887e-03
-1.968273660168051720e-03
3.152041928842663765e-03
2.390160690993070602e-03
1.338562229648232460e-03
-1.730827149003744125e-03
-2.534344966989010572e-04
5.670459941029548645e-04
-3.343426622450351715e-03
2.281786873936653137e-03
3.095746273174881935e-03
-1.673173042945563793e-03
6.398384575732052326e-04
-2.315139165148139000e-03
-3.300288459286093712e-03
3.208535024896264076e-03
-3.027540165930986404e-03
-3.831356763839721680e-03
1.733671873807907104e-03
1.234341179952025414e-03
-2.217013854533433914e-03
-9.101090254262089729e-04
3.351667663082480431e-03
2.650853712111711502e-03
-1.700739143416285515e-03
2.815292216837406158e-03
1.785474451025947928e-04
-3.491034964099526405e-03
3.898804076015949249e-03
-2.456980582792311907e-04
3.436936298385262489e-03
-1.362618524581193924e-03
-3.879914060235023499e-03
-3.124861977994441986e-03
-2.725011901929974556e-03
-2.445882651954889297e-03
-8.643459877930581570e-04
-2.688447013497352600e-03
4.784377815667539835e-04
-3.056067274883389473e-03
9.423608426004648209e-04
-2.838100539520382881e-03
-3.305171383544802666e-03
1.861919532530009747e-03
9.431712678633630276e-04
1.107864663936197758e-03
3.819442586973309517e-03
-3.658247645944356918e-03
3.542321035638451576e-03
3.508714435156434774e-04
-2.768482314422726631e-03
9.280191152356564999e-04
1.918197493068873882e-03
-1.739085419103503227e-03
-2.383940620347857475e-03
-1.790460897609591484e-03
-2.896766178309917450e-03
3.378798021003603935e-03
-2.566642593592405319e-03
-8.693862473592162132e-04
3.214412427041679621e-04
2.302976325154304504e-03
9.170575649477541447e-04
-8.306397940032184124e-04
-3.326212055981159210e-03
1.848162733949720860e-03
1.529180677607655525e-03
9.540640166960656643e-04
5.084418808110058308e-04
1.404161797836422920e-03
7.071923464536666870e-04
-2.868039533495903015e-03
-4.664039297495037317e-04
3.233502153307199478e-03
-3.206633497029542923e-03
-3.793352982029318810e-03
1.787444925867021084e-03
-3.678197739645838737e-03
-8.494617068208754063e-04
3.841151017695665359e-03
8.157622651197016239e-04
-7.014590082690119743e-04
2.542720874771475792e-03
1.904553617350757122e-03
-3.729994641616940498e-03
-1.380849978886544704e-03
-3.809245536103844643e-03
2.006208524107933044e-03
-1.891972147859632969e-03
-3.783868392929434776e-03
2.356579061597585678e-04
-3.623082302510738373e-03
3.437648760154843330e-03
2.345762914046645164e-03
3.902231692336499691e-04
3.615970723330974579e-03
-4.051121359225362539e-04
1.463996944949030876e-03
2.594590419903397560e-03
3.358882153406739235e-03
3.230150323361158371e-03
-7.966208504512906075e-04
-3.172438126057386398e-03
6.260900408960878849e-04
-2.477960893884301186e-03
2.845227951183915138e-03
2.397194737568497658e-03
3.254906972870230675e-03
-2.070637186989188194e-03
-1.369265839457511902e-03
-2.430245047435164452e-03
1.665646326728165150e-03
-3.712830133736133575e-03
-2.543324837461113930e-03
1.443476940039545298e-04
-2.134563401341438293e-03
-1.637556822970509529e-03
3.330745734274387360e-03
-1.627951627597212791e-03
