2.112417016178369522e-03
-1.018579278024844825e-04
-3.406613366678357124e-03
-6.379219121299684048e-05
-7.908911211416125298e-04
1.884756609797477722e-03
-1.355624757707118988e-03
2.928402507677674294e-03
2.763308351859450340e-03
8.190246880985796452e-04
-1.863916637375950813e-03
3.013550071045756340e-03
2.565665869042277336e-03
-8.971682982519268990e-04
4.323428147472441196e-04
2.111444249749183655e-03
-1.276817987672984600e-03
-2.645118860527873039e-03
-1.220141886733472347e-03
-1.578893978148698807e-03
-1.673681661486625671e-03
-2.094435505568981171e-03
-2.846658462658524513e-03
-1.882883952930569649e-04
2.045505447313189507e-03
-7.895400049164891243e-04
3.474676981568336487e-03
-1.474883756600320339e-03
-3.018323797732591629e-03
-2.161563839763402939e-03
-2.294728765264153481e-04
-3.727923147380352020e-03
3.022175980731844902e-03
2.285739174112677574e-03
-3.861278994008898735e-03
-1.749109709635376930e-03
-9.501341264694929123e-04
-2.089840825647115707e-03
2.724430232774466276e-04
2.970241010189056396e-03
2.396251074969768524e-03
7.874537259340286255e-04
2.003371482715010643e-03
6.641343934461474419e-04
3.225884167477488518e-03
-1.792395487427711487e-03
-6.346275331452488899e-04
2.662593265995383263e-03
-3.791861468926072121e-03
1.447339425794780254e-03
2.664000261574983597e-03
-2.990611130371689796e-03
3.366199787706136703e-03
-3.753271885216236115e-03
-1.378546352498233318e-03
-1.188482041470706463e-03
-3.257774515077471733e-03
2.488027093932032585e-03
-2.537890337407588959e-03
1.769473776221275330e-03
4.372487019281834364e-04
4.996572897653095424e-06
7.029440166661515832e-05
1.111590518121374771e-05
3.868294879794120789e-03
-2.636017510667443275e-03
-2.926068846136331558e-03
2.175735571654513478e-04
8.622982422821223736e-04
2.744258614256978035e-03
1.032362160913180560e-05
-3.136774757876992226e-03
-1.602572156116366386e-03
-5.251622642390429974e-04
5.664604395860806108e-05
-3.871719352900981903e-03
3.307571168988943100e-03
-3.087631193920969963e-03
2.657104283571243286e-03
3.530331188812851906e-03
-3.562203608453273773e-03
3.539849072694778442e-03
2.041406929492950439e-03
1.712114753900095820e-04
-3.638557856902480125e-03
2.105164108797907829e-03
-2.820728812366724014e-03
-1.961254980415105820e-03
-1.262370060430839658e-04
1.483296393416821957e-03
2.139061456546187401e-03
8.712215349078178406e-04
3.328898223116993904e-03
-2.722433069720864296e-03
3.163932124152779579e-03
2.479347633197903633e-03
-3.508677938953042030e-03
-2.895372221246361732e-03
6.120261386968195438e-04
3.202003426849842072e-03
-1.059251022525131702e-03
-1.050719758495688438e-03
-3.207647008821368217e-03
8.055472862906754017e-04
-3.188852686434984207e-03
3.362895455211400986e-03
8.354975725524127483e-04
-9.894085815176367760e-04
-1.534769544377923012e-03
3.414081409573554993e-03
-4.321600135881453753e-04
-3.368644975125789642e-03
7.326258928515017033e-04
1.294903689995408058e-03
3.371132304891943932e-03
-2.394887618720531464e-03
-2.675176132470369339e-03
-1.594846835359930992e-03
1.326752593740820885e-03
-2.631170907989144325e-03
2.665055450052022934e-03
7.636966183781623840e-04
-2.043066779151558876e-03
-6.926620699232444167e-05
-2.805590163916349411e-03
2.730643609538674355e-03
-3.700581612065434456e-03
-2.243255032226443291e-03
-3.221424296498298645e-03
-2.336857607588171959e-03
3.599793999455869198e-04
-2.313698176294565201e-03
1.304624136537313461e-03
3.631436498835682869e-03
-8.371859439648687840e-04
-1.590283820405602455e-03
-1.950160716660320759e-03
-2.992939902469515800e-03
7.194193894974887371e-04
-1.553697395138442516e-03
3.827903885394334793e-03
-1.708196505205705762e-04
-2.754176734015345573e-03
-2.123954909620806575e-04
2.574183046817779541e-03
-1.685820287093520164e-03
-2.157099661417305470e-04
3.156187478452920914e-03
2.443451958242803812e-04
3.881439333781599998e-03
2.769763814285397530e-03
-4.983760882169008255e-04
2.874342026188969612e-03
2.903305925428867340e-03
3.590293228626251221e-03
4.458509502001106739e-04
3.785361535847187042e-03
-1.833277754485607147e-03
-5.882769473828375340e-04
-2.299327636137604713e-03
2.529949415475130081e-03
-3.825931344181299210e-03
7.841967744752764702e-04
-2.880449639633297920e-03
1.203400432132184505e-03
-1.812709844671189785e-03
1.808430650271475315e-03
2.339412225410342216e-03
-7.650175248272716999e-04
3.602029290050268173e-03
2.922925341408699751e-04
-2.869128657039254904e-04
3.728336887434124947e-03
1.864615129306912422e-03
9.826610330492258072e-04
6.333272904157638550e-04
-3.757295431569218636e-03
-2.938655670732259750e-03
-1.264516962692141533e-03
3.092553932219743729e-03
3.571676556020975113e-03
-1.103662303648889065e-03
-3.111865604296326637e-03
1.844100188463926315e-03
-3.706063376739621162e-03
2.692201407626271248e-03
3.587357699871063232e-03
1.079640700481832027e-03
-3.080245340242981911e-03
-7.835071883164346218e-04
8.719582110643386841e-04
1.574569178046658635e-04
2.000242238864302635e-03
-2.535592298954725266e-03
-2.710859291255474091e-03
2.075464231893420219e-03
1.414084807038307190e-03
2.291408600285649300e-03
-2.370854839682579041e-03
-1.688168966211378574e-03
-1.802034326829016209e-03
2.946483204141259193e-03
-3.132588230073451996e-03
1.091287238523364067e-03
1.486963359639048576e-03
2.333115786314010620e-03
1.591805950738489628e-03
-1.477960031479597092e-03
1.251000096090137959e-03
-2.981226134579628706e-04
-4.153479530941694975e-04
3.408679040148854256e-03
2.477750647813081741e-03
-3.857569303363561630e-03
-1.311545725911855698e-03
-2.265295246616005898e-03
2.185981953516602516e-03
-1.115864724852144718e-03
-6.953820702619850636e-04
2.451539970934391022e-03
-8.105673477984964848e-04
1.235320116393268108e-03
-6.828386685810983181e-04
-1.491568109486252069e-04
-5.931064952164888382e-04
3.458613762632012367e-03
1.926857628859579563e-03
6.282050162553787231e-04
-1.424960093572735786e-03
-1.849305554060265422e-04
2.826019423082470894e-03
-6.534457206726074219e-04
-1.114690094254910946e-03
-1.677868422120809555e-03
3.057346912100911140e-03
1.524923602119088173e-03
2.974120667204260826e-03
-1.572369830682873726e-03
3.235875861719250679e-03
1.619412912987172604e-03
-1.372404047288000584e-03
5.290558328852057457e-04
1.572773209773004055e-03
-5.930367842665873468e-05
-1.449851435609161854e-03
-3.085826523602008820e-03
3.568558255210518837e-03
-3.368629375472664833e-03
1.725985552184283733e-03
3.208229027222841978e-04
-3.457472892478108406e-03
2.882059488911181688e-04
3.503617364913225174e-03
2.259908709675073624e-03
-1.765835797414183617e-03
-8.279837493319064379e-05
