-1.080219168215990067e-03
-2.987219486385583878e-03
3.507648594677448273e-03
3.801039565587416291e-05
1.568014849908649921e-03
3.555474802851676941e-03
-1.223103376105427742e-03
5.178740830160677433e-04
1.747014699503779411e-03
-2.812374848872423172e-03
-2.531846985220909119e-03
8.906442089937627316e-04
-1.470163580961525440e-03
1.613520318642258644e-03
-2.722319448366761208e-03
-1.465350273065268993e-03
-2.431605476886034012e-03
3.205003216862678528e-03
3.255411982536315918e-03
-1.353213447146117687e-03
-3.498516744002699852e-03
-1.116480794735252857e-03
1.757060061208903790e-03
2.108001150190830231e-03
1.954490318894386292e-03
-2.159882802516222000e-03
2.810936886817216873e-03
-1.441099215298891068e-03
4.705823957920074463e-04
2.173745539039373398e-03
1.237331307493150234e-03
-7.018360774964094162e-04
3.058313392102718353e-03
-3.056418150663375854e-03
3.212170675396919250e-03
-3.182219807058572769e-03
-3.025517333298921585e-03
1.874738372862339020e-03
-1.134035526774823666e-03
-2.666986314579844475e-03
-3.812587587162852287e-03
-1.990197924897074699e-03
-3.446408547461032867e-03
7.571450551040470600e-04
2.508557401597499847e-03
1.844814047217369080e-03
3.756340360268950462e-03
2.999717544298619032e-04
2.331301569938659668e-03
-2.363118692301213741e-04
-4.938975907862186432e-04
8.757842006161808968e-04
2.130818465957418084e-04
-2.870207186788320541e-03
-7.552680326625704765e-04
1.034997985698282719e-03
-3.434235230088233948e-03
-3.209412097930908203e-03
1.352641847915947437e-03
2.113126683980226517e-03
-1.876962720416486263e-03
2.756949979811906815e-03
4.673652874771505594e-04
7.061474607326090336e-04
-1.209432841278612614e-03
-2.268214132072898792e-07
2.606424037367105484e-03
-5.770681309513747692e-04
1.110422817873768508e-04
1.552073634229600430e-03
-1.309965620748698711e-03
3.406443633139133453e-03
1.474886434152722359e-03
1.607943850103765726e-04
3.760886145755648613e-03
-1.361147849820554256e-03
-2.886648289859294891e-03
-1.543716993182897568e-03
-1.542073325254023075e-03
-5.410385347204282880e-05
-6.651247385889291763e-04
2.494839020073413849e-03
2.650771755725145340e-03
-2.499635447748005390e-04
-3.082753028138540685e-05
1.435091835446655750e-03
1.045222510583698750e-03
-5.531696660909801722e-05
-8.720339974388480186e-04
-1.810612739063799381e-03
1.870429259724915028e-03
3.522660816088318825e-03
2.672823145985603333e-03
-7.845456129871308804e-04
1.319209346547722816e-03
1.738340128213167191e-03
-3.068223129957914352e-03
-3.428811207413673401e-03
-3.072982653975486755e-03
-1.951457001268863678e-03
2.071633003652095795e-03
6.192565342644229531e-05
3.465853631496429443e-03
-3.179395338520407677e-03
-1.212951843626797199e-03
3.749386174604296684e-03
-3.222420578822493553e-03
-1.099270535632967949e-03
2.647899789735674858e-03
3.600094700232148170e-03
-1.777342520654201508e-03
4.343167820479720831e-04
3.451286349445581436e-03
-2.291224664077162743e-03
-3.726860275492072105e-03
-3.516223281621932983e-03
7.850764086470007896e-04
4.595479113049805164e-04
1.890887855552136898e-03
1.222120714373886585e-03
1.588732935488224030e-03
-8.191614761017262936e-04
3.819726873189210892e-03
-8.748001419007778168e-04
-2.213605446740984917e-03
2.403416903689503670e-03
3.155559301376342773e-03
-3.182499436661601067e-03
-2.800568239763379097e-03
5.249946843832731247e-04
-2.191461157053709030e-03
9.035934344865381718e-04
-1.774055766873061657e-03
-3.632130799815058708e-03
1.748231734381988645e-04
-9.919205913320183754e-04
-1.146655296906828880e-03
3.464963985607028008e-03
-2.611402305774390697e-04
-2.535814710427075624e-04
2.855663886293768883e-03
2.867603441700339317e-03
1.398847671225667000e-03
-2.634866978041827679e-04
-1.499612233601510525e-03
3.585521597415208817e-03
-3.815439529716968536e-03
-2.338816644623875618e-03
-1.372874132357537746e-03
-3.309567691758275032e-03
-5.569144268520176411e-04
-3.629505634307861328e-03
2.959150588139891624e-03
-5.099907866679131985e-04
3.599220886826515198e-03
3.249178640544414520e-03
2.372335176914930344e-03
6.839571287855505943e-04
7.986108539626002312e-04
-2.930738497525453568e-03
9.893646929413080215e-04
-2.814606530591845512e-03
3.400398883968591690e-03
-1.561161247082054615e-03
-1.475286626373417675e-05
-1.280265569221228361e-04
-3.626955207437276840e-03
-3.851271467283368111e-04
-4.808240046259015799e-04
-3.210002789273858070e-03
6.920722080394625664e-04
3.049281258427072316e-05
6.320420652627944946e-04
-1.894004060886800289e-03
-1.997838960960507393e-03
4.801584582310169935e-04
-3.723727306351065636e-03
2.566202776506543159e-03
-1.410923781804740429e-03
3.203969681635499001e-03
-3.361793467774987221e-03
-2.820278168655931950e-04
-1.134414691478013992e-03
-1.356814871542155743e-03
-2.406760584563016891e-03
-2.385779749602079391e-03
2.422293648123741150e-03
2.163870492950081825e-03
-7.636061636731028557e-04
2.012571552768349648e-03
-3.679316490888595581e-03
1.176337478682398796e-03
-1.153721241280436516e-03
2.591972588561475277e-04
2.251719823107123375e-03
1.122955465689301491e-03
6.770267500542104244e-04
2.727450337260961533e-04
3.541278187185525894e-03
2.049066359177231789e-03
-3.098409390076994896e-03
2.966620959341526031e-03
-2.595169236883521080e-03
2.302551874890923500e-03
-1.397374289808794856e-04
-1.416421961039304733e-03
-1.336213550530374050e-03
1.739526283927261829e-03
-2.747046528384089470e-03
1.357447908958420157e-04
-2.799195935949683189e-03
-3.119013272225856781e-03
-9.577001328580081463e-04
-3.267868887633085251e-03
-1.390107558108866215e-03
2.684874692931771278e-03
-1.281082048080861568e-03
-8.994464296847581863e-04
2.269281540066003799e-03
3.695676801726222038e-03
-2.913156757131218910e-03
2.693688962608575821e-03
3.778116311877965927e-03
-1.697641273494809866e-04
-1.191426417790353298e-03
3.612393280491232872e-03
2.123197307810187340e-03
2.138125943019986153e-03
-3.489797236397862434e-03
7.584125851280987263e-04
1.624812255613505840e-03
8.339728228747844696e-04
-2.867263508960604668e-03
-2.805061172693967819e-03
-3.899188945069909096e-03
-1.188889262266457081e-03
3.450985765084624290e-03
3.307023551315069199e-03
-2.497063484042882919e-03
-3.640677023213356733e-04
1.731126394588500261e-04
3.331985324621200562e-03
2.295601298101246357e-04
-3.649036400020122528e-03
1.610719482414424419e-03
1.988129079109057784e-04
2.365584019571542740e-03
-5.364792305044829845e-04
-3.901076735928654671e-03
3.771609393879771233e-03
-2.204003045335412025e-03
-1.022264361381530762e-03
1.712717348709702492e-04
2.380190562689676881e-04
-3.650499042123556137e-03
-1.648556208238005638e-03
