3.585813683457672596e-04
9.065599879249930382e-04
-1.288217608816921711e-03
3.220567479729652405e-03
3.633804852142930031e-03
-6.729710148647427559e-04
2.395890420302748680e-03
-1.978474901989102364e-03
1.416438259184360504e-03
2.110605826601386070e-03
2.454296918585896492e-03
-6.596269086003303528e-04
5.953775835223495960e-04
-9.895531693473458290e-04
-1.426903298124670982e-03
-1.251004869118332863e-03
-2.905468223616480827e-03
2.540078014135360718e-03
3.810530062764883041e-03
7.994245970621705055e-04
-1.699741580523550510e-03
3.624969627708196640e-03
-2.283079375047236681e-04
-2.443758305162191391e-03
-1.709847361780703068e-03
-1.909723738208413124e-03
-1.311220810748636723e-03
-5.793872405774891376e-04
-4.725714461528696120e-05
-6.906965863890945911e-04
1.216887030750513077e-03
2.358576515689492226e-03
1.898908172734081745e-03
-1.758139464072883129e-03
1.133460900746285915e-03
-2.877031685784459114e-03
1.627105753868818283e-03
3.512005787342786789e-03
2.606901340186595917e-03
-1.549444743432104588e-03
1.993264304473996162e-03
-2.824990777298808098e-03
3.119799774140119553e-03
1.864296791609376669e-04
3.037219867110252380e-03
3.380151698365807533e-03
5.428946460597217083e-04
-1.684136455878615379e-03
-2.024913672357797623e-03
2.115353243425488472e-03
3.117941552773118019e-03
1.211554976180195808e-03
1.302213495364412665e-04
-1.165076973848044872e-03
4.715028044302016497e-04
-2.694884315133094788e-03
5.036282818764448166e-04
-1.646696124225854874e-03
3.000440774485468864e-03
2.162394579499959946e-03
-2.013832854572683573e-04
1.208801259053871036e-04
7.831496768631041050e-04
-2.891327021643519402e-04
2.283472334966063499e-03
-3.311719978228211403e-03
2.033484342973679304e-04
-1.135702987085096538e-04
-2.347337431274354458e-04
3.341404721140861511e-03
-2.081061247736215591e-03
3.411703437450341880e-05
-9.126731310971081257e-04
2.524971030652523041e-03
3.217827528715133667e-03
1.415926497429609299e-03
2.689213259145617485e-03
-3.119230736047029495e-03
-6.041625165380537510e-04
1.462060608901083469e-03
-3.820133395493030548e-03
-2.592825796455144882e-03
1.645139069296419621e-03
1.364866388030350208e-03
1.983765978366136551e-04
-3.747391514480113983e-03
2.160689327865839005e-03
-6.714923656545579433e-04
1.604470773600041866e-03
7.449210388585925102e-04
2.492384985089302063e-03
-9.605441591702401638e-04
1.045308745233342052e-04
6.170556880533695221e-04
-2.933669835329055786e-03
7.565825944766402245e-04
-9.192007710225880146e-04
2.501868410035967827e-03
1.176404184661805630e-03
-1.489522401243448257e-03
1.423336216248571873e-03
-3.118296444881707430e-04
1.730984426103532314e-03
-3.248402383178472519e-03
-3.492519725114107132e-03
-2.578523242846131325e-03
8.397526107728481293e-04
-3.454298013821244240e-03
6.573022110387682915e-04
4.961640224792063236e-04
-8.716279990039765835e-04
-9.940227027982473373e-04
-3.196083474904298782e-03
2.318063052371144295e-03
2.381699159741401672e-03
-2.988866996020078659e-03
-3.411749843508005142e-03
-2.810230478644371033e-03
-2.851757919415831566e-03
1.314762863330543041e-03
6.296915234997868538e-04
-2.564275870099663734e-03
-3.582743462175130844e-03
-3.859404940158128738e-03
1.416401937603950500e-03
-3.120545996353030205e-03
-1.371603721054270864e-04
2.714134287089109421e-03
1.895701047033071518e-03
-3.548788838088512421e-03
-3.248669672757387161e-03
-1.808635075576603413e-03
1.254338421858847141e-03
2.148060593754053116e-03
-3.353872802108526230e-03
1.447595772333443165e-03
2.814153594954404980e-05
1.899413065984845161e-03
-3.343652468174695969e-03
-1.050849561579525471e-03
-1.153171877376735210e-03
2.660514554008841515e-03
3.024016274139285088e-03
1.518321922048926353e-03
-1.899352530017495155e-03
6.098151061451062560e-05
-1.765486667864024639e-03
2.324078930541872978e-03
3.844587132334709167e-03
-2.770395716652274132e-03
-2.267472445964813232e-03
2.227888442575931549e-03
3.685676492750644684e-03
-2.413830719888210297e-03
2.133131260052323341e-03
-2.882902117562480271e-05
4.704810999101027846e-05
-1.272999681532382965e-03
-8.206198108382523060e-04
-2.141043369192630053e-04
2.191981475334614515e-04
-1.937739551067352295e-03
-6.270859157666563988e-04
-2.203534822911024094e-03
-2.993256784975528717e-03
2.323086373507976532e-03
-6.639194907620549202e-05
-2.413769951090216637e-03
-2.027279842877760530e-04
3.479991108179092407e-03
1.404876238666474819e-03
2.583145629614591599e-03
-9.587466483935713768e-04
1.057995483279228210e-03
-1.125955721363425255e-03
-2.140878699719905853e-03
3.050819970667362213e-03
-5.260910256765782833e-04
3.027708036825060844e-03
3.240844933316111565e-03
3.532622940838336945e-03
-9.282071259804069996e-04
7.135026389732956886e-04
1.363585935905575752e-03
3.587709041312336922e-03
-3.003943013027310371e-03
-2.031236421316862106e-03
-2.895708894357085228e-03
1.844661077484488487e-03
5.061450065113604069e-04
2.237717155367136002e-03
1.992990728467702866e-03
-9.152454440481960773e-04
1.361132599413394928e-03
-6.082737818360328674e-04
1.083857496269047260e-03
3.835720941424369812e-03
2.260922221466898918e-03
1.950209378264844418e-03
3.806623630225658417e-03
-6.977400626055896282e-04
-1.218693680129945278e-03
3.053116146475076675e-03
7.935372996143996716e-04
-8.973014773800969124e-04
4.044992383569478989e-04
-1.708056777715682983e-03
1.206545159220695496e-03
-3.001781180500984192e-03
1.843803445808589458e-03
-1.209606765769422054e-03
-1.136291029979474843e-04
8.258593152277171612e-04
-3.357285400852560997e-03
-3.096519270911812782e-03
2.488208701834082603e-04
-3.099826630204916000e-03
-2.139107324182987213e-03
-3.400634741410613060e-03
-1.032433588989078999e-03
-1.997352810576558113e-03
-2.041276544332504272e-03
2.182786352932453156e-03
-9.730394813232123852e-04
-1.008271006867289543e-03
6.045773043297231197e-04
-1.904911943711340427e-03
8.955601952038705349e-04
-3.739060135558247566e-03
1.278833835385739803e-03
2.045687520876526833e-03
1.884490018710494041e-03
-1.291230670176446438e-03
8.603048627264797688e-04
-3.393341088667511940e-03
2.475784625858068466e-03
-7.528724963776767254e-04
-2.461713738739490509e-03
-2.664706436917185783e-03
-3.408442484214901924e-03
-3.056299174204468727e-04
3.423758083954453468e-03
-3.126035153400152922e-04
-6.261296803131699562e-04
1.846202416345477104e-03
6.433001253753900528e-04
-9.129420504905283451e-04
3.297972958534955978e-03
-3.576699644327163696e-03
-3.221551654860377312e-03
-1.834354014135897160e-03
-2.035215147770941257e-04
1.729249372147023678e-03
4.974059411324560642e-04
-3.302963217720389366e-03
-3.048043698072433472e-03
