2.931007416918873787e-03
2.778477035462856293e-03
3.790721530094742775e-03
2.567012561485171318e-03
2.965696388855576515e-03
-6.644183886237442493e-04
-2.673992421478033066e-04
3.906502854079008102e-03
9.047139901667833328e-04
2.281497698277235031e-03
3.678905777633190155e-03
-1.405474031344056129e-03
-3.897590504493564367e-04
9.403568110428750515e-04
-1.130922697484493256e-03
3.551694098860025406e-03
-3.455326659604907036e-03
-2.853482030332088470e-03
1.983024878427386284e-03
2.643220941536128521e-04
-2.604996087029576302e-03
-2.528592944145202637e-03
-2.748937578871846199e-03
4.832380509469658136e-04
-1.091895275749266148e-03
1.044984441250562668e-03
-3.310984000563621521e-03
1.562511752126738429e-04
3.300007665529847145e-03
-6.283918046392500401e-04
7.229084731079638004e-04
1.799881458282470703e-03
2.606383350212126970e-04
-1.287322840653359890e-03
3.515448421239852905e-03
3.909133083652704954e-04
4.738337338494602591e-06
-1.690611476078629494e-03
6.354147917591035366e-04
-3.293882356956601143e-03
-1.657449756748974323e-04
3.379116300493478775e-03
-2.168024191632866859e-03
1.593666274857241660e-05
-1.780147897079586983e-03
-3.920712915714830160e-04
3.586388193070888519e-03
-1.285704900510609150e-03
2.722654258832335472e-03
1.609264872968196869e-03
1.836474868468940258e-03
-1.290059182792901993e-03
6.194123416207730770e-04
-1.253686030395328999e-03
-2.019790001213550568e-03
3.686330048367381096e-03
-3.310908796265721321e-03
-1.089015277102589607e-03
-9.121395414695143700e-04
3.188333939760923386e-03
5.230662281974218786e-06
3.527364460751414299e-03
5.328687839210033417e-04
7.131124584702774882e-05
2.810964651871472597e-04
-3.610186045989394188e-03
3.555852919816970825e-03
3.488405840471386909e-03
-2.074292133329436183e-04
1.361340982839465141e-03
2.652773167937994003e-03
2.249504672363400459e-03
2.918516285717487335e-03
2.928799251094460487e-03
3.111147321760654449e-03
3.540100064128637314e-03
-1.238161814399063587e-03
-5.889640306122601032e-05
-1.961339265108108521e-03
-7.414942956529557705e-04
3.551795845851302147e-03
1.350835431367158890e-03
-1.265127444639801979e-03
1.195777906104922295e-03
-1.810585963539779186e-04
-1.079911598935723305e-03
4.466964455787092447e-04
2.692213514819741249e-03
3.739593317732214928e-03
-1.129864365793764591e-03
-2.274805214256048203e-03
3.602015785872936249e-03
2.687802072614431381e-03
-1.466658548451960087e-03
1.753414166159927845e-03
-3.271874273195862770e-03
-3.351605264469981194e-03
-5.127560580149292946e-04
-4.625225265044718981e-04
-3.680955618619918823e-03
-3.619574243202805519e-03
-3.448225092142820358e-03
-2.373257651925086975e-03
-4.058042250107973814e-04
3.617923766796593554e-06
-2.246609423309564590e-03
-2.354419557377696037e-03
1.331861014477908611e-03
-2.025212394073605537e-03
6.777032394893467426e-04
-3.059095237404108047e-03
7.075259345583617687e-04
-2.599617000669240952e-03
2.800781279802322388e-03
2.838951535522937775e-03
-4.831542028114199638e-04
-3.370386548340320587e-03
-7.478309562429785728e-04
1.734357210807502270e-03
3.901385935023427010e-03
3.019759664312005043e-03
-1.030102372169494629e-03
3.758685197681188583e-03
-2.118237782269716263e-03
-9.798286919249221683e-05
8.821015362627804279e-04
-2.771650673821568489e-03
-1.706870039924979210e-03
-3.023698693141341209e-03
-3.003435442224144936e-03
1.842187950387597084e-03
-3.591427579522132874e-03
-3.244224935770034790e-03
1.212384901009500027e-03
-1.849882770329713821e-03
1.100005320040509105e-04
-1.157083243015222251e-04
-2.360655926167964935e-03
8.295269217342138290e-04
-3.305485006421804428e-03
3.490765346214175224e-03
-9.101566392928361893e-04
1.607217360287904739e-03
-1.666717813350260258e-03
1.481318962760269642e-03
-2.516817068681120872e-03
-1.735307159833610058e-03
-5.299175973050296307e-05
-1.318887574598193169e-03
-2.582167740911245346e-03
-2.911305753514170647e-03
-3.674102015793323517e-03
2.372249029576778412e-03
2.777142683044075966e-03
-3.069916274398565292e-03
1.763583393767476082e-03
-3.021068172529339790e-03
2.727507147938013077e-03
-5.973168299533426762e-05
-3.530977526679635048e-03
2.139420481398701668e-03
-1.346181379631161690e-03
1.354500651359558105e-03
-1.444733818061649799e-03
2.432583365589380264e-03
7.769715739414095879e-04
-1.774598378688097000e-03
-9.886012412607669830e-04
3.051336854696273804e-03
-3.337011206895112991e-03
2.251004800200462341e-03
1.735899364575743675e-03
-3.889872925356030464e-03
-3.793521784245967865e-03
3.685265313833951950e-03
4.171433683950453997e-04
-3.257889999076724052e-03
7.799551531206816435e-05
-1.119953813031315804e-03
-3.106848103925585747e-03
-1.643336378037929535e-03
1.866821316070854664e-03
-3.176657482981681824e-03
3.462679451331496239e-03
-3.531063674017786980e-03
-1.918087247759103775e-03
1.354382373392581940e-03
1.760847866535186768e-03
-2.248068572953343391e-03
1.530176494270563126e-03
-1.633233739994466305e-03
2.980611752718687057e-03
-1.871247222879901528e-04
-8.963205618783831596e-04
3.186564659699797630e-03
-1.591596053913235664e-03
-3.559344913810491562e-03
3.337773028761148453e-03
1.174701144918799400e-03
-2.488768659532070160e-03
-2.814993262290954590e-03
-1.481603685533627868e-04
-3.172861877828836441e-03
6.809873739257454872e-04
1.912876847200095654e-03
-5.036324146203696728e-04
-1.048209029249846935e-03
-1.705118804238736629e-03
2.030028495937585831e-03
2.767338184639811516e-03
2.421874320134520531e-03
2.941568614915013313e-03
3.169520292431116104e-03
-3.830765839666128159e-03
-1.814208575524389744e-03
2.622945699840784073e-03
-1.754720578901469707e-03
-4.597316365106962621e-05
-2.050064176728483289e-05
2.934227231889963150e-03
2.708203857764601707e-03
3.466564929112792015e-03
-4.801661998499184847e-04
-7.244520238600671291e-04
4.833806015085428953e-04
3.670603036880493164e-04
-1.952728838659822941e-03
-3.278505755588412285e-03
1.944432297023013234e-04
-3.579310839995741844e-03
-2.258650725707411766e-03
5.858451550011523068e-05
1.225295942276716232e-03
2.353604184463620186e-03
2.255087485536932945e-03
-2.078532241284847260e-03
5.264276405796408653e-04
-8.811634324956685305e-05
8.905323920771479607e-04
3.145023481920361519e-03
-1.304525649175047874e-03
-3.601502859964966774e-03
8.127239998430013657e-04
-1.404003938660025597e-03
-2.240184694528579712e-03
2.681903773918747902e-03
-2.265346935018897057e-03
-3.548392793163657188e-03
-2.045539906248450279e-03
7.913999725133180618e-04
-3.194821765646338463e-03
2.753115724772214890e-03
-3.153623547405004501e-03
-3.114786464720964432e-03
-2.224240888608619571e-04
-1.876822439953684807e-03
