2.669834997504949570e-03
-3.295101458206772804e-03
6.719816010445356369e-04
3.615177702158689499e-03
2.738196169957518578e-03
-3.403213107958436012e-03
-4.212208441458642483e-04
-1.945887692272663116e-03
-2.175773726776242256e-03
-1.037295558489859104e-03
3.315177513286471367e-03
-2.638050587847828865e-03
-2.706536091864109039e-03
6.960887694731354713e-04
-2.424843143671751022e-03
2.933645155280828476e-03
-2.379047684371471405e-03
-3.071690211072564125e-03
1.352960942313075066e-03
-2.118238480761647224e-03
2.919547958299517632e-03
5.258728051558136940e-04
8.638079161755740643e-04
2.999498974531888962e-04
1.971796154975891113e-03
3.502110019326210022e-03
1.049462938681244850e-03
-2.580578206107020378e-03
-2.318650367669761181e-04
1.102284877561032772e-03
3.377817571163177490e-03
2.900380175560712814e-03
-1.737260725349187851e-03
-2.104849321767687798e-03
3.824079176411032677e-03
-3.331905929371714592e-03
1.183204469271004200e-03
-3.159767482429742813e-03
-1.530972542241215706e-03
1.591355889104306698e-03
8.697138982824981213e-04
-2.033048775047063828e-03
-1.488601323217153549e-03
-3.550226800143718719e-03
2.268049138365313411e-04
-3.879848401993513107e-03
4.400670295581221581e-04
1.701831788523122668e-04
1.843517413362860680e-03
2.851215424016118050e-03
-3.068601246923208237e-03
2.011981559917330742e-03
1.154981146100908518e-04
1.244337763637304306e-03
-1.579521922394633293e-03
-7.220004918053746223e-04
-1.938247703947126865e-03
-1.889035454951226711e-03
-1.791239599697291851e-03
-2.842958085238933563e-03
-3.385339863598346710e-03
-1.610382460057735443e-03
-2.257050655316561460e-04
2.559758955612778664e-03
-1.407093135640025139e-03
-1.804177882149815559e-03
-1.281092525459825993e-03
-3.307349688839167356e-04
-3.217353019863367081e-03
2.186357742175459862e-03
-1.866803620941936970e-03
1.795376418158411980e-03
-3.663392271846532822e-03
1.812634407542645931e-03
-2.961444901302456856e-03
8.573056547902524471e-04
-8.870173769537359476e-05
-3.708196571096777916e-03
-4.046141984872519970e-04
1.362398499622941017e-03
3.113310551270842552e-03
2.379588840994983912e-04
-3.762388369068503380e-03
2.762179065030068159e-04
3.770915791392326355e-03
-1.896038302220404148e-03
8.508301689289510250e-04
-4.554893239401280880e-04
3.657398046925663948e-03
-3.713853424414992332e-03
-2.490123733878135681e-03
1.192947616800665855e-03
-6.085905479267239571e-04
1.409579883329570293e-03
-1.478378893807530403e-03
6.240690127015113831e-04
-3.906828351318836212e-03
1.332041923888027668e-03
-2.121784491464495659e-03
1.683877635514363647e-04
-2.749898470938205719e-03
-2.966744126752018929e-03
-6.908774957992136478e-04
6.124806241132318974e-04
3.313253866508603096e-03
2.967203734442591667e-03
-1.542638521641492844e-03
-2.279557054862380028e-03
4.662740102503448725e-04
5.943866563029587269e-04
1.986850518733263016e-03
2.483748598024249077e-03
-3.409732133150100708e-03
8.463949779979884624e-04
-3.811837406828999519e-03
-2.451078733429312706e-03
7.017984171397984028e-04
-2.741578733548521996e-03
6.637605838477611542e-04
-1.088412012904882431e-03
1.183169428259134293e-03
-2.294144826009869576e-03
-2.004700247198343277e-03
-2.781326649710536003e-03
4.310983931645750999e-04
1.424009096808731556e-03
-8.724778308533132076e-04
1.116191386245191097e-03
1.245659077540040016e-03
3.108410630375146866e-03
-3.339969087392091751e-03
1.826377119868993759e-03
2.823344198986887932e-03
2.276227809488773346e-03
2.735771471634507179e-03
-6.981848273426294327e-04
-1.938128261826932430e-03
-3.559148171916604042e-03
1.858696807175874710e-03
-3.698701912071555853e-04
-1.508613815531134605e-03
2.891722600907087326e-03
-1.297907205298542976e-03
2.417909447103738785e-03
-2.499839058145880699e-03
1.448211842216551304e-03
-3.846507286652922630e-03
-3.320417832583189011e-03
3.157150931656360626e-04
2.375867916271090508e-03
-3.215442644432187080e-03
2.273790072649717331e-03
1.603789278306066990e-03
3.907703328877687454e-03
-1.741963671520352364e-03
2.661200473085045815e-03
3.079017158597707748e-03
-9.146607480943202972e-04
-1.155154546722769737e-03
6.602991488762199879e-04
1.414397615008056164e-03
-1.889442442916333675e-03
-2.552381018176674843e-03
2.915229415521025658e-03
3.070725069846957922e-04
-1.817213487811386585e-03
2.980718621984124184e-03
3.228147979825735092e-03
-1.152400625869631767e-03
3.270958783105015755e-03
2.683730330318212509e-03
-2.821761881932616234e-03
3.674719016999006271e-03
3.691865131258964539e-03
3.126416122540831566e-03
-8.193830726668238640e-04
-1.328334095887839794e-03
-3.688834374770522118e-03
3.039084374904632568e-03
-2.324327593669295311e-03
-1.332802814431488514e-03
2.415071008726954460e-03
1.612104591913521290e-03
3.170407144352793694e-03
-2.313182922080159187e-03
-2.617225050926208496e-03
3.716177772730588913e-03
-2.372006885707378387e-03
-1.081932219676673412e-03
1.216847085743211210e-04
1.723544904962182045e-03
-3.109886776655912399e-03
4.239272311679087579e-05
1.182463369332253933e-03
3.752400632947683334e-03
-2.417495008558034897e-03
-7.743772002868354321e-04
-1.361696515232324600e-03
2.728275954723358154e-03
-1.821478595957159996e-03
-2.905769040808081627e-03
2.125159138813614845e-03
-6.259143119677901268e-04
-2.535353880375623703e-03
-4.029606352560222149e-04
-2.211394254118204117e-03
-3.041960299015045166e-03
6.654248572885990143e-04
-1.945957919815555215e-04
-2.976423129439353943e-03
3.163968212902545929e-03
3.195199416950345039e-03
9.974440326914191246e-04
3.461653366684913635e-03
-6.517326692119240761e-04
-2.684344537556171417e-03
1.179625396616756916e-03
-2.439231320749968290e-04
-3.321584546938538551e-03
-3.639630507677793503e-03
-2.402488142251968384e-03
1.336883055046200752e-03
-9.171786950901150703e-04
2.528253709897398949e-03
6.739217496942728758e-05
3.596281399950385094e-03
-1.081544207409024239e-03
-3.442968940362334251e-03
2.252559643238782883e-03
-8.861289825290441513e-04
-3.194040618836879730e-04
2.329858580196741968e-05
3.382472321391105652e-03
-1.517826574854552746e-03
-3.423207439482212067e-03
1.367293996736407280e-03
2.358975587412714958e-03
-3.204010659828782082e-03
3.227139357477426529e-03
3.104831092059612274e-03
1.097889733500778675e-03
-2.807760145515203476e-03
3.117847722023725510e-03
-2.345928223803639412e-03
-1.725306501612067223e-03
2.298902487382292747e-03
3.195890691131353378e-03
2.455107402056455612e-03
-1.397801912389695644e-03
3.324768738821148872e-03
1.969874370843172073e-03
5.197106511332094669e-04
1.295391004532575607e-03
6.593800499103963375e-04
1.852654037065804005e-03
3.508742898702621460e-03
