1.312718610279262066e-03
-3.890916937962174416e-03
2.574759768322110176e-03
3.852738067507743835e-03
-1.496487995609641075e-03
-6.628985865972936153e-04
-2.179746283218264580e-03
2.370604546740651131e-03
-2.049238421022891998e-03
1.583001576364040375e-03
-2.670987509191036224e-03
6.790362531319260597e-04
-3.048780374228954315e-03
-1.418965053744614124e-03
-3.044751938432455063e-04
-1.639222027733922005e-04
3.739709267392754555e-03
3.077666042372584343e-03
1.113134669139981270e-03
-8.535580127499997616e-04
1.283142832107841969e-03
-2.500276081264019012e-03
2.356863580644130707e-03
1.945243799127638340e-03
2.125229657394811511e-04
-3.282710909843444824e-03
-3.416373627260327339e-03
2.355637261644005775e-03
-3.626359160989522934e-03
2.448409330099821091e-03
1.471966534154489636e-04
-2.704160287976264954e-03
-2.428645500913262367e-03
1.011681393720209599e-03
-3.839657409116625786e-03
9.780098916962742805e-04
2.849052660167217255e-03
-1.416367013007402420e-03
3.582008648663759232e-03
-3.037709277123212814e-03
2.998076379299163818e-03
2.791075268760323524e-03
-2.272727666422724724e-03
-3.861582605168223381e-03
-3.759598184842616320e-04
-3.848196472972631454e-03
-2.480020513758063316e-03
2.441416028887033463e-03
-2.465180354192852974e-03
-1.857303665019571781e-03
3.591592423617839813e-03
1.890843152068555355e-03
2.498004352673888206e-03
3.862572135403752327e-03
3.845837665721774101e-03
2.167099009966477752e-04
-5.109470221213996410e-04
4.014035803265869617e-04
-3.629280719906091690e-03
5.250014946796000004e-04
1.079687965102493763e-03
-1.074393047019839287e-03
1.318262424319982529e-03
-1.807614578865468502e-03
3.726233262568712234e-04
-1.705715432763099670e-03
-3.037945600226521492e-03
-6.026288028806447983e-04
4.455960879568010569e-04
2.414852147921919823e-03
2.996067516505718231e-03
6.653542513959109783e-04
-4.193132917862385511e-04
1.174994977191090584e-03
-8.016856154426932335e-04
3.236838150769472122e-03
-3.051279578357934952e-03
-2.502991119399666786e-03
2.943056169897317886e-03
-1.180843799374997616e-03
1.837495015934109688e-03
-3.838196629658341408e-03
3.211073344573378563e-03
-3.602312412112951279e-03
-2.232376718893647194e-03
-1.314178807660937309e-03
-1.652735518291592598e-03
1.100801397114992142e-03
-1.026940997689962387e-03
-3.053055144846439362e-03
2.715859329327940941e-03
-5.127351323608309031e-05
-2.272502752020955086e-03
2.785351825878024101e-03
-3.545639337971806526e-03
2.580392872914671898e-03
-7.693671504966914654e-04
-1.398225082084536552e-03
1.805498264729976654e-03
1.466288929805159569e-03
1.809209934435784817e-03
1.927219447679817677e-03
3.104131668806076050e-03
-1.601642812602221966e-03
3.867626190185546875e-03
6.687467684969305992e-04
-7.247118046507239342e-04
1.147296046838164330e-03
2.325159730389714241e-03
-2.722332486882805824e-03
-2.029391704127192497e-03
-2.236269414424896240e-03
2.562333596870303154e-03
-3.824961604550480843e-03
-1.189024536870419979e-03
-3.019867464900016785e-03
-3.461027983576059341e-03
1.909298938699066639e-03
3.527048043906688690e-03
-1.058851252309978008e-03
5.572413210757076740e-04
-1.182737527415156364e-03
1.300834701396524906e-04
-3.179248888045549393e-03
3.009554930031299591e-04
-1.816600328311324120e-03
-3.800694132223725319e-03
1.545278355479240417e-03
3.138999221846461296e-03
-2.241093432530760765e-03
-3.191412659361958504e-03
-2.804058138281106949e-03
-9.930775268003344536e-04
5.459471722133457661e-04
-1.520637539215385914e-03
3.066856006626039743e-04
2.177414949983358383e-03
3.841914935037493706e-03
3.123706905171275139e-03
-2.806438831612467766e-03
-3.063826123252511024e-03
-4.103342362213879824e-04
-3.103229217231273651e-03
1.756123267114162445e-03
-1.796684955479577184e-04
2.938102465122938156e-03
8.612274541519582272e-04
3.035989589989185333e-03
3.793983487412333488e-03
-1.212023315019905567e-03
3.660117276012897491e-03
3.008555853739380836e-03
-2.203842013841494918e-04
-1.960251713171601295e-03
3.043327247723937035e-03
2.058095415122807026e-04
-1.646433607675135136e-03
-1.516500720754265785e-03
-3.847685642540454865e-03
-3.282693447545170784e-03
-1.737048383802175522e-03
-8.938008104451000690e-04
3.706731600686907768e-03
-2.382775302976369858e-03
1.446738024242222309e-03
2.175680827349424362e-03
3.611276624724268913e-03
1.755608827807009220e-03
6.920085288584232330e-04
-3.490047995001077652e-03
-3.685411531478166580e-03
2.099491655826568604e-03
1.142777386121451855e-03
-2.290545497089624405e-03
3.650129772722721100e-03
3.791510593146085739e-03
8.993296069093048573e-04
2.144520869478583336e-03
2.281604567542672157e-03
-1.718680956400930882e-03
3.557037794962525368e-03
1.402248279191553593e-03
2.308184513822197914e-03
-1.314551220275461674e-03
-3.822085214778780937e-03
7.028202526271343231e-04
-2.727494342252612114e-03
1.830940949730575085e-03
1.299284049309790134e-03
-3.670964390039443970e-03
7.056657923385500908e-04
8.239769376814365387e-04
-1.651130849495530128e-03
-9.212721488438546658e-04
1.133034456870518625e-04
3.294824855402112007e-03
2.127781044691801071e-03
-3.413037862628698349e-03
1.420779619365930557e-03
3.539076074957847595e-03
-2.221149159595370293e-03
1.202540879603475332e-04
-3.893585177138447762e-03
-2.452607499435544014e-03
3.312718123197555542e-03
2.161171752959489822e-03
6.436441908590495586e-04
1.709246076643466949e-03
3.009082516655325890e-03
3.290074819233268499e-04
8.061073021963238716e-04
-2.687565283849835396e-03
-2.839164575561881065e-03
-2.860063919797539711e-03
-1.146133639849722385e-03
-3.905399062205106020e-04
2.900388790294528008e-03
2.107800683006644249e-03
-1.541862729936838150e-03
-2.067064633592963219e-03
-3.106567542999982834e-03
3.193749347701668739e-03
2.298186300322413445e-03
3.765318775549530983e-03
-1.978514017537236214e-03
3.261813661083579063e-03
2.401970559731125832e-03
6.830067723058164120e-04
-2.091262489557266235e-03
-2.883978653699159622e-03
-2.634761622175574303e-03
-1.659576082602143288e-04
-1.259636133909225464e-03
1.255849725566804409e-03
1.452649212296819314e-05
3.422448877245187759e-03
3.191638737916946411e-03
3.192209405824542046e-03
1.999296713620424271e-03
-1.547794672660529613e-03
-6.173732108436524868e-04
3.005917649716138840e-03
-9.328632731921970844e-04
-3.056458896026015282e-03
1.465708133764564991e-03
-3.662504954263567924e-03
2.678188495337963104e-03
1.094094943255186081e-03
-1.468014088459312916e-03
-2.507446100935339928e-03
-3.764830529689788818e-03
3.408965421840548515e-03
-7.897435571067035198e-04
-2.187378937378525734e-03
1.085511757992208004e-03
1.815618481487035751e-03
