-1.466727117076516151e-03
8.059703395701944828e-04
4.265121970092877746e-05
2.769930521026253700e-03
1.238734577782452106e-03
2.432716777548193932e-03
-1.836498617194592953e-03
3.179170191287994385e-03
1.084131188690662384e-03
-1.776195247657597065e-03
-3.015777561813592911e-03
1.314174383878707886e-03
3.422739915549755096e-03
-3.868744010105729103e-03
-3.148416755720973015e-03
-5.957561079412698746e-04
1.806378713808953762e-03
-2.198985544964671135e-03
3.192465286701917648e-03
2.998345764353871346e-03
2.503813710063695908e-03
-8.199294679798185825e-04
1.227430184371769428e-03
3.683896269649267197e-03
1.610450213775038719e-03
-1.831069472245872021e-03
3.611979307606816292e-03
3.753614844754338264e-03
2.228094817837700248e-04
1.601514639332890511e-03
-2.649330126587301493e-04
1.659092959016561508e-03
-1.550763030536472797e-03
4.100881051272153854e-04
3.551070578396320343e-03
-3.159392159432172775e-03
9.703413234092295170e-04
-1.811316120438277721e-03
-1.439340296201407909e-03
-1.208845969813410193e-05
1.490132417529821396e-03
1.607725745998322964e-03
-2.008346200454980135e-05
-4.655798329622484744e-05
1.175446319393813610e-03
-2.306001260876655579e-03
2.201661700382828712e-03
-2.660325029864907265e-03
-1.741536776535212994e-03
2.119553275406360626e-03
-3.160707885399460793e-03
1.852128538303077221e-03
-2.403995255008339882e-03
1.091122743673622608e-03
2.146070910384878516e-04
-6.440932629629969597e-04
3.554563038051128387e-03
-3.490576520562171936e-03
-1.801427570171654224e-03
-9.948142105713486671e-04
-1.562477700645104051e-04
2.047793706879019737e-03
3.515294985845685005e-03
-2.501684473827481270e-03
5.762485670857131481e-04
1.374209648929536343e-03
2.396506723016500473e-03
-3.309866180643439293e-03
-1.252949470654129982e-03
3.705124603584408760e-03
-2.000059466809034348e-03
3.456044010818004608e-03
6.017647683620452881e-04
-1.119481748901307583e-03
-8.551416685804724693e-04
-2.920769620686769485e-03
-2.781886374577879906e-03
1.439451938495039940e-03
-2.442482393234968185e-03
-1.429247902706265450e-03
-3.136522136628627777e-03
-5.671799299307167530e-04
2.351404633373022079e-03
5.476329170051030815e-05
5.018491647206246853e-04
1.992973964661359787e-03
-3.616557922214269638e-03
1.342879259027540684e-03
-3.852197201922535896e-03
7.666033343411982059e-04
-1.612390507943928242e-03
-3.094944404438138008e-03
8.144525927491486073e-04
5.819459911435842514e-04
1.695307553745806217e-03
3.792779520153999329e-03
-1.704944996163249016e-03
3.791732015088200569e-03
6.841026479378342628e-04
2.834579674527049065e-03
-1.585690421052277088e-03
-2.532822312787175179e-03
5.056110094301402569e-04
-2.536763669922947884e-03
1.287085469812154770e-03
-3.897662274539470673e-03
1.360948663204908371e-03
-1.660144480410963297e-04
-3.115953179076313972e-03
1.389803714118897915e-03
1.836582552641630173e-03
-2.699885051697492599e-03
-1.367291668429970741e-03
-1.772688934579491615e-03
-1.901069423183798790e-03
-1.384842034894973040e-04
-7.108988938853144646e-04
1.123968511819839478e-03
3.483101027086377144e-03
2.501648385077714920e-03
-9.320207755081355572e-04
3.478410653769969940e-03
2.061096252873539925e-03
2.327787922695279121e-03
-2.065872307866811752e-03
3.722033463418483734e-03
-1.748618669807910919e-03
-2.864638809114694595e-03
3.748951479792594910e-03
-2.265170915052294731e-03
-3.371663857251405716e-03
-3.751067910343408585e-03
9.676444460637867451e-04
-2.035517478361725807e-03
-1.559650758281350136e-03
-3.217239864170551300e-03
3.357809036970138550e-03
3.000051947310566902e-03
-4.203325370326638222e-04
-2.087519736960530281e-03
-2.759440103545784950e-03
7.450372213497757912e-04
-2.346426917938515544e-04
7.269270718097686768e-04
-3.643641539383679628e-04
3.050819039344787598e-03
8.683251217007637024e-04
-3.169567324221134186e-03
2.344390843063592911e-03
1.438097562640905380e-03
-6.779591785743832588e-04
1.819156226702034473e-03
3.261339385062456131e-03
-7.169512682594358921e-04
-1.715671736747026443e-03
-1.232255715876817703e-03
1.505117979831993580e-03
-3.952271654270589352e-04
-3.859587304759770632e-04
-1.396952313371002674e-03
2.487415215000510216e-03
-3.258203389123082161e-03
3.062911564484238625e-03
5.349957500584423542e-04
-2.728527178987860680e-03
-3.014595480635762215e-03
5.230084061622619629e-04
-3.702696412801742554e-03
-1.981229986995458603e-03
1.676845131441950798e-03
3.100364701822400093e-03
-4.973172908648848534e-04
2.592836739495396614e-03
2.216289518401026726e-03
-3.669836587505415082e-05
-2.235566964372992516e-03
4.690048226621001959e-04
2.938061719760298729e-03
-5.576796829700469971e-04
1.335296081379055977e-03
-3.497014986351132393e-03
-3.108493052423000336e-03
-3.553874325007200241e-03
-1.995527651160955429e-03
2.770051069092005491e-04
-2.887542941607534885e-04
3.688436234369874001e-03
-3.310134168714284897e-03
3.628556616604328156e-03
-1.139090862125158310e-03
9.917663410305976868e-04
1.267250045202672482e-03
2.795840147882699966e-03
5.228117152000777423e-05
1.603247015736997128e-03
2.084603300318121910e-03
-3.204132663086056709e-04
1.574278110638260841e-03
3.858659416437149048e-03
2.037541940808296204e-03
-2.424166596028953791e-04
1.656633918173611164e-03
-1.419404725311324000e-04
2.406252897344529629e-04
-3.481245599687099457e-03
2.769270446151494980e-03
2.885047113522887230e-03
-1.981528708711266518e-03
3.522059181705117226e-03
1.679559005424380302e-03
-1.054259599186480045e-03
1.319227274507284164e-03
-1.184938009828329086e-03
1.625567092560231686e-03
-1.718472340144217014e-03
-1.950639649294316769e-03
3.029302693903446198e-03
1.998051535338163376e-03
3.635378088802099228e-03
3.856635885313153267e-03
3.809578949585556984e-03
-4.341148014646023512e-04
-8.912239572964608669e-04
-3.003416815772652626e-03
1.412688754498958588e-03
3.319120733067393303e-03
9.592308924766257405e-05
-3.100060159340500832e-03
-3.009163774549961090e-03
-3.446304239332675934e-03
3.759487997740507126e-03
-3.399002365767955780e-03
8.463005069643259048e-04
-1.752765965647995472e-03
-3.694816725328564644e-03
2.133780391886830330e-03
-1.333930413238704205e-03
7.452989229932427406e-04
1.465649460442364216e-03
-1.866073231212794781e-03
-1.693871221505105495e-03
3.616754198446869850e-03
-3.179918043315410614e-03
-8.570956997573375702e-04
-3.776608500629663467e-03
1.090245903469622135e-03
1.380326692014932632e-03
1.960244495421648026e-03
-2.387638203799724579e-03
3.044724930077791214e-03
3.951940743718296289e-05
-2.190335420891642570e-03
2.055896678939461708e-03
-4.865670634899288416e-04
-2.774997483356855810e-05
-1.364528900012373924e-03
