-1.988020725548267365e-03
3.050420666113495827e-03
1.486510969698429108e-03
2.638650126755237579e-03
-2.664285246282815933e-03
-1.841103541664779186e-03
-2.938295947387814522e-03
3.651921171694993973e-03
1.673909253440797329e-03
-6.621994543820619583e-04
-3.151256125420331955e-03
3.657539200503379107e-04
-1.659716828726232052e-03
1.498599653132259846e-03
-1.784868421964347363e-03
2.424352802336215973e-03
3.557464107871055603e-03
2.085083862766623497e-03
-2.545875729992985725e-03
8.533190703019499779e-04
2.368581772316247225e-04
-3.820178797468543053e-03
1.983068883419036865e-03
-2.217600820586085320e-03
-3.050649538636207581e-03
-2.426559804007411003e-03
5.892288754694163799e-04
-3.056399989873170853e-03
6.597191095352172852e-04
-1.715553225949406624e-03
1.517718774266541004e-03
1.064126961864531040e-03
-3.155098762363195419e-03
3.845092607662081718e-03
-5.292239366099238396e-04
8.246666984632611275e-04
3.726985538378357887e-03
-2.924544969573616982e-03
-1.048321020789444447e-03
-6.709555163979530334e-04
-3.721319837495684624e-03
1.626144396141171455e-03
2.606591908261179924e-03
-3.863480873405933380e-03
-2.311159623786807060e-03
-4.536402120720595121e-04
-8.391670999117195606e-04
-9.915571426972746849e-04
3.454886144027113914e-03
2.233676146715879440e-03
2.745533711276948452e-04
3.240036079660058022e-03
2.794264350086450577e-03
3.026925725862383842e-03
-2.519170753657817841e-03
-3.811451373621821404e-03
3.711051307618618011e-03
1.829014159739017487e-03
2.680156612768769264e-03
3.050813451409339905e-03
-8.499955874867737293e-04
3.867075080052018166e-03
-1.430459436960518360e-03
-3.075945656746625900e-03
3.174419282004237175e-03
1.395049388520419598e-03
6.286405259743332863e-04
-7.700907881371676922e-04
-6.541055627167224884e-04
-4.657075332943350077e-04
3.719459986314177513e-03
-2.459741430357098579e-03
-3.568553365767002106e-03
-5.391769809648394585e-04
-3.537214128300547600e-03
1.187412417493760586e-03
1.675263047218322754e-03
-2.181812888011336327e-03
2.496346132829785347e-03
6.931135430932044983e-04
1.784266903996467590e-03
2.335850149393081665e-03
1.684454968199133873e-03
4.769616934936493635e-04
7.239904371090233326e-04
1.405962277203798294e-03
3.694161074236035347e-03
3.023914759978652000e-03
2.269908785820007324e-03
1.044628326781094074e-03
3.078140784054994583e-03
3.719745203852653503e-03
3.598748007789254189e-03
-1.073781400918960571e-03
6.495442939922213554e-04
3.028825391083955765e-03
-1.521724625490605831e-03
-2.558012492954730988e-03
3.856819588690996170e-03
2.857341896742582321e-04
-9.984042844735085964e-05
-3.610368585214018822e-03
2.932091010734438896e-03
-2.670228714123368263e-03
4.306425398681312799e-05
-8.440932724624872208e-04
2.889805182348936796e-04
3.788525064010173082e-04
-3.312633838504552841e-03
5.385375116020441055e-04
2.883851528167724609e-03
-1.868892926722764969e-03
3.681744681671261787e-03
7.169866585172712803e-04
-2.907159039750695229e-03
3.637063782662153244e-03
-3.426696173846721649e-03
-4.699908895418047905e-04
1.398654072545468807e-03
3.853175789117813110e-03
3.525695996358990669e-03
-2.397245960310101509e-03
-1.485786749981343746e-03
-3.100533504039049149e-03
1.965239876881241798e-03
3.897856920957565308e-03
-6.806249730288982391e-04
-1.001211348921060562e-03
-2.973856637254357338e-03
2.292669669259339571e-04
2.623575739562511444e-03
-4.605382564477622509e-04
2.312933327630162239e-03
2.797487250063568354e-04
1.550350687466561794e-03
8.625342161394655704e-04
3.669783705845475197e-03
1.004274236038327217e-03
1.606996171176433563e-03
-3.751888405531644821e-03
-8.334684534929692745e-04
-1.248829881660640240e-03
-3.133088117465376854e-03
7.869533728808164597e-04
1.258426113054156303e-03
-3.462499473243951797e-03
3.570853965356945992e-03
-2.441690303385257721e-03
1.684321672655642033e-03
-3.076272783800959587e-03
-2.521124435588717461e-03
1.337267924100160599e-03
2.916066674515604973e-03
3.813999472185969353e-03
1.083660754375159740e-03
2.115439565386623144e-04
5.049421451985836029e-04
1.358352601528167725e-03
-2.675069263204932213e-03
-2.903514308854937553e-03
2.648758701980113983e-03
2.097493503242731094e-03
1.829344779253005981e-03
9.622981306165456772e-04
-3.203877713531255722e-03
-3.413049736991524696e-03
7.205404690466821194e-04
-1.152631128206849098e-03
-1.116015482693910599e-03
-1.000644406303763390e-03
-2.119445474818348885e-03
3.617081558331847191e-03
-2.860849956050515175e-03
1.756526646204292774e-03
2.267277013743296266e-04
-1.842085854150354862e-03
-3.818729892373085022e-04
-3.207104746252298355e-04
1.399487722665071487e-03
3.114251187071204185e-03
-6.552319973707199097e-04
-9.837414836511015892e-04
-1.248476328328251839e-03
-1.527870190329849720e-03
2.405095612630248070e-03
-4.117542121093720198e-04
-2.025085734203457832e-03
4.201513074804097414e-04
1.909111393615603447e-03
-1.434230012819170952e-03
-3.222147468477487564e-03
1.613507280126214027e-03
3.221991937607526779e-03
-1.588390790857374668e-03
2.921670908108353615e-03
2.846973016858100891e-03
-2.406033454462885857e-03
3.413581289350986481e-03
-2.746661892160773277e-03
-7.614580099470913410e-04
3.905581310391426086e-03
-3.346146084368228912e-03
-2.956270473077893257e-03
3.303760895505547523e-03
1.716403523460030556e-03
2.003811532631516457e-03
-1.483758795075118542e-03
2.497053472325205803e-03
2.461532829329371452e-03
1.567548257298767567e-03
1.652058563195168972e-03
-3.484582528471946716e-03
-2.108898945152759552e-03
-5.816461052745580673e-04
1.573169138282537460e-03
-3.416293766349554062e-03
-2.986753359436988831e-03
3.274591639637947083e-03
-1.977409003302454948e-03
2.332909498363733292e-03
1.267452607862651348e-03
3.729802556335926056e-03
2.997854724526405334e-03
3.143166890367865562e-03
-2.234845422208309174e-03
1.470710500143468380e-03
2.311028772965073586e-03
-1.321906107477843761e-03
3.845599712803959846e-03
-6.547771045006811619e-04
3.009255044162273407e-03
-3.707239869982004166e-03
-2.051885821856558323e-04
2.826821291819214821e-03
-1.902936375699937344e-03
1.370619167573750019e-03
5.194538971409201622e-04
-1.911180443130433559e-03
1.285848440602421761e-03
2.293253084644675255e-03
1.388573786243796349e-03
-1.750011346302926540e-03
-2.992335474118590355e-03
-6.661440711468458176e-04
-2.706997795030474663e-03
1.967435237020254135e-03
2.757918788120150566e-03
-1.171864219941198826e-03
-1.276955008506774902e-03
-6.158426986075937748e-04
1.780027756467461586e-03
-6.721778481733053923e-05
2.691265894100070000e-03
-1.571326283738017082e-03
2.730525797232985497e-03
2.798317233100533485e-03
