9.549737296765670180e-05
1.712108729407191277e-03
-4.176736110821366310e-04
8.794067543931305408e-04
-2.962470054626464844e-03
-1.913491054438054562e-03
3.306636819615960121e-03
-1.743166474625468254e-03
-3.779988968744874001e-03
2.293742494657635689e-03
-4.390315443743020296e-04
2.324986271560192108e-03
-7.601024117320775986e-05
-2.791867824271321297e-03
-2.651062328368425369e-03
3.198421560227870941e-03
2.621016232296824455e-03
-2.324568107724189758e-03
1.777326222509145737e-03
2.626511035487055779e-03
-2.656232973095029593e-04
-2.583384513854980469e-03
-3.871745895594358444e-03
-2.822218462824821472e-03
1.836124225519597530e-03
-3.757563419640064240e-03
-2.917217556387186050e-03
2.127287210896611214e-03
-2.407420426607131958e-03
2.356617478653788567e-03
-3.629237180575728416e-03
2.385299885645508766e-03
-1.949791330844163895e-03
-3.250425914302468300e-03
-1.466428861021995544e-03
-7.373925182037055492e-04
-1.178078819066286087e-03
-2.145084785297513008e-03
-1.004001242108643055e-03
2.090724447043612599e-04
-8.584947208873927593e-04
9.858162375167012215e-04
4.102070815861225128e-04
-3.652069019153714180e-03
1.200983650051057339e-03
-1.572955516166985035e-03
-3.270897548645734787e-03
2.532318700104951859e-03
-1.581191085278987885e-03
3.545103361830115318e-03
-1.965886913239955902e-03
2.554983133450150490e-03
2.640946535393595695e-03
-1.650479505769908428e-03
-1.149738556705415249e-03
1.309291925281286240e-03
-1.371528604067862034e-03
-3.876579692587256432e-03
-1.391095342114567757e-03
-8.467186708003282547e-04
-3.318855073302984238e-03
-4.908202099613845348e-04
-3.782026236876845360e-03
-3.052953165024518967e-03
-1.021851319819688797e-03
-3.088700352236628532e-03
-2.232408849522471428e-03
-2.161046024411916733e-03
3.481909152469597757e-05
-9.721466922201216221e-04
1.917962799780070782e-04
-2.204802818596363068e-03
4.377299410407431424e-05
1.696301973424851894e-03
-1.827670028433203697e-03
-1.777212135493755341e-03
-2.779918955639004707e-03
3.613215871155261993e-03
3.637747373431921005e-03
2.343472559005022049e-03
-3.904197365045547485e-03
1.646569115109741688e-03
-2.807602519169449806e-03
4.139402299188077450e-04
3.589044790714979172e-03
1.148239127360284328e-03
-5.101108108647167683e-04
-3.539558965712785721e-03
3.400324843823909760e-03
4.275640530977398157e-04
3.830798232229426503e-05
-1.900830655358731747e-03
1.036454108543694019e-03
5.806631525047123432e-04
1.465345558244735003e-04
-1.189787290059030056e-03
-2.158644841983914375e-03
-2.857489278540015221e-03
-3.400887595489621162e-03
3.729434451088309288e-03
-1.495629432611167431e-03
-6.504629272967576981e-04
-2.043196931481361389e-03
2.610229421406984329e-03
1.561321550980210304e-03
-1.730456133373081684e-03
2.325138484593480825e-04
-2.080185076920315623e-04
3.015141468495130539e-03
-9.944484336301684380e-04
-4.176566144451498985e-04
-7.126365671865642071e-04
1.334670814685523510e-03
5.697326269000768661e-04
-1.939444337040185928e-03
1.517597818747162819e-03
-1.738279359415173531e-03
2.288486110046505928e-03
-3.319938434287905693e-03
-4.730625369120389223e-05
-8.911578916013240814e-04
1.133550889790058136e-03
1.315244706347584724e-03
2.433191286399960518e-03
-2.813964616507291794e-03
-1.730310264974832535e-03
-3.682339796796441078e-03
3.417153842747211456e-03
1.210050773806869984e-03
2.414584858343005180e-03
-1.017850823700428009e-03
-3.411633952055126429e-05
-3.016814589500427246e-03
5.511183408088982105e-04
-1.070062164217233658e-03
1.560487551614642143e-03
-2.661552745848894119e-03
-3.831649897620081902e-03
3.731411416083574295e-03
-7.396918372251093388e-04
-1.619028626009821892e-03
-3.813983057625591755e-04
-1.498452736996114254e-03
7.013368885964155197e-04
-3.304840996861457825e-03
-9.301006502937525511e-05
1.394563587382435799e-03
1.921168994158506393e-03
-3.885235870257019997e-03
1.036529312841594219e-03
3.507176879793405533e-03
3.180617932230234146e-03
-6.829404155723750591e-04
3.613960929214954376e-03
-1.627776888199150562e-03
-3.044094890356063843e-03
-3.686976619064807892e-03
-3.162903245538473129e-03
3.630963910836726427e-04
-2.202485920861363411e-03
-3.094003070145845413e-03
2.759544941000058316e-06
-3.337267087772488594e-03
1.157526508904993534e-03
-5.484303110279142857e-04
-1.389961573295295238e-03
6.783315329812467098e-04
-1.696304068900644779e-03
-2.854222897440195084e-03
-1.566224615089595318e-03
-1.511718728579580784e-03
3.225976601243019104e-03
1.729234121739864349e-03
-2.588598988950252533e-03
1.473452430218458176e-03
-1.228949869982898235e-03
3.335793502628803253e-03
1.235721632838249207e-03
-3.853742266073822975e-03
1.273298985324800014e-03
3.647848730906844139e-03
-7.518336642533540726e-04
-7.309548091143369675e-04
-2.495438791811466217e-03
-3.015638561919331551e-03
3.783236257731914520e-03
2.625478664413094521e-03
-7.231998024508357048e-04
-2.532276790589094162e-03
3.236631862819194794e-03
1.857088762335479259e-03
1.347549143247306347e-03
1.454208046197891235e-03
1.043393785948865116e-04
-1.960476627573370934e-03
5.744262598454952240e-04
-8.807293488644063473e-04
-2.489855978637933731e-03
-1.617873786017298698e-03
9.504018817096948624e-04
-2.172250766307115555e-03
-2.210167702287435532e-03
2.023811684921383858e-03
-2.377990167587995529e-03
-3.525002393871545792e-03
4.358591686468571424e-04
2.190517261624336243e-03
-1.856319489888846874e-03
7.104528485797345638e-04
1.987724332138895988e-03
2.606160240247845650e-03
-2.453016582876443863e-03
1.891105785034596920e-03
-3.880933858454227448e-03
-6.381712155416607857e-04
-4.092728704563342035e-05
-2.350168768316507339e-03
2.189092105254530907e-03
-2.156469505280256271e-03
3.371015423908829689e-03
3.912932588718831539e-04
-3.515813499689102173e-03
-2.436018781736493111e-03
-3.415118437260389328e-03
-2.163510303944349289e-03
-7.313612150028347969e-04
-1.275437069125473499e-03
1.373104518279433250e-03
2.040828811004757881e-03
2.044081687927246094e-03
1.794959185644984245e-03
3.658548230305314064e-03
3.670749254524707794e-03
-3.758997190743684769e-03
9.398575639352202415e-04
5.595549009740352631e-04
-3.644134616479277611e-03
-2.158982912078499794e-03
-2.218318870291113853e-03
-1.144123030826449394e-03
-2.197630470618605614e-03
-2.824581693857908249e-03
-1.735912053845822811e-03
3.222008235752582550e-03
1.897524809464812279e-03
2.271542907692492008e-04
1.567986677400767803e-03
3.587469225749373436e-03
-3.205588320270180702e-03
-1.225393498316407204e-03
-1.845749211497604847e-03
3.089228877797722816e-03
-2.889898838475346565e-03
-1.182492822408676147e-03
-2.296545775607228279e-03
3.635680535808205605e-03
