-3.233782947063446045e-03
-2.382060047239065170e-03
3.827014006674289703e-03
-2.529762685298919678e-03
-6.737801595591008663e-04
4.174537607468664646e-04
6.527818622998893261e-04
-2.418670104816555977e-03
-1.217934768646955490e-03
3.660361689981073141e-04
-3.270054934546351433e-03
-2.229665638878941536e-03
-2.079032361507415771e-03
-1.249409862793982029e-03
2.293896395713090897e-04
-1.802350394427776337e-03
-1.370796584524214268e-03
-2.935167169198393822e-03
1.287946826778352261e-03
3.009066684171557426e-03
4.325755580794066191e-04
4.757922142744064331e-04
-3.874363377690315247e-03
1.135343918576836586e-03
3.082608338445425034e-03
-1.505987253040075302e-03
-2.957463264465332031e-03
7.918883929960429668e-04
-3.530537011101841927e-03
2.260027918964624405e-03
-2.063336549326777458e-03
2.870036289095878601e-03
-1.234199036844074726e-03
-2.926543587818741798e-03
1.578903174959123135e-03
3.270056098699569702e-03
-2.535959240049123764e-03
-2.703558187931776047e-03
-2.632936462759971619e-03
-1.333396532572805882e-03
3.554078750312328339e-03
-1.378281740471720695e-03
2.670104149729013443e-03
1.384385977871716022e-03
-2.736469265073537827e-03
-1.715980819426476955e-03
-2.526832278817892075e-03
-4.645485023502260447e-04
2.837309613823890686e-03
8.014251943677663803e-04
-1.223526429384946823e-03
4.956667544320225716e-04
-1.927041215822100639e-03
1.766478992067277431e-03
-2.974027767777442932e-03
1.902536256238818169e-03
-1.930851256474852562e-03
-2.700212178751826286e-03
-1.013885601423680782e-03
2.361797378398478031e-04
-1.186719746328890324e-03
-4.986011190339922905e-04
-1.283570891246199608e-03
2.967853099107742310e-03
-1.304662553593516350e-03
-1.746350200846791267e-03
-3.130398225039243698e-03
-2.302305540069937706e-03
-1.825126353651285172e-03
4.390235990285873413e-04
1.053861225955188274e-03
2.749859122559428215e-03
6.719020311720669270e-04
3.432080382481217384e-03
3.468815470114350319e-03
3.386063734069466591e-03
3.019544528797268867e-03
-3.515583230182528496e-03
3.100680187344551086e-03
1.673163729719817638e-03
-5.244497879175469279e-05
-2.785106189548969269e-03
-2.410912653431296349e-03
-3.219803795218467712e-03
-2.163510536774992943e-03
-3.157332306727766991e-03
-1.383381313644349575e-03
-9.119696333073079586e-04
-3.807832254096865654e-03
-1.664612675085663795e-03
1.259611803106963634e-03
-3.671818180009722710e-03
6.253041792660951614e-04
-4.607898154063150287e-05
2.575568389147520065e-03
8.443580009043216705e-04
-1.531150774098932743e-03
-3.682592185214161873e-03
6.835586973465979099e-04
-1.781439059413969517e-03
-1.536615425720810890e-03
-1.954718492925167084e-03
1.624753233045339584e-03
-3.195870202034711838e-03
3.909114748239517212e-03
-1.536021125502884388e-03
3.535031341016292572e-03
1.814230927266180515e-03
-2.799700247123837471e-03
3.883571189362555742e-04
3.291291650384664536e-03
-3.232522634789347649e-03
-2.842216286808252335e-03
-2.303212881088256836e-03
3.730812575668096542e-03
2.534239785745739937e-03
1.836087089031934738e-03
3.521278267726302147e-03
-4.568719596136361361e-04
3.771605901420116425e-03
3.411219920963048935e-03
2.985844621434807777e-03
-9.298813529312610626e-04
-2.569948264863342047e-04
2.509617712348699570e-03
-1.742639229632914066e-03
2.307131187990307808e-03
3.686528652906417847e-03
-2.212838502600789070e-03
-3.715518629178404808e-03
7.126094424165785313e-04
-2.017268911004066467e-03
-1.131015713326632977e-03
2.748981118202209473e-03
2.180724637582898140e-03
1.982146408408880234e-03
3.158004023134708405e-03
-3.819677978754043579e-03
-2.220171038061380386e-03
1.879691029898822308e-03
-3.655113046988844872e-03
-7.325591286644339561e-04
3.452882869169116020e-03
2.628698246553540230e-03
-3.154689213261008263e-03
-2.985261147841811180e-03
-1.194176147691905499e-03
1.297610928304493427e-03
6.666166009381413460e-04
2.886835020035505295e-03
-2.809880301356315613e-03
3.160172607749700546e-03
2.121801022440195084e-03
-9.571698028594255447e-04
-1.597402151674032211e-03
1.182756037451326847e-03
8.721962803974747658e-04
2.388841938227415085e-03
4.110973095521330833e-04
-1.985090551897883415e-03
-1.633502542972564697e-03
-1.130678108893334866e-03
3.816634882241487503e-03
-1.053768908604979515e-03
1.705385628156363964e-03
-3.465763293206691742e-03
-1.677884021773934364e-03
3.450014162808656693e-03
9.551488910801708698e-04
-1.249143388122320175e-03
1.633314415812492371e-03
8.425720734521746635e-04
-2.729709725826978683e-03
-1.423828653059899807e-04
2.937891986221075058e-03
1.197172561660408974e-03
-2.475961809977889061e-03
-1.471098628826439381e-03
-2.349930349737405777e-03
-1.155677018687129021e-03
-2.163364086300134659e-03
-3.095561871305108070e-03
1.441872213035821915e-03
2.173581160604953766e-03
-1.534520764835178852e-03
1.792057184502482414e-03
2.184248296543955803e-03
-1.967699266970157623e-03
-2.016060985624790192e-03
-3.760909195989370346e-03
-2.476877765730023384e-03
2.142466139048337936e-03
6.977397715672850609e-04
-1.047826721332967281e-03
1.892453758046030998e-03
2.212135877925902605e-04
-1.343574258498847485e-03
5.358607741072773933e-04
2.567734336480498314e-03
-9.840155253186821938e-04
6.247753626666963100e-04
3.189428942278027534e-03
-2.525094198063015938e-03
1.581168849952518940e-03
-1.099063665606081486e-03
1.048304373398423195e-03
-3.557733027264475822e-03
2.501800190657377243e-04
3.808880224823951721e-03
-2.609732095152139664e-03
2.731746295467019081e-03
3.719451837241649628e-03
-3.012337256222963333e-03
-9.415525710210204124e-04
1.370107638649642467e-04
-8.024149574339389801e-04
-9.033833048306405544e-04
-3.675049403682351112e-03
-4.584672569762915373e-04
-2.543563954532146454e-03
7.099355570971965790e-04
-2.672113187145441771e-04
-3.045252524316310883e-04
-3.093343693763017654e-03
-3.762805135920643806e-04
3.193031297996640205e-03
-2.676996635273098946e-03
-2.519476227462291718e-03
1.664848183281719685e-03
-3.156705759465694427e-03
3.323966404423117638e-03
-2.635835902765393257e-03
-2.913305768743157387e-03
3.403179347515106201e-03
1.274652429856359959e-03
2.230013255029916763e-03
-5.114392843097448349e-04
-9.320660610683262348e-04
-7.854338618926703930e-04
-1.736956415697932243e-03
-2.720424090512096882e-04
-1.589499530382454395e-03
-2.506059128791093826e-03
-3.908343613147735596e-03
-8.090827031992375851e-04
-5.200786981731653214e-04
2.243929076939821243e-03
-2.362223807722330093e-03
5.784461973235011101e-04
-5.409381701610982418e-04
2.594649326056241989e-03
-2.662419108673930168e-03
-3.440296510234475136e-03
-1.766283763572573662e-03
-2.325471956282854080e-03
-3.302087076008319855e-03
