-2.700630342587828636e-03
-3.528553294017910957e-03
-2.203182782977819443e-03
1.952024293132126331e-03
-1.441899919882416725e-03
-2.130000386387109756e-03
2.017471939325332642e-03
-2.199704293161630630e-03
1.121748238801956177e-03
3.590101841837167740e-03
6.057758582755923271e-04
-3.309496911242604256e-03
2.637381665408611298e-03
1.178599894046783447e-03
-2.324915491044521332e-03
2.799106063321232796e-03
3.218039404600858688e-03
1.118130283430218697e-03
-2.162963850423693657e-03
4.328591166995465755e-04
-3.275150433182716370e-03
-1.645466894842684269e-03
-9.190878481604158878e-04
-1.658778986893594265e-03
-1.076998451026156545e-04
-3.716833889484405518e-03
1.745802466757595539e-03
1.137113198637962341e-03
3.409282770007848740e-03
2.605695975944399834e-03
1.456535770557820797e-03
-2.322807442396879196e-03
2.678217599168419838e-03
-6.084044580347836018e-04
-2.052040537819266319e-03
2.797481371089816093e-03
3.527982626110315323e-03
-1.368649769574403763e-03
-2.596611739136278629e-04
1.771043171174824238e-03
3.151895711198449135e-03
2.985956147313117981e-03
-1.571814529597759247e-03
6.046401103958487511e-04
2.524081617593765259e-03
-3.138289088383316994e-03
-1.230707275681197643e-03
3.474249970167875290e-03
-1.595852663740515709e-03
-2.011569915339350700e-03
3.633752930909395218e-03
2.590322634205222130e-03
-3.974415812990628183e-05
-3.062785137444734573e-03
-1.894192770123481750e-03
-7.533706375397741795e-04
-2.374372212216258049e-03
-4.341082531027495861e-04
1.247389242053031921e-03
3.372482256963849068e-03
3.213334595784544945e-03
-2.417367184534668922e-03
6.649415008723735809e-04
1.391617814078927040e-03
2.204695250838994980e-03
-2.816207008436322212e-03
-3.238562727347016335e-03
3.235198324546217918e-03
1.902622636407613754e-03
-1.559319789521396160e-03
1.970253215404227376e-04
8.699293830431997776e-04
3.700187662616372108e-03
1.129735144786536694e-03
2.126714913174510002e-03
-3.262417158111929893e-03
2.437463030219078064e-03
1.683011185377836227e-03
-5.776669131591916084e-04
-2.784907352179288864e-03
-2.373979194089770317e-03
-3.408828750252723694e-03
-3.494044998660683632e-03
7.029976113699376583e-04
-1.307902974076569080e-03
-8.949750335887074471e-04
-3.827120526693761349e-04
-3.699215594679117203e-03
1.562438672408461571e-03
8.211306412704288960e-04
-5.636715213768184185e-04
-1.048831734806299210e-03
-3.222279949113726616e-03
-2.052827738225460052e-03
-3.158285748213529587e-03
2.041399246081709862e-03
2.385509666055440903e-03
3.118995344266295433e-03
-2.727328334003686905e-03
-3.654256230220198631e-03
1.476063975133001804e-03
-3.226136555895209312e-03
-3.826183266937732697e-03
-1.776762888766825199e-03
-1.599388895556330681e-03
-2.701487101148813963e-04
-3.400718094781041145e-03
1.014137640595436096e-03
3.589189378544688225e-03
-3.128179814666509628e-03
1.270755194127559662e-03
-1.596593880094587803e-03
5.970712518319487572e-04
3.481360618025064468e-03
-3.470176830887794495e-03
-1.634655171073973179e-03
3.566718194633722305e-03
-7.178556988947093487e-04
3.075174055993556976e-03
2.606595633551478386e-03
8.278452878585085273e-05
1.085229450836777687e-03
3.836594056338071823e-03
-2.292521065101027489e-03
6.223055534064769745e-04
-1.948030316270887852e-03
-2.559109590947628021e-03
1.138809238909743726e-04
-5.905152647756040096e-04
-2.402036450803279877e-03
-1.318181748501956463e-03
-4.236392851453274488e-05
-2.896971069276332855e-03
3.352642524987459183e-03
-1.888533006422221661e-03
1.902500982396304607e-03
-3.743278561159968376e-03
4.225461452733725309e-04
6.548998644575476646e-04
-3.231910523027181625e-03
2.414210233837366104e-03
4.404055653139948845e-04
-2.276910701766610146e-03
-1.202669576741755009e-03
2.596703125163912773e-04
-3.620661562308669090e-03
3.563394537195563316e-03
-1.432485645636916161e-03
-3.177377628162503242e-03
1.801062724553048611e-03
-1.002205419354140759e-03
-2.911796094849705696e-03
4.107976201339624822e-05
4.952643066644668579e-04
-2.668641740456223488e-03
4.370709939394146204e-04
9.469799697399139404e-04
-2.335329540073871613e-03
2.644515829160809517e-03
1.157984253950417042e-03
-1.771848998032510281e-03
6.518145091831684113e-04
-4.383417253848165274e-04
1.741229352774098516e-04
-9.871827205643057823e-04
-6.318719242699444294e-04
-2.312072087079286575e-03
-2.969545312225818634e-03
-1.674447907134890556e-03
7.849282701499760151e-04
1.288274215767160058e-04
-3.559765405952930450e-03
-1.484596752561628819e-03
1.580699230544269085e-03
-3.090176731348037720e-03
1.979293767362833023e-03
-5.801280494779348373e-04
3.449635580182075500e-03
3.315855283290147781e-03
4.686129977926611900e-04
-1.735969708533957601e-04
-1.937966328114271164e-03
1.740775071084499359e-03
-2.591682132333517075e-03
1.124992966651916504e-03
-3.819824429228901863e-03
-3.146250266581773758e-03
4.133454349357634783e-04
-2.256717998534440994e-03
6.316161598078906536e-04
-6.347709568217396736e-04
3.573424182832241058e-03
-2.058197278529405594e-03
-1.498471374361542985e-05
2.961289370432496071e-03
1.438506180420517921e-03
-3.140544577036052942e-04
-2.257203683257102966e-03
2.657819539308547974e-03
9.582126513123512268e-04
-2.755782566964626312e-03
-6.355336518026888371e-04
-2.136840252205729485e-03
-2.481620060279965401e-03
-2.253809710964560509e-03
-2.800140762701630592e-03
-3.300821408629417419e-03
-6.771267508156597614e-04
2.869719173759222031e-03
2.198733622208237648e-03
2.659305697306990623e-03
2.336228317290078849e-05
2.121356083080172539e-03
-3.488218877464532852e-03
-9.344612481072545052e-04
-1.609500613994896412e-03
-5.501125706359744072e-04
-2.294140867888927460e-03
3.592251101508736610e-03
8.570816717110574245e-04
2.138564828783273697e-03
-1.330967177636921406e-03
2.307927701622247696e-03
1.531030051410198212e-03
-1.294319867156445980e-03
-1.843402511440217495e-03
3.680926049128174782e-03
-2.078528981655836105e-03
-3.664766438305377960e-03
-3.719747997820377350e-03
-3.870691638439893723e-03
2.059709979221224785e-03
-2.819741144776344299e-03
2.732934663072228432e-03
3.963158815167844296e-04
-1.469151815399527550e-03
-4.561287933029234409e-04
-1.297950511798262596e-03
3.275782801210880280e-03
2.291221404448151588e-03
3.832678776234388351e-04
-3.098820801824331284e-03
-1.691200071945786476e-03
7.304291939362883568e-04
2.480850787833333015e-03
-3.450812655501067638e-04
-9.949266677722334862e-04
6.462992168962955475e-04
-1.471590017899870872e-03
-3.183259395882487297e-03
-1.971255114767700434e-04
-1.474249060265719891e-03
9.372606873512268066e-04
2.217782894149422646e-03
3.788567148149013519e-03
-1.237769844010472298e-03
