-1.295091584324836731e-03
-7.693003281019628048e-04
-6.667006528005003929e-05
-2.393614500761032104e-03
3.066891571506857872e-03
5.552608636207878590e-04
1.414193975506350398e-04
2.481946023181080818e-03
-3.809089772403240204e-03
-1.984277041628956795e-03
4.343618347775191069e-04
1.170202973298728466e-03
1.229450805112719536e-03
1.095744199119508266e-03
5.272449925541877747e-06
-1.565876300446689129e-05
1.718485436867922544e-04
-6.822609575465321541e-04
8.694805437698960304e-04
-1.980201108381152153e-03
1.941131660714745522e-03
-8.576441905461251736e-04
1.989776734262704849e-03
-2.211874350905418396e-03
-2.457293681800365448e-03
2.535589272156357765e-03
2.327023772522807121e-03
-3.865269711241126060e-03
3.063729731366038322e-03
1.786145614460110664e-03
-1.421995577402412891e-03
2.521632472053170204e-03
-3.660683054476976395e-03
1.764537184499204159e-03
-9.262160747312009335e-04
-1.133636906160973012e-04
-3.020250005647540092e-03
-1.306113321334123611e-03
3.166085109114646912e-03
3.039990318939089775e-03
3.538962453603744507e-03
7.400396279990673065e-04
3.674210282042622566e-03
3.173810895532369614e-03
-3.367187222465872765e-03
1.331926672719419003e-03
-1.828162930905818939e-03
3.039187984541058540e-03
3.233090392313897610e-04
8.658182341605424881e-04
-8.503745193593204021e-04
-7.483856752514839172e-04
1.819277880713343620e-03
2.163429046049714088e-03
1.958720386028289795e-03
3.229378256946802139e-03
3.081204369664192200e-03
-2.345598302781581879e-03
-2.741282805800437927e-03
-3.109948709607124329e-03
1.911158469738438725e-04
8.218261646106839180e-04
-2.859970787540078163e-03
1.768386806361377239e-03
-9.659422794356942177e-04
2.318960381671786308e-03
-2.375059295445680618e-03
1.873165951110422611e-03
-2.827793592587113380e-03
-3.150730626657605171e-03
9.223119122907519341e-04
-7.919553318060934544e-04
-2.094572875648736954e-03
-5.846525709785055369e-06
-3.420899622142314911e-03
-3.127827309072017670e-03
1.326696597971022129e-03
-1.931889564730226994e-04
-3.445990150794386864e-03
-1.269179163500666618e-03
-1.802581478841602802e-03
-2.356838900595903397e-03
2.072220435366034508e-03
4.154658236075192690e-04
-1.161221065558493137e-03
3.180980449542403221e-03
8.285702206194400787e-04
1.791498274542391300e-03
-1.013936824165284634e-03
2.974635863211005926e-04
-1.637327135540544987e-03
-1.625060918740928173e-03
-1.586374710313975811e-03
1.397574436850845814e-03
-2.990076318383216858e-03
5.386587581597268581e-04
-1.599971554242074490e-03
2.364707877859473228e-03
-3.570634638890624046e-03
3.538988821674138308e-04
-3.670128295198082924e-03
-3.157380851916968822e-04
3.463661065325140953e-03
-3.594285808503627777e-03
-4.559794324450194836e-04
-1.241862424649298191e-03
2.319698687642812729e-03
-1.484544598497450352e-03
3.550415858626365662e-03
-3.113600425422191620e-03
-2.895439276471734047e-03
3.520784084685146809e-04
-3.668764373287558556e-03
-2.784685464575886726e-03
-2.627768786624073982e-03
2.427964471280574799e-03
1.787780493032187223e-04
1.733849290758371353e-03
2.144042402505874634e-03
-8.428997825831174850e-04
-1.354709267616271973e-03
-1.398502150550484657e-03
6.550495163537561893e-04
-2.281757770106196404e-03
-1.478051854064688087e-04
2.809601255648885854e-06
3.354665357619524002e-03
-5.869282176718115807e-04
1.500195357948541641e-03
-3.691367805004119873e-03
-2.313912380486726761e-03
3.658860441646538675e-05
3.247844055294990540e-03
3.248395398259162903e-03
-2.561497269198298454e-03
3.883065190166234970e-03
-3.770451992750167847e-03
-3.039974020794034004e-03
3.659028094261884689e-03
-2.661140402778983116e-03
-1.730016665533185005e-03
-2.500197617337107658e-03
1.530694775283336639e-03
-1.815211726352572441e-03
-1.721099833957850933e-04
1.732858712784945965e-03
2.949770539999008179e-03
1.438813284039497375e-03
2.957649296149611473e-03
-1.446431153453886509e-03
-7.490608841180801392e-04
-6.365593776536115911e-07
-2.991855610162019730e-03
-1.446233363822102547e-04
-1.300959265790879726e-03
-2.612956101074814796e-03
-1.439282787032425404e-03
3.570800181478261948e-03
-7.114814070519059896e-05
-2.641814993694424629e-03
1.904745236970484257e-03
1.084336312487721443e-03
2.593081211671233177e-03
-1.210359157994389534e-03
7.558636716566979885e-04
-3.162793116644024849e-03
-1.499405712820589542e-03
-1.054096283041872084e-04
-3.384512616321444511e-03
-2.888420596718788147e-03
-2.847930183634161949e-03
-2.405144972726702690e-03
2.935891970992088318e-03
2.668412169441580772e-03
2.669585519470274448e-04
-1.505483407527208328e-03
-1.281426055356860161e-03
1.450097770430147648e-03
-9.822628926485776901e-04
-3.865633392706513405e-03
3.278614021837711334e-03
-9.248947026208043098e-04
6.434940733015537262e-04
1.890639658086001873e-03
2.616553101688623428e-03
-7.264133892022073269e-04
-1.490327762439846992e-03
2.110653324052691460e-03
2.041016239672899246e-03
3.720975248143076897e-03
-4.453867732081562281e-04
-3.344403579831123352e-03
-3.366639837622642517e-03
-3.491207724437117577e-03
9.630295098759233952e-04
1.960594207048416138e-03
2.320328028872609138e-03
-1.799780875444412231e-04
1.480452716350555420e-03
-2.955867908895015717e-03
2.660106634721159935e-03
2.446413272991776466e-03
3.842662321403622627e-03
1.886720536276698112e-03
3.659424372017383575e-03
3.013925626873970032e-03
1.827284111641347408e-03
3.740857820957899094e-03
-6.540735485032200813e-04
-1.408419338986277580e-03
-2.956132637336850166e-03
-2.917149104177951813e-03
-2.544985385611653328e-03
2.516977547202259302e-04
3.616716247051954269e-03
-3.504721214994788170e-03
-5.960573325864970684e-04
3.496340243145823479e-03
-1.089825411327183247e-03
2.324444940313696861e-03
1.276096212677657604e-03
-8.407862042076885700e-04
-4.416706215124577284e-04
-1.902416814118623734e-03
3.652320476248860359e-03
3.198186401277780533e-03
3.115735715255141258e-03
1.855916227214038372e-03
1.104883733205497265e-03
3.497652243822813034e-03
-2.943884115666151047e-03
2.210775157436728477e-03
9.816113015403971076e-05
-3.902884200215339661e-03
-3.013201931025832891e-04
-3.076804801821708679e-03
-3.416512859985232353e-03
-2.167547820135951042e-03
3.894346766173839569e-03
-1.917167683131992817e-03
-3.714181715622544289e-03
3.300061915069818497e-03
1.773064286680892110e-04
-2.865635557100176811e-03
2.793739782646298409e-03
4.201330593787133694e-04
-7.258771802298724651e-04
-3.541747108101844788e-03
-3.633422544226050377e-03
-2.692979294806718826e-03
-2.598085906356573105e-03
-2.576885279268026352e-03
2.411696477793157101e-04
2.743473974987864494e-03
-2.421610290184617043e-03
-2.286783885210752487e-03
