2.714836504310369492e-03
1.012865686789155006e-03
4.808397497981786728e-04
1.364158350042998791e-03
2.201169729232788086e-03
2.664165338501334190e-03
-1.597766182385385036e-03
-3.454580670222640038e-03
3.472656244412064552e-03
1.592784887179732323e-03
3.793715732172131538e-03
2.104136859998106956e-03
-6.583113281521946192e-05
-3.132297890260815620e-03
2.272234298288822174e-03
-3.578737378120422363e-03
2.858660649508237839e-03
-3.067837096750736237e-03
3.893753280863165855e-03
-1.182443462312221527e-03
-2.051285700872540474e-03
1.468109083361923695e-03
-3.335163462907075882e-03
-1.108538708649575710e-03
-2.196064451709389687e-03
-3.725136630237102509e-04
2.724051242694258690e-03
2.914050593972206116e-03
-6.700734375044703484e-04
-3.421032335609197617e-03
3.803899046033620834e-03
-3.082046518102288246e-03
1.496591139584779739e-03
-1.637229463085532188e-03
1.895890338346362114e-03
-3.407497191801667213e-03
-3.245232859626412392e-03
2.817880362272262573e-03
1.306300546275451779e-04
-3.743100911378860474e-03
-4.520342044997960329e-04
3.826778614893555641e-03
-3.217963501811027527e-03
-8.960312698036432266e-05
-2.745766658335924149e-03
6.399468984454870224e-04
2.113615628331899643e-03
1.287636347115039825e-03
1.347547222394496202e-04
-6.339973770081996918e-04
-4.129396984353661537e-04
1.991822384297847748e-03
1.278469106182456017e-03
-1.252485439181327820e-03
-9.351853514090180397e-04
-2.486885525286197662e-03
-3.676723223179578781e-03
2.062252489849925041e-03
4.090351867489516735e-04
1.590701169334352016e-03
4.692510119639337063e-04
-9.398127440363168716e-04
-3.440178465098142624e-03
-3.587154904380440712e-03
3.747175214812159538e-03
-2.355025382712483406e-03
1.325612538494169712e-04
-1.244387007318437099e-03
2.488896716386079788e-04
1.683102804236114025e-03
2.357459627091884613e-03
-3.402740461751818657e-03
1.662525697611272335e-03
1.099337707273662090e-03
-2.751499414443969727e-03
-3.446546616032719612e-03
-3.049797145649790764e-03
-1.471593277528882027e-03
-2.992251887917518616e-03
2.425251761451363564e-03
-1.393171609379351139e-03
-2.715646754950284958e-03
-2.328136004507541656e-03
-2.351058181375265121e-03
-2.280670218169689178e-03
2.746883081272244453e-03
-2.486819634214043617e-03
1.483829837525263429e-04
-2.190153347328305244e-03
1.960485475137829781e-03
-4.101733211427927017e-04
3.861114848405122757e-03
1.666625263169407845e-03
-3.742780769243836403e-03
2.482042182236909866e-03
2.145427977666258812e-03
-2.678135177120566368e-03
-1.433864352293312550e-03
2.639418235048651695e-03
-2.067028079181909561e-03
-2.198650967329740524e-03
1.068246434442698956e-03
-8.597181877121329308e-04
2.002152905333787203e-04
-1.753316377289593220e-03
-9.631067514419555664e-04
6.795460358262062073e-04
3.792868927121162415e-03
7.502488442696630955e-04
2.387020038440823555e-03
-3.368241013959050179e-03
-8.661738247610628605e-04
-3.321985248476266861e-03
1.268962631002068520e-03
-9.835148230195045471e-04
3.174907993525266647e-03
-4.296874103602021933e-04
-1.530527719296514988e-03
7.505867397412657738e-04
-1.143542933277785778e-03
-8.611629018560051918e-04
-3.726812545210123062e-03
-2.348271431401371956e-03
-3.837883414234966040e-04
3.241682890802621841e-03
1.923780888319015503e-03
-2.007853327086195350e-04
5.908927414566278458e-04
-3.075002459809184074e-03
-1.270498381927609444e-03
5.570399225689470768e-04
1.077857814379967749e-04
-2.490757498890161514e-03
-3.617713460698723793e-03
2.377650933340191841e-03
-3.529073204845190048e-03
1.429236843250691891e-03
-3.123040543869137764e-03
3.470227820798754692e-04
-2.927827183157205582e-03
3.907764796167612076e-03
-1.476054079830646515e-03
2.923637395724654198e-03
3.271965775638818741e-03
-1.604751683771610260e-03
-3.161627799272537231e-03
-1.427845214493572712e-03
-2.036551944911479950e-03
8.241416653618216515e-04
2.566403243690729141e-03
-2.212645485997200012e-03
-2.573788515292108059e-04
-6.599645712412893772e-04
-9.067404316738247871e-04
3.166164038702845573e-03
-4.510170838329941034e-04
-3.284103935584425926e-03
-1.876466674730181694e-03
8.407133282162249088e-05
-2.082389779388904572e-03
-3.179361810907721519e-03
5.178313585929572582e-04
-1.965923467651009560e-03
-8.585674368077889085e-05
1.594941481016576290e-03
-6.018017884343862534e-04
1.640637288801372051e-03
-7.883304351707920432e-05
-3.534945193678140640e-03
-3.123451024293899536e-03
-9.764158312464132905e-05
6.343732820823788643e-04
3.352824132889509201e-04
2.652185270562767982e-03
2.240921603515744209e-03
-2.778183436021208763e-03
-1.821965677663683891e-03
2.669273409992456436e-03
2.290911972522735596e-03
-3.323664423078298569e-04
-1.780311111360788345e-03
3.094121348112821579e-03
1.429854455636814237e-04
-2.569248434156179428e-03
-1.862664823420345783e-03
2.994757145643234253e-03
-1.018456183373928070e-03
3.788363654166460037e-03
3.903439268469810486e-03
-1.681241905316710472e-03
-1.904934993945062160e-03
-1.587337697856128216e-03
-1.615964109078049660e-03
-1.703354530036449432e-03
9.486932540312409401e-04
-2.260765992105007172e-03
-3.392786951735615730e-03
-5.605247133644297719e-05
2.538756001740694046e-03
-2.120378194376826286e-03
4.466373138711787760e-05
2.007963135838508606e-03
2.653948264196515083e-03
-3.879809053614735603e-03
2.009759657084941864e-03
-5.894387140870094299e-04
2.419936470687389374e-03
-1.576987677253782749e-03
-3.058168571442365646e-03
-3.857462201267480850e-03
3.155182814225554466e-03
-3.141411114484071732e-03
-2.611476927995681763e-03
1.445586560294032097e-03
1.874666661024093628e-03
-1.257656957022845745e-03
-3.231783339288085699e-04
-5.769343115389347076e-04
-1.994166290387511253e-03
7.110844017006456852e-04
-2.199098234996199608e-03
-4.931401344947516918e-04
2.158373128622770309e-03
1.146938651800155640e-03
3.046546597033739090e-03
1.928485813550651073e-03
-1.164236236945725977e-04
-3.888289444148540497e-03
3.627400612458586693e-03
-3.623691620305180550e-03
-3.280914854258298874e-03
-1.057198533089831471e-04
-9.299386292695999146e-04
7.687984616495668888e-04
-3.223641077056527138e-03
3.492392366752028465e-03
-2.173487446270883083e-04
-1.375490683130919933e-03
-1.671245263423770666e-04
-7.047433609841391444e-05
-2.992831636220216751e-03
6.832124781794846058e-04
-1.654051709920167923e-03
-2.854668302461504936e-03
-1.603288692422211170e-03
3.472028183750808239e-04
1.442550099454820156e-03
1.833208720199763775e-03
-1.691674464382231236e-03
-1.659796340391039848e-03
1.635441323742270470e-03
-2.157786162570118904e-03
3.606141777709126472e-03
-2.108173212036490440e-03
1.270717359147965908e-03
4.325972258811816573e-05
