-3.039284842088818550e-03
1.181896077468991280e-03
2.522995695471763611e-03
1.503347448306158185e-04
1.677061198279261589e-03
-1.981645124033093452e-03
2.486027660779654980e-04
9.084170451387763023e-04
1.910277293063700199e-03
-6.970869144424796104e-04
1.228187815286219120e-03
-2.094669034704566002e-03
1.410902128554880619e-03
1.196883502416312695e-03
-3.467812493909150362e-04
-1.356684515485540032e-04
-8.497831295244395733e-04
2.587573369964957237e-03
1.020033323584357277e-05
-1.252182642929255962e-03
-2.684644423425197601e-03
-1.499578240327537060e-03
-4.525052790995687246e-04
3.557312302291393280e-03
3.583738114684820175e-03
-4.520511138252913952e-04
-1.796138705685734749e-03
-3.372292267158627510e-03
-3.627500263974070549e-03
-8.878324297256767750e-04
-4.028075200039893389e-04
4.000252811238169670e-04
-3.258786629885435104e-03
-2.167540224036201835e-04
-1.413417863659560680e-03
-8.449942106381058693e-04
-1.120702712796628475e-03
-1.487848930992186069e-03
1.457465230487287045e-03
-1.901171752251684666e-03
-3.574750153347849846e-03
3.154783509671688080e-03
-3.336271736770868301e-03
-3.110106626991182566e-05
-2.759367926046252251e-03
-2.385455416515469551e-03
-1.009436557069420815e-03
-2.874857978895306587e-03
1.304869889281690121e-03
2.344753826037049294e-03
-5.485304282046854496e-04
-1.039277645759284496e-03
2.406019251793622971e-03
2.055750228464603424e-03
-1.350961276330053806e-03
1.276602968573570251e-03
-2.283454407006502151e-03
-7.926762336865067482e-04
3.820119891315698624e-03
-2.855889499187469482e-03
1.701843691989779472e-03
3.636004636064171791e-03
3.162190783768892288e-03
3.631581086665391922e-03
2.988672582432627678e-03
-2.351704053580760956e-03
-3.230136819183826447e-03
-2.666870364919304848e-03
-1.686497824266552925e-03
-1.683534210314974189e-04
9.278921061195433140e-04
-2.448275918141007423e-03
-3.857199335470795631e-03
-2.745751524344086647e-03
-3.344340948387980461e-03
-3.856486873701214790e-03
3.634714055806398392e-03
-5.408771103248000145e-04
-1.912233652547001839e-03
2.792353508993983269e-03
2.458036877214908600e-03
3.411851357668638229e-03
-7.290452485904097557e-04
-2.575885970145463943e-03
5.194333498366177082e-04
3.175481455400586128e-03
1.735253958031535149e-03
-2.295570157002657652e-04
3.421165747568011284e-03
7.308123749680817127e-04
-2.948618028312921524e-03
7.744948961772024632e-04
-3.384669311344623566e-03
1.939879730343818665e-03
-2.971214242279529572e-03
-3.765249159187078476e-03
9.984150528907775879e-04
-6.459128926508128643e-04
-1.196352532133460045e-03
-3.131050849333405495e-03
-3.387195523828268051e-03
9.462381131015717983e-04
-4.657050303649157286e-04
3.120502689853310585e-03
-3.752637188881635666e-03
2.567041432484984398e-03
-1.906432560645043850e-03
-2.408361528068780899e-03
-3.010546090081334114e-03
3.568599931895732880e-03
1.220470061525702477e-03
5.482908454723656178e-04
3.446695394814014435e-03
-1.232506590895354748e-03
3.902703290805220604e-03
6.706415442749857903e-04
-1.481715124100446701e-03
3.691476595122367144e-04
-6.018815911374986172e-04
-1.259128679521381855e-03
3.043727716431021690e-03
6.769827450625598431e-05
-1.800467609427869320e-03
4.535425105132162571e-04
2.185419900342822075e-03
1.147605478763580322e-03
2.874906174838542938e-03
-3.278472460806369781e-03
2.203409560024738312e-03
-2.153760520741343498e-03
-2.230001613497734070e-03
-3.419802058488130569e-03
-3.409099997952580452e-03
-2.356487559154629707e-03
-3.129446646198630333e-03
2.787630073726177216e-03
1.876041642390191555e-03
2.654585987329483032e-03
1.385088195092976093e-03
1.870845095254480839e-03
-1.419617445208132267e-03
-3.168269759044051170e-03
-1.922933617606759071e-03
3.802637336775660515e-03
1.188559806905686855e-03
-5.495354416780173779e-04
3.871495835483074188e-03
1.745838322676718235e-03
1.789317582733929157e-03
2.459241077303886414e-03
2.607246162369847298e-03
2.097449469147250056e-04
2.154744928702712059e-03
9.616443421691656113e-04
2.568870550021529198e-03
-3.806080669164657593e-03
2.275134436786174774e-03
-1.800048979930579662e-03
3.106633899733424187e-03
3.658181056380271912e-03
-1.311266794800758362e-03
-1.276079216040670872e-03
5.115796811878681183e-04
2.565713599324226379e-03
-2.392395690549165010e-04
-2.010074822464957833e-04
3.388272598385810852e-03
-3.840784775093197823e-03
1.129823795054107904e-04
-2.295895246788859367e-03
-1.882829936221241951e-03
-2.877668302971869707e-04
-3.557499498128890991e-03
1.808111323043704033e-03
-1.488378155045211315e-03
-1.625076518394052982e-03
1.703361282125115395e-03
-3.808879060670733452e-03
-2.733776113018393517e-03
-2.437344286590814590e-03
2.989442087709903717e-03
-3.426421026233583689e-04
3.885621670633554459e-03
2.307669725269079208e-03
3.509399248287081718e-03
3.161502303555607796e-03
-1.760905957780778408e-03
-1.799307065084576607e-03
7.350570522248744965e-04
-3.744505345821380615e-03
-1.907757832668721676e-04
-3.859441727399826050e-03
-1.221490907482802868e-03
9.613446891307830811e-04
-1.626717275939881802e-03
-3.079846268519759178e-03
1.949034165591001511e-03
-7.783800247125327587e-04
-2.636516466736793518e-03
1.083129784092307091e-03
8.103998261503875256e-04
1.761056366376578808e-03
1.955558080226182938e-03
-2.031368203461170197e-03
-2.758218673989176750e-03
2.230019774287939072e-03
1.035355380736291409e-03
-2.691022746148519218e-05
1.386948279105126858e-03
1.767257112078368664e-03
9.308506269007921219e-04
1.970924204215407372e-03
2.006961265578866005e-03
-1.824669190682470798e-03
9.038945427164435387e-04
3.122822381556034088e-03
-3.999365726485848427e-04
3.613476874306797981e-03
-3.206270746886730194e-03
-1.795527990907430649e-03
-2.592436736449599266e-03
-1.856487593613564968e-03
-1.903192489407956600e-03
-3.948278899770230055e-04
3.121399786323308945e-03
6.812689243815839291e-04
3.696241648867726326e-03
3.328401828184723854e-03
1.188667723909020424e-03
2.404097700491547585e-03
1.289201900362968445e-03
9.789394680410623550e-04
-2.018767874687910080e-03
2.022132743149995804e-03
-3.225170308724045753e-03
-2.461050869897007942e-03
2.062185667455196381e-03
2.930283546447753906e-03
3.812501963693648577e-04
3.345515113323926926e-03
3.215366275981068611e-03
3.403534356039017439e-04
2.084390027448534966e-03
-8.489514584653079510e-05
3.667681477963924408e-03
-4.704607999883592129e-04
3.045001532882452011e-03
7.981577655300498009e-04
3.654071595519781113e-03
-2.664669882506132126e-03
-5.676507134921848774e-04
-3.890364430844783783e-03
2.030343515798449516e-03
2.736748137976974249e-04
8.875743369571864605e-04
3.494247095659375191e-03
