3.147128503769636154e-03
-3.566221566870808601e-03
3.404661081731319427e-03
5.216210847720503807e-04
-3.233882132917642593e-03
1.256710384041070938e-03
1.795950112864375114e-03
4.175733192823827267e-04
1.332216197624802589e-03
-1.243948703631758690e-03
1.757190912030637264e-03
3.622871357947587967e-03
2.539665903896093369e-03
3.785618580877780914e-03
-2.424037782475352287e-03
-2.002734225243330002e-03
-3.997337480541318655e-04
-1.790048088878393173e-03
7.394540589302778244e-04
1.016720998450182378e-04
3.828210465144366026e-04
-2.889430616050958633e-04
-3.481144085526466370e-03
4.209503240417689085e-04
-3.343016374856233597e-03
-1.610098872333765030e-03
-3.809700254350900650e-03
5.166722112335264683e-04
3.683295566588640213e-03
-3.256196388974785805e-03
2.434539142996072769e-03
-2.116621471941471100e-03
2.510798221919685602e-04
-1.118115498684346676e-03
-3.344859214848838747e-05
2.727393759414553642e-03
3.566046478226780891e-03
3.552615409716963768e-03
1.889868290163576603e-04
2.024911576882004738e-03
2.171221422031521797e-03
-9.112264961004257202e-04
2.198084490373730659e-03
-3.256126772612333298e-03
3.003453603014349937e-03
-1.807844731956720352e-03
-2.997144125401973724e-03
3.864750266075134277e-03
3.569720429368317127e-04
-1.992395147681236267e-03
-3.605142701417207718e-03
1.379355904646217823e-03
-3.365819575265049934e-03
-9.127784869633615017e-04
-6.370175397023558617e-04
2.859910717234015465e-03
1.165273250080645084e-03
-2.084530424326658249e-03
3.361784154549241066e-03
1.225811196491122246e-03
1.812948612496256828e-03
-3.139570122584700584e-03
-2.425914164632558823e-03
-4.432207788340747356e-04
3.626536345109343529e-03
2.672229660674929619e-03
2.455127192661166191e-03
2.677667420357465744e-03
-3.743227105587720871e-03
3.862147685140371323e-03
1.457464997656643391e-03
-2.007327042520046234e-03
3.351111197844147682e-03
1.529554370790719986e-03
8.238180307671427727e-04
8.963881991803646088e-04
3.630186896771192551e-03
2.835633640643209219e-04
-1.540727564133703709e-03
1.434026169590651989e-03
3.685944480821490288e-03
2.099403354804962873e-04
2.613581949844956398e-03
-2.763170981779694557e-03
3.649457590654492378e-03
3.578690113499760628e-03
-3.308855462819337845e-03
2.937010722234845161e-04
2.093601506203413010e-03
-1.537245698273181915e-03
-9.998297318816184998e-04
-3.059508453588932753e-04
2.134359441697597504e-03
-6.773751229047775269e-04
-1.061884220689535141e-03
-2.058340469375252724e-04
-5.823488463647663593e-04
3.117200452834367752e-03
9.336802177131175995e-04
-1.256126677617430687e-03
-2.937139943242073059e-03
3.282079705968499184e-03
-3.399765118956565857e-03
1.006996259093284607e-03
-6.762108532711863518e-04
3.672745311632752419e-03
2.864164533093571663e-03
-5.580974975600838661e-04
-2.309416886419057846e-03
-3.643919480964541435e-03
-3.413419704884290695e-03
-3.753782017156481743e-03
-1.113900216296315193e-03
2.422567486064508557e-04
-3.564130747690796852e-03
-2.149548614397644997e-03
3.538210876286029816e-03
3.814347088336944580e-03
-2.926192479208111763e-03
-1.970651792362332344e-03
1.078708446584641933e-03
-1.967808464542031288e-03
2.000153763219714165e-04
3.035441506654024124e-03
5.160836735740303993e-04
7.268222980201244354e-04
-1.251255744136869907e-03
-3.432091791182756424e-03
-1.758891303325071931e-04
-2.755203051492571831e-03
-2.758907619863748550e-03
-1.893944805487990379e-03
-3.376032458618283272e-03
3.771548392251133919e-03
1.085728872567415237e-03
-3.542894031852483749e-03
2.377552445977926254e-03
-1.308327191509306431e-03
1.101040514186024666e-03
1.846277737058699131e-03
-3.868882078677415848e-03
-1.324761076830327511e-03
-1.938057132065296173e-03
-3.640923416242003441e-03
3.640398383140563965e-03
-1.850439351983368397e-03
3.647920209914445877e-03
-1.909827115014195442e-03
-5.337504553608596325e-04
-9.525559144094586372e-04
-2.262938302010297775e-03
2.938798861578106880e-03
-3.345563018228858709e-04
2.796888351440429688e-03
2.604266046546399593e-04
-6.542531191371381283e-04
1.392561011016368866e-03
1.047416939400136471e-03
3.032240492757409811e-04
1.313785673119127750e-03
-1.137737068347632885e-03
-3.859765827655792236e-03
8.398073841817677021e-04
-3.013683948665857315e-03
4.512610903475433588e-04
3.118798602372407913e-03
-1.144549110904335976e-03
-1.690609613433480263e-03
-3.867983177769929171e-04
9.472165838815271854e-04
1.703803776763379574e-03
-8.614102262072265148e-04
2.279454638483002782e-04
-1.542453683214262128e-04
-1.838533324189484119e-03
3.195913974195718765e-03
2.642689272761344910e-03
-1.359837246127426624e-03
-2.288056537508964539e-03
3.840375866275280714e-04
-1.848566927947103977e-03
-2.065153326839208603e-03
8.404338732361793518e-04
7.853900315240025520e-04
-8.947250316850841045e-04
3.332173917442560196e-03
-4.455041198525577784e-04
2.249796641990542412e-03
5.948229045316111296e-06
-1.555599970743060112e-03
2.624577144160866737e-03
4.646595625672489405e-04
3.737072227522730827e-03
-6.567864329554140568e-04
1.732536009512841702e-03
3.379608271643519402e-03
3.298794850707054138e-03
3.044313052669167519e-03
4.881124914390966296e-05
3.765350440517067909e-03
2.791319740936160088e-03
-7.921850774437189102e-04
1.663951086811721325e-03
3.680664114654064178e-03
2.966634347103536129e-04
3.660388523712754250e-03
-3.295383416116237640e-03
3.179317805916070938e-03
2.774834167212247849e-03
2.959854202345013618e-03
-3.327895654365420341e-03
-1.295760972425341606e-03
1.408953219652175903e-03
1.139907282777130604e-03
6.257782224565744400e-04
1.135377213358879089e-03
-1.772436517057940364e-04
3.814929164946079254e-03
-8.447348227491602302e-05
1.017981674522161484e-03
-1.481965067796409130e-03
-8.770973654463887215e-04
-2.125378232449293137e-04
7.935454050311818719e-05
-5.179417785257101059e-04
1.984574133530259132e-03
-1.107345335185527802e-03
-3.061059396713972092e-04
-2.186078578233718872e-03
-2.078787423670291901e-03
-2.323541266378015280e-04
-3.085861913859844208e-03
-3.007085295394062996e-03
-3.735542995855212212e-03
1.617365051060914993e-03
1.182253006845712662e-03
-3.254117909818887711e-03
5.809129215776920319e-04
8.597956912126392126e-05
3.200676757842302322e-03
-2.587307943031191826e-03
-6.818234687671065331e-04
1.272135850740596652e-04
3.507890214677900076e-04
-1.316665322519838810e-03
-1.394374994561076164e-03
4.844202485401183367e-04
3.342993091791868210e-03
-6.609570118598639965e-04
2.748719649389386177e-03
7.761839660815894604e-04
-9.574677096679806709e-04
-8.507980965077877045e-04
-3.388610202819108963e-03
-3.068406600505113602e-03
5.676810396835207939e-04
