-2.036707592196762562e-04
-1.948118559084832668e-03
-1.611097482964396477e-03
-2.003626199439167976e-03
3.896916983649134636e-03
2.468799473717808723e-03
1.411619246937334538e-03
2.392597729340195656e-03
1.762251020409166813e-03
-2.790681086480617523e-03
2.878714585676789284e-03
2.338614081963896751e-03
-3.816724289208650589e-03
-3.841589437797665596e-03
3.849285130854696035e-04
3.421630244702100754e-03
-2.839122433215379715e-03
8.518389076925814152e-04
-9.792353957891464233e-04
-1.452966243959963322e-03
3.122339956462383270e-03
-1.889238599687814713e-03
-5.543599254451692104e-04
3.561907680705189705e-03
-3.728237003087997437e-03
3.456255886703729630e-03
-3.586611637729220092e-05
-6.876553525216877460e-04
1.347392535535618663e-04
-2.146991668269038200e-03
-2.722825622186064720e-03
5.095552187412977219e-04
2.066366840153932571e-03
-3.399730427190661430e-03
-3.928167279809713364e-04
-2.054485725238919258e-03
-2.165395068004727364e-03
3.467692993581295013e-03
1.187974237836897373e-03
-6.907161441631615162e-04
9.597428725101053715e-04
2.350833965465426445e-03
-3.842336358502507210e-03
-2.194272354245185852e-03
3.063905751332640648e-03
2.109598135575652122e-03
9.100749739445745945e-04
1.282344223000109196e-03
-2.981006866320967674e-03
-2.859564847312867641e-04
3.167740767821669579e-03
2.463624114170670509e-03
-1.635231659747660160e-03
2.035369863733649254e-03
2.815914340317249298e-03
3.186347195878624916e-03
-2.965154359117150307e-03
-2.975768176838755608e-03
2.613638760522007942e-03
-2.802987815812230110e-03
-1.901347655802965164e-03
1.764067681506276131e-03
7.326204213313758373e-04
-2.010220196098089218e-03
-1.932910672621801496e-04
3.510287031531333923e-03
-1.958447042852640152e-03
-1.525097410194575787e-03
-6.200852221809327602e-04
2.989791566506028175e-03
3.550360677763819695e-03
-2.949946094304323196e-03
-1.230919617228209972e-03
-3.066858509555459023e-03
-3.211034345440566540e-04
-1.116319326683878899e-03
-8.710898691788315773e-05
-2.014314755797386169e-03
-2.071154769510030746e-03
-3.490796079859137535e-04
-3.496474237181246281e-04
5.699850153177976608e-04
5.865856292075477540e-05
1.232601585797965527e-03
3.200982231646776199e-03
3.618190065026283264e-03
-1.789282076060771942e-03
2.732749562710523605e-03
3.442971967160701752e-03
2.975830284412950277e-04
3.788947127759456635e-03
-2.703619888052344322e-03
5.461719701997935772e-04
1.788461348041892052e-03
3.373545361682772636e-03
5.233242409303784370e-04
-3.478518221527338028e-03
3.361049806699156761e-03
3.899331903085112572e-03
-2.251242054626345634e-03
-1.729219686239957809e-03
3.804869251325726509e-03
3.607952501624822617e-03
3.680645721033215523e-03
3.048106795176863670e-03
-2.729420317336916924e-03
-2.638858277350664139e-03
3.386161755770444870e-03
3.016011090949177742e-03
-1.545793260447680950e-03
-1.519724377430975437e-03
1.596290385350584984e-04
1.331185339950025082e-03
2.302325330674648285e-03
-1.359997200779616833e-03
-7.434495491907000542e-04
2.867435337975621223e-03
2.103944774717092514e-03
-8.838060311973094940e-04
2.352118724957108498e-03
-4.672290815506130457e-04
-2.241166774183511734e-03
-2.443432575091719627e-03
2.837523352354764938e-03
-2.615902805700898170e-03
3.065418219193816185e-03
-6.071116658858954906e-04
1.145644462667405605e-03
4.604706191457808018e-04
1.186130451969802380e-03
-3.528420347720384598e-03
-9.304046398028731346e-05
-3.793958574533462524e-03
-2.301296917721629143e-03
-9.467627387493848801e-05
1.127415103837847710e-03
-3.734741127118468285e-03
2.697022166103124619e-03
7.738174463156610727e-05
2.304224064573645592e-03
-7.564688567072153091e-04
1.112116733565926552e-03
2.471753163263201714e-03
-4.190047329757362604e-04
-1.860941527411341667e-03
-2.001680433750152588e-03
-1.592846587300300598e-03
5.758195184171199799e-04
3.488419577479362488e-03
-1.099276938475668430e-03
-2.741150557994842529e-03
-4.343834298197180033e-04
3.318208269774913788e-03
3.285182872787117958e-03
-1.535951276309788227e-03
1.693314639851450920e-03
2.559680491685867310e-03
-4.952350864186882973e-04
1.595725305378437042e-03
-2.240795874968171120e-03
-2.313357079401612282e-03
-3.585338592529296875e-03
3.843655344098806381e-03
1.098911860026419163e-03
1.772249815985560417e-03
-2.881527412682771683e-03
-1.446214155294001102e-03
3.426877083256840706e-03
-2.459136157995089889e-05
-1.734628574922680855e-03
8.355411700904369354e-04
-1.755123725160956383e-03
1.084614079445600510e-03
-3.604647936299443245e-03
2.060721162706613541e-03
-2.696153242141008377e-03
2.958425786346197128e-03
-2.786275930702686310e-03
7.032207795418798923e-04
-2.864078152924776077e-03
-1.215991214849054813e-03
1.599896466359496117e-03
2.891568699851632118e-03
3.340230090543627739e-03
-3.058204194530844688e-03
-1.306045218370854855e-03
1.650338759645819664e-03
-2.427104394882917404e-03
-3.308958839625120163e-03
2.339726313948631287e-03
1.351328683085739613e-03
3.629495156928896904e-03
1.082188333384692669e-03
-8.958925609476864338e-04
-1.176570542156696320e-03
-1.532764057628810406e-03
-3.538349643349647522e-03
-2.674198709428310394e-03
-1.707286137389019132e-04
3.207578629371710122e-05
3.128142561763525009e-03
2.677425509318709373e-03
-2.920662285760045052e-03
-1.059835660271346569e-03
-4.316842823754996061e-04
2.241117908852174878e-04
1.628866535611450672e-03
-3.580281278118491173e-03
-2.873129269573837519e-04
-1.532388501800596714e-03
2.615027478896081448e-04
-3.442988265305757523e-03
-2.062876010313630104e-03
-2.413684036582708359e-03
3.120994428172707558e-03
-9.826247114688158035e-04
-7.779868319630622864e-04
-1.590050524100661278e-04
-2.444224264763761312e-05
-2.451371168717741966e-03
2.233927516499534249e-04
-8.273225976154208183e-04
2.671993104740977287e-03
-7.234744844026863575e-04
-1.358080073259770870e-03
3.634070977568626404e-03
1.294886227697134018e-03
-1.370600773952901363e-03
1.319782459177076817e-03
1.113469363190233707e-03
2.919914433732628822e-03
-7.795323617756366730e-04
-2.734034787863492966e-03
1.026591169647872448e-03
3.346216864883899689e-03
1.840993296355009079e-03
-3.523018443956971169e-03
1.059929025359451771e-03
-1.278597745113074780e-03
-2.836593892425298691e-03
-1.481509651057422161e-03
1.638805377297103405e-03
2.458270639181137085e-03
-2.455026376992464066e-03
1.362004317343235016e-03
-2.545738825574517250e-04
3.273059614002704620e-03
2.541975409258157015e-04
-3.523478517308831215e-03
4.360497405286878347e-04
-2.858279272913932800e-03
3.085779608227312565e-04
-2.353591611608862877e-03
1.574648660607635975e-03
3.572016066755168140e-05
2.385752974078059196e-03
