-3.245344618335366249e-03
-1.134668593294918537e-03
-2.210028702393174171e-03
-1.528766704723238945e-03
-5.873495829291641712e-04
-2.038807288045063615e-04
-2.245519077405333519e-03
3.002823796123266220e-04
3.058311762288212776e-03
-3.704148344695568085e-03
8.376567857339978218e-04
-8.362854132428765297e-04
6.650305003859102726e-04
-1.396493753418326378e-03
8.052462362684309483e-04
-1.661348622292280197e-03
-5.230233073234558105e-04
5.966562312096357346e-04
-5.143354646861553192e-04
1.473209238611161709e-03
3.095479682087898254e-03
1.511034439317882061e-03
-9.046606719493865967e-04
-3.861975856125354767e-03
-1.345830736681818962e-03
2.491866471245884895e-03
-2.717702882364392281e-03
-1.432122779078781605e-03
-8.871238678693771362e-04
-3.180062049068510532e-04
4.952606395818293095e-04
9.879275457933545113e-04
2.407806459814310074e-03
-2.395166575297480449e-06
-2.229138975962996483e-03
1.670626807026565075e-03
1.240221667103469372e-03
-7.889436674304306507e-04
3.433940466493368149e-03
2.017926657572388649e-03
1.907822676002979279e-03
2.686424413695931435e-03
1.784958760254085064e-03
3.634462191257625818e-04
1.177357742562890053e-03
-2.063021063804626465e-03
3.280796809121966362e-03
-2.708428073674440384e-03
-1.546338549815118313e-03
-5.880824173800647259e-04
2.502348273992538452e-03
2.706131432205438614e-03
-1.609726692549884319e-03
3.400948597118258476e-03
-2.043738262727856636e-03
-2.121916273608803749e-03
-1.489085378125309944e-03
-3.296248323749750853e-04
-1.474159071221947670e-03
2.974088070914149284e-03
-4.079815698787570000e-04
2.249960787594318390e-03
-2.888783346861600876e-03
3.820044687017798424e-03
-1.084485775209031999e-04
3.881318029016256332e-03
1.091735437512397766e-03
2.326385350897908211e-03
-2.595125464722514153e-03
1.515860902145504951e-03
3.804751439020037651e-03
-7.851140253478661180e-05
3.111706755589693785e-04
9.869695641100406647e-04
1.239682431332767010e-03
1.599793788045644760e-03
1.133402929553994909e-05
7.855118601582944393e-04
3.066739882342517376e-04
3.393869381397962570e-03
-2.640468068420886993e-03
-1.079743145965039730e-03
1.295482739806175232e-03
2.516856649890542030e-03
-3.457237500697374344e-03
-3.291749162599444389e-04
1.302249496802687645e-03
2.440830226987600327e-03
2.979542594403028488e-03
-1.680564018897712231e-03
-1.341065159067511559e-03
-3.075890243053436279e-03
-3.303851699456572533e-04
-4.989907611161470413e-04
1.633808366023004055e-03
-6.646867259405553341e-04
-2.762409625574946404e-03
-2.029742347076535225e-03
7.145255221985280514e-04
1.730800606310367584e-03
1.171588082797825336e-03
1.012401422485709190e-03
7.474411395378410816e-04
-2.921974752098321915e-03
-3.394035855308175087e-03
2.558481064625084400e-04
-1.561118522658944130e-03
-2.984139369800686836e-03
1.549232751131057739e-03
-5.029707681387662888e-04
-1.597532653249800205e-03
-3.466523950919508934e-03
3.722565714269876480e-03
2.499658381566405296e-03
3.307547885924577713e-03
2.947125176433473825e-04
2.662734128534793854e-03
-1.836637267842888832e-03
-3.689013188704848289e-03
-6.337986560538411140e-04
2.481376286596059799e-03
1.509217894636094570e-03
-2.857593819499015808e-03
-2.319948049262166023e-03
1.641278067836537957e-04
-1.924818148836493492e-03
-3.721250104717910290e-04
-5.321197022567503154e-05
2.370475791394710541e-03
2.072944771498441696e-03
1.231094473041594028e-03
-1.988853327929973602e-03
-2.351361559703946114e-03
1.815193681977689266e-03
1.646501827053725719e-03
-7.323463796637952328e-04
-3.508463501930236816e-03
3.500792430713772774e-03
-2.906353212893009186e-03
2.512691775336861610e-03
2.121400029864162207e-04
1.890738494694232941e-03
3.461244981735944748e-03
-2.632543444633483887e-03
8.309364784508943558e-04
-3.743977518752217293e-03
3.064240794628858566e-03
-2.891757525503635406e-03
-1.507786102592945099e-03
1.541041303426027298e-03
7.653191569261252880e-04
8.775841561146080494e-04
-1.567506347782909870e-03
2.288711955770850182e-03
1.120994798839092255e-03
3.654015250504016876e-03
-4.584269190672785044e-04
1.670523663051426411e-03
-7.447287789545953274e-04
-2.929209265857934952e-03
-1.932559302076697350e-03
2.417955547571182251e-03
-1.095774350687861443e-03
-1.051977626048028469e-03
2.260402077808976173e-03
1.918664085678756237e-03
-2.367643173784017563e-03
-2.076840959489345551e-03
1.397814776282757521e-04
1.980499364435672760e-03
2.709629712626338005e-03
1.293028588406741619e-03
-1.454544137232005596e-03
-1.047410652972757816e-03
-2.934270305559039116e-03
1.536918804049491882e-03
3.518951591104269028e-03
5.290342378430068493e-04
3.740806598216295242e-03
-3.071546670980751514e-04
-2.406387589871883392e-03
-1.951272133737802505e-03
3.711044788360595703e-03
-3.379124216735363007e-03
-3.074046457186341286e-03
-4.852999118156731129e-04
2.590936201158910990e-04
-2.044184366241097450e-03
3.033102955669164658e-03
-3.256990748923271894e-04
-1.147413975559175014e-03
-1.172571093775331974e-03
-4.255874082446098328e-04
-3.615848254412412643e-03
2.260599052533507347e-03
-1.479859231039881706e-03
6.991748814471065998e-04
1.404131762683391571e-03
2.050230745226144791e-03
-2.535133389756083488e-03
3.588493273127824068e-04
-1.520999008789658546e-03
1.459668506868183613e-03
-1.665482268435880542e-04
3.409986675251275301e-04
1.112636295147240162e-03
1.085989526472985744e-03
2.135942486347630620e-04
1.997763523831963539e-03
-1.677769003435969353e-03
2.858588704839348793e-03
3.323221113532781601e-03
-3.390521276742219925e-03
2.507441444322466850e-03
1.929047866724431515e-03
1.775348646333441138e-04
7.905287202447652817e-04
2.513086423277854919e-03
-3.259353572502732277e-03
1.871352782472968102e-03
2.055188175290822983e-03
-1.477720681577920914e-03
2.068466972559690475e-03
-3.026217687875032425e-03
7.480927743017673492e-04
2.537172054871916771e-03
-3.336221852805465460e-04
-3.004782483913004398e-04
-1.378385466523468494e-03
-3.176787868142127991e-03
1.691762590780854225e-03
3.600565250962972641e-03
2.751040272414684296e-03
1.727205934002995491e-03
-7.663787109777331352e-04
2.272804500535130501e-03
6.238215719349682331e-04
1.571567263454198837e-03
-4.771040694322437048e-04
3.364720381796360016e-03
-2.891572890803217888e-03
-3.715920960530638695e-03
1.686978270299732685e-03
7.159648812375962734e-04
8.619415457360446453e-04
2.371146983932703733e-04
-5.147919291630387306e-04
-3.436726285144686699e-03
-2.231647958979010582e-03
3.404938150197267532e-03
-2.354393480345606804e-03
-1.415139297023415565e-03
-3.332210704684257507e-03
2.441871445626020432e-03
-2.546234522014856339e-03
-3.404338145628571510e-03
