-2.082396997138857841e-03
7.080405484884977341e-04
5.397081840783357620e-04
1.053418265655636787e-03
-1.672578859142959118e-03
1.996728358790278435e-03
-3.080602735280990601e-03
3.881804645061492920e-03
1.507648121332749724e-04
-1.048843841999769211e-03
-3.024956444278359413e-03
3.295037895441055298e-03
-3.365988144651055336e-03
9.494531695963814855e-06
7.723104317847173661e-06
1.890162471681833267e-03
2.890759787987917662e-05
3.845295170322060585e-03
-2.692366251721978188e-04
-1.288701459998264909e-04
1.744262292049825191e-03
-3.843592712655663490e-03
3.167765913531184196e-03
-7.952554151415824890e-04
2.355658914893865585e-03
5.522962601389735937e-05
1.364850089885294437e-03
-2.091382630169391632e-03
1.431841403245925903e-03
-7.711677462793886662e-04
2.487359568476676941e-03
2.122663659974932671e-03
-3.625234588980674744e-03
-1.702274195849895477e-03
-9.063644101843237877e-04
-3.135844599455595016e-03
-3.262073267251253128e-03
3.799940692260861397e-03
-6.516372668556869030e-04
3.281302750110626221e-03
2.400618046522140503e-03
3.864970058202743530e-03
1.463601947762072086e-03
-3.508408321067690849e-03
3.813453484326601028e-03
1.237216289155185223e-03
-2.047406742349267006e-03
2.493807580322027206e-03
-3.329125465825200081e-03
1.045511919073760509e-03
1.719935564324259758e-03
2.504893811419606209e-03
-2.792052924633026123e-03
1.436066930182278156e-03
-3.313700726721435785e-04
-2.125532046193256974e-04
-4.438411851879209280e-04
1.067350851371884346e-03
-1.473930897191166878e-03
-2.146932762116193771e-03
1.487599103711545467e-03
2.450568368658423424e-03
-3.830032423138618469e-03
-1.334802131168544292e-03
1.801057602278888226e-03
1.105110510252416134e-03
2.431554254144430161e-03
-6.737897056154906750e-04
1.722164568491280079e-03
-2.006876980885863304e-03
3.502063918858766556e-03
-1.052673673257231712e-03
-3.663623239845037460e-03
-7.996854837983846664e-04
1.747410628013312817e-03
2.909881295636296272e-03
-6.209395942278206348e-04
-1.972513971850275993e-03
1.512347604148089886e-03
1.060998300090432167e-03
9.288629516959190369e-04
-9.346711449325084686e-04
2.007239731028676033e-03
-2.571012591943144798e-03
1.439742394722998142e-03
2.294981386512517929e-04
1.834425260312855244e-03
1.153566408902406693e-03
2.735886489972472191e-03
-1.954596082214266062e-04
2.393361646682024002e-03
-2.194145694375038147e-03
6.880496512167155743e-04
2.713471418246626854e-03
-3.741594497114419937e-03
1.976851839572191238e-03
-9.678017813712358475e-04
-1.782132545486092567e-03
-8.113897056318819523e-04
-8.096598321571946144e-04
-2.832277677953243256e-03
-1.544919330626726151e-03
2.314243698492646217e-03
-4.335982084739953279e-04
-2.068806439638137817e-03
-3.026730148121714592e-03
3.745261579751968384e-03
-2.675996627658605576e-03
-1.181420288048684597e-03
7.259533740580081940e-04
-6.714232586091384292e-05
2.335347468033432961e-03
1.539312419481575489e-03
7.985810952959582210e-05
-3.325546160340309143e-03
-3.095043357461690903e-03
-3.678617766126990318e-03
1.509504159912467003e-03
1.144867041148245335e-03
3.456051927059888840e-03
8.339685155078768730e-04
1.948809833265841007e-03
2.567922230809926987e-03
5.702576600015163422e-04
-1.238224562257528305e-03
1.512964023277163506e-03
1.992089673876762390e-03
-8.837583591230213642e-04
9.575634030625224113e-04
-6.743966951034963131e-04
-3.598098643124103546e-03
3.036994487047195435e-03
-1.847192412242293358e-03
1.216216827742755413e-03
-7.570298621430993080e-04
2.270472003147006035e-03
1.131669036112725735e-03
8.486261940561234951e-04
1.974615734070539474e-03
2.057097153738141060e-03
-1.322365133091807365e-03
2.589772921055555344e-03
1.852526445873081684e-03
-1.402368303388357162e-03
-8.248510421253740788e-04
5.874097114428877831e-04
-3.296284412499517202e-04
-1.748720569594297558e-05
-2.249581739306449890e-03
2.630859846249222755e-03
-3.255487186834216118e-03
-3.836565185338258743e-03
-3.018085146322846413e-03
-2.546082832850515842e-04
-3.624644130468368530e-03
-2.975507406517863274e-03
3.769499948248267174e-03
-9.201409993693232536e-04
-1.775588607415556908e-03
-2.503848168998956680e-03
2.861501881852746010e-03
-2.821802860125899315e-03
-3.166457638144493103e-03
-3.461415180936455727e-03
3.319281153380870819e-03
-1.469751819968223572e-03
-2.605227520689368248e-03
-2.134854439646005630e-03
-1.137678162194788456e-03
2.144345780834555626e-03
-2.819735789671540260e-03
2.355765318498015404e-03
2.994627924636006355e-03
2.400686062173917890e-04
8.644817280583083630e-04
2.768470905721187592e-03
-1.373292994685471058e-03
-3.499832004308700562e-03
3.327713115140795708e-03
1.774096745066344738e-03
6.572306156158447266e-04
2.181191463023424149e-03
2.614487195387482643e-03
-8.924699504859745502e-04
3.106465097516775131e-03
-3.731337783392518759e-04
-6.313461344689130783e-04
-1.256768591701984406e-03
-2.403072314336895943e-03
3.728060051798820496e-03
-1.640612725168466568e-03
-1.662090537138283253e-03
-1.857599709182977676e-03
-3.182409564033150673e-04
-3.045375924557447433e-03
1.749999821186065674e-03
3.861615201458334923e-03
3.077568486332893372e-03
-7.426384836435317993e-04
-3.855299903079867363e-03
-1.528390566818416119e-03
2.445641905069351196e-03
9.410887723788619041e-04
-3.231266280636191368e-03
3.172730794176459312e-03
-4.380738246254622936e-04
-3.485303604975342751e-03
-2.480539260432124138e-03
2.786883153021335602e-03
-2.815046813338994980e-03
8.944957517087459564e-04
6.610584678128361702e-04
-2.598761580884456635e-03
1.476710895076394081e-03
2.123734448105096817e-03
5.423228139989078045e-04
-2.552487188950181007e-03
2.160211093723773956e-03
1.464014640077948570e-03
1.355184242129325867e-03
-4.920180072076618671e-04
-2.622040687128901482e-03
-3.257024800404906273e-03
2.548666088841855526e-04
3.240480727981775999e-04
1.031870371662080288e-03
-3.805829677730798721e-03
2.260588575154542923e-03
2.014763420447707176e-03
2.637236146256327629e-03
-1.013019937090575695e-03
6.641747313551604748e-04
-3.739186329767107964e-03
-8.248238591477274895e-04
-3.021984593942761421e-04
1.579075702466070652e-03
-2.705783699639141560e-04
-3.801717655733227730e-03
3.192822914570569992e-03
-2.689327346161007881e-03
3.500034217722713947e-04
-1.148566370829939842e-03
8.505441946908831596e-04
6.623883382417261600e-04
2.132681431248784065e-03
1.610355451703071594e-03
3.386600175872445107e-03
1.725842361338436604e-03
1.327500911429524422e-03
7.547964924015104771e-04
1.406359020620584488e-03
-2.826810348778963089e-03
1.533937873318791389e-03
-3.798191901296377182e-03
3.488849324639886618e-04
-1.029874547384679317e-03
