9.561024489812552929e-04
-5.626029451377689838e-04
-3.626118181273341179e-03
6.069247028790414333e-04
2.716699615120887756e-03
-2.087844302877783775e-03
-5.433425540104508400e-04
-4.299240245018154383e-04
-1.318159163929522038e-03
-3.271065885201096535e-03
3.285719547420740128e-03
-3.502157516777515411e-03
3.555319737643003464e-03
1.521191210485994816e-03
2.917950507253408432e-03
-1.192542258650064468e-03
2.734416397288441658e-03
-2.524790354073047638e-03
1.665288815274834633e-03
2.296004910022020340e-03
1.583040924742817879e-03
-1.640259404666721821e-03
-3.691579215228557587e-03
-3.015176393091678619e-03
2.056095516309142113e-03
-2.918309532105922699e-03
5.117512773722410202e-04
2.446115831844508648e-04
-2.944801235571503639e-04
-3.703630529344081879e-03
1.950445352122187614e-03
-1.539959455840289593e-03
-3.576272865757346153e-03
-3.183350898325443268e-03
3.823775565251708031e-03
-7.236917008413001895e-05
2.606028690934181213e-03
-1.142580411396920681e-03
-2.936692035291343927e-04
-1.556895673274993896e-03
-1.256704796105623245e-03
1.161831081844866276e-03
1.708041527308523655e-03
-2.091032452881336212e-03
-1.272429013624787331e-03
-2.238811459392309189e-03
3.498762147501111031e-03
1.401470392011106014e-03
-2.462131204083561897e-03
3.788270987570285797e-03
3.450429299846291542e-03
-2.696609124541282654e-03
-8.706589142093434930e-05
3.154445206746459007e-03
4.776860296260565519e-04
-2.317330567166209221e-03
-2.041069325059652328e-03
2.002317691221833229e-03
-2.892825752496719360e-03
5.419988301582634449e-04
-3.458629595115780830e-03
2.901940373703837395e-03
-1.606646808795630932e-03
-3.027854254469275475e-03
-2.769995015114545822e-03
6.410115020116791129e-05
3.158682258799672127e-03
1.663662405917420983e-04
-3.302858676761388779e-04
2.575872000306844711e-03
8.651030948385596275e-04
2.443656791001558304e-03
-3.226397326216101646e-03
2.344505919609218836e-04
1.361798145808279514e-03
2.538287313655018806e-03
-2.451112959533929825e-03
1.049167360179126263e-03
2.218296984210610390e-03
-1.625488075660541654e-04
-3.427810501307249069e-03
1.408761949278414249e-03
-2.377936325501650572e-04
7.926961407065391541e-04
1.086011980078183115e-04
-3.411693032830953598e-03
-1.929125632159411907e-03
4.557136853691190481e-04
-3.632779000326991081e-03
1.607587328180670738e-03
-7.308117346838116646e-04
-2.523028990253806114e-03
5.193083779886364937e-05
-2.968804910778999329e-03
3.045076970010995865e-03
-2.515123225748538971e-03
-2.351102652028203011e-03
9.836365934461355209e-04
9.903605096042156219e-04
2.456205431371927261e-03
-1.315780915319919586e-03
-2.371884416788816452e-03
1.292746514081954956e-03
-3.244193270802497864e-03
-2.049874747171998024e-03
6.967581575736403465e-04
1.630404731258749962e-03
-6.453776732087135315e-04
-1.262953854165971279e-03
-2.616117708384990692e-03
-3.735141362994909286e-03
1.151221338659524918e-03
3.743428504094481468e-03
2.411739900708198547e-03
3.611178835853934288e-03
-7.357628783211112022e-04
-3.015914233401417732e-03
-3.484652610495686531e-03
-1.100739464163780212e-03
-1.543564489111304283e-03
1.831036875955760479e-03
9.954312117770314217e-04
-3.046058351173996925e-03
-3.305925987660884857e-03
-3.264799248427152634e-03
2.874930156394839287e-03
2.378743840381503105e-03
3.571935463696718216e-03
-3.172505879774689674e-03
-2.586346352472901344e-03
1.550824614241719246e-03
-3.077773377299308777e-03
-5.790789145976305008e-04
3.348713973537087440e-03
-3.236254910007119179e-03
-1.369788951706141233e-04
3.101625246927142143e-03
1.987688243389129639e-03
-3.073994070291519165e-03
7.834913558326661587e-04
-3.553907619789242744e-03
-1.027472084388136864e-03
-3.251898102462291718e-03
-1.522320555523037910e-03
1.175742945633828640e-03
2.855914877727627754e-03
-2.372618997469544411e-03
2.627319190651178360e-03
-2.454439410939812660e-03
1.310247898800298572e-04
5.896171787753701210e-04
-1.221918791998177767e-04
1.971632475033402443e-03
2.170975785702466965e-03
3.999634354840964079e-04
-1.304529490880668163e-03
1.635116175748407841e-03
6.747039733454585075e-04
-1.620799303054809570e-03
-9.150393889285624027e-04
-2.360308775678277016e-03
2.389918779954314232e-03
1.357391010969877243e-03
-3.246886655688285828e-03
-2.723000943660736084e-03
2.690002555027604103e-03
-2.596918027848005295e-03
-2.556466497480869293e-03
1.041621551848948002e-03
-1.481337123550474644e-03
3.509800182655453682e-03
-1.602297415956854820e-04
-3.832209156826138496e-03
-2.620156155899167061e-03
-1.196295372210443020e-03
-4.907213733531534672e-04
6.366908201016485691e-05
1.739170838845893741e-04
-2.313751261681318283e-03
-2.525428077206015587e-03
-2.120024524629116058e-03
-2.788580488413572311e-03
4.571482422761619091e-04
2.349607413634657860e-03
-1.979338703677058220e-03
-2.152520697563886642e-03
6.086854773457162082e-05
3.142417408525943756e-03
2.091097412630915642e-03
3.243580431444570422e-05
-1.550531596876680851e-04
1.574612804688513279e-03
9.758165106177330017e-04
-2.965823048725724220e-03
-1.502660743426531553e-04
-2.389741828665137291e-03
-3.381300717592239380e-03
1.245466060936450958e-03
-1.682829577475786209e-03
1.905813114717602730e-03
-3.288028761744499207e-03
-3.163828980177640915e-03
3.682620357722043991e-03
-3.891084808856248856e-03
-3.732566838152706623e-04
1.359614077955484390e-03
3.755971556529402733e-03
-2.658006967976689339e-03
2.334246877580881119e-03
3.752377582713961601e-03
2.602366730570793152e-03
-2.195682842284440994e-03
-1.520876423455774784e-03
-8.196522830985486507e-04
1.458768616430461407e-03
-2.046558540314435959e-03
-3.794347634539008141e-03
-2.185097197070717812e-03
-3.736630314961075783e-03
-2.943051280453801155e-03
-3.719454689417034388e-04
3.769993083551526070e-03
3.344960045069456100e-03
2.190074184909462929e-03
-2.097330288961529732e-03
-8.712611743248999119e-04
-9.319084929302334785e-04
2.847977215424180031e-03
-7.359099108725786209e-04
-6.546561053255572915e-05
8.615145925432443619e-04
-3.757580881938338280e-03
-2.903323387727141380e-03
-2.329037524759769440e-03
-3.705716691911220551e-03
2.992965048179030418e-03
2.322389627806842327e-04
-2.460107905790209770e-03
1.016817055642604828e-03
-1.811591064324602485e-04
-2.862151013687252998e-03
2.016424899920821190e-03
2.398551208898425102e-03
2.621864899992942810e-03
1.763355568982660770e-03
3.021239768713712692e-03
2.848665462806820869e-04
3.044029464945197105e-03
-4.152223482378758490e-05
-3.525283187627792358e-03
2.825309988111257553e-03
-3.006542647199239582e-05
-3.672244725748896599e-03
2.779779722914099693e-03
-1.722429529763758183e-03
-2.851030090823769569e-03
