-2.845366485416889191e-03
2.964700397569686174e-04
-3.049317747354507446e-03
1.715029240585863590e-03
-6.172582652652636170e-05
3.854255191981792450e-03
-3.910273313522338867e-03
2.426375402137637138e-03
-3.045372723136097193e-04
-2.168741775676608086e-04
-1.775952870957553387e-03
-1.482239458709955215e-03
3.819953650236129761e-03
6.742646801285445690e-04
-3.638343419879674911e-03
9.636783506721258163e-04
-2.620014129206538200e-03
-3.583484562113881111e-03
1.367669436149299145e-03
2.641758183017373085e-03
-3.040674375370144844e-03
-5.318860057741403580e-04
1.431382697774097323e-04
3.400016110390424728e-03
1.234058523550629616e-03
2.611941425129771233e-03
2.419861732050776482e-03
-3.704131115227937698e-03
-2.539632376283407211e-03
-2.982050646096467972e-04
1.099865534342825413e-03
5.370131111703813076e-04
1.535760122351348400e-03
-2.726974198594689369e-04
-2.702678320929408073e-03
-2.626362023875117302e-03
2.216621534898877144e-03
-3.059919690713286400e-03
1.837336225435137749e-03
-3.451905911788344383e-03
2.798930741846561432e-03
1.605871482752263546e-03
2.426984487101435661e-03
3.637209767475724220e-03
3.318494418635964394e-03
4.257482651155441999e-04
2.884616842493414879e-03
1.505472580902278423e-03
-3.705336479470133781e-03
-2.114822855219244957e-03
-2.094247145578265190e-03
-3.589442931115627289e-03
-7.935189642012119293e-04
6.270176381804049015e-04
9.038946591317653656e-04
2.165301470085978508e-03
8.841764647513628006e-04
-1.505716238170862198e-03
-1.401523513777647167e-05
3.432236379012465477e-03
3.813066054135560989e-03
1.719024730846285820e-04
-1.452411175705492496e-03
2.367371693253517151e-03
-3.258848446421325207e-04
2.292885910719633102e-03
2.697795280255377293e-04
-2.904948079958558083e-03
-5.690015314030461013e-05
3.539920086041092873e-03
-1.674260944128036499e-03
-1.533458009362220764e-03
-3.873838344588875771e-03
1.116383937187492847e-03
-2.561005065217614174e-03
-1.838405267335474491e-03
3.146788105368614197e-03
-2.126458100974559784e-03
6.220981013029813766e-04
9.611464520276058465e-06
-3.640447277575731277e-03
2.197735244408249855e-03
-1.418682397343218327e-03
-1.567435101605951786e-03
-3.445174079388380051e-03
1.828107284381985664e-03
-4.185381694696843624e-04
-2.419852651655673981e-03
-2.178271824959665537e-04
1.087000477127730846e-03
-2.432246925309300423e-03
-2.511798636987805367e-03
2.678377088159322739e-03
5.635423585772514343e-04
-2.668139524757862091e-03
1.100371591746807098e-03
-3.733657998964190483e-03
-1.619706308702006936e-04
-2.612385898828506470e-03
2.769225742667913437e-03
-2.170833031414076686e-04
1.062476541846990585e-03
1.481393119320273399e-03
7.547855493612587452e-04
1.449937932193279266e-03
3.130328143015503883e-03
-3.477774560451507568e-03
2.546426141634583473e-03
-7.353600230999290943e-04
-2.138757612556219101e-03
1.251608133316040039e-03
-3.114791586995124817e-03
-1.232430688105523586e-03
-1.781407278031110764e-03
-1.672858023084700108e-03
-7.509114802815020084e-04
-1.408696640282869339e-03
-1.564479316584765911e-03
2.567898947745561600e-03
-3.165626665577292442e-03
2.736374503001570702e-03
2.176674082875251770e-03
2.717481227591633797e-03
2.726918552070856094e-03
1.984924077987670898e-03
-3.630864666774868965e-04
-6.045384798198938370e-04
3.205909626558423042e-03
7.116169854270992801e-06
2.136122668161988258e-03
-1.233349787071347237e-03
3.844571299850940704e-03
1.715924881864339113e-04
-2.897419966757297516e-03
-2.820181660354137421e-03
-3.482170403003692627e-03
4.165399004705250263e-04
1.310418243519961834e-03
6.616803002543747425e-04
-1.366579323075711727e-03
1.362403389066457748e-03
-2.402619138592854142e-04
9.089267696253955364e-04
-3.306510858237743378e-03
-1.582043594680726528e-03
-4.056575417052954435e-04
3.111193364020437002e-04
1.163538778200745583e-03
1.973680220544338226e-03
1.816212199628353119e-03
2.902923850342631340e-03
2.005175920203328133e-03
-3.378462744876742363e-03
9.757509105838835239e-04
-3.380488837137818336e-03
-1.118054846301674843e-03
-6.409902707673609257e-04
-1.980188244488090277e-04
-2.481659874320030212e-03
2.857081359252333641e-03
-3.246486186981201172e-03
1.010316409519873559e-04
-9.204713860526680946e-04
6.965569918975234032e-04
3.889003768563270569e-03
-1.602166215889155865e-03
-2.479186514392495155e-03
3.575135255232453346e-03
5.242922925390303135e-04
2.874590456485748291e-03
-3.055099863559007645e-03
-3.003505989909172058e-03
-2.513064304366707802e-03
2.616235869936645031e-04
1.307490892941132188e-04
-8.656524005346000195e-05
3.159060841426253319e-03
1.439833315089344978e-03
3.285621292889118195e-03
-2.981406636536121368e-03
-5.134964594617486000e-04
3.715732134878635406e-03
1.801105448976159096e-03
-1.132005127146840096e-03
3.157260944135487080e-04
3.248903201892971992e-03
-4.435807350091636181e-04
2.113536000251770020e-03
2.935570199042558670e-03
-2.514739520847797394e-03
3.687493735924363136e-03
2.374012488871812820e-03
-2.331909956410527229e-03
1.890213810838758945e-03
-1.342019764706492424e-03
-2.549948403611779213e-03
-2.645463915541768074e-03
-2.306461334228515625e-03
-3.957023436669260263e-04
-3.693855833262205124e-03
1.899647293612360954e-03
3.804649692028760910e-03
1.799115707399323583e-04
1.126482267864048481e-03
-2.455506240949034691e-03
-1.803613384254276752e-03
1.620428287424147129e-03
2.510366728529334068e-03
1.980445580556988716e-03
1.174669363535940647e-03
7.741561857983469963e-04
2.723262179642915726e-03
-1.439306302927434444e-03
-3.403220092877745628e-03
-3.734793572220951319e-04
6.243390962481498718e-04
2.151505323126912117e-03
1.794589566998183727e-03
3.828671760857105255e-04
3.184418193995952606e-03
5.480616819113492966e-04
2.725127153098583221e-03
2.323615131899714470e-03
3.822621423751115799e-03
-2.131259068846702576e-03
-9.811993368202820420e-05
-3.314690198749303818e-03
3.485444467514753342e-03
3.697430482134222984e-03
2.396995667368173599e-03
2.376523334532976151e-03
-2.353837946429848671e-03
-2.768784761428833008e-03
-2.777480985969305038e-03
-8.470865432173013687e-04
8.483788114972412586e-04
3.273379290476441383e-03
1.909117447212338448e-03
-2.574574900791049004e-03
3.861521370708942413e-03
-2.700216835364699364e-03
-1.768829184584319592e-03
3.206349909305572510e-03
2.049363683909177780e-03
3.904152894392609596e-03
-2.424131846055388451e-03
-2.660271711647510529e-03
3.043240576516836882e-04
6.515833083540201187e-04
-9.641637443564832211e-04
3.515478456392884254e-03
1.878463895991444588e-03
-1.932814135216176510e-03
-2.803703304380178452e-03
2.449232852086424828e-03
-2.893386641517281532e-03
