-2.397302072495222092e-03
-3.835881594568490982e-03
1.577782793901860714e-03
-3.771441988646984100e-03
1.108275260776281357e-03
-2.616659738123416901e-03
-3.127172822132706642e-03
3.833860624581575394e-03
2.346774330362677574e-03
-4.394467759993858635e-05
-3.431469900533556938e-03
1.289457664825022221e-03
-2.767956117168068886e-03
4.293907841201871634e-04
-3.545287298038601875e-03
-2.422838704660534859e-03
2.121715340763330460e-03
-2.654855372384190559e-03
-3.085064934566617012e-03
2.575305523350834846e-03
1.782130100764334202e-03
-5.543045117519795895e-04
8.767031831666827202e-04
-2.419135766103863716e-03
-2.023741602897644043e-03
-3.514956450089812279e-03
2.005719812586903572e-03
-8.735066512599587440e-05
-7.366142235696315765e-04
-3.755092388018965721e-03
-3.056550864130258560e-03
1.211508526466786861e-03
6.459424621425569057e-04
2.429272048175334930e-03
2.030677394941449165e-03
6.255996413528919220e-04
1.301311422139406204e-03
-4.626167938113212585e-04
1.305667567066848278e-03
-4.749044892378151417e-04
3.303565783426165581e-03
2.705570776015520096e-03
-1.032569212839007378e-03
-6.789170438423752785e-04
2.963291248306632042e-03
-2.626845845952630043e-03
-1.657234679441899061e-04
-5.966571043245494366e-04
2.807316370308399200e-03
-1.432957709766924381e-03
3.727763658389449120e-03
2.070904942229390144e-03
-1.833450165577232838e-03
-4.141562385484576225e-04
-2.740937983617186546e-03
1.248503103852272034e-03
-1.717859995551407337e-04
3.717028535902500153e-03
-3.877410490531474352e-04
-2.389707369729876518e-03
1.764977496350184083e-04
1.197463832795619965e-03
-1.089221099391579628e-03
-1.375777530483901501e-03
1.901998184621334076e-03
-6.924461340531706810e-04
3.696846542879939079e-03
3.311341395601630211e-03
3.279198892414569855e-03
-8.323234942508861423e-05
3.641251823864877224e-04
-1.557599636726081371e-03
-3.068039892241358757e-03
1.072253100574016571e-03
-1.614804961718618870e-03
-3.220136277377605438e-03
-1.618501264601945877e-03
2.858215302694588900e-04
-2.031846437603235245e-03
-2.233803505077958107e-03
1.025983365252614021e-03
-4.658690013457089663e-04
1.287157530896365643e-03
3.252255497500300407e-03
1.597679220139980316e-03
4.717401461675763130e-04
-1.382082467898726463e-03
-7.045400561764836311e-04
-2.229535719379782677e-03
2.011650940403342247e-03
2.912331605330109596e-03
2.457261784002184868e-03
1.114098238758742809e-03
4.066088295076042414e-04
-2.644799649715423584e-03
3.360711969435214996e-03
-9.310452151112258434e-04
1.128146890550851822e-03
-2.776798210106790066e-04
3.548206994310021400e-03
1.819842727854847908e-03
-7.741172157693654299e-05
-1.138065592385828495e-03
2.081700804410502315e-04
3.404624294489622116e-03
-3.423126414418220520e-03
2.513348590582609177e-04
-3.211731091141700745e-03
4.000384651590138674e-04
-1.772418152540922165e-03
-2.738641574978828430e-03
2.706726081669330597e-03
3.361536888405680656e-03
-4.894935409538447857e-04
2.237125154351815581e-04
2.820233348757028580e-03
-3.074362874031066895e-03
2.412312896922230721e-03
3.047955979127436876e-04
1.169648487120866776e-03
-1.783349318429827690e-03
-1.310588908381760120e-03
3.275215392932295799e-03
3.456888254731893539e-03
1.335012842901051044e-03
-1.534601033199578524e-04
3.914332774002104998e-04
2.110993955284357071e-03
-2.822438022121787071e-03
-2.615967532619833946e-03
-9.440720314159989357e-04
-3.199268598109483719e-03
-7.502766093239188194e-04
-5.083347059553489089e-05
8.655520505271852016e-04
-2.603818662464618683e-03
-2.724976046010851860e-03
2.960404148325324059e-03
-1.977251609787344933e-03
1.337673864327371120e-03
1.363836112432181835e-03
3.707229552674107254e-05
-3.467500908300280571e-03
5.317519535310566425e-04
1.181441359221935272e-03
2.392194233834743500e-03
-1.779303711373358965e-04
-2.990738488733768463e-03
-1.833769929362460971e-04
-3.201119368895888329e-03
-1.875524758361279964e-04
-3.075248328968882561e-03
3.674888750538229942e-03
3.884338075295090675e-03
5.363197997212409973e-04
-2.332901582121849060e-03
3.287385217845439911e-03
3.304409328848123550e-03
-3.200187347829341888e-03
-3.257041098549962044e-03
-2.169999061152338982e-03
-2.757156267762184143e-03
3.172777593135833740e-03
5.890253814868628979e-04
-3.050367231480777264e-04
-3.407770709600299597e-04
2.125650411471724510e-03
7.226782618090510368e-04
-1.476949895732104778e-03
-2.713802503421902657e-03
-2.235131571069359779e-03
1.178300241008400917e-03
1.237591844983398914e-03
-2.442148514091968536e-03
3.152812365442514420e-03
-3.595952177420258522e-03
1.170432427898049355e-03
-1.730809686705470085e-03
-2.158386167138814926e-03
-3.213746938854455948e-03
2.606405760161578655e-04
-6.772955530323088169e-04
-2.710068831220269203e-03
-4.002597415819764137e-04
-2.292163670063018799e-03
2.642002888023853302e-03
2.447240520268678665e-03
-3.667990677058696747e-03
-3.428451949730515480e-03
-2.140544820576906204e-03
-3.033692715689539909e-03
1.124553265981376171e-03
-1.464816741645336151e-03
3.903741482645273209e-03
-2.305680653080344200e-03
3.742091648746281862e-04
1.151778735220432281e-03
1.369373057968914509e-03
1.985072740353643894e-04
-6.062957691028714180e-04
-3.852491732686758041e-03
9.227245463989675045e-04
2.694110618904232979e-03
-2.346325200051069260e-03
2.659299178048968315e-03
-2.855415921658277512e-03
1.231156173162162304e-03
-2.459727926179766655e-03
1.806702581234276295e-03
3.257955890148878098e-03
2.396947238594293594e-03
3.900769865140318871e-03
2.603773958981037140e-03
-6.228564889170229435e-04
-2.235764404758810997e-03
-3.430397482588887215e-03
-3.166839014738798141e-03
-2.399915596470236778e-03
-3.741446649655699730e-03
2.714116359129548073e-03
-2.352614654228091240e-03
-2.765568206086754799e-03
2.861852291971445084e-03
-3.363847034052014351e-03
-3.423956688493490219e-03
1.140610766015015543e-04
-1.738685765303671360e-03
2.078283112496137619e-03
-3.222717437893152237e-03
1.157784252427518368e-03
2.828744705766439438e-03
1.120487693697214127e-03
-1.377242733724415302e-03
1.842386322095990181e-03
1.015528105199337006e-03
-2.443481935188174248e-03
2.470100007485598326e-04
3.369669720996171236e-04
-9.348915773443877697e-04
-7.996442727744579315e-04
-8.969254558905959129e-04
-5.667082950822077692e-05
-2.420279342914000154e-04
3.122943453490734100e-03
-2.212221268564462662e-03
-2.235996769741177559e-03
-1.520475605502724648e-03
1.747700851410627365e-03
-3.178543644025921822e-03
2.387472428381443024e-03
3.716099075973033905e-03
3.785466076806187630e-03
3.806315129622817039e-03
3.082403272856026888e-04
-3.821311693172901869e-04
-7.485506939701735973e-04
