-8.590348297730088234e-04
-2.239117398858070374e-03
-8.000491652637720108e-04
1.706459806882776320e-05
8.116344106383621693e-04
2.725549973547458649e-03
-2.723030629567801952e-04
3.016227623447775841e-03
-1.597176073119044304e-03
2.554814098402857780e-03
-2.958496101200580597e-03
-2.538974396884441376e-03
-3.948949961340986192e-05
6.262563401833176613e-04
5.719319451600313187e-04
2.967129228636622429e-03
-2.611250674817711115e-04
5.164682079339399934e-05
-2.204928081482648849e-03
-1.581781776621937752e-03
-2.391635440289974213e-03
-3.816323820501565933e-03
-3.671687794849276543e-03
2.246050717076286674e-04
2.129074564436450601e-04
1.767717069014906883e-03
-2.401107223704457283e-03
-3.694005776196718216e-03
-2.308966824784874916e-03
1.178065780550241470e-03
1.452013384550809860e-03
-1.605675206519663334e-04
3.551580477505922318e-03
4.570070013869553804e-04
3.878104500472545624e-03
3.718224121257662773e-03
2.536510583013296127e-04
3.299202071502804756e-03
2.361980499699711800e-03
-1.764064189046621323e-03
2.901075873523950577e-03
2.446071477606892586e-03
-1.250838278792798519e-03
3.825262188911437988e-03
-2.769044600427150726e-03
-1.201254897750914097e-03
2.148923929780721664e-03
1.392156409565359354e-04
2.137632327503524721e-05
2.564832335337996483e-03
2.607286907732486725e-03
-2.858877880498766899e-03
1.446958282031118870e-03
6.804931908845901489e-04
-1.109827775508165359e-03
-6.781751289963722229e-05
-3.519311081618070602e-03
-3.176980419084429741e-03
-2.066004090011119843e-03
-1.631438732147216797e-03
-3.156950231641530991e-03
1.449491246603429317e-03
3.882252611219882965e-03
1.141694025136530399e-03
-1.740488223731517792e-03
-2.446876605972647667e-03
-1.847044797614216805e-03
2.462629228830337524e-03
1.505018444731831551e-03
1.786189270205795765e-03
-3.449852345511317253e-03
2.308791270479559898e-03
2.315492136403918266e-03
-1.075693056918680668e-03
6.328343879431486130e-04
3.493889700621366501e-03
3.644168376922607422e-03
1.971353776752948761e-03
-3.850795794278383255e-03
1.525588799268007278e-03
-2.549808239564299583e-03
-8.883954724296927452e-04
9.685827535577118397e-04
1.536307507194578648e-03
1.003984361886978149e-04
-1.654495485126972198e-03
-1.389095908962190151e-03
3.089482663199305534e-03
-1.834476948715746403e-03
-6.923551554791629314e-04
2.506826305761933327e-03
-3.607846330851316452e-03
-1.650131889618933201e-03
7.031950517557561398e-04
-2.948355628177523613e-03
5.907259183004498482e-04
-1.034544780850410461e-03
5.638833390548825264e-04
4.128084110561758280e-04
1.298980554565787315e-03
1.332387793809175491e-03
9.961066098185256124e-05
4.103505343664437532e-04
8.997507393360137939e-04
-1.158170751295983791e-03
-3.087850054726004601e-04
-2.395581686869263649e-03
2.410805318504571915e-03
1.099094399251043797e-03
7.148457225412130356e-04
2.203333890065550804e-03
1.618871814571321011e-03
-2.946719992905855179e-03
-6.857753760414198041e-05
3.349319798871874809e-03
-6.576896994374692440e-04
5.894093774259090424e-04
8.957431418821215630e-04
2.029438735917210579e-03
-6.911322707310318947e-04
-3.790316637605428696e-03
2.060330472886562347e-03
-2.550558187067508698e-03
-1.027492689900100231e-03
3.680114168673753738e-04
-2.367964945733547211e-03
1.715295016765594482e-03
1.715754275210201740e-03
-9.038841817528009415e-04
-3.886352293193340302e-03
-6.494640838354825974e-04
1.663175062276422977e-03
2.758283633738756180e-03
-1.907991245388984680e-03
2.532222075387835503e-03
6.849944475106894970e-04
3.492972115054726601e-03
-2.747355727478861809e-03
1.451080315746366978e-03
4.235225205775350332e-04
2.576920902356505394e-03
-3.142355708405375481e-03
1.356500433757901192e-03
3.610562300309538841e-03
3.424959490075707436e-03
-1.595106325112283230e-03
3.405329072847962379e-03
-1.710511394776403904e-03
1.068309182301163673e-03
1.147900838986970484e-04
-2.955758012831211090e-03
2.873301040381193161e-03
-1.941870432347059250e-03
-5.709649121854454279e-05
-2.729824976995587349e-03
-2.209696918725967407e-03
-1.341486815363168716e-03
1.526140607893466949e-03
-3.890846390277147293e-03
-1.716388505883514881e-03
4.818431043531745672e-04
-1.524968305602669716e-03
1.498787198215723038e-03
3.213973250240087509e-03
3.700765082612633705e-03
-4.746555059682577848e-04
1.572185428813099861e-03
-2.597978571429848671e-03
1.514710602350533009e-03
2.846167190000414848e-03
3.638581256382167339e-04
-1.696924795396625996e-03
2.632071264088153839e-03
-7.275243988260626793e-04
-2.843714319169521332e-03
-2.028923481702804565e-03
-3.589400788769125938e-03
-3.059522714465856552e-03
1.634741667658090591e-03
2.639145823195576668e-03
5.236212164163589478e-04
2.933190437033772469e-03
2.502754330635070801e-03
-2.931903116405010223e-03
-1.398408930981531739e-04
3.685201518237590790e-03
-3.570999950170516968e-03
2.249613869935274124e-03
7.087988251441856846e-06
-1.352817867882549763e-03
-3.200230654329061508e-03
-5.564177990891039371e-04
-2.489052480086684227e-03
2.898739650845527649e-03
1.164803747087717056e-03
2.952803915832191706e-04
8.604209870100021362e-04
3.556777490302920341e-03
1.385277020744979382e-03
-2.555948216468095779e-03
-3.849769709631800652e-03
1.019376330077648163e-03
3.161238739266991615e-03
-2.323725027963519096e-03
-1.317808986641466618e-03
2.785074058920145035e-03
-3.881281241774559021e-03
2.461310476064682007e-03
3.529747773427516222e-04
-1.748597598634660244e-03
-3.866885788738727570e-03
-2.926065353676676750e-03
3.494702978059649467e-03
3.799075959250330925e-03
5.314031150192022324e-04
3.828562330454587936e-03
5.003197002224624157e-04
-1.218498917296528816e-03
-6.676636985503137112e-04
-2.638127887621521950e-03
-2.283384557813405991e-03
1.914034830406308174e-03
5.749544943682849407e-04
-1.183943357318639755e-03
-2.751257270574569702e-03
8.175739203579723835e-04
4.699585770140402019e-05
2.551818033680319786e-03
-2.786119235679507256e-03
-9.220493375323712826e-04
-1.355623709969222546e-03
-2.582366811111569405e-03
2.075374126434326172e-03
3.047724487259984016e-03
2.473051426932215691e-03
-1.467594411224126816e-03
2.128808060660958290e-03
-1.473297365009784698e-03
3.144741071992029902e-07
2.551552839577198029e-03
-1.073069521225988865e-03
-3.204880282282829285e-03
1.656790380366146564e-03
2.097973192576318979e-04
-1.091637415811419487e-03
-2.412029280094429851e-04
1.951402751728892326e-03
3.882352029904723167e-03
-2.316607162356376648e-03
1.486428431235253811e-03
-9.168155957013368607e-04
1.139638130553066730e-03
-1.128485775552690029e-03
2.586579415947198868e-03
1.576107577420771122e-03
1.674405648373067379e-03
