6.297664949670433998e-04
2.610738156363368034e-03
3.037264803424477577e-03
-1.348638790659606457e-03
-2.332425443455576897e-03
-3.548423061147332191e-03
-2.685303101316094398e-03
3.196474164724349976e-03
-1.777612633304670453e-04
-3.353185020387172699e-04
-3.684136783704161644e-03
-1.861865865066647530e-03
2.245636133011430502e-04
-2.240620320662856102e-03
5.219046142883598804e-04
2.369479276239871979e-03
-2.441472373902797699e-03
-6.727044819854199886e-04
-8.158217679010704160e-05
2.094783121719956398e-03
-3.189539071172475815e-03
-1.117597334086894989e-03
-2.904264722019433975e-03
1.512223388999700546e-03
-1.765439374139532447e-04
1.922129536978900433e-03
1.184731736429966986e-04
-2.374790376052260399e-03
-3.854148322716355324e-03
-1.884638797491788864e-03
3.622068092226982117e-03
-3.299258416518568993e-03
-8.780297357589006424e-04
-2.323427004739642143e-03
-3.673809114843606949e-03
-2.319453982636332512e-03
-1.155997277237474918e-03
-1.251211739145219326e-03
-3.262259066104888916e-03
-2.231570193544030190e-03
-3.375174943357706070e-03
-3.292807843536138535e-03
3.684190101921558380e-03
1.823110273107886314e-03
9.148103417828679085e-04
4.112005699425935745e-04
-2.877322258427739143e-03
3.048448124900460243e-03
-9.319772361777722836e-04
-3.581284778192639351e-03
-1.053013722412288189e-03
5.996474646963179111e-04
3.186554415151476860e-03
1.296869362704455853e-03
-2.433357527479529381e-03
-1.838678494095802307e-03
-2.406479616183787584e-04
3.549224464222788811e-03
-1.017028698697686195e-03
3.507228801026940346e-03
3.662558738142251968e-03
2.557416679337620735e-03
3.454905468970537186e-03
-2.451556967571377754e-03
1.102726208046078682e-03
-3.431279910728335381e-03
-2.964875428006052971e-03
3.541234647855162621e-03
3.489357186481356621e-03
5.714767612516880035e-04
2.430810418445616961e-04
-3.035663103219121695e-04
7.043108344078063965e-04
-1.937273540534079075e-03
-1.441073254682123661e-03
-3.869084175676107407e-03
2.048891736194491386e-03
4.492252191994339228e-04
3.192288102582097054e-03
-2.409605309367179871e-03
2.440134063363075256e-03
-5.896587390452623367e-05
-2.468279330059885979e-03
4.651477793231606483e-04
2.462679985910654068e-03
-7.471012650057673454e-04
1.659030327573418617e-03
-1.865383470430970192e-03
-3.152918070554733276e-03
-2.916702535003423691e-03
-3.119798609986901283e-03
2.885581634473055601e-04
-3.737815655767917633e-03
-1.375565538182854652e-03
3.414393169805407524e-03
-2.847560448572039604e-03
1.093121594749391079e-03
1.455709454603493214e-03
2.137976931408047676e-03
3.353012260049581528e-03
-3.327399259433150291e-03
2.104901708662509918e-03
-3.307222155854105949e-03
3.323339624330401421e-03
-1.054958556778728962e-04
-2.553201047703623772e-04
-1.208514790050685406e-03
-6.552310078404843807e-04
1.092161866836249828e-03
1.503856969065964222e-03
1.781973172910511494e-03
-2.756555797532200813e-03
-1.622103038243949413e-03
5.426401039585471153e-04
1.042433199472725391e-03
2.739090239629149437e-03
3.718632273375988007e-03
1.988995587453246117e-03
-2.306120470166206360e-03
-3.331229323521256447e-03
-3.075380111113190651e-03
5.329427658580243587e-04
-1.039964030496776104e-03
-2.549860393628478050e-03
-4.903914523310959339e-04
1.666976138949394226e-03
8.304978109663352370e-05
1.395790954120457172e-03
6.439376156777143478e-04
7.824836065992712975e-04
-2.296876395121216774e-03
-3.102701622992753983e-03
2.460288582369685173e-03
2.690411638468503952e-03
3.339832765050232410e-04
-3.022678429260849953e-04
-2.666934859007596970e-03
-1.217094482854008675e-03
3.798663616180419922e-03
-1.127544674091041088e-03
1.703639136394485831e-04
-3.480273066088557243e-03
2.092454960802569985e-04
1.000046730041503906e-03
3.789969719946384430e-03
8.605187758803367615e-04
3.632167354226112366e-04
-2.557338681071996689e-03
-1.844220096245408058e-03
2.488106489181518555e-03
-1.359192305244505405e-03
-2.930618356913328171e-03
-2.019259845837950706e-03
5.469162133522331715e-04
-1.983480295166373253e-03
3.427319694310426712e-03
-2.967144828289747238e-03
2.879445441067218781e-03
-3.729443298652768135e-03
-2.643411047756671906e-03
3.116331994533538818e-03
2.743586897850036621e-03
2.911272924393415451e-03
3.739970503374934196e-03
-4.602907865773886442e-04
-3.400349989533424377e-03
-2.669354900717735291e-03
3.660263260826468468e-03
-3.268908942118287086e-03
1.772631221683695912e-04
4.244229421601630747e-05
2.993637463077902794e-03
-7.733285892754793167e-04
-7.271807990036904812e-04
-1.149310730397701263e-03
2.986521925777196884e-03
8.201946620829403400e-04
2.910099457949399948e-03
2.652638824656605721e-03
-9.128449019044637680e-04
2.398661803454160690e-03
6.579745677299797535e-04
-3.564001061022281647e-03
-2.459470415487885475e-03
2.172615349991247058e-04
2.365821273997426033e-03
2.901664935052394867e-03
3.453844925388693810e-03
-3.715700237080454826e-03
3.052459331229329109e-03
-1.558204647153615952e-03
-3.526697168126702309e-03
1.888691913336515427e-03
-2.793136751279234886e-03
5.524753942154347897e-04
3.386872413102537394e-04
-3.283154452219605446e-03
2.680690027773380280e-03
-2.330346498638391495e-03
-3.208438400179147720e-03
1.063015428371727467e-03
-2.284656045958399773e-03
2.970872679725289345e-03
2.400713274255394936e-03
-2.437842544168233871e-03
-1.192024676129221916e-03
-1.392512349411845207e-03
-2.163597615435719490e-03
-3.308856161311268806e-03
3.825902706012129784e-03
-1.060851151123642921e-03
1.352268387563526630e-03
3.143130568787455559e-03
6.719274679198861122e-04
-3.133527701720595360e-03
1.917596906423568726e-03
-7.363929180428385735e-04
2.064829459413886070e-03
-1.044676988385617733e-03
2.608319511637091637e-03
1.126251416280865669e-03
3.573028603568673134e-03
-1.216498203575611115e-03
1.024205412250012159e-04
1.462209038436412811e-03
-4.529285070020705462e-05
-2.171049127355217934e-04
5.560925346799194813e-04
-3.584993770346045494e-03
-6.333302590064704418e-04
4.030231366414227523e-07
2.081468235701322556e-03
-3.836692776530981064e-04
-7.666493183933198452e-04
-1.170346979051828384e-03
1.224089413881301880e-03
3.179773921146988869e-03
3.874697489663958549e-03
1.125348499044775963e-03
3.764795139431953430e-03
-3.702021436765789986e-03
2.976426389068365097e-03
-5.166331538930535316e-04
2.948185428977012634e-03
3.473800607025623322e-04
-2.137257717549800873e-03
3.146421164274215698e-03
-2.660913742147386074e-04
7.359305745922029018e-04
-3.813509130850434303e-03
-2.515951637178659439e-03
-2.697764663025736809e-03
2.007889095693826675e-03
6.772179622203111649e-04
1.236666110344231129e-03
-2.894539618864655495e-03
