-1.080334186553955078e-03
2.795190783217549324e-03
-3.906623460352420807e-03
-2.873216755688190460e-03
1.210821210406720638e-03
-2.419857075437903404e-03
1.717385021038353443e-03
-8.478179806843400002e-04
2.630396920721977949e-04
-1.716335187666118145e-03
-2.074731746688485146e-03
4.378686426207423210e-04
2.780944341793656349e-03
-3.759187879040837288e-03
3.787271212786436081e-03
-3.830137662589550018e-03
-7.300680154003202915e-04
-2.654004842042922974e-03
4.312527307774871588e-04
-2.980546327307820320e-03
-3.373598679900169373e-03
1.499450536357471719e-05
-1.565171987749636173e-03
-3.755778539925813675e-03
3.306031459942460060e-03
2.944297855719923973e-03
1.818303251639008522e-03
-6.883614696562290192e-04
-1.758894883096218109e-03
-2.522753318771719933e-03
-3.514939220622181892e-03
8.286638767458498478e-04
-2.585654146969318390e-03
1.945829135365784168e-03
-3.203892381861805916e-03
-1.815521507523953915e-03
-1.585541642270982265e-03
-1.720307162031531334e-03
3.498077276162803173e-04
3.490603761747479439e-03
1.244596060132607818e-04
-3.207529895007610321e-03
-1.158896135166287422e-03
-3.239756450057029724e-03
-2.826250158250331879e-03
3.658760804682970047e-03
-2.162772289011627436e-04
-3.558205440640449524e-03
-1.342559931799769402e-03
2.734880195930600166e-03
2.398374490439891815e-03
2.059820806607604027e-03
-3.424708498641848564e-03
-9.122664923779666424e-04
3.024206962436437607e-04
-2.478662878274917603e-03
-1.189983682706952095e-03
-6.666021654382348061e-04
2.030711155384778976e-03
-1.216343836858868599e-03
2.045406494289636612e-03
3.585146740078926086e-03
-2.893203636631369591e-03
-3.140823449939489365e-03
-2.734839217737317085e-04
-3.490972099825739861e-03
-2.619764534756541252e-03
-1.183848711661994457e-03
-2.195186680182814598e-03
1.710876123979687691e-03
3.884819801896810532e-03
2.768633654341101646e-03
-1.617909059859812260e-03
-2.559994114562869072e-03
-2.309969160705804825e-03
3.174922196194529533e-03
-3.051937092095613480e-03
-3.546661231666803360e-03
-1.785010565072298050e-03
-7.540867663919925690e-04
1.221187267219647765e-04
-3.548794193193316460e-03
-1.893538865260779858e-03
-4.672457289416342974e-04
3.604773897677659988e-03
-1.412415178492665291e-03
-1.970810117200016975e-03
5.399945075623691082e-04
1.545550650916993618e-03
1.184144566650502384e-04
-3.799226367846131325e-03
-1.291768974624574184e-03
1.025843666866421700e-03
-2.895791782066226006e-03
-1.093470142222940922e-03
2.112313639372587204e-03
-3.395803971216082573e-03
-2.920980623457580805e-04
1.607275189599022269e-04
-5.913868662901222706e-04
2.908032387495040894e-03
-1.031175837852060795e-03
3.495808225125074387e-03
-3.609003499150276184e-03
8.462387486360967159e-04
2.154616231564432383e-04
1.443085842765867710e-03
3.656243497971445322e-04
-1.497059012763202190e-03
-3.225035965442657471e-03
1.472186180762946606e-03
3.721903078258037567e-03
-2.040817169472575188e-03
1.640665577724575996e-03
3.552084090188145638e-03
-4.926506662741303444e-04
3.215372795239090919e-03
-7.961597293615341187e-04
-1.761798746883869171e-03
-2.544046612456440926e-03
1.651373691856861115e-03
-3.451995318755507469e-03
-1.562016550451517105e-03
-1.303513708990067244e-04
6.391456117853522301e-04
1.077480148524045944e-03
-2.248770324513316154e-04
-1.513419323600828648e-03
2.061853883787989616e-03
-2.208212856203317642e-03
4.201432748232036829e-04
2.611646428704261780e-03
2.343411790207028389e-03
3.605633974075317383e-03
-1.855148002505302429e-03
3.825148334726691246e-03
1.178859674837440252e-04
-3.651362785603851080e-04
-4.130004672333598137e-04
-1.941409893333911896e-03
2.837342617567628622e-04
-2.942972350865602493e-03
2.187349135056138039e-03
-5.990329082123935223e-04
-1.241428311914205551e-03
-3.226547734811902046e-03
-2.301128115504980087e-03
-1.470146700739860535e-03
-2.064601052552461624e-03
8.816624758765101433e-04
-1.550232176668941975e-03
-3.554297378286719322e-03
1.842692145146429539e-03
-7.441782599926227704e-06
-7.305662147700786591e-04
-7.766473572701215744e-04
-3.490810049697756767e-03
-3.470557858236134052e-04
-3.107192693278193474e-03
-1.855899696238338947e-03
3.224567510187625885e-03
3.684266470372676849e-03
-1.003005076199769974e-03
5.733724101446568966e-04
-4.793254774995148182e-04
1.934737665578722954e-04
-7.332529057748615742e-04
-3.810659283772110939e-03
2.144138095900416374e-03
2.602491993457078934e-03
-1.703444402664899826e-03
-3.373435232788324356e-03
-1.672922167927026749e-03
-2.913414500653743744e-04
3.888325765728950500e-03
-2.649703761562705040e-03
1.700639841146767139e-03
1.889682607725262642e-03
1.859938929555937648e-04
7.751387311145663261e-04
-3.414563369005918503e-03
-3.371416823938488960e-03
2.258289838209748268e-03
-1.915674190968275070e-03
-1.717064180411398411e-03
-1.959004206582903862e-03
2.593165729194879532e-03
1.740589155815541744e-03
1.927903969772160053e-03
2.873984631150960922e-03
-1.268912572413682938e-03
2.992633031681180000e-03
-3.859117277897894382e-04
2.211346058174967766e-03
2.208168618381023407e-03
-5.114111700095236301e-04
1.089348879759199917e-04
-3.465505316853523254e-03
4.489327548071742058e-04
3.568818327039480209e-03
3.065245226025581360e-03
-1.151794218458235264e-03
3.696653991937637329e-03
-3.906989470124244690e-03
-2.086054533720016479e-03
-4.438314936123788357e-04
-1.363275456242263317e-03
1.241327554453164339e-04
1.520340796560049057e-03
9.048851206898689270e-04
3.854266367852687836e-03
-3.701851936057209969e-03
-2.012617886066436768e-03
-1.709594391286373138e-03
-9.786464506760239601e-04
1.875338028185069561e-03
3.791688941419124603e-03
1.041761599481105804e-03
-1.542130485177040100e-03
-2.741723787039518356e-03
2.775017637759447098e-03
3.530966816470026970e-03
-6.870499346405267715e-04
2.542833797633647919e-03
3.055828157812356949e-03
-2.614121651276946068e-03
1.447276794351637363e-03
3.476462094113230705e-03
3.450100310146808624e-03
2.570479409769177437e-03
3.397139953449368477e-04
9.666120167821645737e-04
1.694867620244622231e-03
6.389450863935053349e-04
-7.683021249249577522e-04
-4.227946046739816666e-04
-1.241766614839434624e-03
-3.421259112656116486e-03
2.317453967407345772e-03
-2.248934935778379440e-03
2.709507709369063377e-03
2.819793066009879112e-03
-3.315535839647054672e-03
-3.173639532178640366e-03
2.182617783546447754e-03
5.989185883663594723e-04
-1.543044229038059711e-03
-2.891446929425001144e-04
1.054308027960360050e-03
2.590558724477887154e-03
-3.844293998554348946e-03
-3.310937434434890747e-03
-3.164954716339707375e-03
1.968145807040855289e-04
-3.370616817846894264e-03
-8.421887177973985672e-04
