-2.803748007863759995e-03
-2.744975266978144646e-03
3.076200664509087801e-04
9.733676561154425144e-04
-3.211342962458729744e-03
3.484527580440044403e-03
-1.265262253582477570e-03
2.096214331686496735e-03
1.656748121604323387e-03
-1.315355300903320312e-03
-3.396086161956191063e-03
-9.334332426078617573e-04
-8.740383782424032688e-04
-2.018951112404465675e-03
-1.008970080874860287e-03
-2.925253240391612053e-03
-2.963094972074031830e-03
2.254976890981197357e-03
-2.164152450859546661e-03
-5.967764300294220448e-04
3.357182024046778679e-03
-2.702254336327314377e-03
-1.846392056904733181e-03
-3.192004980519413948e-03
-3.328191349282860756e-03
3.765927394852042198e-03
-1.618329784832894802e-03
-2.473176456987857819e-03
-1.973123289644718170e-03
1.305229496210813522e-03
-3.314776113256812096e-03
-1.279837219044566154e-03
1.991401426494121552e-03
1.095145475119352341e-03
-1.071518636308610439e-03
-1.279772259294986725e-03
-2.260279841721057892e-03
3.603077260777354240e-03
-1.969397300854325294e-03
-1.864531659521162510e-03
2.831659745424985886e-03
2.393492264673113823e-03
-8.203263860195875168e-05
-3.622061340138316154e-03
-3.683612681925296783e-03
-6.449219654314219952e-04
1.311876578256487846e-03
-3.713462268933653831e-03
3.753282129764556885e-03
-3.515914082527160645e-03
6.936765857972204685e-04
-1.061601098626852036e-03
-3.111123340204358101e-03
-3.899369155988097191e-03
6.453450769186019897e-04
-3.339861519634723663e-03
1.776251359842717648e-03
-2.301901578903198242e-03
6.511769024655222893e-04
2.142644021660089493e-03
2.798325382173061371e-03
-1.028484693961217999e-04
-3.138520522043108940e-03
1.454884768463671207e-03
1.169064198620617390e-03
-1.757593359798192978e-03
-1.657561399042606354e-03
1.693404978141188622e-03
1.911513507366180420e-03
-3.206617431715130806e-03
2.669930458068847656e-03
-3.433445002883672714e-03
-3.172036260366439819e-03
2.018264727666974068e-03
1.950686099007725716e-03
-3.815593896433711052e-03
3.879774129018187523e-03
3.146992530673742294e-03
9.699355723569169641e-05
2.192484913393855095e-03
-9.346616570837795734e-04
-3.657188033685088158e-03
1.387496362440288067e-03
1.362023031106218696e-04
-3.078355919569730759e-03
-2.954595955088734627e-03
1.986945513635873795e-03
2.304823836311697960e-03
-4.980452358722686768e-04
-2.323540626093745232e-03
3.511129645630717278e-03
1.396802719682455063e-03
-3.374239429831504822e-03
1.970191951841115952e-03
-8.200145093724131584e-04
-6.312694167718291283e-04
2.260221401229500771e-03
1.411340781487524509e-03
-3.192546078935265541e-03
3.448428353294730186e-03
-2.067026216536760330e-03
1.406706171110272408e-03
3.862648503854870796e-03
-1.271610730327665806e-03
-3.001226810738444328e-03
-1.899938564747571945e-03
-2.795305568724870682e-03
-2.988682594150304794e-03
2.564572030678391457e-03
3.762715030461549759e-03
3.472506301477551460e-03
1.837644726037979126e-03
2.706524915993213654e-03
1.814308227039873600e-03
1.943361014127731323e-03
-8.349588024429976940e-04
3.132147947326302528e-03
3.593604080379009247e-03
-2.570036333054304123e-03
3.538163146004080772e-03
7.346064667217433453e-04
-2.983931219205260277e-03
1.850343192927539349e-03
3.190833376720547676e-03
2.098088152706623077e-03
-3.292625071480870247e-03
8.613449754193425179e-04
-3.388899145647883415e-03
-6.079981685616075993e-04
3.133874153718352318e-03
-1.152411918155848980e-03
1.375233754515647888e-03
3.560815239325165749e-03
2.944321604445576668e-03
-3.705868264660239220e-03
1.995916943997144699e-03
-2.858214778825640678e-03
3.019914496690034866e-03
-2.808825345709919930e-03
2.080421429127454758e-03
3.104972653090953827e-03
3.220373764634132385e-04
-3.650102065876126289e-03
-3.019482595846056938e-03
3.553552553057670593e-03
-9.623511868994683027e-05
-2.619436709210276604e-03
-3.534742398187518120e-03
-3.846541512757539749e-03
2.665181411430239677e-03
1.227591536007821560e-03
2.979385433718562126e-03
-3.090427024289965630e-03
3.186706919223070145e-03
1.870643813163042068e-03
-2.816712716594338417e-03
-1.230588648468255997e-03
3.101876936852931976e-04
3.759102895855903625e-03
2.985128434374928474e-03
2.088107867166399956e-03
2.510387217625975609e-03
1.307658676523715258e-04
1.845085644163191319e-03
1.112538971938192844e-03
-1.633404986932873726e-03
-1.661163754761219025e-03
-3.724572481587529182e-03
1.649913261644542217e-03
-3.220296232029795647e-03
3.106576623395085335e-03
9.827910689637064934e-04
-2.868558745831251144e-03
-1.745880581438541412e-03
5.967246252112090588e-04
2.899264916777610779e-03
7.304836180992424488e-04
1.562386052682995796e-03
2.683264901861548424e-03
3.295637201517820358e-03
5.223381449468433857e-04
2.678440359886735678e-04
-3.690451616421341896e-03
-3.301746677607297897e-03
3.632423700764775276e-03
-2.066452987492084503e-03
2.571436576545238495e-03
1.110309734940528870e-03
-2.186087192967534065e-03
-6.420084391720592976e-04
2.583216875791549683e-03
-2.669465262442827225e-03
3.121650544926524162e-03
-3.356289351359009743e-03
1.717831357382237911e-03
2.895721467211842537e-03
-2.655860967934131622e-03
1.871992019005119801e-03
1.626737066544592381e-03
-3.644992597401142120e-03
3.576578106731176376e-03
-1.866087550297379494e-03
2.174980239942669868e-03
-2.134515816578641534e-04
6.280041998252272606e-04
-9.208789560943841934e-04
-3.242642385885119438e-03
-2.752682892605662346e-03
2.972688525915145874e-03
-2.897388767451047897e-03
1.156877609901130199e-03
-7.757855346426367760e-04
-3.372330917045474052e-03
-2.223803894594311714e-03
-1.606020610779523849e-03
-2.844417700543999672e-03
-1.168655348010361195e-03
8.155371760949492455e-04
1.674700644798576832e-03
-2.181273652240633965e-03
2.042185980826616287e-03
3.030503168702125549e-03
5.282968631945550442e-04
9.192822617478668690e-04
2.502491697669029236e-03
2.039789687842130661e-03
2.441653748974204063e-03
3.312654327601194382e-03
2.100582700222730637e-03
-2.361054997891187668e-03
-3.561526769772171974e-03
-3.043574979528784752e-03
-2.239833585917949677e-03
2.320964122191071510e-03
1.710537937469780445e-03
-3.276449162513017654e-03
-1.997413812205195427e-03
4.696836112998425961e-04
3.208007430657744408e-03
-1.849218737334012985e-03
3.594791051000356674e-04
-3.021588549017906189e-03
1.847151550464332104e-03
2.748708240687847137e-03
2.795126521959900856e-03
5.636967835016548634e-04
2.254271181300282478e-03
3.459661034867167473e-03
-3.794602816924452782e-03
1.988975098356604576e-03
2.759778639301657677e-03
5.983014125376939774e-04
1.310193445533514023e-03
3.081680973991751671e-03
-1.635335269384086132e-03
8.828936261124908924e-04
