-2.672568429261445999e-03
1.240201992914080620e-03
-3.161553060635924339e-03
2.467095153406262398e-03
2.010665833950042725e-03
-2.466470468789339066e-03
-3.868964267894625664e-03
3.486508212517946959e-04
-1.898854388855397701e-03
8.629472577013075352e-04
-5.647431316901929677e-05
1.798221725039184093e-03
-3.583288518711924553e-03
-2.698658790905028582e-04
7.674004882574081421e-05
3.044677432626485825e-03
8.103361469693481922e-04
-3.493536496534943581e-03
4.104185209143906832e-04
2.299647778272628784e-03
3.776655532419681549e-03
2.364192390814423561e-03
1.886004349216818810e-03
3.245302475988864899e-03
-4.334631084930151701e-04
2.226396696642041206e-03
3.008034545928239822e-03
2.886183210648596287e-04
2.119464334100484848e-03
-3.266146173700690269e-03
-4.504778189584612846e-04
-3.347665071487426758e-03
8.106459281407296658e-04
-1.659236731939017773e-03
2.096942625939846039e-03
-2.011982258409261703e-03
-2.440419979393482208e-03
-3.361939452588558197e-03
2.943910425528883934e-03
-1.140490057878196239e-03
2.469927305355668068e-03
3.800404665526002645e-04
-3.040926996618509293e-03
3.278884571045637131e-03
-2.288695832248777151e-04
6.491735693998634815e-04
2.804147545248270035e-03
7.014472794253379107e-05
5.029054009355604649e-04
3.763109911233186722e-03
3.819511912297457457e-04
2.332592848688364029e-03
3.896804759278893471e-03
1.220403355546295643e-03
-2.898991806432604790e-03
-9.632096043787896633e-04
-2.425328362733125687e-03
-1.371358986943960190e-03
3.903514472767710686e-03
8.923385175876319408e-04
-8.233686094172298908e-04
3.361525014042854309e-03
5.950013292022049427e-04
-3.723321715369820595e-04
3.096272936090826988e-03
-1.013793633319437504e-03
-1.040712086251005530e-04
-3.249599598348140717e-03
6.891916564200073481e-05
-3.479561069980263710e-03
3.562879050150513649e-03
-1.900253351777791977e-03
-2.867140807211399078e-03
3.568629268556833267e-03
1.671443227678537369e-03
2.007155911996960640e-03
-3.788651200011372566e-03
-2.552434336394071579e-03
-3.428043331950902939e-03
-2.262286841869354248e-03
3.602462122216820717e-03
-2.910113660618662834e-03
3.347092308104038239e-03
2.582705346867442131e-03
-2.693110145628452301e-03
-1.522951526567339897e-03
2.834953600540757179e-03
-5.383189418353140354e-04
-3.384711453691124916e-03
6.920807645656168461e-04
2.140639815479516983e-03
3.695564577355980873e-03
2.070427872240543365e-03
3.079639049246907234e-03
6.959139136597514153e-04
3.143073990941047668e-04
-2.427968429401516914e-03
2.285092370584607124e-03
7.646355079486966133e-04
-3.789083566516637802e-03
-1.816917676478624344e-03
1.378790708258748055e-03
-4.495516477618366480e-04
-3.589958185330033302e-03
7.456632447429001331e-04
-3.566489787772297859e-03
1.271256362088024616e-03
-2.208737889304757118e-03
1.309301471337676048e-03
1.001261873170733452e-03
3.772803116589784622e-03
-8.886949508450925350e-04
-2.572127850726246834e-03
-3.484514541923999786e-03
3.639867529273033142e-03
2.534800907596945763e-03
-3.214666154235601425e-03
-7.556565687991678715e-04
-2.683747326955199242e-03
-6.851765210740268230e-04
1.953453058376908302e-03
-1.791154383681714535e-03
-1.636960310861468315e-03
-2.130631124600768089e-03
2.807789715006947517e-03
-3.346952871652320027e-05
1.145334797911345959e-03
-3.020900767296552658e-03
-3.350429004058241844e-03
-2.178943715989589691e-03
2.377448836341500282e-03
-1.872594933956861496e-03
-1.330381957814097404e-03
-1.602355274371802807e-03
-2.068314235657453537e-03
3.079163376241922379e-03
-9.178936015814542770e-04
3.377940505743026733e-03
-1.630040234886109829e-03
3.011952154338359833e-03
1.613796455785632133e-03
-2.192388987168669701e-03
6.196440663188695908e-04
-1.527621061541140079e-03
3.144493559375405312e-03
3.615331603214144707e-03
-3.641144838184118271e-03
-2.408296335488557816e-03
-8.421743987128138542e-04
2.280134707689285278e-03
-1.537298085168004036e-03
-8.951475028879940510e-04
1.100993948057293892e-03
3.638139693066477776e-03
1.872099004685878754e-03
-1.591436914168298244e-03
-2.749526174739003181e-03
2.300956286489963531e-03
-1.006381353363394737e-03
3.604720113798975945e-03
9.296664502471685410e-04
2.611814532428979874e-03
3.277762793004512787e-03
3.381679067388176918e-03
3.003237070515751839e-03
2.811007900163531303e-03
-3.770660841837525368e-03
3.610669169574975967e-03
-1.671767211519181728e-03
-3.441137960180640221e-05
3.092253813520073891e-03
-1.362711540423333645e-03
-6.131152622401714325e-04
-8.206202764995396137e-04
1.257059746421873569e-03
-7.932407897897064686e-04
1.773630734533071518e-03
1.574009656906127930e-03
2.058303682133555412e-03
1.644746633246541023e-03
1.230543595738708973e-03
-1.016783426166512072e-04
-1.455843565054237843e-03
-5.859385710209608078e-04
-2.864714479073882103e-03
-2.551783574745059013e-03
-2.455802168697118759e-03
-9.895064868032932281e-04
-3.544699866324663162e-03
1.140016829594969749e-03
-7.539814687334001064e-04
2.812173916026949883e-03
-1.509400433860719204e-03
-3.563435166142880917e-04
1.926051336340606213e-03
-3.498380770906805992e-03
2.463875338435173035e-03
2.507056109607219696e-03
4.005444498034194112e-05
-8.320485940203070641e-04
2.801471855491399765e-03
1.983022375497967005e-04
2.386420266702771187e-03
-3.711621277034282684e-03
-2.953545423224568367e-03
-7.899510092101991177e-04
-3.319494193419814110e-03
2.787392120808362961e-03
-9.415343520231544971e-04
-3.180309795425273478e-05
2.985947998240590096e-03
2.933119423687458038e-03
1.632187399081885815e-03
-2.963248407468199730e-04
3.441701177507638931e-03
-3.432094119489192963e-03
3.857501549646258354e-03
2.339483005926012993e-03
-3.215048229321837425e-03
2.238618209958076477e-03
-2.859246742445975542e-04
-1.651696511544287205e-03
-7.931854925118386745e-04
-2.313330071046948433e-03
-2.523738658055663109e-03
1.636431901715695858e-03
3.380934707820415497e-03
-1.020519295707345009e-03
-3.468905808404088020e-03
1.165166264399886131e-03
2.720071468502283096e-03
1.613613101653754711e-03
1.849626773037016392e-03
3.561839461326599121e-03
1.310878433287143707e-03
-7.525523542426526546e-04
-3.777455771341919899e-03
-3.758170874789357185e-03
-3.717121202498674393e-03
-3.200511448085308075e-03
-3.254081355407834053e-03
-2.493449021130800247e-03
-3.387104719877243042e-03
2.696645213291049004e-03
1.887342310510575771e-03
2.099529840052127838e-03
2.158642746508121490e-05
1.495111966505646706e-03
2.552662510424852371e-03
1.214171294122934341e-03
2.312062308192253113e-03
2.363767242059111595e-03
-1.911981846205890179e-03
2.377820201218128204e-03
2.161197364330291748e-03
-1.642375369556248188e-03
