-2.783594420179724693e-03
-1.183372572995722294e-03
3.318503964692354202e-03
1.222123508341610432e-03
-3.809122135862708092e-03
3.355690860189497471e-04
2.085984451696276665e-03
-2.137516858056187630e-03
-3.356826258823275566e-03
-3.480776213109493256e-03
-3.804587060585618019e-03
-2.236499451100826263e-03
1.103913877159357071e-03
1.218844787217676640e-03
8.856493514031171799e-04
-3.164157038554549217e-03
-8.151070796884596348e-04
-2.200814662501215935e-03
6.164658116176724434e-04
1.000990625470876694e-03
1.617319765500724316e-03
-3.476427635177969933e-03
-6.256363703869283199e-04
-2.840662607923150063e-03
-2.980985678732395172e-03
3.582330187782645226e-03
1.001849886961281300e-05
1.137468731030821800e-03
-3.502892795950174332e-03
2.377957571297883987e-03
-3.342922136653214693e-04
-2.281130524352192879e-03
-3.678759559988975525e-03
-1.951592421391978860e-04
2.883990528061985970e-03
3.398854518309235573e-03
-2.545486902818083763e-03
-8.714318391866981983e-04
3.856630297377705574e-03
4.537570348475128412e-04
9.086836944334208965e-04
-3.279229858890175819e-03
-6.065435009077191353e-04
2.783380914479494095e-03
1.768944435752928257e-03
-1.233402290381491184e-03
3.418523818254470825e-03
-2.871840028092265129e-03
3.111040219664573669e-03
-2.767644589766860008e-03
6.978170131333172321e-04
1.542013837024569511e-03
-1.024636323563754559e-03
-3.825075458735227585e-03
7.447339012287557125e-04
3.096665255725383759e-03
6.123020284576341510e-05
-2.869009738788008690e-03
1.132936216890811920e-03
5.763444933108985424e-04
9.191749850288033485e-04
7.320794975385069847e-04
2.822772366926074028e-03
-3.023009747266769409e-03
-1.590890693478286266e-03
-1.431784708984196186e-03
-7.035327726043760777e-04
-6.102435290813446045e-04
2.168640494346618652e-03
-2.248747041448950768e-03
-1.478531630709767342e-04
2.426278777420520782e-03
-3.387698438018560410e-03
1.617954927496612072e-03
-2.170198829844594002e-03
7.032197318039834499e-04
4.135216586291790009e-04
-1.902510994113981724e-03
-9.271400631405413151e-05
7.525729015469551086e-04
2.758692135103046894e-04
8.761573117226362228e-04
-3.676775842905044556e-03
-3.061188326682895422e-04
2.378472592681646347e-03
-1.796396099962294102e-03
-3.662168281152844429e-03
1.036062487401068211e-03
2.427786588668823242e-03
-2.408943604677915573e-03
-1.493441639468073845e-03
1.283854478970170021e-03
-1.248201355338096619e-03
-3.787880763411521912e-03
-3.611295484006404877e-03
3.677176311612129211e-03
-3.263701917603611946e-03
2.516226377338171005e-03
7.830833783373236656e-04
-2.639557467773556709e-03
3.846225561574101448e-03
-3.203803207725286484e-03
-3.331028390675783157e-03
-2.325126901268959045e-03
2.052079187706112862e-03
2.860363572835922241e-03
2.202440286055207253e-03
3.200274659320712090e-05
3.264976432546973228e-03
-6.402868893928825855e-04
2.325743436813354492e-03
9.439656423637643456e-05
2.851437544450163841e-03
2.174822380766272545e-03
-3.733647754415869713e-03
2.486469224095344543e-03
1.482502208091318607e-03
1.430531498044729233e-03
-3.440288826823234558e-03
3.608699189499020576e-04
2.628910820931196213e-03
3.686596639454364777e-03
-3.596539143472909927e-03
-6.817068206146359444e-04
-1.135378028266131878e-03
-1.132911565946415067e-04
-2.010657684877514839e-03
1.157249207608401775e-03
2.663942053914070129e-03
-4.182228003628551960e-04
2.930764108896255493e-03
2.651825547218322754e-03
2.748814877122640610e-03
-2.584920264780521393e-03
5.658132722601294518e-04
3.550887049641460180e-04
-3.789024660363793373e-03
2.273284597322344780e-03
5.816717748530209064e-04
-2.761260140687227249e-03
6.089049929869361222e-05
-3.250673471484333277e-04
2.803122857585549355e-03
3.821392543613910675e-03
-8.139152196235954762e-04
-1.936763292178511620e-03
-2.468602731823921204e-03
1.868637627921998501e-03
3.760700346902012825e-03
-3.415766870602965355e-03
-4.866486706305295229e-04
2.311250427737832069e-03
2.387678017839789391e-03
2.691927133128046989e-03
-1.612463383935391903e-03
2.667645690962672234e-03
3.839369164779782295e-03
-5.860005039721727371e-04
1.199217862449586391e-03
3.190453164279460907e-03
-2.328871749341487885e-03
2.639397745952010155e-03
-3.536875592544674873e-03
1.250845089089125395e-04
-3.199434140697121620e-03
4.646132292691618204e-04
-5.142678855918347836e-04
1.783015759428963065e-04
-2.537074964493513107e-03
-7.682222058065235615e-04
-2.519491594284772873e-03
3.158973297104239464e-03
-1.719617634080350399e-03
-2.745707985013723373e-03
2.973935334011912346e-03
2.658384619280695915e-03
-1.356664812192320824e-03
-3.535930532962083817e-03
-1.002052566036581993e-03
-2.609809860587120056e-03
3.838531905785202980e-03
1.884991186670958996e-03
-1.701515167951583862e-03
-2.178750233724713326e-03
3.635023720562458038e-03
-2.303855959326028824e-03
1.285430742427706718e-03
2.315262099727988243e-03
2.350850729271769524e-03
3.656325163319706917e-03
-3.360607195645570755e-03
-3.559699049219489098e-03
-1.042192219756543636e-03
-3.207998117431998253e-03
-2.947712317109107971e-03
-2.031455282121896744e-03
-3.238438861444592476e-03
1.377046341076493263e-03
2.493190811946988106e-03
-3.690310521051287651e-03
-6.723717524437233806e-05
-9.080398012883961201e-04
-3.573255089577287436e-04
1.564179663546383381e-03
2.666167449206113815e-03
1.880674739368259907e-03
-3.705001669004559517e-03
-2.371906448388472199e-04
1.851811772212386131e-03
-5.576048279181122780e-04
2.568249823525547981e-03
2.761064679361879826e-04
1.471529016271233559e-03
-2.933610463514924049e-03
2.605215180665254593e-03
2.216719556599855423e-03
2.745823469012975693e-03
-2.450573723763227463e-03
-1.686992472968995571e-03
2.499171998351812363e-03
8.464081329293549061e-04
-7.796981371939182281e-04
1.673378166742622852e-03
-2.154952147975564003e-03
-3.498208709061145782e-03
2.923304215073585510e-03
-1.570150605402886868e-03
-2.340029692277312279e-03
-2.061033854261040688e-03
2.155726309865713120e-03
-2.078180899843573570e-03
-3.516534110531210899e-03
-8.742048521526157856e-04
3.467629896476864815e-03
-2.231896156445145607e-03
6.778126698918640614e-04
-2.698546042665839195e-03
-3.453829791396856308e-03
3.359687281772494316e-03
9.512939723208546638e-04
2.946961438283324242e-03
2.240227069705724716e-03
-5.215373821556568146e-04
6.414805829990655184e-05
-7.768333889544010162e-04
-2.211398677900433540e-03
3.867404302582144737e-03
-3.013358451426029205e-03
4.599357489496469498e-04
-2.109958295477554202e-04
3.849041881039738655e-03
2.220063470304012299e-03
-3.246539970859885216e-03
1.321491668932139874e-03
1.401568879373371601e-04
3.189689014106988907e-03
