-8.149395580403506756e-05
1.146428752690553665e-03
-1.308245467953383923e-03
1.382409100187942386e-04
5.138710839673876762e-04
-9.182640351355075836e-04
3.062341129407286644e-03
-4.464811354409903288e-04
1.786398468539118767e-03
-3.124765818938612938e-03
-3.526746761053800583e-03
-5.129842902533710003e-04
-1.818061224184930325e-03
7.374594570137560368e-04
3.581240307539701462e-03
-1.290426007471978664e-03
-2.651290735229849815e-03
1.951581798493862152e-03
-3.020071890205144882e-03
-1.301514916121959686e-03
2.395507181063294411e-03
-2.889000112190842628e-03
-6.904677720740437508e-04
-6.413895753212273121e-04
-2.139911288395524025e-03
3.533414797857403755e-03
-4.966243286617100239e-04
3.279892262071371078e-03
-1.096502877771854401e-03
-3.300314769148826599e-03
-2.547347219660878181e-03
-1.844877260737121105e-03
-2.264147391542792320e-03
1.231562229804694653e-03
-3.758433274924755096e-03
-3.891468979418277740e-03
2.428560284897685051e-03
-2.780359936878085136e-04
1.086844014935195446e-03
-5.251636612229049206e-04
-2.863676054403185844e-03
3.645240794867277145e-03
-1.898048329167068005e-03
-3.521232400089502335e-03
-3.078224544879049063e-04
1.896019093692302704e-03
-3.486636793240904808e-03
5.699797184206545353e-04
1.540483208373188972e-03
2.398038341198116541e-04
7.683789008297026157e-04
-2.852578647434711456e-03
-1.892327214591205120e-03
2.764671808108687401e-03
-8.439587545581161976e-04
-2.099173143506050110e-03
-1.104773138649761677e-03
6.506878416985273361e-04
1.330842846073210239e-03
2.629599533975124359e-03
3.396566025912761688e-03
-3.130375407636165619e-03
6.849539349786937237e-04
-2.519758418202400208e-03
-7.042294600978493690e-04
1.433445024304091930e-03
1.591021427884697914e-03
-2.770286984741687775e-03
-1.032954314723610878e-03
-7.832236588001251221e-04
-3.295558504760265350e-03
-3.014191053807735443e-03
3.852154361084103584e-03
-2.142956480383872986e-03
-3.269474720582365990e-03
2.531827660277485847e-03
-1.366287819109857082e-03
-3.991019329987466335e-04
-1.596022513695061207e-03
1.150974887423217297e-03
-2.084084320813417435e-03
-5.293621798045933247e-04
-3.185362555086612701e-03
2.439399715512990952e-03
-3.117423737421631813e-03
-4.898598417639732361e-04
1.087504671886563301e-03
1.154426252469420433e-03
9.472967358306050301e-04
-3.851321060210466385e-03
-2.413814421743154526e-03
-3.159097628667950630e-03
3.203984349966049194e-03
8.278849418275058270e-04
1.027453225106000900e-03
-1.245261752046644688e-03
1.125400420278310776e-03
-1.115655759349465370e-03
3.397486871108412743e-03
2.399458549916744232e-03
1.363265560939908028e-03
1.154774567112326622e-03
1.472616917453706264e-03
-1.558518270030617714e-03
2.677541924640536308e-03
8.095026714727282524e-04
7.345727062784135342e-04
1.844266778789460659e-03
6.655897013843059540e-04
-2.625672612339258194e-03
2.118750475347042084e-03
5.413035396486520767e-04
7.972732419148087502e-04
-2.840170403942465782e-03
-1.895675901323556900e-03
3.249262925237417221e-03
-2.289389958605170250e-03
-2.349440241232514381e-03
-2.574295038357377052e-03
-1.040635281242430210e-03
-1.144133391790091991e-03
-5.339676863513886929e-04
1.265148632228374481e-03
-5.755729507654905319e-04
-6.207429687492549419e-04
2.890650182962417603e-03
3.650462022051215172e-03
-1.915498171001672745e-03
1.655989035498350859e-04
-1.331810490228235722e-03
3.025770187377929688e-03
3.057658905163407326e-03
3.644210752099752426e-03
1.254984992556273937e-03
-2.816915744915604591e-03
4.872352001257240772e-04
6.962190964259207249e-04
1.003867364488542080e-03
-7.115191547200083733e-04
2.669920446351170540e-03
2.498617861419916153e-03
-2.734131878241896629e-03
1.402603695169091225e-03
-6.103401537984609604e-04
-3.429434727877378464e-03
2.554669044911861420e-03
1.282500801607966423e-03
1.432406366802752018e-03
1.834240858443081379e-03
-1.299669267609715462e-03
-1.516301999799907207e-03
2.260636538267135620e-03
-1.174411081592552364e-04
1.831205561757087708e-03
-3.512538736686110497e-03
3.773306729272007942e-03
-2.777621266432106495e-04
-1.607110258191823959e-03
1.111002755351364613e-03
-2.893616212531924248e-03
-2.370733302086591721e-03
1.247330335900187492e-03
2.875725738704204559e-03
-3.454881487414240837e-03
-3.231693990528583527e-03
-2.096073934808373451e-03
2.577515784651041031e-03
7.952722808113321662e-05
-1.099451328627765179e-03
1.226185006089508533e-03
1.306995400227606297e-03
3.622911171987652779e-03
2.108875196427106857e-03
-5.191230447962880135e-04
-1.787900575436651707e-03
-3.143268404528498650e-04
1.829108572565019131e-03
1.480553881265223026e-03
-1.103165210224688053e-03
-3.303468227386474609e-03
1.286828308366239071e-03
3.779589664191007614e-03
-5.657213623635470867e-04
-2.503335243090987206e-03
9.045929764397442341e-04
-3.606516402214765549e-03
-2.678876509889960289e-03
2.012724988162517548e-03
2.077393932268023491e-03
1.336763845756649971e-03
-3.351772902533411980e-03
-2.810655278153717518e-04
2.779554051812738180e-04
2.166389953345060349e-03
6.856090622022747993e-04
-1.631929888390004635e-03
-3.138524014502763748e-03
1.435262616723775864e-03
3.673708764836192131e-03
9.691587911220267415e-05
1.168247836176306009e-04
-8.165703620761632919e-04
-9.896766860038042068e-04
-2.860578009858727455e-03
1.448926515877246857e-03
-2.409634878858923912e-03
-2.393218921497464180e-03
3.145164111629128456e-03
5.068201571702957153e-04
-3.651892300695180893e-03
-2.312707481905817986e-03
2.165552228689193726e-03
3.693788545206189156e-03
-1.367731965729035437e-05
1.048904843628406525e-03
-7.879445329308509827e-04
3.843978280201554298e-03
3.717274637892842293e-03
9.316885261796414852e-04
-2.081770449876785278e-03
-1.854564761742949486e-03
-2.659160178154706955e-03
-2.680096775293350220e-03
1.558926654979586601e-03
-3.026971360668540001e-03
-8.915464277379214764e-04
-3.848447464406490326e-03
-2.137920353561639786e-03
-6.925634224899113178e-04
-3.455718397162854671e-04
2.710027154535055161e-03
-1.306646736338734627e-03
-3.822689875960350037e-03
3.281470388174057007e-03
1.077915425412356853e-03
3.903330070897936821e-03
3.043866250663995743e-03
1.049478305503726006e-04
3.437057835981249809e-03
3.781874664127826691e-03
-2.333979122340679169e-03
1.451763091608881950e-03
3.281497163698077202e-03
-2.517494373023509979e-03
3.064204240217804909e-03
-5.147937336005270481e-04
-9.970591636374592781e-04
1.187803689390420914e-03
-3.318177070468664169e-03
2.150209329556673765e-04
2.733523491770029068e-03
-3.786365734413266182e-03
3.516040742397308350e-03
2.773621119558811188e-03
2.416145987808704376e-03
1.195236691273748875e-03
