6.451390217989683151e-04
-5.472914199344813824e-05
1.935201231390237808e-03
-2.111985580995678902e-03
-1.629036618396639824e-03
-3.683286195155233145e-04
1.492860494181513786e-03
-2.568511525169014931e-03
3.067425685003399849e-03
-1.209869515150785446e-03
2.246130257844924927e-03
1.117224805057048798e-03
2.669776789844036102e-03
-1.744152745231986046e-03
-1.255488023161888123e-03
1.193585339933633804e-03
-1.077710650861263275e-03
2.325150882825255394e-03
-2.327581401914358139e-03
1.012128777801990509e-03
-2.823934773914515972e-04
-2.449558523949235678e-04
9.926605271175503731e-04
-8.520806441083550453e-04
-1.665918738581240177e-03
-3.337900619953870773e-03
9.719684603624045849e-04
2.078160410746932030e-03
-2.287960844114422798e-03
3.565674182027578354e-03
1.573534216731786728e-03
-2.017858671024441719e-03
-5.211005336605012417e-04
1.538848388008773327e-03
-2.736462978646159172e-03
8.090350311249494553e-04
2.152481814846396446e-03
2.440662821754813194e-03
2.122453646734356880e-03
1.432160148397088051e-03
-1.081907888874411583e-03
-2.375415526330471039e-03
3.193131880834698677e-03
-2.853412413969635963e-03
-6.371719646267592907e-04
-1.273853355087339878e-03
2.531708916649222374e-03
-2.457380993291735649e-03
1.333220745436847210e-03
7.982448441907763481e-04
-1.591520966030657291e-03
-3.222908591851592064e-03
-3.144312417134642601e-03
1.371631398797035217e-03
-3.730512922629714012e-03
2.227735472843050957e-03
-1.136605744250118732e-03
-3.585809143260121346e-03
-2.007034141570329666e-03
3.023043507710099220e-03
-6.800825358368456364e-04
2.509003737941384315e-03
-3.630989231169223785e-03
-3.585049649700522423e-03
-2.037347760051488876e-03
3.707364376168698072e-04
-2.800334710627794266e-03
-3.684693714603781700e-03
-3.476285841315984726e-03
-1.788119261618703604e-04
2.891795011237263680e-03
-3.278525313362479210e-03
-2.093478338792920113e-03
5.919208633713424206e-04
1.293417648412287235e-03
-3.300647716969251633e-03
3.073186147958040237e-03
-3.212229348719120026e-03
1.846651663072407246e-03
3.675206098705530167e-03
2.204332733526825905e-03
2.417787676677107811e-03
3.213835414499044418e-03
1.346766017377376556e-03
-2.788207959383726120e-03
2.247453201562166214e-03
-3.246634034439921379e-03
-2.236677100881934166e-03
2.296995138749480247e-03
-3.102418500930070877e-03
-2.298330422490835190e-03
-1.393043086864054203e-03
1.327849808149039745e-03
2.040379447862505913e-03
7.994288462214171886e-04
2.000490901991724968e-03
-1.033500884659588337e-03
1.707340939901769161e-03
-2.745492616668343544e-03
-6.455513648688793182e-04
-3.027419559657573700e-03
6.366876914398744702e-05
1.830052351579070091e-03
1.877014408819377422e-03
-1.816490083001554012e-03
6.819913396611809731e-04
3.058495000004768372e-03
-2.180146286264061928e-03
-1.479124301113188267e-03
-2.384224935667589307e-04
-1.844673650339245796e-03
3.401351859793066978e-03
2.949305577203631401e-03
3.607719670981168747e-03
3.658743808045983315e-03
-3.299821866676211357e-03
-1.899792259791865945e-04
-2.970856148749589920e-03
-1.878953306004405022e-03
-3.456452395766973495e-03
1.339738839305937290e-03
4.029286719742231071e-05
-2.698940457776188850e-03
3.118681488558650017e-03
3.661998489405959845e-04
1.173344426206313074e-04
-1.395660685375332832e-03
-1.306476304307579994e-03
-1.031749998219311237e-03
2.979355165734887123e-03
9.366881567984819412e-04
-2.024947665631771088e-03
1.846763771027326584e-03
3.893840184900909662e-04
-1.068969490006566048e-03
3.012817120179533958e-03
-1.547639141790568829e-03
2.903421176597476006e-03
-1.647051190957427025e-03
-2.873786492273211479e-03
-1.751868985593318939e-03
-1.522159087471663952e-03
-2.844694536179304123e-04
-7.222538697533309460e-04
1.993177458643913269e-03
2.130140783265233040e-03
-6.772265769541263580e-04
1.461897394619882107e-03
-7.883444777689874172e-04
2.783306117635220289e-04
-5.401935777626931667e-04
-9.550710092298686504e-04
-1.843849895521998405e-03
-1.670905388891696930e-03
4.749720028485171497e-05
6.434357492253184319e-04
-3.690910059958696365e-03
2.368622226640582085e-03
-6.614987505599856377e-04
-1.159372972324490547e-03
-1.873188186436891556e-03
-1.689664786681532860e-03
-1.880776020698249340e-03
-3.838949138298630714e-03
-3.086655924562364817e-04
-3.045188961550593376e-03
-1.883685472421348095e-03
-2.879557199776172638e-03
3.882862161844968796e-03
-5.354585591703653336e-04
-3.030063118785619736e-03
2.163490047678351402e-03
-3.157311119139194489e-03
-7.430408732034265995e-04
1.066035474650561810e-03
-2.759826835244894028e-03
-3.419443964958190918e-03
-2.592093544080853462e-03
2.926954301074147224e-03
3.546881489455699921e-03
1.565583283081650734e-03
9.304785635322332382e-04
1.615884597413241863e-03
-1.590892439708113670e-03
3.812272101640701294e-03
2.696162322536110878e-03
1.608115620911121368e-03
3.499023616313934326e-03
-3.291466971859335899e-03
3.688387223519384861e-04
3.476956626400351524e-03
-3.609636041801422834e-04
-2.636131597682833672e-03
-8.852375904098153114e-04
-1.087554031983017921e-03
-9.876191616058349609e-04
-7.215021178126335144e-04
2.846552757546305656e-03
-1.246423926204442978e-04
1.657412154600024223e-03
-1.468801405280828476e-03
3.218155819922685623e-03
-2.531633013859391212e-03
-3.652574727311730385e-03
-1.612667459994554520e-03
-2.886152593418955803e-03
-1.910414081066846848e-03
1.930433354573324323e-04
9.300804231315851212e-04
6.762777338735759258e-04
1.955861924216151237e-03
-5.467861192300915718e-04
8.941300329752266407e-04
1.413310092175379395e-04
3.062483388930559158e-03
3.140086540952324867e-03
-7.708312477916479111e-04
4.927807021886110306e-04
-2.353466814383864403e-03
-1.853160909377038479e-03
-2.726820297539234161e-03
-3.041943273274227977e-06
-1.929318881593644619e-03
-1.574212568812072277e-03
5.862817051820456982e-04
1.016503432765603065e-03
-3.561309771612286568e-03
6.831022328697144985e-04
2.003346337005496025e-03
1.630572020076215267e-03
-1.134997117333114147e-03
3.705628449097275734e-03
3.683907911181449890e-03
-1.598616563569521531e-06
3.328200837131589651e-04
-3.615292022004723549e-03
-1.872436376288533211e-03
-3.711676254170015454e-05
1.578503986820578575e-03
5.740517008234746754e-05
-3.410148434340953827e-03
2.268976997584104538e-03
-2.894579665735363960e-03
3.344114869832992554e-03
2.160064876079559326e-03
-2.648327732458710670e-03
1.107790041714906693e-03
3.017245093360543251e-03
-2.384986728429794312e-03
-2.560758963227272034e-03
3.588561434298753738e-03
7.086957921274006367e-04
3.793832380324602127e-03
-3.871550783514976501e-03
-5.911177722737193108e-04
2.703346312046051025e-03
