-2.348311012610793114e-03
-5.932077183388173580e-04
1.974563492694869637e-04
2.247696975246071815e-03
-3.353457432240247726e-03
-2.476113615557551384e-03
-2.134223235771059990e-03
2.236836124211549759e-03
-4.937334451824426651e-04
1.379693741910159588e-03
-1.352159655652940273e-03
-3.279768396168947220e-03
-2.809593454003334045e-03
1.209134468808770180e-03
-1.007678220048546791e-03
-1.207746448926627636e-03
3.018062328919768333e-03
1.615055603906512260e-03
-2.136094262823462486e-03
-3.246855456382036209e-03
1.422513509169220924e-03
3.816593380179256201e-04
2.641090191900730133e-03
3.885300830006599426e-03
-3.296567127108573914e-03
2.836824627593159676e-03
-8.695750875631347299e-05
-3.572673304006457329e-03
-3.622130956500768661e-03
-4.155840142630040646e-04
-2.675728639587759972e-03
-3.009441308677196503e-03
-4.360487218946218491e-04
2.080970443785190582e-03
-2.482146257534623146e-03
-2.878210507333278656e-03
-1.129460753872990608e-03
-2.666298765689134598e-03
-3.308322513476014137e-03
3.096673171967267990e-03
-3.389924822840839624e-04
-1.122597022913396358e-03
1.474845688790082932e-03
-1.460671890527009964e-03
1.723769935779273510e-03
3.056637477129697800e-03
-3.547595115378499031e-03
8.550605271011590958e-04
2.800497692078351974e-03
3.851776709780097008e-03
3.022895252797752619e-04
-1.908672275021672249e-03
-7.461234927177429199e-04
2.742371289059519768e-03
-2.835871186107397079e-03
-2.166424877941608429e-03
3.244984894990921021e-03
-1.532542053610086441e-03
-2.323127817362546921e-03
-2.007510483963415027e-04
1.361909206025302410e-03
1.477677957154810429e-03
-1.817395444959402084e-03
1.656386157264932990e-04
-1.527365384390577674e-05
-4.383683262858539820e-04
7.526168483309447765e-04
-1.472467192797921598e-05
3.748845483642071486e-04
-3.512797411531209946e-03
1.225646818056702614e-03
-2.570629818364977837e-03
1.632323837839066982e-03
-1.286916784010827541e-03
-2.731195650994777679e-03
3.177355742081999779e-03
3.715533297508955002e-03
-1.684706308878958225e-03
-1.695335609838366508e-03
3.545972285792231560e-03
-1.683867594692856073e-04
-1.310812367592006922e-04
2.894919365644454956e-03
-1.592077431268990040e-03
4.040491330670192838e-05
-3.748612944036722183e-03
-1.875805901363492012e-03
1.637926208786666393e-03
-2.267429605126380920e-03
-5.876288632862269878e-04
4.958467325195670128e-04
-6.339333485811948776e-04
2.164033707231283188e-03
1.864899066276848316e-03
-3.142148198094218969e-04
1.980909844860434532e-03
-2.713859779760241508e-03
1.218549325130879879e-03
-1.375152263790369034e-03
2.664628438651561737e-03
-1.369923702441155910e-03
-2.900085644796490669e-03
1.646314631216228008e-03
-1.397467800416052341e-03
-2.658412791788578033e-03
-1.365440548397600651e-03
1.620459719561040401e-03
-3.691751742735505104e-03
-1.494911266490817070e-03
-1.379995490424335003e-03
-2.708745421841740608e-03
3.547510597854852676e-03
-2.068587113171815872e-03
2.084989566355943680e-03
2.276040380820631981e-03
2.318421378731727600e-03
-1.308154780417680740e-03
-1.443650689907371998e-03
-4.342771426308900118e-04
-4.165528225712478161e-04
-2.254489343613386154e-03
2.307792892679572105e-03
-2.370391506701707840e-03
2.352356095798313618e-04
-3.281399840489029884e-03
4.693731316365301609e-04
-3.707939991727471352e-03
4.585085844155400991e-04
2.883455483242869377e-03
-9.590528206899762154e-04
-3.752543358132243156e-03
1.627268153242766857e-03
-5.396257620304822922e-04
3.505957778543233871e-03
2.882781438529491425e-03
2.419583033770322800e-03
-2.442881697788834572e-03
7.398929446935653687e-04
-1.126866322010755539e-03
2.594617428258061409e-03
1.673889230005443096e-03
-2.592875622212886810e-03
1.255849492736160755e-03
-3.915800771210342646e-04
-6.183932418935000896e-04
3.401576075702905655e-03
2.385146450251340866e-03
-2.894280711188912392e-03
-5.916049121879041195e-04
9.760182001627981663e-04
2.363553503528237343e-03
-3.875771770253777504e-03
-1.347892917692661285e-03
-8.887274889275431633e-04
-5.308553227223455906e-05
9.670077706687152386e-04
-2.066180109977722168e-03
-7.352756074396893382e-05
2.163623925298452377e-03
-5.048555976827628911e-05
-1.522055361419916153e-03
2.327372087165713310e-03
6.395472883014008403e-05
-1.278224983252584934e-03
-3.163614543154835701e-03
-3.229572204872965813e-03
3.324293298646807671e-03
1.069145975634455681e-03
1.150658703409135342e-03
2.004032256081700325e-03
3.081901464611291885e-03
3.047929145395755768e-03
-2.992426045238971710e-03
2.698209369555115700e-03
-8.471478940919041634e-04
3.442677203565835953e-03
-1.709350850433111191e-03
2.074070362141355872e-04
1.102888491004705429e-03
-8.542195428162813187e-04
-3.860092256218194962e-03
3.318109083920717239e-03
2.318442333489656448e-03
6.757967639714479446e-04
-5.445175338536500931e-04
-3.595638554543256760e-03
-1.394025282934308052e-03
2.211329061537981033e-03
-3.589304164052009583e-03
-2.405061852186918259e-03
2.600856823846697807e-04
-2.617700025439262390e-03
1.550574437715113163e-03
2.131513319909572601e-03
3.322004922665655613e-04
-1.225015148520469666e-03
-1.857547758845612407e-04
-1.515352749265730381e-03
3.156277583912014961e-03
-1.165110734291374683e-03
1.728018512949347496e-03
2.557474188506603241e-03
-3.531261812895536423e-03
-3.159801708534359932e-03
1.767489942722022533e-03
1.752601936459541321e-03
-9.938942966982722282e-04
-6.653009331785142422e-04
5.891092005185782909e-04
3.753447206690907478e-03
2.172268461436033249e-03
-3.351150779053568840e-03
-3.791846567764878273e-03
3.587458049878478050e-04
3.866136539727449417e-03
-2.167748520150780678e-03
2.977706724777817726e-03
2.896041376516222954e-03
-5.326674436219036579e-04
2.115372335538268089e-04
2.048869151622056961e-03
3.661683527752757072e-03
-8.394425967708230019e-04
3.263294696807861328e-03
3.292846027761697769e-03
-3.153011202812194824e-03
2.012996468693017960e-03
-1.414470723830163479e-03
2.701918361708521843e-03
-3.214662894606590271e-03
-2.277464605867862701e-03
-2.709338441491127014e-03
-1.099562039598822594e-03
-1.432626595487818122e-04
-8.580798166804015636e-04
-1.546207815408706665e-03
5.857354262843728065e-04
1.430962700396776199e-03
6.634612800553441048e-04
3.660143818706274033e-03
-2.622480038553476334e-03
2.649161964654922485e-03
-3.135576844215393066e-03
4.907466936856508255e-04
-1.612557331100106239e-03
2.618193859234452248e-03
-7.164927665144205093e-04
-2.664652653038501740e-03
2.392166759818792343e-03
-3.598725888878107071e-04
2.242135349661111832e-03
2.315353136509656906e-03
-7.961079245433211327e-04
-9.626270621083676815e-04
3.101925132796168327e-03
-3.798178862780332565e-03
