-1.957987667992711067e-03
3.217366989701986313e-03
3.600840223953127861e-03
-1.634395332075655460e-03
-3.143164794892072678e-04
-2.896582707762718201e-03
2.868134295567870140e-03
1.445204950869083405e-03
-3.611218126025050879e-04
-1.492962590418756008e-03
-8.332949364557862282e-04
4.097141791135072708e-04
-3.170789452269673347e-03
3.071827115491032600e-03
7.138375076465308666e-04
1.316970447078347206e-03
-1.773106167092919350e-03
3.595279413275420666e-04
9.488041396252810955e-04
2.446668455377221107e-03
-4.743892059195786715e-04
-1.182064414024353027e-03
3.392990911379456520e-04
1.523812068626284599e-03
-3.035448025912046432e-03
-1.082350499927997589e-03
2.825860574375838041e-04
5.281530902720987797e-04
-2.613840391859412193e-03
-1.351159531623125076e-03
-1.542173704365268350e-04
2.711567794904112816e-03
1.938301371410489082e-03
-2.293662168085575104e-03
-5.175104015506803989e-04
-1.365292002446949482e-03
1.074516098015010357e-03
-3.462589113041758537e-03
-3.522707847878336906e-03
-3.116080537438392639e-03
2.995740389451384544e-03
7.165031274780631065e-04
-3.148369025439023972e-03
2.776118461042642593e-03
1.619237358681857586e-03
-3.956100554205477238e-04
2.633338561281561852e-03
-8.890378521755337715e-04
-2.720035379752516747e-03
2.663659863173961639e-03
-9.998299647122621536e-04
9.488693904131650925e-04
-1.903539756312966347e-03
1.021067364490590990e-04
3.732826444320380688e-04
-2.091399859637022018e-03
3.098937915638089180e-03
-1.455198740586638451e-03
1.848055515438318253e-03
1.787154353223741055e-03
-2.426501363515853882e-03
-2.971185371279716492e-03
3.193698590621352196e-03
-3.608787665143609047e-03
2.505535958334803581e-04
2.096595941111445427e-03
7.840545149520039558e-04
1.447965623810887337e-03
3.286624560132622719e-03
-3.897682297974824905e-03
6.825525779277086258e-04
-2.615157281979918480e-04
3.295684466138482094e-03
-3.855575807392597198e-03
1.715294667519629002e-03
1.324740820564329624e-03
-8.278858731500804424e-04
-3.570456057786941528e-03
3.679467365145683289e-03
-3.650150261819362640e-03
-2.525044837966561317e-03
4.977110074833035469e-04
2.463716780766844749e-03
-6.129597313702106476e-04
-3.514220938086509705e-03
-2.677848329767584801e-03
-3.307833801954984665e-03
2.528380136936903000e-03
1.716725761070847511e-03
-2.249768236652016640e-03
1.964877592399716377e-03
7.536306511610746384e-04
3.049408784136176109e-03
2.169866347685456276e-03
-9.793305071070790291e-04
-1.728055649437010288e-04
1.036295434460043907e-03
1.415358856320381165e-03
2.070660935714840889e-03
-1.355813234113156796e-03
-1.560999196954071522e-03
-1.565220416523516178e-03
-1.220363192260265350e-03
-3.201073268428444862e-03
-1.636749482713639736e-03
3.193995216861367226e-03
3.395046107470989227e-03
1.503295032307505608e-03
-1.008724211715161800e-04
3.567708423361182213e-03
-2.663854043930768967e-03
-1.366434386000037193e-03
-6.174398004077374935e-04
2.301567234098911285e-03
1.711210235953330994e-03
1.561902579851448536e-03
-1.633034989936277270e-04
1.547970692627131939e-03
3.089270321652293205e-03
-3.003253135830163956e-03
2.831503981724381447e-03
-7.504064706154167652e-04
-5.322119104675948620e-04
-2.754241693764925003e-03
-2.206953940913081169e-03
2.707136096432805061e-03
3.716557286679744720e-03
-2.439198782667517662e-03
5.078956019133329391e-04
1.781607745215296745e-03
-3.658980596810579300e-03
-3.868766129016876221e-03
3.300834912806749344e-03
-3.818240948021411896e-03
3.552980255335569382e-03
-2.254272345453500748e-03
1.803813152946531773e-03
-1.348626799881458282e-03
3.375085303559899330e-03
-1.766303204931318760e-03
-6.757074734196066856e-04
1.046944642439484596e-03
-2.709677210077643394e-03
2.416481496766209602e-03
1.387822441756725311e-03
2.145126694813370705e-03
-1.157357008196413517e-03
-9.444621537113562226e-05
2.283992944285273552e-03
1.265930186491459608e-04
2.701048506423830986e-03
2.488002646714448929e-03
-1.818827935494482517e-03
1.801730017177760601e-03
2.259043045341968536e-03
1.784170628525316715e-03
1.701441709883511066e-03
-2.719333162531256676e-03
-2.446546917781233788e-03
1.996164675801992416e-03
-1.979973632842302322e-03
-1.020400901325047016e-03
-1.246543833985924721e-04
3.037711139768362045e-03
-1.347565674223005772e-03
3.092908300459384918e-03
-8.406757842749357224e-04
-2.986870007589459419e-03
-3.629543425631709397e-05
1.825721701607108116e-03
2.035438810708001256e-04
7.530177244916558266e-04
3.053436987102031708e-03
-1.650932012125849724e-03
1.001204131171107292e-03
9.036594419740140438e-04
-1.806654327083379030e-04
-2.333755139261484146e-03
-7.523403619416058064e-04
1.326688216067850590e-03
1.175340381450951099e-03
-2.061973093077540398e-03
3.894037581630982459e-05
1.903542899526655674e-03
-1.756444107741117477e-03
-6.019056891091167927e-04
3.046029247343540192e-03
-1.815828611142933369e-03
1.595984911546111107e-03
-3.499106271192431450e-03
-3.782284911721944809e-03
-5.493620410561561584e-04
-3.548271954059600830e-03
2.045122673735022545e-03
-3.273073583841323853e-03
3.013996407389640808e-03
-3.810757072642445564e-03
-2.173410321120172739e-04
-2.397440839558839798e-03
-8.375696488656103611e-04
-3.195931436493992805e-03
8.781235665082931519e-04
4.159426607657223940e-04
1.680928166024386883e-03
-3.615255001932382584e-03
2.014693804085254669e-03
3.009144274983555079e-04
1.233894581673666835e-04
8.234082488343119621e-04
-4.002724308520555496e-04
-1.362641574814915657e-03
-2.657452831044793129e-03
-3.700388129800558090e-03
1.172838499769568443e-03
1.848949468694627285e-03
2.159942872822284698e-03
2.039853017777204514e-03
2.200574381276965141e-04
-1.315941684879362583e-03
9.478876600041985512e-04
1.045686294673942029e-04
-2.301317406818270683e-03
-2.504471456632018089e-03
3.798003308475017548e-03
-2.040292834863066673e-03
2.400005236268043518e-03
1.250098110176622868e-03
-1.947244982147822157e-06
-3.864774014800786972e-03
2.973275259137153625e-03
-7.247494650073349476e-04
1.598880975507199764e-03
-2.163426252081990242e-04
9.453622042201459408e-04
-1.322104013524949551e-03
-1.777729718014597893e-03
2.340389182791113853e-03
-1.065049786120653152e-03
3.785730572417378426e-03
2.449404448270797729e-03
-1.315467176027595997e-03
3.512469120323657990e-03
-1.648789853788912296e-03
2.418487099930644035e-03
3.791826020460575819e-04
2.718195552006363869e-03
1.902046147733926773e-03
-2.129115862771868706e-03
2.234683372080326080e-03
1.959227724000811577e-03
3.078882815316319466e-03
3.737916238605976105e-03
2.692261477932333946e-03
1.020157244056463242e-03
3.091500140726566315e-03
3.900294424965977669e-03
