-2.304170513525605202e-03
-2.762415679171681404e-03
2.293848432600498199e-03
-5.635610432364046574e-04
1.740244217216968536e-03
-9.150528057944029570e-05
1.126184244640171528e-03
6.389509071595966816e-04
1.971476012840867043e-03
-1.780183520168066025e-03
-4.478473274502903223e-04
6.831316277384757996e-04
-2.809269935823976994e-04
3.612199216149747372e-04
1.670738332904875278e-03
2.726674079895019531e-03
-3.469997551292181015e-03
-1.668615266680717468e-03
-1.411543926224112511e-03
-1.231555943377315998e-03
4.316240665502846241e-04
7.411005208268761635e-04
3.373877145349979401e-03
-2.460270654410123825e-03
4.631921183317899704e-04
2.313134260475635529e-03
2.758630318567156792e-03
-3.398706670850515366e-03
-1.210793270729482174e-03
2.669832436367869377e-03
1.647462602704763412e-03
-3.258856246247887611e-03
2.060438739135861397e-03
2.673101378604769707e-03
3.444670932367444038e-03
-5.467470036819577217e-04
-2.845098730176687241e-03
-1.821299083530902863e-03
3.750180592760443687e-03
2.182644791901111603e-03
1.551409368403255939e-03
1.353643601760268211e-04
8.081628475338220596e-04
-1.841753983171656728e-04
2.612753771245479584e-03
3.728592535480856895e-03
-3.795836120843887329e-03
-6.857716944068670273e-04
7.191555923782289028e-04
-2.254092600196599960e-03
-2.819910645484924316e-03
2.166505437344312668e-03
1.604858320206403732e-03
1.047987607307732105e-03
-1.876416266895830631e-03
-3.204316832125186920e-03
2.959678182378411293e-03
3.098918823525309563e-03
5.709354882128536701e-04
-2.474791603162884712e-03
1.065156538970768452e-03
2.721966244280338287e-03
-7.862740894779562950e-04
6.586264134966768324e-06
-1.880778581835329533e-03
-9.113315027207136154e-04
3.807681379839777946e-03
2.281124470755457878e-03
1.618762500584125519e-03
-3.277368843555450439e-03
7.493715384043753147e-04
3.540963400155305862e-03
9.906071936711668968e-04
-2.641871338710188866e-03
2.020575804635882378e-03
2.122247591614723206e-03
1.695089275017380714e-03
1.573468325659632683e-03
-1.452364725992083549e-03
-2.020040526986122131e-03
3.613562555983662605e-03
2.651279093697667122e-03
-1.635721186175942421e-03
-8.788252598606050014e-04
-2.206900389865040779e-03
-2.014331519603729248e-03
-2.950954716652631760e-03
1.086758333258330822e-03
3.571089589968323708e-03
-2.131050685420632362e-03
2.122008474543690681e-03
2.105411840602755547e-03
-2.439676318317651749e-03
-1.262136269360780716e-03
-2.737908391281962395e-03
1.718505867756903172e-03
-3.432288067415356636e-03
-5.131770012667402625e-05
2.728175895754247904e-04
-2.812971593812108040e-03
-3.655659966170787811e-03
-1.120231696404516697e-03
1.115505816414952278e-03
2.159974072128534317e-03
2.562364796176552773e-03
1.712304656393826008e-03
-9.324420243501663208e-04
-1.986456802114844322e-03
-2.258112654089927673e-03
2.808817196637392044e-03
7.220851839520037174e-04
4.475195310078561306e-04
5.652452236972749233e-04
2.238653600215911865e-03
8.682279149070382118e-04
-2.718818373978137970e-03
1.583611010573804379e-04
-1.999559579417109489e-03
1.643484923988580704e-03
-3.790608316194266081e-04
9.886003099381923676e-04
-3.157422645017504692e-03
-1.701807952485978603e-03
-3.404964460060000420e-03
-5.633317632600665092e-04
1.232490409165620804e-03
-3.013725159689784050e-03
2.111591398715972900e-03
3.852126887068152428e-03
-2.341812243685126305e-03
-9.920849697664380074e-04
-3.592413384467363358e-03
2.935029799118638039e-03
-2.046835143119096756e-03
-3.677735803648829460e-03
-1.611678511835634708e-03
2.718144562095403671e-03
-3.770635521505028009e-04
1.285603968426585197e-03
6.415020907297730446e-04
-2.389042871072888374e-03
1.011990127153694630e-03
-1.503992243669927120e-03
3.660094516817480326e-04
1.407953328453004360e-03
-3.584995865821838379e-03
-1.891135005280375481e-03
3.551028901711106300e-03
-1.138114253990352154e-03
1.413613907061517239e-03
2.146133687347173691e-03
1.930299680680036545e-03
-2.227301592938601971e-04
4.418818571139127016e-04
-3.400288987904787064e-03
-3.847311483696103096e-03
-3.563344653230160475e-04
-1.577813527546823025e-04
2.858604770153760910e-03
-4.064865643158555031e-04
4.411899717524647713e-04
2.286294242367148399e-03
-1.543098711408674717e-03
-3.634573658928275108e-05
-1.585527905263006687e-03
-1.097885891795158386e-03
2.072053466690704226e-04
-2.552139805629849434e-03
-3.003042656928300858e-03
1.781726256012916565e-03
2.815730636939406395e-03
8.551995269954204559e-04
-1.132189994677901268e-03
-2.578653860837221146e-03
6.684295367449522018e-04
3.018922638148069382e-03
-3.450270160101354122e-04
-4.154444322921335697e-04
1.583062112331390381e-03
-8.036923245526850224e-04
-2.613872755318880081e-03
-2.011251868680119514e-03
3.487478708848357201e-03
1.686894334852695465e-03
2.841668901965022087e-03
-7.366313948296010494e-04
3.065343247726559639e-03
-2.519089961424469948e-03
-1.245910185389220715e-03
8.026751456782221794e-04
-1.571465283632278442e-03
-1.672955928370356560e-03
6.933737313374876976e-04
-1.128944335505366325e-03
1.889634993858635426e-03
3.373990068212151527e-03
-9.778632083907723427e-04
3.394505707547068596e-03
-1.483921427279710770e-03
1.402764115482568741e-03
-3.037643386051058769e-03
-2.610003110021352768e-03
2.720198128372430801e-03
-3.424103138968348503e-03
2.366170287132263184e-03
-3.801832674071192741e-03
5.565930041484534740e-04
-1.979316119104623795e-03
3.426990006119012833e-03
-6.575142615474760532e-04
-2.384795341640710831e-03
-1.455861725844442844e-03
5.073290085420012474e-04
-1.756016514264047146e-03
1.551965018734335899e-03
1.866630627773702145e-03
2.837460720911622047e-03
-3.760313149541616440e-03
-3.386816242709755898e-03
1.781218597898259759e-04
-3.387191100046038628e-03
-3.838307922706007957e-03
3.907133825123310089e-03
-2.887947484850883484e-03
3.628576407209038734e-03
-3.496204037219285965e-03
-3.079723799601197243e-03
1.128072733990848064e-03
-2.160005271434783936e-03
3.027359955012798309e-03
-9.267229470424354076e-04
1.151805161498486996e-03
6.193079170770943165e-04
3.189344890415668488e-03
5.903402925468981266e-04
-3.079199232161045074e-03
2.400549128651618958e-03
-1.635743305087089539e-03
-6.886244518682360649e-04
7.611123874085023999e-05
3.455562749877572060e-03
-4.693251976277679205e-04
1.245747320353984833e-03
-2.775905886664986610e-03
3.544063540175557137e-03
2.675638243090361357e-04
1.746671507135033607e-03
-1.624383963644504547e-03
1.162529108114540577e-03
1.261508325114846230e-03
1.487451023422181606e-03
-1.167216687463223934e-03
-1.854003872722387314e-03
9.076592978090047836e-04
-2.847795374691486359e-03
1.476526143960654736e-03
