2.484308788552880287e-03
-2.052846597507596016e-03
1.198602141812443733e-03
-2.491293475031852722e-03
2.073697745800018311e-03
-2.130544511601328850e-03
1.556419883854687214e-03
-1.188377384096384048e-03
3.322745906189084053e-03
-1.757419086061418056e-03
3.408793359994888306e-03
2.316253259778022766e-03
1.727736671455204487e-03
2.139098476618528366e-03
3.858976531773805618e-03
-3.597107483074069023e-03
-3.263234859332442284e-03
-1.966567710041999817e-03
2.543833805248141289e-03
3.125963034108281136e-03
2.966475440189242363e-03
3.656630171462893486e-03
-3.278227522969245911e-03
2.765234385151416063e-04
-4.660753183998167515e-04
2.256363630294799805e-03
2.348107518628239632e-03
-1.349108992144465446e-03
1.000170450424775481e-04
1.563954865559935570e-03
-3.535324940457940102e-03
-2.148828003555536270e-03
1.132598961703479290e-03
3.690810641273856163e-03
3.334320615977048874e-03
2.073621610179543495e-03
4.720580473076552153e-04
3.875413211062550545e-03
-3.228028072044253349e-04
-2.379183657467365265e-03
1.319784787483513355e-03
3.862854326143860817e-03
-5.115905660204589367e-04
7.129326695576310158e-04
-2.301546279340982437e-03
5.186345078982412815e-04
-1.023844699375331402e-03
3.829632420092821121e-03
-1.168953371234238148e-03
2.605562563985586166e-03
-2.015396719798445702e-03
3.852771827951073647e-03
3.468139329925179482e-03
-7.771335076540708542e-04
-3.106032498180866241e-03
3.095896914601325989e-03
1.394013088429346681e-04
-3.053190652281045914e-03
-1.010807231068611145e-03
-3.831209614872932434e-04
-2.585418755188584328e-03
-5.100091220811009407e-04
1.236914424225687981e-03
-9.763853158801794052e-04
3.365385346114635468e-03
-5.768947303295135498e-04
-3.076371271163225174e-03
1.940505113452672958e-03
2.766732359305024147e-04
8.276543230749666691e-04
-2.601615153253078461e-03
-1.916787819936871529e-03
-2.626097062602639198e-03
-2.734159352257847786e-03
1.654681633226573467e-03
1.365108299069106579e-03
2.948076464235782623e-03
1.233162940479815006e-03
-2.976522548124194145e-03
1.463652937673032284e-03
1.910942723043262959e-03
-3.841369180008769035e-03
-2.715999726206064224e-03
3.519362537190318108e-03
2.850585384294390678e-03
2.506614895537495613e-03
-3.876816481351852417e-03
1.166081288829445839e-03
-1.960983267053961754e-03
3.568811109289526939e-03
3.314519068226218224e-03
-2.029802883043885231e-03
-2.787637989968061447e-03
-3.772132331505417824e-03
-2.775108907371759415e-03
-1.959604414878413081e-04
3.493933472782373428e-04
3.229983150959014893e-03
5.744632799178361893e-04
1.498706638813018799e-03
3.344987286254763603e-03
2.642127452418208122e-03
2.868726849555969238e-03
-1.295799156650900841e-03
-2.329691778868436813e-03
-2.436479087918996811e-03
-9.034554823301732540e-04
1.528672524727880955e-03
-4.795738204848021269e-04
-8.134639938361942768e-04
1.292043132707476616e-03
1.027533435262739658e-03
-1.276730326935648918e-03
-3.375300730112940073e-04
-3.615306224673986435e-03
8.656121790409088135e-04
-1.263615093193948269e-03
2.916137746069580317e-04
-2.438548486679792404e-03
-3.787856549024581909e-03
2.665360691025853157e-03
-2.921645529568195343e-03
5.393076207838021219e-05
-7.023860234767198563e-04
1.634138869121670723e-03
-2.544383984059095383e-03
1.244016457349061966e-03
-2.824140014126896858e-03
1.037295907735824585e-03
1.328400801867246628e-03
-1.055944128893315792e-03
-3.033281827811151743e-04
2.548751188442111015e-03
-4.169974126853048801e-04
2.059499092865735292e-04
-3.290024120360612869e-03
-1.916844397783279419e-03
-2.113844268023967743e-03
-3.668009303510189056e-03
6.806094315834343433e-04
-8.318199543282389641e-04
-2.319098683074116707e-03
-2.280634827911853790e-03
-7.658449467271566391e-04
-9.460116853006184101e-04
3.866106038913130760e-03
1.770859817042946815e-03
-1.696374616585671902e-03
-3.660066518932580948e-03
3.630496328696608543e-03
-2.614541910588741302e-03
-2.610112773254513741e-03
2.667488763108849525e-03
-3.707535797730088234e-03
2.288992982357740402e-03
-2.304618014022707939e-03
-2.600240288302302361e-03
2.531043253839015961e-03
-2.929010661318898201e-04
-3.091142978519201279e-03
5.742857465520501137e-04
-3.168288152664899826e-03
-8.624928887002170086e-04
-1.359131420031189919e-03
8.706458611413836479e-04
3.445616457611322403e-04
-3.194753546267747879e-03
3.806326712947338820e-04
-3.318377537652850151e-03
1.285740523599088192e-03
1.896808156743645668e-03
4.508378333412110806e-05
-3.896933340001851320e-04
-7.660637493245303631e-04
-4.824318457394838333e-04
3.192583390045911074e-04
-3.891011700034141541e-03
7.585419807583093643e-04
2.776035806164145470e-03
-6.847926415503025055e-04
3.619660157710313797e-03
1.055277243722230196e-04
-1.120112603530287743e-03
2.790011349134147167e-04
-7.320555159822106361e-04
2.665440784767270088e-03
4.357975849416106939e-04
3.101938869804143906e-03
1.779374899342656136e-03
-1.473009004257619381e-03
3.124011214822530746e-03
9.188795957015827298e-05
-1.912229461595416069e-03
2.021157415583729744e-04
-3.719954984262585640e-03
2.787466393783688545e-03
-1.825998304411768913e-03
-2.968661719933152199e-03
3.310488769784569740e-03
-3.517205361276865005e-03
5.147828487679362297e-04
3.193480661138892174e-03
-1.170674804598093033e-03
2.937689889222383499e-03
3.042588476091623306e-03
3.632288426160812378e-03
-1.572466455399990082e-03
6.715334602631628513e-04
-1.900330884382128716e-03
1.780507038347423077e-03
3.393458202481269836e-03
-1.480776234529912472e-03
-2.528426004573702812e-03
-3.783528227359056473e-03
-2.382701030001044273e-03
-3.488798858597874641e-03
9.842685540206730366e-05
-1.210488728247582912e-03
-2.516328822821378708e-03
7.920129573903977871e-04
-3.535883268341422081e-03
-2.591251861304044724e-03
2.569529460743069649e-03
1.853025634773075581e-03
3.639669623225927353e-03
3.426044480875134468e-03
4.976795753464102745e-04
1.600837451405823231e-03
3.318804374430328608e-04
-1.930623431690037251e-03
2.918460639193654060e-03
1.893705222755670547e-03
3.761019557714462280e-03
2.857434796169400215e-03
-3.691913792863488197e-03
-3.179994411766529083e-03
-2.840555505827069283e-03
3.310928586870431900e-03
-8.111106581054627895e-05
-3.224672051146626472e-03
-3.516070079058408737e-03
4.013892321381717920e-04
-2.542294561862945557e-03
1.031866879202425480e-03
3.862358629703521729e-03
1.164548797532916069e-03
3.453002311289310455e-03
-3.142062807455658913e-03
-2.042950130999088287e-03
1.754841185174882412e-03
-2.202674979344010353e-03
3.178038634359836578e-03
2.125773578882217407e-03
-1.352811930701136589e-03
-1.087894313968718052e-03
9.190316777676343918e-04
