2.796496963128447533e-03
-3.845719853416085243e-03
1.016339636407792568e-03
1.147402799688279629e-03
-8.865540730766952038e-04
-3.002326004207134247e-03
3.100328147411346436e-03
-2.380979014560580254e-03
3.519811434671282768e-03
-3.139099804684519768e-03
-2.760655945166945457e-03
1.980378758162260056e-03
-4.885558737441897392e-04
3.559167962521314621e-03
-1.994789578020572662e-03
-2.790643135085701942e-03
3.516825090628117323e-04
-3.403026610612869263e-03
1.257914002053439617e-03
2.622477943077683449e-03
-2.348267706111073494e-03
8.866296848282217979e-04
6.097464356571435928e-04
1.800067140720784664e-03
-3.349106526002287865e-03
3.113676502835005522e-04
3.740103857126086950e-04
-7.379512535408139229e-04
1.255095237866044044e-03
-3.324227640405297279e-03
1.031794352456927299e-03
-1.686635543592274189e-03
1.328545389696955681e-03
-2.337746322154998779e-03
-3.694641171023249626e-03
3.479262813925743103e-03
1.672320300713181496e-03
-2.178824739530682564e-03
1.573679735884070396e-03
-1.773310475982725620e-03
-1.438593026250600815e-03
-3.764484776183962822e-03
1.428959309123456478e-03
-2.345380606129765511e-03
1.875686808489263058e-03
2.485329750925302505e-03
1.790303504094481468e-03
1.785234780982136726e-03
2.056301804259419441e-03
-5.016310024075210094e-04
3.117350570391863585e-05
-3.682102076709270477e-03
-1.335328212007880211e-03
2.982179634273052216e-03
-2.063126536086201668e-03
1.542689278721809387e-03
3.305970225483179092e-03
-2.824708353728055954e-03
1.220261328853666782e-03
3.767824964597821236e-03
-3.469887888059020042e-03
3.623329801484942436e-03
-9.235165198333561420e-04
-3.103443188592791557e-03
-8.963851141743361950e-04
-1.700539141893386841e-03
1.612513558939099312e-03
-1.053056348609970883e-05
-3.697069128975272179e-03
3.863541875034570694e-03
-3.491383511573076248e-03
2.009907970204949379e-03
1.763561158441007137e-03
-3.340868279337882996e-03
-3.374247578904032707e-03
1.127454102970659733e-03
1.280981930904090405e-03
-1.137543702498078346e-03
2.058587502688169479e-03
-2.599098486825823784e-03
1.074285828508436680e-03
-2.234942978248000145e-03
1.732553122565150261e-03
2.268525538966059685e-03
2.201175084337592125e-04
2.202763243985828012e-05
-2.328444825252518058e-04
-9.838562691584229469e-04
-2.912374446168541908e-03
-1.269451313419267535e-04
1.728115952573716640e-03
-2.343418076634407043e-03
1.389556331560015678e-03
3.539902623742818832e-03
-1.538306009024381638e-03
-3.736147424206137657e-03
1.466600457206368446e-03
7.803324260748922825e-04
-2.689152723178267479e-03
6.750807515345513821e-04
3.319602459669113159e-03
3.620164701715111732e-03
1.445260597392916679e-03
-2.688728971406817436e-03
-3.894530003890395164e-03
2.979307901114225388e-03
-3.277100389823317528e-03
3.766563953831791878e-03
3.612686996348202229e-04
-2.438635099679231644e-03
7.735367944405879825e-06
-3.015396185219287872e-03
7.984378025867044926e-04
5.252089249552227557e-05
3.064052900299429893e-03
3.046781988814473152e-03
-1.065973774529993534e-03
5.605675396509468555e-04
-2.647518878802657127e-03
5.646249701385386288e-05
8.046064758673310280e-04
7.433295832015573978e-05
3.005404723808169365e-03
3.210816299542784691e-03
-9.406461613252758980e-04
2.525334479287266731e-03
3.347453894093632698e-04
-1.708575582597404718e-04
-9.056903654709458351e-04
-2.254045684821903706e-04
-2.055224962532520294e-03
-2.803402487188577652e-03
-3.605730133131146431e-03
1.736307458486407995e-04
3.223844571039080620e-03
7.383275078609585762e-04
-1.416467246599495411e-03
-1.688439049758017063e-03
3.618763061240315437e-03
-1.058162888512015343e-03
1.854572677984833717e-03
-1.395988394506275654e-03
3.423049056436866522e-04
-1.556277042254805565e-03
6.515372078865766525e-04
-1.675964333117008209e-03
3.128610551357269287e-03
-3.056364133954048157e-03
-3.862984303850680590e-04
2.011443721130490303e-03
1.925032818689942360e-03
1.282660407014191151e-03
2.914620796218514442e-03
-2.152861794456839561e-03
2.139135263860225677e-03
8.077718084678053856e-04
2.716929651796817780e-03
2.104260027408599854e-03
3.597697475925087929e-03
-1.290106214582920074e-03
-2.083440544083714485e-03
-6.506831850856542587e-04
-2.932012779638171196e-03
3.586153266951441765e-03
2.720171585679054260e-03
1.983923139050602913e-03
-1.744823995977640152e-03
-2.776661189272999763e-03
1.506033004261553288e-03
-1.633611042052507401e-03
8.011953323148190975e-04
-2.750135026872158051e-03
2.056690165773034096e-03
1.302216900512576103e-03
3.284779377281665802e-03
-1.456715050153434277e-03
-3.348773578181862831e-03
3.265402338001877069e-04
3.472049254924058914e-03
5.690197576768696308e-04
1.703599817119538784e-03
-2.298272913321852684e-03
-2.258386812172830105e-04
4.876737366430461407e-04
3.360560163855552673e-03
1.335688051767647266e-03
-2.861503046005964279e-03
-2.029166556894779205e-03
2.410258864983916283e-03
1.941519090905785561e-03
3.116245847195386887e-03
3.747963113710284233e-03
-1.799530000425875187e-03
3.580593038350343704e-03
-2.252815989777445793e-03
2.110192552208900452e-03
1.202433952130377293e-03
5.838323268108069897e-04
-1.833778806030750275e-03
-1.828765496611595154e-03
3.339004237204790115e-03
-2.738477662205696106e-03
-1.681004418060183525e-03
1.848282059654593468e-03
-1.659249421209096909e-03
-1.740533742122352123e-03
-1.166288711829110980e-04
-2.720358083024621010e-03
-3.009313484653830528e-03
-3.186603309586644173e-03
-4.205850127618759871e-04
2.982978476211428642e-03
-1.990892924368381500e-03
-3.730192780494689941e-03
-1.258331583812832832e-03
-3.524911124259233475e-03
-1.255383394891396165e-04
-1.406005234457552433e-03
-1.890426850877702236e-03
3.387246397323906422e-04
-3.011191030964255333e-03
1.424432120984420180e-04
1.518789678812026978e-03
-5.850464804098010063e-04
2.433412708342075348e-03
-2.283127047121524811e-03
-1.258437987416982651e-03
1.475383527576923370e-03
1.553770154714584351e-03
-2.576175611466169357e-04
-1.700567372608929873e-04
-1.779733109287917614e-03
-3.373521380126476288e-03
-2.709183376282453537e-03
-3.035793313756585121e-03
3.375002415850758553e-03
-9.317420772276818752e-04
2.542172791436314583e-03
1.685029244981706142e-03
-5.077265086583793163e-04
3.046768484637141228e-03
-2.512248465791344643e-03
-2.855783328413963318e-03
4.749260260723531246e-04
-3.802101593464612961e-03
2.866882365196943283e-03
-2.155303256586194038e-03
-2.185800345614552498e-03
8.276672451756894588e-05
9.522371110506355762e-04
-3.107204101979732513e-03
-1.361864360660547391e-05
-2.605418208986520767e-03
2.525345422327518463e-03
-5.097349057905375957e-04
2.540129236876964569e-03
