-3.726876806467771530e-03
-1.784731866791844368e-03
-1.060107140801846981e-03
3.161435946822166443e-03
1.446311827749013901e-03
-1.073764171451330185e-03
2.866730501409620047e-04
1.139835920184850693e-03
-3.067431680392473936e-04
2.632156247273087502e-03
-1.598216127604246140e-03
-1.149456482380628586e-03
3.421526169404387474e-03
-1.194573938846588135e-03
-1.463568769395351410e-03
3.415977815166115761e-03
-1.854391884990036488e-03
3.490132512524724007e-03
-2.674750518053770065e-03
3.828045679256320000e-03
-4.739841460832394660e-05
1.353728584945201874e-04
2.392070135101675987e-03
-1.594248809851706028e-03
-1.598791102878749371e-03
-1.187958521768450737e-03
2.622678875923156738e-03
3.429910168051719666e-03
1.199089805595576763e-03
-1.436589634977281094e-03
-2.526459982618689537e-03
1.782383769750595093e-04
-2.900004852563142776e-03
6.375319208018481731e-04
-9.318842203356325626e-04
1.107366522774100304e-03
-1.414278667652979493e-04
2.172466134652495384e-03
3.874388989061117172e-03
3.358638612553477287e-03
-2.148952771676704288e-04
3.664181858766824007e-04
3.122080524917691946e-04
3.614678513258695602e-03
-3.426522715017199516e-03
3.203139640390872955e-03
-2.448973013088107109e-03
-8.433922776021063328e-04
9.557625162415206432e-05
2.051399787887930870e-03
-1.727543130982667208e-04
2.943076891824603081e-03
-3.222681581974029541e-03
-7.220671977847814560e-04
7.273438968695700169e-04
-6.695933407172560692e-04
-1.064843498170375824e-03
3.621372161433100700e-03
-1.282448996789753437e-03
-2.701948396861553192e-03
3.388608573004603386e-03
-2.942080376669764519e-03
-8.448139124084264040e-05
4.885524976998567581e-04
2.780125243589282036e-03
-2.936756645794957876e-04
-2.809908939525485039e-03
3.711577155627310276e-04
-1.882585929706692696e-03
1.350002596154808998e-03
1.541016041301190853e-03
3.120229812338948250e-03
8.492958731949329376e-04
2.871336182579398155e-03
-1.254726550541818142e-03
-2.328537404537200928e-03
8.467790758004412055e-05
-3.087491728365421295e-03
-1.117917126975953579e-03
-6.269427103688940406e-05
-1.360961003229022026e-03
2.868673065677285194e-03
-3.566351719200611115e-03
-7.177576189860701561e-04
-3.101668553426861763e-03
9.368179016746580601e-04
-7.013796712271869183e-04
2.298550447449088097e-03
1.464480068534612656e-03
1.618330134078860283e-03
-3.298940137028694153e-03
-2.988802734762430191e-03
3.182270098477602005e-03
8.421971579082310200e-04
2.876899205148220062e-03
3.393751569092273712e-03
-1.503205043263733387e-03
3.740946995094418526e-03
3.661002963781356812e-03
4.276945255696773529e-04
-3.407017095014452934e-03
-2.011266537010669708e-03
-2.074263175018131733e-04
-2.309336327016353607e-03
-3.290437860414385796e-03
-1.302013639360666275e-03
-3.692429047077894211e-03
-3.298765746876597404e-03
2.743973862379789352e-03
2.205407712608575821e-03
-2.453326887916773558e-04
1.936942455358803272e-03
-2.847193391062319279e-04
-3.335677785798907280e-03
-3.067247336730360985e-03
8.183011668734252453e-04
-2.370109315961599350e-03
-2.072239760309457779e-03
1.352786552160978317e-03
-1.088822493329644203e-03
3.394518280401825905e-03
-3.012486966326832771e-03
-1.366623095236718655e-03
2.717716619372367859e-03
-6.124115316197276115e-04
-1.822380349040031433e-03
-1.128687581513077021e-04
-3.703694557771086693e-03
-1.827587489970028400e-03
2.314341487362980843e-03
9.517738362774252892e-04
1.286744605749845505e-03
-1.044153323164209723e-04
-3.334586974233388901e-03
1.331632607616484165e-03
-3.252076450735330582e-03
8.501192496623843908e-05
4.758085706271231174e-04
2.416476141661405563e-03
-6.867160554975271225e-04
2.510948572307825089e-03
1.843713456764817238e-03
2.616342389956116676e-03
-2.430754713714122772e-03
-3.303970675915479660e-03
5.220650346018373966e-04
-2.170837251469492912e-03
-1.515977550297975540e-03
3.850941080600023270e-03
-3.782613493967801332e-04
-1.610785257071256638e-03
1.718198065645992756e-03
-2.327783498913049698e-03
2.575420076027512550e-03
3.872319590300321579e-03
-1.759208040311932564e-03
2.520522801205515862e-03
-3.787161083891987801e-03
-3.225128632038831711e-03
-3.410187549889087677e-03
-1.883114891825243831e-04
-7.372004329226911068e-04
-1.053995452821254730e-03
-6.901870947331190109e-04
-3.043998964130878448e-03
-9.855792159214615822e-04
-1.253167516551911831e-03
3.763299202546477318e-03
3.669765312224626541e-03
-1.671649049967527390e-03
7.850014953874051571e-04
-3.673788392916321754e-03
1.158216851763427258e-03
-1.501727150753140450e-03
-1.293082954362034798e-03
1.181442523375153542e-03
-2.533963881433010101e-03
-3.904309123754501343e-03
1.964680268429219723e-04
-1.131169730797410011e-03
3.334571840241551399e-03
-1.664776587858796120e-03
2.006801078096032143e-03
-3.718629945069551468e-03
3.832125570625066757e-03
-2.987376414239406586e-03
1.175244105979800224e-03
-3.363398136571049690e-03
-3.537086769938468933e-03
2.671123016625642776e-03
2.304797293618321419e-03
-7.682209834456443787e-04
1.953466096892952919e-03
-2.533727558329701424e-03
3.840415738523006439e-03
7.639570394530892372e-04
-3.613038919866085052e-03
-2.412115689367055893e-03
9.900029981508851051e-04
-3.124449169263243675e-03
3.962565679103136063e-04
3.435747465118765831e-03
-6.623585941269993782e-04
3.864833386614918709e-03
1.526036416180431843e-03
-4.587717194226570427e-05
2.733337925747036934e-03
-3.690619778353720903e-04
-3.045418416149914265e-04
-5.238105950411409140e-05
-3.838497446849942207e-03
-1.929875230416655540e-03
2.074036281555891037e-03
-2.865273039788007736e-03
-3.670603269711136818e-03
-1.936021260917186737e-03
3.317547263577580452e-03
2.198996022343635559e-03
2.885086927562952042e-03
2.037605503574013710e-03
-2.454695757478475571e-03
2.308779861778020859e-03
5.322754732333123684e-04
-1.513985218480229378e-03
3.139034379273653030e-03
-3.663974581286311150e-03
-2.899234648793935776e-03
-3.298584604635834694e-03
-3.842628793790936470e-03
1.783341518603265285e-03
9.950940730050206184e-04
-2.306502545252442360e-03
1.218093559145927429e-03
2.575922757387161255e-03
3.786422777920961380e-03
4.100243095308542252e-04
3.798889461904764175e-03
-2.889056457206606865e-03
-1.313271000981330872e-03
-2.182236406952142715e-03
2.505666052456945181e-04
-1.190745970234274864e-03
2.412474248558282852e-03
2.705471590161323547e-03
-5.793869495391845703e-04
2.948112087324261665e-03
3.187736263498663902e-03
-2.872451674193143845e-03
2.311610849574208260e-03
-1.826526946388185024e-03
9.001312428154051304e-04
1.998205436393618584e-03
-3.345150034874677658e-03
1.628371654078364372e-03
-3.655295819044113159e-03
3.340780269354581833e-03
