-4.130853340029716492e-04
2.703490899875760078e-03
-3.161897184327244759e-03
-2.701753051951527596e-03
2.297516912221908569e-03
-2.433198736980557442e-03
3.283523954451084137e-03
-2.311162184923887253e-03
2.250994788482785225e-03
-2.661189762875437737e-03
-1.929546007886528969e-03
2.719719304877799004e-05
3.091553691774606705e-03
-1.029651029966771603e-03
-2.090186113491654396e-03
-2.921012928709387779e-04
3.813815070316195488e-03
-2.721797500271350145e-04
-8.854007464833557606e-04
-1.244704588316380978e-03
-2.730302279815077782e-03
-2.440640004351735115e-03
-1.781618688255548477e-03
3.194347722455859184e-03
1.946640433743596077e-03
2.028225135290995240e-04
1.628274563699960709e-03
1.165233086794614792e-03
-2.319107297807931900e-03
3.088675905019044876e-03
2.551314420998096466e-03
2.151575317839160562e-04
1.551111228764057159e-03
-1.354264677502214909e-04
-2.693069865927100182e-03
3.278659190982580185e-03
1.201333012431859970e-03
-3.813765244558453560e-03
1.271609799005091190e-03
3.540337784215807915e-03
-3.812273265793919563e-03
1.650719554163515568e-03
6.100803148001432419e-04
-3.228601999580860138e-03
-1.752673124428838491e-04
-4.620129184331744909e-04
2.315470948815345764e-03
-3.840381745249032974e-03
3.671350423246622086e-04
2.960424637421965599e-03
-2.804545918479561806e-03
-3.467449452728033066e-03
1.338462228886783123e-03
-5.749535921495407820e-05
-1.561305485665798187e-03
1.146028371294960380e-04
-2.013256074860692024e-03
-2.190688159316778183e-03
-3.156544174998998642e-03
3.729067509993910789e-03
-2.756974194198846817e-03
5.697286906070075929e-05
-3.450051415711641312e-03
-1.478796824812889099e-03
1.918478053994476795e-03
1.739678671583533287e-03
8.587125339545309544e-04
1.714481506496667862e-03
-2.524471841752529144e-03
-1.633985782973468304e-03
2.343767089769244194e-03
-2.516367705538868904e-03
-1.677548978477716446e-03
-3.229139256291091442e-04
1.065851887688040733e-03
2.151968190446496010e-03
-4.635824006982147694e-05
4.966073902323842049e-04
8.222064207075163722e-05
-3.695511026307940483e-03
-2.807157579809427261e-03
-6.818448309786617756e-04
-1.496509299613535404e-03
1.307949307374656200e-03
2.434133086353540421e-03
2.617148216813802719e-03
1.597859547473490238e-03
3.135382197797298431e-03
-1.293862005695700645e-03
1.966496929526329041e-03
-2.936236094683408737e-03
-3.532197792083024979e-03
-1.953117316588759422e-03
1.081110793165862560e-03
-3.906678408384323120e-03
2.691976027563214302e-03
-3.385949414223432541e-03
3.204391105100512505e-03
2.998183248564600945e-03
3.423228336032480001e-04
-3.104591974988579750e-03
2.926312154158949852e-03
1.167867216281592846e-03
-3.694068640470504761e-03
2.813627012073993683e-03
-2.282248344272375107e-03
-2.887221518903970718e-03
1.141448621638119221e-03
8.496733062202110887e-05
3.429822390899062157e-03
9.112934931181371212e-04
-4.517068737186491489e-04
-2.071416238322854042e-03
3.215007483959197998e-03
-1.346789300441741943e-03
-2.192668325733393431e-04
3.534492105245590210e-03
-3.693163627758622169e-03
-2.414118265733122826e-03
9.149257675744593143e-04
-1.012496766634285450e-03
-8.894698112271726131e-04
2.061654813587665558e-03
6.360543920891359448e-05
3.726008813828229904e-03
-1.728055882267653942e-03
-3.132542129606008530e-03
1.983845606446266174e-03
-3.834451781585812569e-03
2.542211208492517471e-03
-6.107729277573525906e-04
-1.443204353563487530e-03
-1.537230447866022587e-03
-3.455390979070216417e-04
-3.671934129670262337e-03
-7.017634925432503223e-04
-3.180242143571376801e-03
-2.402427140623331070e-03
2.796861808747053146e-03
2.894084900617599487e-03
-4.309193172957748175e-04
-2.342047402635216713e-03
2.094686497002840042e-03
2.440968528389930725e-03
-2.522258553653955460e-03
1.767482754075899720e-04
-3.274901304394006729e-03
-1.073470804840326309e-03
-3.110042074695229530e-03
-1.607902231626212597e-03
2.280151704326272011e-03
-1.897651934996247292e-03
-3.059689421206712723e-03
2.474781067576259375e-04
2.064943546429276466e-03
1.281161443330347538e-03
8.242666954174637794e-04
-2.672184025868773460e-03
1.077524066204205155e-04
-6.057221908122301102e-04
8.191788947442546487e-05
2.763638040050864220e-03
-3.372625680640339851e-03
3.366426099091768265e-03
-1.049760729074478149e-03
2.607663627713918686e-03
-9.432188235223293304e-04
-1.205664593726396561e-03
-1.633135136216878891e-03
-9.634984889999032021e-04
-2.768806647509336472e-03
-8.857306675054132938e-04
-2.269926946610212326e-03
-6.226680707186460495e-04
-3.019724972546100616e-03
-2.004119101911783218e-03
-1.818854594603180885e-03
-2.583224326372146606e-03
1.744258916005492210e-03
-3.746635513380169868e-03
3.465027781203389168e-03
1.946326810866594315e-03
2.857596613466739655e-03
2.373422728851437569e-03
2.923055551946163177e-03
-1.066053053364157677e-03
-1.034415559843182564e-03
2.704206621274352074e-03
8.376858313567936420e-04
3.613824257627129555e-03
2.850552089512348175e-03
-3.057768335565924644e-03
2.559991320595145226e-03
1.632009400054812431e-03
-3.837145864963531494e-03
-1.891573425382375717e-03
2.453756984323263168e-03
-3.507626010105013847e-03
2.785249613225460052e-03
3.757780883461236954e-03
1.538632903248071671e-03
3.419033950194716454e-03
3.264955012127757072e-03
2.880977233871817589e-03
-2.448558341711759567e-03
-1.573234098032116890e-03
2.071971073746681213e-03
1.583477598614990711e-03
-3.582212142646312714e-03
-1.399915083311498165e-03
2.446176018565893173e-03
-1.110807061195373535e-03
2.427261555567383766e-03
-7.959147333167493343e-04
3.019991563633084297e-03
-3.363896859809756279e-03
-1.237129908986389637e-03
-9.602664504200220108e-04
2.615040866658091545e-03
3.400390269234776497e-03
3.780798288062214851e-03
2.014311496168375015e-03
3.495933255180716515e-03
2.306991489604115486e-03
3.418345935642719269e-03
3.274924354627728462e-03
-5.919430404901504517e-04
-1.710015116259455681e-03
1.326536992564797401e-03
-3.719546133652329445e-03
4.449633997865021229e-04
-9.504005429334938526e-04
3.523810068145394325e-03
3.326366422697901726e-04
-2.999115735292434692e-03
-1.638549729250371456e-03
2.697489690035581589e-03
2.758453774731606245e-04
3.040207549929618835e-03
7.413398125208914280e-04
2.037176163867115974e-03
-1.168715767562389374e-03
1.243262435309588909e-03
3.001816105097532272e-03
-3.208765527233481407e-03
1.848960062488913536e-03
-1.321882009506225586e-03
3.875990165397524834e-03
5.022449186071753502e-04
-2.598911523818969727e-03
3.546913620084524155e-03
-1.822607126086950302e-03
-3.484657034277915955e-03
-2.123974263668060303e-03
1.174168428406119347e-03
-2.643861807882785797e-03
