-2.848875592462718487e-04
2.846554853022098541e-03
1.973763341084122658e-03
-1.262541511096060276e-03
3.499258309602737427e-03
-3.738800762221217155e-03
1.214843592606484890e-03
-4.335400881245732307e-04
-8.048832532949745655e-04
1.847982523031532764e-03
-2.555044600740075111e-03
1.168968039564788342e-03
1.528563327156007290e-03
8.973619696917012334e-05
1.703504472970962524e-03
-7.080482318997383118e-04
-2.746073529124259949e-03
2.609800780192017555e-03
-3.413670230656862259e-03
2.637398894876241684e-03
3.236991353332996368e-03
-2.713595749810338020e-03
-1.147006289102137089e-03
1.556173316203057766e-03
-7.447116659022867680e-04
2.590582240372896194e-03
-2.679382450878620148e-03
-2.313623204827308655e-03
-2.137490781024098396e-03
1.325970049947500229e-03
3.709473880007863045e-03
2.440985292196273804e-03
5.141119254403747618e-05
2.684882609173655510e-03
-7.458940963260829449e-04
-2.277831546962261200e-03
-3.070357721298933029e-03
-2.077663782984018326e-03
-2.410692395642399788e-03
3.025323385372757912e-03
-2.134191337972879410e-03
5.473861237987875938e-04
1.351830665953457355e-03
7.964130782056599855e-05
2.664829371497035027e-03
-1.879403251223266125e-03
-3.834740258753299713e-03
-2.677972428500652313e-03
9.884536266326904297e-04
3.887198865413665771e-03
8.090436458587646484e-04
-3.456578822806477547e-03
-1.496331649832427502e-03
-1.224362757056951523e-03
-3.888125065714120865e-03
-1.159747713245451450e-03
-1.833856804296374321e-03
-2.211735583841800690e-03
6.895826663821935654e-05
4.416614829096943140e-04
-2.350702183321118355e-03
3.284454112872481346e-03
1.386789081152528524e-04
3.038513706997036934e-03
-1.238861004821956158e-03
-4.584721173159778118e-04
-1.104362658224999905e-03
-3.471093019470572472e-03
-2.204489428550004959e-04
2.060778206214308739e-03
6.552538834512233734e-04
1.841891906224191189e-03
-1.364879659377038479e-03
-2.794158412143588066e-03
3.109326353296637535e-03
2.739121671766042709e-03
-1.018560607917606831e-03
-3.708253381773829460e-03
3.519776510074734688e-03
3.554874099791049957e-03
-1.113580889068543911e-03
1.078511937521398067e-03
2.130440203472971916e-03
7.192931952886283398e-04
-1.837211544625461102e-03
2.559856278821825981e-03
1.794575946405529976e-03
-2.112544374540448189e-03
1.278541021747514606e-04
9.040335426107048988e-04
3.128456650301814079e-03
1.980180619284510612e-03
-2.342476742342114449e-03
-3.894244146067649126e-04
-2.267684787511825562e-03
-3.826015861704945564e-03
4.774838744197040796e-04
2.743464196100831032e-03
-2.258570166304707527e-03
-4.881033091805875301e-04
-2.281830413267016411e-03
3.416735853534191847e-04
-6.344222347252070904e-04
-3.257975447922945023e-03
2.835810591932386160e-04
3.610811196267604828e-03
2.162012038752436638e-03
1.450517680495977402e-03
-2.416024683043360710e-03
-1.986633287742733955e-03
1.703052781522274017e-03
2.273986348882317543e-03
2.278174506500363350e-03
-2.121284604072570801e-03
2.479227958247065544e-03
-2.489347709342837334e-03
-9.101278265006840229e-04
2.420183969661593437e-03
-3.195505356416106224e-03
-1.333054271526634693e-03
8.460071403533220291e-04
-3.904192941263318062e-03
-2.435929141938686371e-03
2.697965828701853752e-03
-2.119988668709993362e-03
-2.784762298688292503e-03
-2.933898649644106627e-04
-2.674097195267677307e-03
-3.242759499698877335e-03
4.810023528989404440e-04
-5.580977303907275200e-04
2.819187706336379051e-03
2.984391991049051285e-03
-2.570393960922956467e-03
-4.051136202178895473e-04
-7.495468016713857651e-04
1.680138753727078438e-03
3.871436696499586105e-03
-1.668755547143518925e-03
-8.807439589872956276e-04
8.349824347533285618e-04
-2.436909591779112816e-03
2.726641017943620682e-03
2.447393257170915604e-03
-5.989419878460466862e-04
2.914106007665395737e-03
-2.551354933530092239e-03
-2.713565714657306671e-03
1.911783008836209774e-03
-1.335024135187268257e-03
-3.034690394997596741e-03
-2.221030183136463165e-03
-3.129805205389857292e-03
-2.679941710084676743e-03
1.528658787719905376e-03
-3.040458774194121361e-03
-2.303870161995291710e-03
9.398622787557542324e-04
1.988374628126621246e-03
-3.062752541154623032e-03
3.554607741534709930e-03
-2.646260662004351616e-03
1.776345656253397465e-03
-3.771723015233874321e-03
-3.308163024485111237e-03
-2.240069210529327393e-03
-1.676491345278918743e-03
-1.470034592784941196e-03
-7.311209919862449169e-04
3.590473905205726624e-03
-3.220619168132543564e-03
2.679822267964482307e-03
2.883870620280504227e-03
4.672797804232686758e-04
-2.706677652895450592e-03
2.091343514621257782e-03
3.616479923948645592e-03
3.387808566913008690e-03
1.396306557580828667e-03
2.359178470214828849e-04
1.858669565990567207e-03
2.452555112540721893e-03
1.476342673413455486e-03
-1.492987037636339664e-03
-2.960544778034090996e-03
-1.280857832171022892e-03
2.511919708922505379e-03
1.574993017129600048e-03
6.203562952578067780e-05
-1.011016895063221455e-03
-1.034087617881596088e-03
2.723790239542722702e-03
-2.327492460608482361e-03
1.355577027425169945e-03
2.549618948251008987e-03
-1.507217530161142349e-03
1.327692531049251556e-03
-3.685329575091600418e-03
-2.053957665339112282e-03
-1.260236254893243313e-03
-2.830844838172197342e-03
-1.412408892065286636e-04
-3.827526001259684563e-03
-2.826249226927757263e-03
-1.544780097901821136e-03
6.079959566704928875e-04
3.160390071570873260e-03
-2.363023377256467938e-04
-3.422856098040938377e-03
2.139163203537464142e-03
1.404679263941943645e-03
2.811559243127703667e-03
-1.472057541832327843e-03
3.079892849200405180e-05
-1.851080567575991154e-03
-3.269454231485724449e-03
-2.660748315975070000e-03
3.877042094245553017e-03
-2.873301738873124123e-03
3.392871934920549393e-03
-2.702173311263322830e-03
-1.316416542977094650e-03
1.414108119206503034e-04
-1.863676443463191390e-04
3.048116806894540787e-03
5.080166156403720379e-04
-1.509348512627184391e-03
8.831234299577772617e-04
-1.309509039856493473e-03
5.098967812955379486e-04
-5.852649337612092495e-04
-3.250736277550458908e-03
6.597821484319865704e-04
-2.565900562331080437e-03
-2.677538199350237846e-03
-3.164515946991741657e-04
-2.993857022374868393e-03
1.501106424257159233e-03
2.955259289592504501e-03
3.122038615401834249e-04
-7.178543019108474255e-04
-1.678365981206297874e-03
1.535440911538898945e-03
3.553176531568169594e-03
1.079775276593863964e-03
2.986863488331437111e-03
1.633779174881055951e-04
2.412121742963790894e-03
-3.264773171395063400e-03
1.627268269658088684e-03
1.434484845958650112e-03
-4.846094816457480192e-04
-3.356715664267539978e-03
-3.548133652657270432e-03
1.346894772723317146e-03
-3.174670739099383354e-03
