1.562099670991301537e-03
3.506376408040523529e-03
2.464045304805040359e-03
-5.015545175410807133e-04
-1.163410721346735954e-03
2.746927551925182343e-03
7.816134020686149597e-04
-1.737446989864110947e-03
-1.670555095188319683e-03
6.715387571603059769e-04
2.642994979396462440e-03
2.485260833054780960e-03
-3.067412646487355232e-03
1.316047855652868748e-03
5.495285731740295887e-04
1.479720114730298519e-03
8.315428276546299458e-04
-1.598805538378655910e-03
-1.990966266021132469e-03
-8.749564876779913902e-04
-3.374175401404500008e-03
3.780822036787867546e-03
3.768988419324159622e-03
-1.858072471804916859e-03
2.034453442320227623e-03
3.413043305044993758e-05
-2.407010179013013840e-03
-1.888496335595846176e-03
3.712640143930912018e-03
6.999320467002689838e-04
-1.096187508665025234e-03
2.670084824785590172e-03
3.088289406150579453e-03
5.717188469134271145e-04
-2.060859696939587593e-03
-3.629991784691810608e-03
-1.034547225572168827e-03
-2.130212495103478432e-03
-3.715668804943561554e-03
-3.340472467243671417e-03
3.873172681778669357e-03
3.929885860998183489e-04
-1.705119735561311245e-03
-3.767309943214058876e-03
-2.676811069250106812e-03
3.530655754730105400e-03
1.462383777834475040e-03
3.107193624600768089e-03
-1.916875480674207211e-03
2.337200334295630455e-03
1.416006998624652624e-04
-2.423855708912014961e-03
-8.594133541919291019e-04
3.368553938344120979e-03
9.751780307851731777e-04
1.987190218642354012e-03
-1.173087861388921738e-03
1.360798953101038933e-03
3.273442853242158890e-03
-3.268354106694459915e-03
1.307827304117381573e-03
-3.271003253757953644e-03
1.290445099584758282e-03
5.816498887725174427e-04
-1.869337516836822033e-03
-2.605694113299250603e-03
2.871369477361440659e-03
8.908348972909152508e-04
1.780942664481699467e-03
2.769432729110121727e-03
3.205673419870436192e-04
-3.421742876525968313e-04
2.014330355450510979e-03
-1.808238885132595897e-04
-1.413626712746918201e-03
2.664143685251474380e-03
2.576553029939532280e-03
-1.677155843935906887e-03
-1.600948628038167953e-03
-3.072727937251329422e-03
2.982428064569830894e-03
5.473447381518781185e-04
-7.868107786634936929e-05
-1.173178752651438117e-04
6.412548245862126350e-04
2.311823889613151550e-03
-1.820200821384787560e-03
-1.987695868592709303e-04
-1.538211712613701820e-03
3.701834240928292274e-03
2.019840758293867111e-03
-1.494382042437791824e-03
-1.130592892877757549e-03
2.787421690300107002e-03
2.068959583994001150e-04
-2.807767596095800400e-03
-1.173891243524849415e-03
-3.281075973063707352e-03
1.720664789900183678e-03
-9.425996104255318642e-04
2.501061884686350822e-03
-3.432833822444081306e-03
1.123911351896822453e-03
-7.840786711312830448e-04
-1.090833218768239021e-03
-4.965652478858828545e-04
-1.677908352576196194e-03
3.174257464706897736e-03
-7.624874124303460121e-04
-3.193407319486141205e-03
-2.348831389099359512e-03
-2.662641636561602354e-04
2.699542383197695017e-04
-2.003872767090797424e-03
3.099283901974558830e-03
-4.475798778003081679e-05
1.404169364832341671e-03
-1.968744676560163498e-03
9.248747373931109905e-04
1.295087975449860096e-03
1.088546050596050918e-04
2.368160057812929153e-03
2.986889798194169998e-03
-3.107932861894369125e-03
4.938368801958858967e-04
-1.229082932695746422e-03
3.542408114299178123e-03
4.396546282805502415e-04
-1.583618577569723129e-04
-3.069833852350711823e-03
-3.690203186124563217e-03
4.296499828342348337e-04
-3.370681079104542732e-03
1.808175817131996155e-03
3.283225465565919876e-03
2.634868491441011429e-03
3.485377412289381027e-03
8.322665962623432279e-05
-2.119083510478958488e-04
8.168501663021743298e-04
-7.183385896496474743e-04
-6.341552361845970154e-04
-2.138315932825207710e-03
2.006781520321965218e-03
-2.195966895669698715e-03
1.990963704884052277e-03
3.614229848608374596e-03
-2.531446283683180809e-03
2.013257180806249380e-04
-1.637958484934642911e-04
3.429207485169172287e-03
-4.474740999285131693e-04
-1.275574555620551109e-03
-2.055878285318613052e-03
-1.591871492564678192e-03
-3.793901531025767326e-03
3.651572391390800476e-03
-1.970596611499786377e-03
-3.232000395655632019e-03
-7.393998675979673862e-04
1.418531057424843311e-03
-2.956718904897570610e-03
-1.184846274554729462e-03
-3.174228128045797348e-03
2.836719853803515434e-03
-3.249114844948053360e-03
-2.495071617886424065e-03
-1.951845944859087467e-03
1.153234275989234447e-03
1.004364807158708572e-03
2.597824903205037117e-03
-2.853165147826075554e-03
-1.988570671528577805e-03
-9.388027829118072987e-04
-1.095073912438238040e-05
-8.516177767887711525e-04
-1.476871315389871597e-03
-3.348826197907328606e-03
-1.274576759897172451e-03
-1.728492556139826775e-03
-2.356332028284668922e-03
-2.986729377880692482e-03
-2.887179725803434849e-04
1.900940318591892719e-03
-2.936989068984985352e-03
-3.410428762435913086e-03
3.037699963897466660e-03
-2.889311406761407852e-03
3.257593372836709023e-03
-2.114705508574843407e-03
-1.318453578278422356e-03
-1.676751271588727832e-04
-2.818124485202133656e-04
3.783901687711477280e-03
3.526410553604364395e-03
1.778497244231402874e-03
2.371513051912188530e-03
-2.313321223482489586e-03
-2.851339057087898254e-03
5.933861248195171356e-04
-1.270676497370004654e-03
2.745850710198283195e-03
-3.604804398491978645e-03
5.346740945242345333e-04
-1.632571918889880180e-03
-2.987653948366641998e-03
2.327622845768928528e-03
2.886596368625760078e-03
3.331952495500445366e-03
-3.449091920629143715e-03
-3.035656409338116646e-03
2.219790127128362656e-03
3.306745318695902824e-03
2.221766859292984009e-03
-1.984724076464772224e-03
1.741786603815853596e-03
-2.583047142252326012e-03
-5.838937358930706978e-04
-3.193593118339776993e-03
-1.533900795038789511e-04
-3.295647678896784782e-03
2.361147664487361908e-03
1.992973731830716133e-03
-1.261628058273345232e-04
1.191631192341446877e-03
-2.590620424598455429e-03
-3.673727624118328094e-03
-3.874839458148926497e-04
-2.090807771310210228e-03
-2.214030362665653229e-03
1.755779609084129333e-03
-9.014335810206830502e-04
2.918420592322945595e-03
-2.495308173820376396e-03
2.559681423008441925e-03
3.423305926844477654e-03
-1.327119418419897556e-03
4.736029659397900105e-04
9.586433297954499722e-04
6.250494625419378281e-04
8.195253903977572918e-04
2.391820074990391731e-03
3.361693583428859711e-03
9.557359735481441021e-04
-1.691999263130128384e-03
-1.289921114221215248e-03
2.504059812054038048e-04
-1.118959989980794489e-04
2.039310347754508257e-04
-1.616437919437885284e-03
3.808686276897788048e-03
-3.882566466927528381e-03
1.750915078446269035e-03
-5.632000920741120353e-06
6.806905148550868034e-04
2.567635616287589073e-03
