2.589537529274821281e-03
-7.818588055670261383e-04
-3.654115367680788040e-03
-2.608145121484994888e-03
2.015886129811406136e-03
-3.096092492341995239e-03
-3.400483168661594391e-03
-5.716824671253561974e-04
-2.006548224017024040e-03
7.871310808695852757e-04
1.523334183730185032e-03
-1.062386436387896538e-03
2.605508780106902122e-03
-3.873691020999103785e-04
1.149157178588211536e-03
1.816874253563582897e-03
2.557717729359865189e-03
-3.525071311742067337e-03
-2.516193781048059464e-04
2.647750661708414555e-04
3.832944668829441071e-03
2.749843057245016098e-03
-2.924213418737053871e-03
3.651691600680351257e-03
-1.456670812331140041e-03
-1.883517601527273655e-03
1.459238847019150853e-04
2.232331084087491035e-03
-3.288381965830922127e-03
1.144649577327072620e-03
-2.636608434841036797e-03
-3.322473028674721718e-03
-1.800358179025352001e-03
3.361023031175136566e-03
3.855985123664140701e-03
1.667423290200531483e-03
-2.731437853071838617e-04
-2.981184283271431923e-03
9.443184535484761000e-05
5.053891800343990326e-04
7.956507615745067596e-04
3.585734171792864799e-03
-3.160861553624272346e-03
4.796620924025774002e-04
-2.494635991752147675e-03
-9.363522985950112343e-04
8.122186409309506416e-05
-1.428947085514664650e-03
-6.277619977481663227e-04
4.921953659504652023e-04
2.094459952786564827e-03
-1.054139109328389168e-03
1.793939736671745777e-03
-1.728020026348531246e-03
2.399967161181848496e-05
3.189408453181385994e-03
-1.306232414208352566e-03
3.774345153942704201e-03
6.207482656463980675e-04
-1.518046017736196518e-03
-3.222321160137653351e-03
3.399888053536415100e-03
-2.007951028645038605e-03
-2.332568401470780373e-03
-1.241802237927913666e-03
-1.395982340909540653e-03
7.529796130256727338e-05
-2.984099322929978371e-03
1.819050870835781097e-03
-3.117554821074008942e-03
1.791667018551379442e-04
-3.355870954692363739e-03
3.483165754005312920e-03
-2.358159283176064491e-03
8.431361638940870762e-04
-1.891095074824988842e-03
-3.125024086330085993e-04
1.803583465516567230e-03
3.777552396059036255e-03
2.659263089299201965e-03
-2.160495612770318985e-03
3.238636068999767303e-03
-1.124714384786784649e-03
1.756877405568957329e-03
2.370783826336264610e-03
1.503218198195099831e-03
4.481521609704941511e-04
-2.406316343694925308e-04
2.463991586409974843e-05
-2.395092888036742806e-04
-1.315019908361136913e-03
2.346554072573781013e-03
7.092768792062997818e-04
-1.628623344004154205e-03
2.587565919384360313e-03
-1.175869838334619999e-03
8.319135522469878197e-04
-1.378269866108894348e-03
2.403635298833250999e-03
2.602646360173821449e-03
1.905664335936307907e-03
1.669598859734833241e-04
-3.501635976135730743e-03
-6.725246785208582878e-04
-9.833794320002198219e-04
8.843578398227691650e-04
-6.785999867133796215e-04
2.884818008169531822e-03
-3.638376947492361069e-03
1.975409919396042824e-03
-2.651505172252655029e-03
2.595831872895359993e-03
3.608336905017495155e-03
3.067147452384233475e-03
-2.823457121849060059e-03
-2.957315882667899132e-04
1.134394551627337933e-03
1.512366696260869503e-03
-1.084556919522583485e-03
2.865204354748129845e-03
8.446191786788403988e-04
-3.589667612686753273e-03
-2.508737845346331596e-03
-2.118002157658338547e-03
-1.033429056406021118e-03
-2.034661825746297836e-03
3.223883220925927162e-03
-2.177626825869083405e-03
-1.262864680029451847e-03
-1.442776992917060852e-03
8.857376524247229099e-04
-3.492297139018774033e-03
-4.032015567645430565e-04
3.115269588306546211e-03
-1.294984598644077778e-03
3.715814556926488876e-03
1.715057995170354843e-03
3.346946788951754570e-03
-8.103533182293176651e-04
2.884820103645324707e-03
-1.960080349817872047e-03
6.054103723727166653e-04
-2.251287456601858139e-03
2.641166327521204948e-03
-1.558948191814124584e-03
1.565387821756303310e-03
-5.059581962996162474e-05
1.858804491348564625e-03
1.958006032509729266e-04
1.722074695862829685e-03
-2.324835862964391708e-03
-2.344670705497264862e-03
1.191461342386901379e-03
-1.833042246289551258e-03
-1.355250948108732700e-03
2.145634964108467102e-03
-1.745460322126746178e-03
-3.577033523470163345e-03
-3.802906256169080734e-03
3.036605659872293472e-03
-3.020813921466469765e-03
3.091662656515836716e-03
-3.202234860509634018e-03
3.227590583264827728e-03
3.091890132054686546e-03
1.078533241525292397e-03
-2.334201941266655922e-03
-2.657908247783780098e-03
-2.172796521335840225e-03
-2.219100017100572586e-03
2.149635520254378207e-06
1.981026958674192429e-03
2.889838942792266607e-04
-8.683481719344854355e-04
-1.349498234048951417e-05
-2.385101513937115669e-03
3.534821094945073128e-03
6.132340640760958195e-04
3.845772705972194672e-03
-3.137443854939192533e-04
3.521170234307646751e-03
3.329395782202482224e-03
-3.067741403356194496e-03
-1.197506906464695930e-03
1.210588146932423115e-03
1.507093082182109356e-03
2.498676476534456015e-04
-1.597816473804414272e-03
-1.276298775337636471e-03
1.028745085932314396e-03
-2.656198572367429733e-03
-7.026936509646475315e-04
4.904215456917881966e-04
2.111367182806134224e-03
-1.477403333410620689e-03
-1.793804112821817398e-03
1.837867661379277706e-03
2.517297398298978806e-03
2.494056010618805885e-03
1.449931180104613304e-03
1.594632165506482124e-03
1.235994859598577023e-03
2.613420598208904266e-03
2.126928418874740601e-03
1.386025338433682919e-03
3.653645981103181839e-03
-1.809063483960926533e-03
-2.209455939009785652e-03
6.434354581870138645e-04
1.864187506726011634e-04
-1.274751150049269199e-03
3.398717381060123444e-03
6.506864447146654129e-04
-1.641402835957705975e-03
2.899927552789449692e-03
-1.037556939991191030e-04
1.680731540545821190e-03
3.048628102988004684e-03
-9.338118252344429493e-04
1.992472913116216660e-03
1.214683055877685547e-03
1.792522729374468327e-03
-3.020197618752717972e-03
2.629373222589492798e-03
-1.695262850262224674e-03
1.090041710995137691e-03
3.767471294850111008e-03
-4.742233722936362028e-04
1.964052673429250717e-03
2.893781289458274841e-03
-2.665622392669320107e-03
-1.610913896001875401e-03
3.387818345800042152e-03
-1.921079005114734173e-03
-2.369064604863524437e-03
3.651572915259748697e-04
5.777970072813332081e-04
2.858470892533659935e-03
2.231083577498793602e-03
1.629079226404428482e-03
-3.280414966866374016e-03
-3.676596796140074730e-03
2.473926404491066933e-03
-3.654874162748456001e-03
2.764058066532015800e-03
-3.450540360063314438e-03
-2.010712632909417152e-04
-7.455904269590973854e-04
-2.798260888084769249e-03
6.612644647248089314e-04
-1.401316956616938114e-03
-1.995672937482595444e-04
2.843102673068642616e-03
-2.571844088379293680e-04
2.469100290909409523e-03
3.728121286258101463e-03
