5.464762798510491848e-04
2.717684954404830933e-03
1.443002256564795971e-03
2.786672674119472504e-03
-1.829257234930992126e-03
-5.118776462040841579e-04
1.387705677188932896e-03
-1.505728927440941334e-03
-3.534414805471897125e-03
-3.809486050158739090e-03
9.772443445399403572e-04
-3.217968333046883345e-04
-2.418717194814234972e-04
2.252443227916955948e-04
2.989158499985933304e-03
2.074667019769549370e-03
3.811163362115621567e-03
-3.739427193067967892e-04
-9.143275092355906963e-04
-1.424598507583141327e-03
1.402515103109180927e-03
1.483574626035988331e-03
6.154207512736320496e-04
-3.435504622757434845e-03
7.508126436732709408e-04
1.938630477525293827e-03
-2.683903090655803680e-03
-7.038971525616943836e-04
3.194783057551831007e-04
-1.152108423411846161e-03
-1.998371910303831100e-03
2.287632785737514496e-03
-1.602814882062375546e-03
-3.475733567029237747e-03
-2.248862292617559433e-03
2.925797598436474800e-03
4.115941701456904411e-04
2.996990515384823084e-04
-3.175760619342327118e-03
-2.357547200517728925e-04
3.146278671920299530e-03
1.139303552918136120e-03
-1.256674062460660934e-03
-1.063219504430890083e-03
2.013844903558492661e-03
-3.509275149554014206e-03
-3.467712376732379198e-04
1.998948631808161736e-03
2.964383922517299652e-03
-3.331517800688743591e-03
1.347414101473987103e-03
-2.885277615860104561e-03
-2.923941938206553459e-03
-2.186978003010153770e-03
2.141326200217008591e-03
-3.673235420137643814e-03
-1.870486652478575706e-03
-3.291594097390770912e-03
8.881033863872289658e-04
2.879559760913252831e-03
-6.048077484592795372e-04
2.439070260152220726e-03
-6.049702060408890247e-04
-3.380190115422010422e-03
1.474363962188363075e-03
-3.156592836603522301e-03
8.713510469533503056e-04
3.253895556554198265e-03
-4.428000579537183512e-07
-3.285587998107075691e-03
1.439013169147074223e-03
-1.733872224576771259e-03
6.884417962282896042e-04
-9.851175127550959587e-04
2.673764480277895927e-03
-2.054786309599876404e-03
1.384990406222641468e-03
3.163399174809455872e-03
-3.446636022999882698e-03
-2.557528903707861900e-03
-2.294669626280665398e-03
1.807414344511926174e-03
-3.739080857485532761e-04
-2.768732840195298195e-03
-3.611341817304491997e-03
2.623802982270717621e-03
2.935353899374604225e-03
-3.579690121114253998e-03
-3.778886515647172928e-03
1.437242957763373852e-03
2.350963652133941650e-03
2.720423508435487747e-03
-2.488990779966115952e-03
2.675670257303863764e-04
-3.887640545144677162e-03
2.008404815569519997e-03
-2.299131359905004501e-03
2.371248323470354080e-03
3.326736856251955032e-03
1.802355982363224030e-03
1.688248827122151852e-03
3.404976101592183113e-03
2.204590011388063431e-03
2.765398239716887474e-04
-1.446827431209385395e-03
1.591750537045300007e-03
-9.180671186186373234e-04
-1.985008828341960907e-03
3.552249108906835318e-04
2.988158958032727242e-03
1.503933686763048172e-03
1.571516506373882294e-03
2.819843357428908348e-03
2.615363104268908501e-03
2.949943300336599350e-03
-1.314318156801164150e-03
9.398008696734905243e-04
-1.359164016321301460e-03
-2.255375497043132782e-03
-2.147333230823278427e-03
-3.882115706801414490e-03
-1.633949810639023781e-03
-1.335728680714964867e-03
-8.763135410845279694e-04
-6.694173207506537437e-04
2.228518947958946228e-03
2.978345728479325771e-04
2.302917419001460075e-03
2.551042940467596054e-03
7.161303074099123478e-04
-1.696456107310950756e-03
-2.009843243286013603e-03
3.485077526420354843e-03
-2.008500741794705391e-03
-2.911112271249294281e-03
-1.776481862179934978e-03
-2.897573867812752724e-03
5.548012559302151203e-04
3.221470164135098457e-03
1.479280996136367321e-03
-2.339228754863142967e-03
9.148930548690259457e-04
1.941884052939713001e-03
-3.788215341046452522e-03
4.121945239603519440e-04
-8.636167040094733238e-04
3.080589696764945984e-03
2.423042664304375648e-03
-3.307365812361240387e-03
9.316660580225288868e-04
-5.191079108044505119e-04
3.009327221661806107e-03
2.937968121841549873e-03
1.712594879791140556e-03
1.068601850420236588e-03
5.177367129363119602e-04
-1.584944780915975571e-03
1.875219866633415222e-03
9.994872380048036575e-04
1.864130841568112373e-03
2.442286117002367973e-03
-7.275196840055286884e-04
-5.300266784615814686e-04
2.406115876510739326e-03
-2.939694793894886971e-03
1.792736933566629887e-03
-5.565445171669125557e-04
1.463914639316499233e-03
9.557363227941095829e-04
-3.550424473360180855e-03
-1.863168552517890930e-03
2.646898850798606873e-03
-8.532672654837369919e-04
-2.995122456923127174e-03
-2.156954025849699974e-03
-3.116006555501371622e-04
8.350776042789220810e-04
-5.914661451242864132e-04
2.532724465709179640e-04
2.411070745438337326e-03
1.645787036977708340e-03
-1.736116711981594563e-03
1.383171416819095612e-03
1.919640271808020771e-05
3.175603458657860756e-03
1.087587297661229968e-04
-2.086908207274973392e-04
-2.490048529580235481e-03
-2.388879889622330666e-03
-1.848137006163597107e-03
-2.343982225283980370e-03
1.177907106466591358e-03
2.389654546277597547e-04
1.163782202638685703e-03
-1.171485171653330326e-03
-2.573514357209205627e-04
-2.821874106302857399e-03
3.272379981353878975e-03
3.606904530897736549e-03
1.940466696396470070e-03
-2.236354397609829903e-03
3.289547283202409744e-03
-1.327606732957065105e-03
3.245110623538494110e-03
-1.939681242220103741e-03
-1.805905601941049099e-03
-1.046648016199469566e-03
3.662245115265250206e-03
7.279103738255798817e-04
3.277064766734838486e-03
-1.851088833063840866e-03
6.499849841929972172e-04
1.603683922439813614e-03
-2.270296216011047363e-03
-3.491118084639310837e-03
-3.242538543418049812e-03
1.098768916563130915e-04
-3.782173153012990952e-03
-3.608679864555597305e-03
1.941681141033768654e-03
-1.436313148587942123e-03
-3.691413206979632378e-03
3.714029444381594658e-03
3.366683842614293098e-03
-3.757558763027191162e-03
6.610311102122068405e-04
1.314656925387680531e-03
2.337752608582377434e-03
3.188359085470438004e-03
-1.642875722609460354e-03
-7.526901317760348320e-04
2.001611981540918350e-03
-2.759539289399981499e-03
2.062442945316433907e-03
1.265911385416984558e-03
2.132726222043856978e-04
3.167547285556793213e-03
-3.610059618949890137e-03
3.385236952453851700e-03
1.089780125766992569e-03
-2.272361656650900841e-03
2.391386311501264572e-03
-1.359143876470625401e-03
3.484404587652534246e-04
2.309353323653340340e-03
-3.759722923859953880e-03
-1.080228103091940284e-04
-3.738069441169500351e-03
2.619139151647686958e-03
1.640222501009702682e-03
-3.381195710971951485e-03
2.382815349847078323e-03
-1.318070804700255394e-03
7.632813067175447941e-04
-3.750427626073360443e-03
2.256091975141316652e-04
