-1.101580914109945297e-03
-9.599695331417024136e-04
-2.031147159868851304e-04
-2.205555501859635115e-04
-1.766516128554940224e-03
-3.133186139166355133e-03
-3.642227675300091505e-04
4.322562890592962503e-04
5.034032510593533516e-04
-3.796101314947009087e-03
-3.197758458554744720e-03
-3.553010057657957077e-03
1.977735664695501328e-03
1.012126100249588490e-03
3.426323411986231804e-03
3.171623684465885162e-03
3.618268063291907310e-03
1.189744332805275917e-03
1.261042547412216663e-03
2.809855621308088303e-03
1.616616034880280495e-03
9.807313326746225357e-04
3.577241441234946251e-03
2.421608660370111465e-03
-2.871052362024784088e-03
3.002530662342905998e-03
-3.292604582384228706e-03
-9.315104107372462749e-04
1.933475723490118980e-03
-3.873204579576849937e-03
3.620963543653488159e-03
-3.268075641244649887e-03
1.216747215948998928e-03
9.743575938045978546e-04
-1.117714331485331059e-03
1.259819488041102886e-03
-1.237770775333046913e-03
-3.146630013361573219e-03
-1.435445155948400497e-03
1.630440237931907177e-03
-3.007767256349325180e-03
3.788380883634090424e-03
-3.894498571753501892e-03
2.099353820085525513e-03
2.591065131127834320e-03
1.788182300515472889e-03
2.138335548806935549e-05
2.355360484216362238e-04
2.583903726190328598e-03
2.324448432773351669e-03
1.794271520338952541e-03
-1.597045105881989002e-03
-9.057610877789556980e-04
2.753104316070675850e-03
1.522782375104725361e-03
-1.262548030354082584e-03
-3.906478639692068100e-03
2.372350310906767845e-03
-1.519661745987832546e-03
1.828714041039347649e-03
1.738106948323547840e-03
3.910773433744907379e-03
-8.208585786633193493e-04
-1.041998621076345444e-03
-2.007468865485861897e-04
-1.412888523191213608e-03
9.104725322686135769e-04
-3.195697907358407974e-03
-3.476907964795827866e-03
2.679388970136642456e-03
-3.592819266486912966e-04
1.988143660128116608e-03
-2.665926003828644753e-03
2.576692728325724602e-03
-2.347346860915422440e-03
2.755766618065536022e-04
-3.610031446442008018e-03
-2.092020353302359581e-03
7.914095767773687840e-04
-2.713217632845044136e-03
1.426678616553544998e-03
-3.709217067807912827e-03
8.447506697848439217e-04
1.466541900299489498e-03
7.208489114418625832e-04
-2.845887793228030205e-03
1.140472741099074483e-04
2.464866265654563904e-03
-1.121085020713508129e-03
3.186166053637862206e-03
-1.181054743938148022e-03
2.043588028755038977e-04
2.053035190328955650e-03
3.825082909315824509e-03
-2.134105656296014786e-03
-2.081169048324227333e-03
-2.794035943225026131e-03
3.736069658771157265e-03
-2.769393177004531026e-05
-3.291037166491150856e-03
-1.896642032079398632e-03
7.387100486084818840e-04
-1.883625285699963570e-03
-2.601557411253452301e-03
2.092719078063964844e-03
-1.081758877262473106e-03
3.884761128574609756e-03
-2.904282649978995323e-03
-3.167356830090284348e-03
-1.727222697809338570e-03
-5.144064780324697495e-04
-2.712675370275974274e-03
-1.119235763326287270e-03
-2.193603198975324631e-03
4.122882965020835400e-04
3.867221530526876450e-03
2.273439196869730949e-03
9.709334699437022209e-04
-2.338008489459753036e-03
1.972692552953958511e-03
2.893347525969147682e-03
2.114147355314344168e-04
-2.965959953144192696e-03
2.498316112905740738e-03
-1.607057405635714531e-03
1.318621332757174969e-03
-2.313593868166208267e-03
-1.739673083648085594e-03
-3.083475166931748390e-03
3.167815273627638817e-03
-1.581596094183623791e-03
-3.525411942973732948e-03
7.385861827060580254e-04
2.441592223476618528e-04
-1.780845574103295803e-03
-3.757340833544731140e-03
-1.339980866760015488e-03
8.090494666248559952e-04
3.822788596153259277e-03
-3.134438768029212952e-03
-2.067970111966133118e-03
-3.556166193448007107e-04
2.265492454171180725e-03
-1.289481646381318569e-03
-9.629497071728110313e-04
-3.259279532358050346e-03
-5.920297553529962897e-05
1.906023127958178520e-03
-1.639970694668591022e-03
-9.630283457227051258e-04
-5.833820905536413193e-04
9.082613396458327770e-04
-2.242693211883306503e-03
-3.364171134307980537e-03
-2.764308359473943710e-03
-3.667969489470124245e-03
1.104965223930776119e-03
3.260970581322908401e-03
-1.841198769398033619e-03
-2.608013805001974106e-03
1.841056044213473797e-03
-3.553010523319244385e-03
1.558311167173087597e-03
3.393483348190784454e-04
-6.465766928158700466e-04
1.094013568945229053e-03
-2.148058731108903885e-03
3.682090668007731438e-03
7.735379040241241455e-04
2.879891078919172287e-03
-1.721882290439680219e-04
2.786685945466160774e-03
-1.527888933196663857e-03
-1.821703277528285980e-03
-8.828848949633538723e-04
-3.175423713400959969e-03
2.847802126780152321e-03
-1.206292508868500590e-04
1.459461753256618977e-03
-2.344059990718960762e-03
1.535053015686571598e-03
-2.788614016026258469e-03
-1.284477766603231430e-03
2.200966700911521912e-03
5.195583798922598362e-04
3.164577065035700798e-03
-2.104726736433804035e-04
3.815738309640437365e-04
-2.929654903709888458e-03
-1.749961636960506439e-03
2.804425312206149101e-03
1.819583703763782978e-04
1.846607337938621640e-04
3.163012734148651361e-04
1.768688904121518135e-03
-1.854904345236718655e-03
-1.898154965601861477e-03
2.334984950721263885e-03
2.397201023995876312e-03
-1.134747522883117199e-03
-2.375583164393901825e-03
-1.729467418044805527e-03
1.489474903792142868e-03
1.746648456901311874e-03
-1.862992881797254086e-03
-3.204109380021691322e-03
-1.879629329778254032e-03
-3.592362161725759506e-03
-7.600426324643194675e-04
-6.427674670703709126e-04
5.752129800384864211e-05
1.248604967258870602e-04
8.149200584739446640e-04
1.239219098351895809e-03
-1.637973356992006302e-03
-3.165738424286246300e-03
-3.602965734899044037e-03
-3.037931164726614952e-03
1.409078598953783512e-03
1.085837837308645248e-03
1.610960578545928001e-03
1.278660609386861324e-03
-1.475771772675216198e-03
-8.444981649518013000e-04
3.105665557086467743e-03
-1.758383121341466904e-03
-2.956425072625279427e-03
3.711483441293239594e-03
-5.064030410721898079e-04
-3.132970770820975304e-03
-1.978303771466016769e-03
-1.916324021294713020e-03
-1.978542568394914269e-04
8.079099934548139572e-04
-2.368275541812181473e-03
-8.558699628338217735e-04
-1.653934130445122719e-03
2.287226496264338493e-03
3.128432668745517731e-03
1.308768172748386860e-03
2.075078198686242104e-03
3.516166936606168747e-03
1.839943579398095608e-03
-1.454940997064113617e-03
-1.882168464362621307e-03
-1.319767208769917488e-03
-1.399695989675819874e-03
-3.169075818732380867e-03
1.397890155203640461e-04
-2.468275139108300209e-03
-2.182807307690382004e-03
-1.047231606207787991e-03
-1.972050406038761139e-03
1.902080955915153027e-03
-2.149230422219261527e-04
-9.843654697760939598e-04
