-1.144582638517022133e-03
9.882665472105145454e-04
-3.735325066372752190e-03
2.167274476960301399e-03
-7.677446701563894749e-04
3.861654782667756081e-03
2.461295342072844505e-03
1.382071408443152905e-03
-3.852062858641147614e-03
1.899684080854058266e-03
3.244660096243023872e-03
-2.311279997229576111e-03
-3.341147443279623985e-03
-2.555143786594271660e-03
1.787618151865899563e-03
1.932150218635797501e-03
1.047434401698410511e-03
2.571041695773601532e-03
3.745912341400980949e-03
3.807205474004149437e-03
-1.147378585301339626e-03
2.200666116550564766e-03
1.674055703915655613e-03
1.299214782193303108e-03
1.018240698613226414e-03
2.480714814737439156e-03
1.150569587480276823e-04
-1.086176955141127110e-03
1.321388990618288517e-03
-2.322024898603558540e-03
2.680361038073897362e-03
1.308383303694427013e-03
-1.471632393077015877e-03
1.644300995394587517e-03
-3.776032943278551102e-03
-9.081300813704729080e-04
9.558344027027487755e-04
-1.986143877729773521e-03
1.443321118131279945e-03
-8.805076358839869499e-04
2.187366597354412079e-03
-1.873621600680053234e-03
3.743315814062952995e-03
6.099987658672034740e-04
-3.737033577635884285e-03
-1.386414514854550362e-03
1.902529038488864899e-03
2.433374291285872459e-03
5.040331743657588959e-04
-2.081785351037979126e-03
-2.992694731801748276e-03
-2.583478577435016632e-03
2.450091298669576645e-03
-2.070758258923888206e-03
-2.599210012704133987e-03
-2.780681475996971130e-03
1.086833886802196503e-03
-2.186723984777927399e-03
-3.589387983083724976e-03
-2.186418045312166214e-03
-9.483085887040942907e-05
-1.486473949626088142e-03
-1.726291491650044918e-03
2.504259115085005760e-03
-1.245664316229522228e-04
-2.089611021801829338e-03
-2.681402023881673813e-03
4.476532631088048220e-04
-1.884881756268441677e-03
-2.547376556321978569e-03
-1.637362060137093067e-03
1.692353049293160439e-03
3.040988463908433914e-03
-1.010892083286307752e-05
-9.900585282593965530e-04
1.236377866007387638e-03
3.202143358066678047e-03
-1.538399490527808666e-03
1.403347472660243511e-03
-7.631268235854804516e-04
3.668317804113030434e-03
-1.938875182531774044e-03
-3.316850634291768074e-03
-4.065456159878522158e-04
2.622854430228471756e-03
-1.085492898710072041e-03
2.754266897682100534e-04
-2.094968687742948532e-03
1.278433715924620628e-03
-1.592188637005165219e-04
-7.634853245690464973e-04
2.701139776036143303e-03
3.120925510302186012e-03
-2.618336351588368416e-03
-1.087992219254374504e-03
3.713126992806792259e-03
-1.393952639773488045e-03
-6.860822322778403759e-04
-3.579880809411406517e-03
1.235213945619761944e-03
-2.260657493025064468e-03
-2.296157181262969971e-03
8.733774884603917599e-04
3.493431489914655685e-03
-2.920714672654867172e-03
3.778327023610472679e-03
2.168044447898864746e-03
1.854646019637584686e-03
-1.292707398533821106e-03
-1.751171657815575600e-03
-1.434384495951235294e-03
-3.646951518021523952e-04
-2.898473292589187622e-03
3.323492361232638359e-03
-3.733855206519365311e-03
1.432377030141651630e-03
-2.418693620711565018e-03
9.631317807361483574e-04
2.716758986935019493e-03
-3.676368505693972111e-04
2.750103361904621124e-03
-3.155714466629433446e-06
2.382803009822964668e-03
-2.532910555601119995e-03
2.764758886769413948e-03
-4.913348820991814137e-04
-2.324438886716961861e-03
3.892600303515791893e-03
2.558045322075486183e-03
-2.669717185199260712e-03
-3.072033636271953583e-03
-5.178629071451723576e-04
3.306955099105834961e-03
3.258726326748728752e-03
-1.900638744700700045e-04
-3.053981112316250801e-03
4.055758181493729353e-04
-2.267634554300457239e-04
-3.436141414567828178e-03
-3.386538010090589523e-04
-1.845148042775690556e-03
2.358478959649801254e-03
3.259376389905810356e-03
-1.749864197336137295e-03
-8.699141471879556775e-05
-3.598989918828010559e-03
5.947193712927401066e-04
-5.681301699951291084e-04
-1.099128974601626396e-03
2.756334608420729637e-03
-1.617599860765039921e-03
3.317177761346101761e-03
5.753901787102222443e-04
1.357665401883423328e-03
-3.858124138787388802e-03
-1.915387692861258984e-04
1.069190911948680878e-03
-6.594710284844040871e-04
3.955362481065094471e-04
-6.367243477143347263e-04
-1.448945724405348301e-03
-1.300102565437555313e-03
-2.207996323704719543e-03
1.173218013718724251e-03
3.586431732401251793e-03
-1.850948785431683064e-03
6.307781441137194633e-04
3.579564858227968216e-03
7.709534256719052792e-04
-2.868508454412221909e-03
-2.652449533343315125e-03
1.964321592822670937e-03
-2.553731203079223633e-03
-2.625946654006838799e-03
-6.909780786372721195e-04
3.865050151944160461e-03
-4.002414643764495850e-04
-1.203003688715398312e-03
-3.845055121928453445e-03
1.950304489582777023e-03
3.752418328076601028e-03
-4.523424431681632996e-04
1.278781332075595856e-03
-1.323954551480710506e-03
3.799139289185404778e-03
-1.756307785399258137e-03
-9.825784945860505104e-04
1.934652100317180157e-03
-2.829370321705937386e-03
1.281063305214047432e-03
8.776966133154928684e-04
3.466844558715820312e-03
3.671491285786032677e-03
2.861572895199060440e-03
2.406301675364375114e-03
1.333695021457970142e-03
-1.176595687866210938e-04
-1.811596797779202461e-03
1.785432687029242516e-03
-8.844059630064293742e-05
3.304963232949376106e-03
-3.483150387182831764e-03
-2.005064859986305237e-03
-1.456432160921394825e-03
9.115948341786861420e-04
3.795231692492961884e-03
3.215376054868102074e-03
-3.105008974671363831e-03
6.296102656051516533e-04
-4.615208017639815807e-04
-2.003323519602417946e-03
-3.325087716802954674e-03
2.007584553211927414e-03
-6.105152424424886703e-04
-2.116650342941284180e-03
-5.576065741479396820e-04
3.717007348313927650e-03
3.290135413408279419e-03
1.484059030190110207e-03
-1.166858128271996975e-03
1.817417447455227375e-03
9.410900529474020004e-04
1.866165315732359886e-03
6.306183786364272237e-05
-1.951958256540820003e-04
2.115613780915737152e-03
-9.595740120857954025e-04
-8.766527171246707439e-04
-2.718597650527954102e-03
3.359453752636909485e-03
-2.860691864043474197e-03
-2.451757900416851044e-03
-3.537565236911177635e-03
-9.161945781670510769e-04
1.792631926946341991e-03
1.125285518355667591e-03
3.512455383315682411e-03
-1.192276133224368095e-03
-3.371891798451542854e-03
-9.783061250345781446e-05
1.298900810070335865e-03
3.205978544428944588e-03
7.827141671441495419e-04
-2.580984961241483688e-03
8.652421529404819012e-04
1.250089146196842194e-03
2.307891380041837692e-03
2.302694832906126976e-03
3.314519999548792839e-03
1.542017096653580666e-03
-1.745284069329500198e-03
8.336309692822396755e-04
1.538101932965219021e-04
-2.833765931427478790e-03
3.816231386736035347e-03
-3.307923674583435059e-03
