-7.246704190038144588e-04
-2.439098665490746498e-03
1.700262306258082390e-03
-3.307345556095242500e-03
3.153787693008780479e-03
-3.138413419947028160e-03
3.392638638615608215e-03
1.227648928761482239e-03
-3.617597976699471474e-04
-3.779175458475947380e-03
-2.408022992312908173e-04
3.383677918463945389e-03
-2.914546988904476166e-03
-1.468283589929342270e-03
2.894097473472356796e-03
-2.430811757221817970e-03
2.999026328325271606e-03
1.397239509969949722e-03
1.945582334883511066e-03
-1.170867239125072956e-03
2.612998941913247108e-03
-9.695027838461101055e-04
1.031175721436738968e-03
-1.303998287767171860e-03
1.266674255020916462e-03
-2.051498973742127419e-03
-2.347291680052876472e-03
2.408816246315836906e-03
-2.333697164431214333e-03
-3.436185885220766068e-03
-2.247839700430631638e-03
8.774157322477549314e-05
1.296060974709689617e-03
-3.481811145320534706e-03
2.344994805753231049e-03
-5.255317082628607750e-04
-1.593265682458877563e-03
1.116619212552905083e-03
2.707779640331864357e-03
-3.458307590335607529e-03
2.381705213338136673e-03
-3.509137779474258423e-03
4.077927151229232550e-04
-2.642370527610182762e-03
-3.428460564464330673e-03
-4.590446042129769921e-05
-1.163763226941227913e-03
-1.017958740703761578e-03
7.758759893476963043e-04
-1.755023607984185219e-03
1.833896851167082787e-03
-1.931690960191190243e-03
-3.350799903273582458e-03
1.464446657337248325e-03
-4.726663173642009497e-04
9.973675478249788284e-04
-3.825389780104160309e-03
3.190801944583654404e-03
-3.249513451009988785e-03
1.416466431692242622e-03
9.756954968906939030e-04
-7.199378451332449913e-04
3.185154870152473450e-03
-3.744791494682431221e-03
-3.802008228376507759e-03
-4.642141284421086311e-04
3.487943671643733978e-03
1.334927743300795555e-03
2.567407675087451935e-03
-3.202226711437106133e-03
-1.522084465250372887e-03
2.263295697048306465e-03
-3.201814542990177870e-04
2.403076505288481712e-03
2.161518670618534088e-03
1.660246751271188259e-03
-2.450950560159981251e-04
1.026408397592604160e-03
1.446197391487658024e-03
-2.913434756919741631e-03
-8.144756429828703403e-04
1.670948346145451069e-03
3.261125413700938225e-03
-2.852497622370719910e-03
2.001969376578927040e-03
-1.005891244858503342e-03
-3.791224211454391479e-03
-2.581140724942088127e-03
-3.462373279035091400e-04
6.114848074503242970e-04
-5.640686140395700932e-04
3.766671055927872658e-03
-7.176673389039933681e-04
-2.728959312662482262e-03
-2.489981707185506821e-03
-1.910461927764117718e-03
1.165307367045897990e-05
-1.842504716478288174e-03
-1.560275326482951641e-03
-3.680358640849590302e-03
-2.390444744378328323e-03
-3.419648855924606323e-03
2.387901768088340759e-03
3.464960260316729546e-03
2.175536006689071655e-03
9.457779815420508385e-04
-2.617147518321871758e-03
2.847633557394146919e-03
3.199460217729210854e-03
3.932460967916995287e-04
-2.867024159058928490e-03
8.512359345331788063e-04
-5.469255265779793262e-04
1.080014859326183796e-03
-3.269048465881496668e-04
2.508656587451696396e-03
-3.863735590130090714e-03
1.064890762791037560e-03
2.354094292968511581e-03
8.053597412072122097e-04
2.468335675075650215e-03
3.265634004492312670e-04
-3.037483198568224907e-03
2.865789458155632019e-03
1.734824734739959240e-03
-2.980477875098586082e-03
2.647245069965720177e-03
2.531369216740131378e-03
3.365189302712678909e-03
2.674393123015761375e-03
1.277502859011292458e-03
-1.102209091186523438e-03
-9.944139746949076653e-04
-8.378511993214488029e-04
-3.631077706813812256e-03
-1.365821692161262035e-03
5.966521348454989493e-05
-3.894560039043426514e-03
3.329635728732682765e-05
3.544739913195371628e-03
1.871287357062101364e-03
-1.763157430104911327e-03
2.224214375019073486e-03
3.101070877164602280e-03
-1.155595644377171993e-03
-1.573522691614925861e-03
-1.267064246349036694e-03
-3.389214864000678062e-03
2.870267722755670547e-03
-2.795530715957283974e-03
-3.829571418464183807e-03
-2.633022144436836243e-03
-3.798183053731918335e-03
-2.773402957245707512e-03
-3.857292234897613525e-03
1.096669584512710571e-03
-7.454849546775221825e-04
1.655832165852189064e-03
2.706296043470501900e-03
2.724207937717437744e-03
-2.196437912061810493e-03
-1.592539600096642971e-03
3.532699076458811760e-03
2.810727106407284737e-03
-3.060943447053432465e-03
3.732151584699749947e-03
-3.895567497238516808e-03
-2.057303441688418388e-03
2.963629085570573807e-03
1.483601226937025785e-04
-2.656654920428991318e-03
-3.588881576433777809e-03
3.185881534591317177e-03
-3.246622392907738686e-03
2.074630901915952563e-04
7.662195275770500302e-05
1.372040132991969585e-03
3.688572673127055168e-03
-6.130302790552377701e-04
1.779772457666695118e-03
3.304018639028072357e-03
4.631474439520388842e-04
-3.681728150695562363e-03
-3.332134510856121778e-04
-3.352571278810501099e-03
2.014630474150180817e-03
-1.833156449720263481e-03
3.346655517816543579e-03
2.474573440849781036e-03
3.152587916702032089e-03
2.621812745928764343e-03
-2.384634222835302353e-03
-4.289937787689268589e-04
-2.333897864446043968e-03
-3.154636593535542488e-03
3.247167682275176048e-03
-3.434715326875448227e-03
1.993672456592321396e-03
3.849506843835115433e-03
1.576567767187952995e-03
9.817382087931036949e-04
-7.886537350714206696e-04
-3.019737778231501579e-03
-1.437679282389581203e-03
3.837211756035685539e-03
-3.319997340440750122e-03
-3.843238810077309608e-03
3.561081131920218468e-03
2.791414037346839905e-03
2.747200196608901024e-03
-2.957702381536364555e-03
-5.470237811096012592e-04
-3.729983232915401459e-03
-1.010384992696344852e-03
1.954043284058570862e-03
1.309489831328392029e-03
5.076376328361220658e-05
-6.234638858586549759e-04
-2.283067209646105766e-03
7.624357240274548531e-04
1.017781207337975502e-03
-3.342789364978671074e-03
7.852075505070388317e-04
-3.164417343214154243e-03
5.890254979021847248e-04
3.045529010705649853e-04
6.444081009249202907e-06
6.468360425060382113e-06
2.794887172058224678e-03
4.374974814709275961e-04
3.477714955806732178e-03
-9.558856836520135403e-04
-1.439336105249822140e-03
-3.463127883151173592e-03
2.633338095620274544e-03
1.894972403533756733e-03
3.675172803923487663e-03
-6.684783729724586010e-04
1.304868608713150024e-03
-3.040273441001772881e-03
1.314798719249665737e-03
3.054278902709484100e-03
2.135339891538023949e-03
-2.979383571073412895e-03
3.374265739694237709e-03
1.728385454043745995e-03
5.655928398482501507e-04
2.947649918496608734e-03
1.070323516614735126e-03
-2.594244200736284256e-03
-3.137269057333469391e-03
-5.776180187240242958e-04
6.901937304064631462e-04
-1.044149859808385372e-03
-1.796958269551396370e-03
-2.859662054106593132e-03
