-2.149701584130525589e-03
1.346604130958439782e-05
3.428689669817686081e-03
2.011503325775265694e-03
1.838120166212320328e-03
1.623081392608582973e-03
-2.370568690821528435e-03
1.395829021930694580e-04
1.683311886154115200e-03
2.277965657413005829e-03
5.179914878681302071e-04
6.419317796826362610e-04
2.951906062662601471e-03
-2.753545530140399933e-03
3.330142935737967491e-03
-6.839418783783912659e-04
-3.144847229123115540e-03
2.975314389914274216e-03
-2.568162046372890472e-03
-1.096662948839366436e-03
3.759173909202218056e-03
-3.381975693628191948e-04
-1.828587264753878117e-03
-2.650153590366244316e-03
1.706547453068196774e-03
-5.600912263616919518e-04
2.174827503040432930e-03
2.398943062871694565e-03
1.102423877455294132e-03
3.830877132713794708e-03
5.131643847562372684e-04
2.825153293088078499e-03
-5.559503915719687939e-04
-1.949317054823040962e-03
-1.700623892247676849e-03
-1.928059733472764492e-03
3.389548277482390404e-03
-1.119128079153597355e-03
2.656726632267236710e-03
-2.625236986204981804e-03
3.624139586463570595e-03
-2.924690954387187958e-03
-1.890712301246821880e-03
3.880526637658476830e-03
3.494719741865992546e-03
-5.553429364226758480e-04
-1.520908204838633537e-03
-1.794669893570244312e-03
2.104743849486112595e-03
-2.886632923036813736e-03
2.185828052461147308e-03
2.933238167315721512e-03
-2.466013655066490173e-03
6.771301850676536560e-04
1.966501120477914810e-03
1.885248464532196522e-03
-8.819901267997920513e-04
-2.039312617853283882e-03
-3.890069667249917984e-03
-2.253451384603977203e-03
-2.002138877287507057e-03
-3.512952243909239769e-03
-3.384690266102552414e-03
-2.358795376494526863e-03
1.600679010152816772e-03
-3.278910648077726364e-03
3.446245333179831505e-03
-2.458383329212665558e-03
-1.816995325498282909e-03
-6.204094097483903170e-05
9.105161298066377640e-04
1.726648770272731781e-03
3.270688932389020920e-03
-2.884730696678161621e-03
-2.033496974036097527e-03
9.798142127692699432e-04
-1.234944676980376244e-03
-7.176627987064421177e-04
1.785618020221590996e-03
-2.438363619148731232e-03
3.429858479648828506e-03
-1.213790710608009249e-06
2.364366548135876656e-03
2.546564908698201180e-03
-1.680240500718355179e-03
-1.799093559384346008e-03
6.526375073008239269e-04
3.156335325911641121e-03
1.066813711076974869e-03
-3.801423590630292892e-03
7.073105080053210258e-04
3.053911495953798294e-03
-3.285096259787678719e-03
-2.531609497964382172e-03
3.013005189131945372e-04
3.130404511466622353e-03
1.786379492841660976e-03
-9.931297972798347473e-04
3.457071492448449135e-03
1.312261912971735001e-03
1.794042997062206268e-03
5.737690953537821770e-04
-1.062067691236734390e-03
7.090699509717524052e-04
-1.613700878806412220e-03
3.400124143809080124e-03
-2.942628692835569382e-03
-9.716358181321993470e-05
-3.583429846912622452e-03
-2.548984251916408539e-03
-2.656153403222560883e-03
3.156569786369800568e-03
3.274983027949929237e-03
-8.176453411579132080e-04
2.305887639522552490e-03
1.041067065671086311e-03
-2.268813317641615868e-03
-3.117367159575223923e-03
-2.548933262005448341e-03
-1.947846496477723122e-03
-3.819519188255071640e-03
1.935189589858055115e-03
6.896841223351657391e-04
5.342162694432772696e-05
-1.219889149069786072e-03
-1.336884102784097195e-03
-3.093963023275136948e-04
-1.231382018886506557e-03
1.403797767125070095e-03
3.246313892304897308e-03
-3.103442955762147903e-03
-2.898214384913444519e-03
-1.952159800566732883e-04
-3.960188187193125486e-04
-3.443059278652071953e-03
-3.142594825476408005e-03
-1.383966649882495403e-03
-1.825305633246898651e-03
-3.478101221844553947e-03
9.423256269656121731e-04
-1.867546932771801949e-03
-1.203765044920146465e-03
-2.146066632121801376e-03
3.293979680165648460e-03
-2.643259940668940544e-03
-2.367718145251274109e-03
2.841376990545541048e-04
2.420094795525074005e-03
1.168346498161554337e-03
-5.281871417537331581e-04
-1.282940851524472237e-03
2.902359934523701668e-03
2.782919444143772125e-03
3.542657941579818726e-03
-2.043944550678133965e-03
3.900670446455478668e-03
-3.249901812523603439e-03
-9.358987445011734962e-04
-3.630602266639471054e-03
-2.928677422460168600e-04
1.109299773816019297e-04
-6.941307801753282547e-04
2.307178685441613197e-03
2.347819041460752487e-03
-3.245480358600616455e-03
-1.739677391014993191e-03
2.987639047205448151e-03
7.163865375332534313e-04
2.049969189101830125e-04
-2.966899191960692406e-03
9.305488783866167068e-04
3.857443807646632195e-03
3.160565160214900970e-03
-4.457811592146754265e-04
2.516490640118718147e-03
3.752539400011301041e-03
3.309034276753664017e-03
6.407382898032665253e-05
7.932167500257492065e-04
3.211390692740678787e-03
1.538419164717197418e-03
-2.779280184768140316e-04
3.008725121617317200e-03
1.825273036956787109e-03
-2.890888834372162819e-03
5.176544073037803173e-04
1.193108502775430679e-03
1.039839466102421284e-03
2.132153837010264397e-03
-1.998847816139459610e-03
-2.570024516899138689e-04
1.380424480885267258e-03
-1.518787466920912266e-03
-1.203676569275557995e-03
2.617052756249904633e-03
-1.220487683895044029e-04
-1.798017881810665131e-03
3.683380084112286568e-03
-1.869216794148087502e-03
-3.248116932809352875e-03
-2.303522313013672829e-03
2.030248288065195084e-03
-2.677969168871641159e-03
6.465063197538256645e-04
-2.200234914198517799e-03
-5.033707129769027233e-04
2.897698199376463890e-03
3.222458297386765480e-03
-9.952504187822341919e-04
9.721638634800910950e-04
2.092651324346661568e-03
-3.276421921327710152e-03
-2.152231521904468536e-03
3.702252637594938278e-03
-5.977700348012149334e-04
-1.883369521237909794e-03
7.304016035050153732e-04
3.508373862132430077e-03
1.083482173271477222e-03
-3.259820397943258286e-03
2.275748411193490028e-03
1.751965261064469814e-03
4.551606252789497375e-04
-1.720896223559975624e-03
-2.555073238909244537e-03
2.158663934096693993e-03
-2.448443323373794556e-03
3.407721174880862236e-03
3.327016951516270638e-03
3.267301712185144424e-03
5.343662924133241177e-04
-1.546256709843873978e-03
8.819983486318960786e-05
-2.598129911348223686e-03
-2.745894482359290123e-03
-3.089067991822957993e-03
-2.861708402633666992e-03
1.592569286003708839e-03
-3.725532907992601395e-03
2.748230006545782089e-03
-3.584684745874255896e-04
-1.865248079411685467e-03
-1.955131068825721741e-03
-2.853139303624629974e-03
-2.040893450612202287e-04
-1.627125311642885208e-03
-1.551757450215518475e-03
-3.697328502312302589e-04
1.266258419491350651e-03
1.606486272066831589e-03
3.593537956476211548e-03
-1.336941295448923483e-05
1.964484341442584991e-03
-3.349726554006338120e-03
3.223134903237223625e-03
-2.020451473072171211e-03
