-2.054662036243826151e-04
9.087899525184184313e-05
1.991776982322335243e-03
3.518080106005072594e-03
-3.636698704212903976e-03
-2.782437484711408615e-03
2.519831992685794830e-03
3.502766136080026627e-03
-1.960181631147861481e-03
-1.474156859330832958e-03
2.877276856452226639e-03
-5.979309789836406708e-04
-1.774151693098247051e-03
2.557451836764812469e-03
-1.903923461213707924e-03
-7.070946739986538887e-04
1.122469082474708557e-03
3.908623766619712114e-04
-3.242156933993101120e-03
-3.690213197842240334e-03
2.854961901903152466e-03
1.979309832677245140e-03
2.639560028910636902e-03
3.057855064980685711e-04
2.478555543348193169e-03
-1.323840348049998283e-03
-3.684909606818109751e-04
2.250749850645661354e-03
-2.935948083177208900e-03
-1.544092432595789433e-03
-2.938609104603528976e-03
-3.595680173020809889e-04
3.729840740561485291e-03
-2.861946588382124901e-03
-9.077921276912093163e-04
-7.575316121801733971e-04
3.158178180456161499e-03
-2.321571810171008110e-03
1.735697151161730289e-05
-1.857466180808842182e-03
-3.755307523533701897e-03
1.956528518348932266e-03
-3.416949184611439705e-03
-1.715797698125243187e-03
-1.556254392198752612e-05
-1.259348646271973848e-04
-2.995047252625226974e-03
3.755993442609906197e-03
1.951460028067231178e-03
3.609496168792247772e-03
-3.185306908562779427e-03
1.758615602739155293e-03
-1.617208821699023247e-03
3.262549289502203465e-04
3.319799667224287987e-03
-1.741802552714943886e-03
1.763266627676784992e-03
-2.649281406775116920e-03
-1.386761665344238281e-03
3.670324804261326790e-03
-6.171770510263741016e-04
1.256334653589874506e-04
-1.612844993360340595e-03
-2.999344374984502792e-03
-5.871914327144622803e-04
9.657162590883672237e-04
-3.492169780656695366e-04
2.164173405617475510e-03
-1.076095853932201862e-03
8.802444208413362503e-04
2.131963847205042839e-03
3.265115199610590935e-03
-5.694535793736577034e-04
-3.598299575969576836e-03
1.705406699329614639e-03
2.220632450189441442e-04
2.908020513132214546e-03
-3.187026013620197773e-04
-1.034087734296917915e-03
-3.419191343709826469e-03
-3.320625110063701868e-04
1.100681838579475880e-03
2.109170425683259964e-03
2.754747401922941208e-03
-2.228331286460161209e-03
7.316875271499156952e-04
2.382970182225108147e-03
-1.873858855105936527e-03
-1.212727627716958523e-03
2.655251417309045792e-03
6.371351773850619793e-04
7.938010821817442775e-05
1.352409715764224529e-03
8.280013571493327618e-05
3.758240491151809692e-03
1.972784521058201790e-03
-3.484356449916958809e-03
-2.749006729573011398e-03
3.496588324196636677e-04
2.501700073480606079e-03
-3.364368574693799019e-03
1.427267910912632942e-03
2.026720205321907997e-03
2.244307659566402435e-03
2.917528618127107620e-03
-2.408006926998496056e-03
4.333262331783771515e-04
2.363008679822087288e-03
-1.110756536945700645e-03
-2.407384803518652916e-03
-1.576760405441746116e-04
-3.274105023592710495e-03
-2.188778715208172798e-03
2.774444175884127617e-03
1.307926489971578121e-03
2.820518799126148224e-03
2.659007441252470016e-03
2.944629872217774391e-03
-1.477832905948162079e-03
-2.216149587184190750e-04
9.147647069767117500e-04
-1.766447559930384159e-03
3.280791454017162323e-03
-3.851491492241621017e-03
2.646043198183178902e-03
1.140767475590109825e-03
-1.928533311001956463e-03
1.712997094728052616e-03
-6.802157149650156498e-04
2.621157094836235046e-03
3.892836160957813263e-03
-1.697300118394196033e-03
-2.372762101003900170e-04
-2.223622985184192657e-03
1.505899475887417793e-03
1.087512471713125706e-03
2.691100584343075752e-03
2.381477737799286842e-03
3.725660499185323715e-03
3.622330026701092720e-03
3.085845150053501129e-03
-2.731094369664788246e-03
-3.584754420444369316e-03
-1.436610327800735831e-04
-1.214728807099163532e-03
3.088415600359439850e-03
2.322917338460683823e-03
-6.064876215532422066e-04
5.939864204265177250e-04
6.945409113541245461e-04
3.056321293115615845e-03
-3.712778212502598763e-03
-7.753128738841041923e-05
1.359307556413114071e-03
-3.711914177983999252e-04
3.280543722212314606e-03
3.525965381413698196e-03
2.556831808760762215e-03
-2.731101121753454208e-04
3.014530520886182785e-03
-3.333515720441937447e-03
1.251800684258341789e-03
-1.808355562388896942e-03
-1.982060959562659264e-03
1.398623222485184669e-03
2.094177529215812683e-03
3.031798405572772026e-03
-2.251214813441038132e-03
2.906947862356901169e-03
2.592166885733604431e-03
-1.448408351279795170e-03
-3.415036015212535858e-03
2.126175444573163986e-03
2.541038207709789276e-03
-3.137886233162134886e-04
-2.628275193274021149e-03
-2.765203593298792839e-03
-9.783789282664656639e-04
2.006105380132794380e-03
-1.430721837095916271e-03
-3.660934744402766228e-03
1.493348623625934124e-03
1.907583209685981274e-03
-2.515914617106318474e-03
4.710409557446837425e-04
-8.140006102621555328e-04
1.092751153919380158e-05
-3.860987955704331398e-03
1.052113017067313194e-03
-1.858108560554683208e-03
4.196161462459713221e-04
-6.195985479280352592e-04
8.645042544230818748e-04
-3.079599933698773384e-03
-1.062971423380076885e-03
1.036773552186787128e-03
2.092067617923021317e-03
-9.355616639368236065e-04
-3.716591279953718185e-03
1.757852383889257908e-03
3.631273284554481506e-05
1.203579362481832504e-03
-2.659314777702093124e-03
-5.374682950787246227e-04
2.995062619447708130e-03
2.867677947506308556e-03
-1.437915372662246227e-03
1.029728446155786514e-03
-3.249271539971232414e-03
2.425853395834565163e-03
-1.809845329262316227e-03
-1.239246688783168793e-03
3.639069152995944023e-03
3.450071089901030064e-04
2.924673957750201225e-03
-2.372459741309285164e-03
2.017604187130928040e-03
3.876558737829327583e-03
-3.303456818684935570e-03
-2.005649032071232796e-03
-2.755978144705295563e-03
-1.900344621390104294e-03
-1.477995305322110653e-03
-3.334694774821400642e-03
3.109576879069209099e-03
-1.892666216008365154e-03
3.291352652013301849e-03
2.062942832708358765e-03
-2.562535926699638367e-03
1.552292145788669586e-03
2.133035799488425255e-03
-2.902914769947528839e-03
-2.891151234507560730e-03
-9.711227030493319035e-04
-3.365392563864588737e-03
-6.166736711747944355e-04
-1.517774217063561082e-04
1.285564387217164040e-03
5.643579643219709396e-04
-3.406519244890660048e-04
-2.186752390116453171e-03
6.754319183528423309e-04
-3.474145487416535616e-04
2.654278883710503578e-03
1.551972818560898304e-03
1.770172850228846073e-03
5.604751058854162693e-04
-1.057071844115853310e-03
-1.700757420621812344e-03
-4.033382574561983347e-04
5.576983094215393066e-04
-1.032943255268037319e-03
-2.763178665190935135e-03
-3.047672798857092857e-03
-3.566497936844825745e-03
-2.321557141840457916e-03
