-2.724948571994900703e-03
-9.081805474124848843e-04
8.670840761624276638e-04
-1.512527000159025192e-03
-1.554949907585978508e-03
-2.472323598340153694e-03
-2.657694742083549500e-03
-3.082128940150141716e-03
-2.969638444483280182e-03
-2.960414392873644829e-03
1.433795783668756485e-03
3.161850385367870331e-03
-3.107818542048335075e-03
3.180811647325754166e-03
-3.395314561203122139e-04
-1.575675996718928218e-04
-3.077855100855231285e-03
3.300092415884137154e-03
3.371188417077064514e-03
2.515116473659873009e-03
-2.621685853227972984e-03
-2.322451182408258319e-04
-2.710935659706592560e-04
3.473733784630894661e-03
-1.718414481729269028e-03
-1.312027801759541035e-03
3.970341349486261606e-04
6.917711580172181129e-04
-9.619697229936718941e-04
3.610331565141677856e-03
1.348973251879215240e-03
-2.091080881655216217e-03
3.113772952929139137e-03
2.609427552670240402e-03
-3.560648299753665924e-03
-1.004453632049262524e-03
-6.498902803286910057e-04
-1.029013539664447308e-03
-7.196298247436061502e-05
2.649365225806832314e-03
-3.646336495876312256e-03
-1.500015379860997200e-03
2.742888755165040493e-04
-7.933611050248146057e-04
-2.364021260291337967e-03
-4.338269936852157116e-04
-3.077089320868253708e-03
-1.777974073775112629e-03
-1.332550193183124065e-03
-3.777407575398683548e-03
1.946010859683156013e-03
3.753372235223650932e-03
-3.101402660831809044e-03
-3.814085153862833977e-03
-1.144162844866514206e-03
-2.688551321625709534e-04
2.024546993197873235e-04
6.029820069670677185e-04
1.829212298616766930e-03
5.180573498364537954e-05
8.395633194595575333e-04
-6.411454523913562298e-04
-3.212850773707032204e-03
-3.665619064122438431e-03
2.273225691169500351e-03
1.209205831401050091e-03
-1.036421512253582478e-03
-3.440980799496173859e-03
-3.806555410847067833e-03
-1.208508270792663097e-03
-3.756123362109065056e-03
-3.224265063181519508e-03
7.528799469582736492e-04
-2.776894252747297287e-04
1.410686061717569828e-03
3.669525496661663055e-03
-2.169112674891948700e-03
-2.161284210160374641e-03
-4.554246261250227690e-04
-4.142560646869242191e-05
-2.413427922874689102e-03
5.932330168434418738e-05
1.013412722386419773e-03
3.756660502403974533e-03
-2.323428867384791374e-03
2.479348564520478249e-03
-2.456175861880183220e-04
3.057945868931710720e-04
-1.875490997917950153e-03
-2.549539494793862104e-04
3.629866521805524826e-03
3.691897261887788773e-03
-2.114282688125967979e-03
3.875116584822535515e-03
1.028743223287165165e-03
2.943623345345258713e-03
-3.420154564082622528e-03
2.324088243767619133e-03
1.561270444653928280e-03
2.563281450420618057e-03
-2.340621082112193108e-03
3.764545777812600136e-03
-9.509035735391080379e-04
2.260688925161957741e-03
-1.463867840357124805e-03
-3.320052288472652435e-03
3.603617427870631218e-03
-3.459252417087554932e-03
-1.545048318803310394e-03
3.147251205518841743e-03
-3.183481050655245781e-03
2.747038146480917931e-03
-9.838948608376085758e-05
6.389021291397511959e-04
-2.962922910228371620e-03
2.597051439806818962e-03
-3.737589344382286072e-03
3.459072904661297798e-03
8.667387883178889751e-04
3.811112255789339542e-04
2.423106925562024117e-03
2.493931446224451065e-03
1.260244753211736679e-03
-1.277448463952168822e-04
3.425329923629760742e-04
-1.015591318719089031e-03
1.249826629646122456e-03
-8.138075936585664749e-04
-1.847662613727152348e-03
-2.085199579596519470e-03
1.089129014872014523e-03
-2.888644579797983170e-03
8.044169517233967781e-04
3.567984327673912048e-03
-2.728540683165192604e-03
-2.329507144168019295e-03
-2.621008083224296570e-03
3.054727800190448761e-03
-3.132348938379436731e-04
-2.444068435579538345e-03
-5.440738750621676445e-04
-2.624009270220994949e-03
3.879573196172714233e-04
-6.303141126409173012e-04
-2.950698137283325195e-03
2.267003757879137993e-03
-1.117595587857067585e-03
-2.177174203097820282e-03
5.577609990723431110e-04
-3.474737517535686493e-03
-2.418638439849019051e-03
3.367886645719408989e-03
1.714456826448440552e-03
3.558195196092128754e-03
-1.835416536778211594e-03
-6.369063630700111389e-04
1.372401136904954910e-03
-1.306980848312377930e-04
4.070319700986146927e-04
1.615877146832644939e-03
1.469030277803540230e-03
1.861370517872273922e-03
2.358517842367291451e-03
1.148501178249716759e-03
-9.666495607234537601e-04
1.099073677323758602e-03
-2.143577206879854202e-03
2.535417152103036642e-04
3.236995311453938484e-03
-1.567360945045948029e-03
-1.758400001563131809e-03
-2.188118640333414078e-03
2.850065473467111588e-03
2.255060942843556404e-03
2.349505433812737465e-03
8.950826595537364483e-04
-3.420380526222288609e-04
1.461215317249298096e-03
2.901918021962046623e-03
-1.886412501335144043e-03
-1.003328128717839718e-03
3.835728857666254044e-03
-1.602707314305007458e-03
9.969623060896992683e-04
-2.009467454627156258e-03
-3.903027623891830444e-03
-1.184796448796987534e-03
9.776154765859246254e-04
4.119375371374189854e-04
-2.489763312041759491e-03
7.336109993048012257e-04
-1.403861446306109428e-03
3.062605625018477440e-03
-7.169609307311475277e-04
-2.534472332627046853e-05
-3.594501409679651260e-03
-2.593910088762640953e-03
-3.597421804443001747e-03
2.764906501397490501e-03
-2.390743466094136238e-04
9.269086294807493687e-04
1.741066109389066696e-03
1.786856795661151409e-03
1.374416606267914176e-04
6.009583012200891972e-04
-2.487870864570140839e-03
-1.238085678778588772e-03
-3.521108301356434822e-03
-2.616141689941287041e-03
8.648717775940895081e-04
-1.819704339141026139e-04
8.276624139398336411e-04
-2.399926306679844856e-03
-2.556361258029937744e-03
-2.528272336348891258e-03
3.378450637683272362e-04
2.595931058749556541e-03
1.811430905945599079e-03
-1.789550995454192162e-03
3.788609523326158524e-03
6.466511986218392849e-04
2.905659144744277000e-03
2.539962297305464745e-03
-3.106701187789440155e-03
-9.510097152087837458e-05
-3.384511452168226242e-03
-2.283733803778886795e-03
-1.639038906432688236e-03
-7.928173290565609932e-04
2.429031301289796829e-03
-7.689062622375786304e-04
3.186948131769895554e-03
2.060503698885440826e-03
3.568602725863456726e-03
5.611379165202379227e-04
-2.267480362206697464e-03
3.875746391713619232e-03
2.350600407226011157e-04
-3.423915011808276176e-03
-2.294106408953666687e-03
5.136252730153501034e-04
-4.024920926894992590e-04
5.868306034244596958e-04
2.019497798755764961e-03
-8.490792824886739254e-04
2.734364941716194153e-03
-3.894854336977005005e-03
-4.405789077281951904e-04
3.728982293978333473e-03
5.980366840958595276e-04
3.397575346753001213e-04
7.540647638961672783e-04
-2.103219507262110710e-03
3.497259225696325302e-03
1.473235432058572769e-03
-1.656439621001482010e-03
