-2.783969393931329250e-04
-7.290708017535507679e-04
-6.151384441182017326e-04
2.309011062607169151e-03
-1.110924291424453259e-03
-2.068427857011556625e-03
2.155004534870386124e-03
3.406596137210726738e-03
3.461333923041820526e-03
6.080523016862571239e-04
-4.154296766500920057e-04
-1.979772234335541725e-03
7.919506751932203770e-04
6.991815753281116486e-04
-9.744073613546788692e-04
3.672108985483646393e-03
-4.322697350289672613e-04
4.941461156704463065e-05
2.563330344855785370e-03
3.338088514283299446e-03
4.339424049248918891e-05
4.270768258720636368e-04
-2.511982806026935577e-03
-3.150500197079963982e-05
1.795138348825275898e-03
4.926521796733140945e-04
2.675612457096576691e-03
-6.268658908084034920e-04
-3.691043471917510033e-03
1.006806502118706703e-03
3.308383980765938759e-03
-1.622392795979976654e-03
-1.956787891685962677e-03
-4.392419941723346710e-04
-5.677382796420715749e-05
-1.027528429403901100e-03
2.045046538114547729e-03
-3.720212727785110474e-03
2.361404942348599434e-03
2.738467883318662643e-03
8.112636278383433819e-04
-1.094280043616890907e-03
-2.289103809744119644e-03
6.737629300914704800e-04
3.827867098152637482e-03
-5.754427402280271053e-04
9.285809355787932873e-04
1.046528457663953304e-03
-2.876517595723271370e-03
7.302920857910066843e-05
1.951179699972271919e-03
-2.351276110857725143e-03
8.156731491908431053e-04
-1.058701076544821262e-03
-2.602657303214073181e-03
3.869888605549931526e-03
-3.865565406158566475e-03
3.098958637565374374e-03
-1.747374190017580986e-03
1.789586967788636684e-03
-1.339580863714218140e-03
-3.157773753628134727e-03
-2.795880660414695740e-03
2.744953380897641182e-04
-1.491798175266012549e-04
-1.935539068654179573e-03
-2.177285728976130486e-03
-2.633709693327546120e-03
1.406308379955589771e-03
-1.061464310623705387e-03
-1.553312991745769978e-03
-2.922060899436473846e-03
8.807929698377847672e-04
2.507519908249378204e-03
-2.230088459327816963e-03
6.857417756691575050e-04
-2.876509213820099831e-03
-1.427128445357084274e-03
3.205761779099702835e-03
-3.239929676055908203e-03
2.832484198734164238e-03
-1.993750687688589096e-03
2.977361902594566345e-03
2.590627176687121391e-03
-2.447865670546889305e-03
-6.030037766322493553e-04
-1.317208050750195980e-03
3.599421819671988487e-03
2.341960323974490166e-03
3.236633492633700371e-04
-1.728674164041876793e-03
-3.532831557095050812e-03
3.555436152964830399e-03
-2.745984820649027824e-03
-1.879073097370564938e-03
3.611515508964657784e-03
-3.900768700987100601e-03
-3.130484139546751976e-03
-2.582037355750799179e-03
1.590334693901240826e-03
-2.842731773853302002e-03
-3.742864355444908142e-03
-1.702793058939278126e-03
1.968261320143938065e-03
1.808689208701252937e-03
1.176819205284118652e-04
-1.528684282675385475e-03
-9.947565849870443344e-04
-6.900182925164699554e-04
-1.521715777926146984e-03
2.652125433087348938e-03
-5.363950040191411972e-04
2.406885905656963587e-04
2.232132246717810631e-03
-2.365200547501444817e-03
-3.882816759869456291e-03
-1.129198470152914524e-03
2.160556614398956299e-03
-9.993495186790823936e-04
-2.377490978688001633e-03
-2.028145361691713333e-03
1.803236227715387940e-04
-1.958607928827404976e-03
2.438451163470745087e-03
1.016145572066307068e-03
-6.004887982271611691e-04
-1.393573329551145434e-04
-3.695109626278281212e-03
5.264281062409281731e-04
1.790727837942540646e-03
7.968086283653974533e-04
1.526972861029207706e-03
3.625873010605573654e-03
3.267436986789107323e-03
-1.684525399468839169e-03
-3.216017037630081177e-03
-2.765409415587782860e-03
-2.143338788300752640e-03
1.881972420960664749e-03
3.514874959364533424e-03
6.251491722650825977e-04
5.782555945188505575e-06
-2.368010813370347023e-03
3.847639774903655052e-03
2.522391034290194511e-03
-2.314140321686863899e-03
2.146847778931260109e-03
2.208680380135774612e-03
-3.263694467023015022e-03
-2.399076707661151886e-03
3.771762363612651825e-03
-1.230771536938846111e-03
-3.036180743947625160e-03
2.105330117046833038e-03
2.201657742261886597e-03
-2.296808408573269844e-03
-6.675923359580338001e-04
-1.282550627365708351e-03
3.629105864092707634e-03
-2.839302178472280502e-04
-9.953537955880165100e-04
-1.944532967172563076e-03
1.633773063076660037e-04
-2.667292021214962006e-03
-2.009596209973096848e-03
-2.419292693957686424e-03
2.880396787077188492e-03
1.283214660361409187e-03
3.876491216942667961e-03
-4.070369468536227942e-04
-1.327016972936689854e-03
-6.611724966205656528e-04
5.654295673593878746e-04
2.524568000808358192e-03
-3.666850505396723747e-03
-7.361384923569858074e-04
3.397435648366808891e-04
-3.694555198308080435e-04
6.331898039206862450e-04
2.545114548411220312e-04
1.078722067177295685e-03
1.650474732741713524e-03
-1.506704255007207394e-03
-2.995938295498490334e-03
-4.596699145622551441e-04
-3.382276510819792747e-03
6.423756130971014500e-04
-2.128725638613104820e-03
4.527996934484690428e-04
-1.593812368810176849e-03
3.768291091546416283e-03
-1.469529117457568645e-03
-1.156107406131923199e-03
3.879733616486191750e-03
1.495620119385421276e-03
3.361849114298820496e-03
2.741226460784673691e-03
2.010779688134789467e-03
-2.757434267550706863e-04
3.559925360605120659e-03
2.472592052072286606e-03
3.356778295710682869e-03
3.678514854982495308e-03
-2.227711491286754608e-03
-3.124843584373593330e-03
-1.920260372571647167e-03
-3.165465313941240311e-03
-7.060382049530744553e-04
-3.272701287642121315e-04
9.047363419085741043e-04
1.783146639354526997e-03
-2.443053526803851128e-03
2.160699805244803429e-03
-3.539349185302853584e-03
1.649176119826734066e-03
-3.650919767096638680e-03
2.369074645685032010e-04
-2.075911499559879303e-03
1.481938874348998070e-03
-1.335991430096328259e-03
2.415191382169723511e-03
-2.848060568794608116e-03
-1.769869704730808735e-03
2.359219128265976906e-03
-1.410772209055721760e-03
-1.930712896864861250e-04
-3.195979399606585503e-03
-1.240680459886789322e-03
-1.751890289597213268e-03
-1.236191485077142715e-03
-3.550150897353887558e-03
-3.456817066762596369e-04
-2.400264376774430275e-03
-1.700035412795841694e-03
3.327782498672604561e-03
-2.905669854953885078e-03
-1.395176863297820091e-03
2.717138158914167434e-05
-2.816892461851239204e-03
-3.767861984670162201e-03
-2.960185520350933075e-03
-5.283974460326135159e-04
-1.232965034432709217e-03
2.946464577689766884e-03
-2.478753216564655304e-03
2.740846015512943268e-03
2.201324095949530602e-03
9.982158662751317024e-04
9.561363840475678444e-04
1.067736768163740635e-03
2.780771348625421524e-03
-2.932237228378653526e-03
-1.748724491335451603e-03
-1.969401026144623756e-03
9.020208381116390228e-04
9.888624772429466248e-04
