-2.779198111966252327e-03
-3.591804299503564835e-03
1.431120093911886215e-03
-1.774163247318938375e-04
-2.400587080046534538e-03
-5.857981741428375244e-04
-8.393886382691562176e-04
-3.457115963101387024e-04
-1.054627791745588183e-04
1.260974211618304253e-03
-3.793078241869807243e-03
-3.597917966544628143e-03
2.427641535177826881e-03
-2.112738147843629122e-04
1.985603477805852890e-03
8.611921221017837524e-04
-1.083871931768953800e-03
3.694444894790649414e-03
-3.778261365368962288e-03
3.045538906008005142e-03
2.483670134097337723e-03
1.608213933650404215e-04
3.625936107710003853e-03
2.615184057503938675e-03
3.262694692239165306e-03
-2.804981777444481850e-03
2.790188882499933243e-03
2.732473192736506462e-03
2.147916120520676486e-06
2.497026929631829262e-03
-8.983681909739971161e-04
3.600667929276823997e-03
3.574968781322240829e-03
-6.876438856124877930e-04
2.857845101971179247e-04
-2.932870760560035706e-03
-1.504254643805325031e-03
1.053235377185046673e-03
-2.055358840152621269e-03
-1.310772146098315716e-03
-2.464659628458321095e-04
-1.477301586419343948e-03
-1.596710179001092911e-03
1.611721469089388847e-03
-2.207637066021561623e-03
1.847025239840149879e-03
2.662343205884099007e-03
-1.310386229306459427e-03
-1.863520010374486446e-03
-1.595754758454859257e-03
-2.696561394259333611e-03
-6.150558328954502940e-05
1.762893982231616974e-03
-3.427664982154965401e-03
-3.803849918767809868e-03
-2.374962670728564262e-03
-3.437669482082128525e-03
-2.278110012412071228e-03
1.242166385054588318e-03
-2.945166081190109253e-03
-2.724920632317662239e-03
3.520903177559375763e-03
9.533093543723225594e-04
-2.159220748580992222e-04
3.894960274919867516e-03
7.417196320602670312e-05
-2.702899277210235596e-03
1.189418253488838673e-03
-3.453960642218589783e-03
-2.589272102341055870e-03
3.154464298859238625e-03
2.708173415157943964e-04
-1.664628740400075912e-03
3.441835055127739906e-03
-1.847030944190919399e-03
2.984885824844241142e-03
-1.802286948077380657e-03
-1.844007987529039383e-03
9.569103713147342205e-04
-1.426102011464536190e-03
3.182575572282075882e-03
-3.305942052975296974e-03
3.213030984625220299e-03
-1.009505009278655052e-03
-4.921019426546990871e-04
-3.149411641061306000e-03
3.749849274754524231e-03
1.210370901389978826e-04
-2.154347457690164447e-04
-2.010413911193609238e-03
7.370288367383182049e-04
-1.706715702312067151e-04
-2.391953486949205399e-03
-3.163125598803162575e-03
-1.553847338072955608e-03
9.526953799650073051e-04
6.595682934857904911e-04
-3.303296398371458054e-03
-4.539638175629079342e-04
1.422128523699939251e-03
-2.548224525526165962e-03
-1.404291484504938126e-03
2.493159845471382141e-03
-2.146003069356083870e-03
3.689869539812207222e-03
1.517202705144882202e-03
2.578674815595149994e-03
1.261457451619207859e-03
-8.141600992530584335e-04
6.821076967753469944e-04
1.830485183745622635e-03
-2.167187631130218506e-03
2.430195687338709831e-03
3.324447199702262878e-03
-5.716900923289358616e-04
2.623464446514844894e-03
-2.372489776462316513e-03
-2.456130227074027061e-03
-1.091011450625956059e-03
-4.465859674382954836e-04
-1.140093430876731873e-03
-2.495692577213048935e-03
1.392847159877419472e-03
7.355957059189677238e-04
2.948488807305693626e-03
7.115435437299311161e-04
4.812342522200196981e-04
-3.747103270143270493e-03
-2.505788346752524376e-03
1.794419600628316402e-03
3.186193644069135189e-04
-1.634597545489668846e-03
-2.683181781321763992e-03
-1.250095549039542675e-03
3.232331015169620514e-03
1.275516930036246777e-03
-3.593467641621828079e-03
-1.216598437167704105e-03
-2.530234865844249725e-03
2.160758245736360550e-03
-2.957367338240146637e-03
-2.880657557398080826e-03
-1.015711110085248947e-03
3.085196251049637794e-03
1.166659640148282051e-03
1.921993447467684746e-03
-2.640710736159235239e-04
-2.287660259753465652e-03
2.303125103935599327e-03
1.708804164081811905e-03
2.474168781191110611e-03
1.903239404782652855e-03
-4.035097954329103231e-04
-2.869818359613418579e-03
-2.819805638864636421e-03
-2.739476505666971207e-03
3.142745234072208405e-03
2.531364792957901955e-03
2.699519973248243332e-03
3.447064198553562164e-03
3.074291860684752464e-03
2.432917943224310875e-03
4.867230600211769342e-04
3.030099207535386086e-03
1.229612273164093494e-03
-6.541924085468053818e-04
1.779563957825303078e-03
-7.008782122284173965e-04
-9.736828360473737121e-05
9.441744186915457249e-04
-1.635106978937983513e-03
5.932154017500579357e-04
8.621540619060397148e-04
-1.983460038900375366e-03
-1.838290947489440441e-03
3.064761636778712273e-03
-1.434731995686888695e-03
3.336458234116435051e-03
3.354993415996432304e-03
1.196082797832787037e-03
2.159503521397709846e-03
-5.909128230996429920e-04
2.287918003275990486e-03
-4.339519364293664694e-04
1.013008411973714828e-03
-1.268025953322649002e-03
7.814387208782136440e-04
1.547153457067906857e-03
1.229395507834851742e-03
1.902392716147005558e-03
7.202081033028662205e-04
-1.117818406783044338e-03
1.890827436000108719e-03
-3.909510094672441483e-03
1.102663343772292137e-03
1.258745614904910326e-04
-1.010949024930596352e-03
-4.915743920719251037e-05
1.116735045798122883e-03
-1.318847294896841049e-03
2.493666761438362300e-05
3.942562325391918421e-04
1.276194932870566845e-03
-3.782572690397500992e-03
-6.698893266730010509e-04
-9.092601248994469643e-04
2.065542619675397873e-03
2.651931950822472572e-03
2.040025778114795685e-03
2.576600061729550362e-03
-2.322382293641567230e-03
1.876169117167592049e-03
-2.248406875878572464e-03
-2.079256577417254448e-03
-2.543525537475943565e-03
-2.911099465563893318e-03
1.711581251583993435e-03
2.217290690168738365e-03
-1.044528558850288391e-03
-2.695334143936634064e-03
-1.700719585642218590e-03
3.485109846224077046e-05
2.722126373555511236e-04
6.598710315302014351e-04
-3.698319662362337112e-03
3.262926125898957253e-03
-2.942473627626895905e-03
3.515697550028562546e-03
-3.435524879023432732e-03
8.783466764725744724e-04
-3.457400482147932053e-03
3.133680002065375447e-05
-1.954796956852078438e-03
-2.106134081259369850e-03
2.200286689912900329e-05
-1.016281777992844582e-03
1.032747677527368069e-03
3.904339391738176346e-03
-1.596487243659794331e-03
-2.876939543057233095e-04
-3.043888369575142860e-03
2.420834352960810065e-04
7.855643052607774734e-04
2.749186940491199493e-03
-3.801666432991623878e-03
1.489773392677307129e-03
2.501302631571888924e-03
1.814093207940459251e-03
-2.142680808901786804e-03
-1.222232589498162270e-03
9.358912357129156590e-04
-1.467262045480310917e-03
1.646350865485146642e-04
-2.382432343438267708e-03
-1.809992681955918670e-04
-3.881746437400579453e-03
