-2.144939266145229340e-03
2.106617903336882591e-03
-3.086685901507735252e-03
-3.153818193823099136e-03
-3.143239999189972878e-03
-1.034042797982692719e-03
-2.770485822111368179e-03
3.298358526080846786e-03
-2.035517478361725807e-03
-1.050608232617378235e-03
-3.828919958323240280e-03
-2.673626644536852837e-03
-1.511062961071729660e-03
9.643498342484235764e-04
1.187686691991984844e-03
-3.466259455308318138e-03
1.478604623116552830e-03
2.851070137694478035e-03
3.050385508686304092e-03
9.932272369042038918e-04
2.459071343764662743e-03
1.962980953976511955e-03
1.161972875706851482e-03
-4.071277799084782600e-04
6.697917706333100796e-04
2.736418042331933975e-03
-1.306524354731664062e-04
1.955180894583463669e-03
-1.140832318924367428e-03
1.847566571086645126e-03
-1.840850105509161949e-03
-3.115783212706446648e-03
-4.184845602139830589e-04
1.152870943769812584e-03
9.988436941057443619e-04
4.374533600639551878e-04
1.480495207943022251e-03
-7.151267491281032562e-04
8.960731793195009232e-04
3.051503794267773628e-03
-1.347925513982772827e-03
-2.803714480251073837e-03
-9.031786612467840314e-05
-2.976567484438419342e-03
1.318455324508249760e-03
-1.366146490909159184e-03
3.115241648629307747e-03
-2.142576966434717178e-03
1.635981490835547447e-03
3.068506484851241112e-03
-1.854835776612162590e-03
-6.405360181815922260e-04
-3.127565374597907066e-03
-3.396947169676423073e-03
3.267056774348020554e-03
2.824329130817204714e-04
-1.822283607907593250e-03
3.238779492676258087e-03
2.806019037961959839e-03
5.397615605033934116e-04
-2.948854351416230202e-03
6.602124194614589214e-04
-3.147498006001114845e-03
-7.446617819368839264e-04
2.471478888764977455e-03
-2.784237265586853027e-03
2.576072234660387039e-03
-1.834893133491277695e-03
2.046896988758817315e-04
3.574520116671919823e-03
3.636614652350544930e-03
-3.591013955883681774e-04
3.030120395123958588e-03
-5.786294932477176189e-04
-2.929727314040064812e-03
-1.544977567391470075e-04
-2.960981568321585655e-03
5.137604312039911747e-04
-3.517083125188946724e-03
-1.202459447085857391e-03
2.159153344109654427e-03
-3.836116520687937737e-03
-6.593940197490155697e-04
-9.882852900773286819e-04
-4.227368481224402785e-05
1.510905276518315077e-04
1.146115362644195557e-03
-1.041406881995499134e-03
-3.196970792487263680e-03
1.330603961832821369e-03
1.935491454787552357e-03
-2.004657872021198273e-03
-3.101305803284049034e-03
-3.111415135208517313e-04
2.323925495147705078e-03
1.405484508723020554e-03
1.688907039351761341e-03
-1.969326054677367210e-03
-1.415826613083481789e-03
3.064430318772792816e-03
3.714401042088866234e-03
3.391094040125608444e-03
3.879257943481206894e-03
-1.569231157191097736e-03
-7.951416773721575737e-04
3.157316823489964008e-04
-3.332654712721705437e-03
3.405917901545763016e-03
1.976367551833391190e-03
3.127644537016749382e-03
-3.696455853059887886e-03
-5.329774576239287853e-04
-3.845727303996682167e-03
3.278666175901889801e-03
-2.856418257579207420e-03
3.258653916418552399e-03
-9.357499075122177601e-04
-3.682220121845602989e-03
2.829763980116695166e-05
-1.116366824135184288e-03
-2.988549880683422089e-03
1.255917246453464031e-03
-2.076855860650539398e-03
-2.479946939274668694e-03
-2.425440354272723198e-03
3.870120504871010780e-03
1.203230815008282661e-03
1.720144762657582760e-03
-7.586466381326317787e-04
-3.619352937676012516e-04
-2.757547888904809952e-03
-2.463645068928599358e-03
3.875408321619033813e-03
-1.947347889654338360e-03
-2.909166505560278893e-03
-3.885637037456035614e-03
3.685201983898878098e-03
3.576082177460193634e-03
-1.053041894920170307e-03
1.230417401529848576e-03
3.590006381273269653e-03
3.256425727158784866e-03
-2.155489986762404442e-03
1.667560311034321785e-03
-1.432121032848954201e-03
3.579743206501007080e-03
-2.594705205410718918e-03
2.306986134499311447e-04
-1.877322443760931492e-03
-3.431273857131600380e-03
-8.348909905180335045e-04
2.043230226263403893e-03
-1.376210711896419525e-03
-3.078172449022531509e-03
2.338683589186985046e-05
-2.538384869694709778e-03
1.641595503315329552e-03
2.091618021950125694e-03
2.069157082587480545e-03
-3.703439375385642052e-03
7.946697878651320934e-04
-1.407257746905088425e-03
-1.924230600707232952e-03
3.452889388427138329e-03
2.318394836038351059e-03
-3.088437253609299660e-03
8.969602058641612530e-04
-1.717382459901273251e-03
-1.099213142879307270e-03
-7.362976321019232273e-04
3.467301139608025551e-04
-2.692510606721043587e-04
-1.289824012928875163e-05
-2.518187975510954857e-03
-2.425621962174773216e-03
2.657759469002485275e-03
-2.053324831649661064e-03
-2.883253153413534164e-03
-1.480177161283791065e-03
2.653286792337894440e-03
-6.783031276427209377e-04
3.577084047719836235e-03
3.247747430577874184e-03
1.557504292577505112e-03
-2.811283105984330177e-03
1.222589751705527306e-03
1.764281187206506729e-03
2.465553348883986473e-03
3.591290907934308052e-03
-1.381825655698776245e-03
-3.290986642241477966e-03
2.097852993756532669e-03
1.813953276723623276e-03
-3.629119135439395905e-03
-3.708488075062632561e-03
2.636657329276204109e-03
-1.751279341988265514e-03
-9.784511057659983635e-04
1.061593182384967804e-03
2.685548504814505577e-03
-2.007444389164447784e-03
-1.969373784959316254e-03
7.364775228779762983e-05
1.142372027970850468e-03
-4.736879782285541296e-05
-1.387556985719129443e-04
-1.266143517568707466e-03
1.649111742153763771e-03
-1.611789572052657604e-03
-1.552279223687946796e-03
-1.040663104504346848e-03
2.832447411492466927e-03
2.826852258294820786e-03
8.462269906885921955e-04
-3.083695890381932259e-03
-2.573974663391709328e-03
3.643196541815996170e-04
3.295371541753411293e-03
-3.067573765292763710e-03
-1.833111047744750977e-03
-2.570532960817217827e-03
2.274504397064447403e-03
-2.367607550695538521e-03
-2.253573387861251831e-03
3.590446896851062775e-03
-3.656744491308927536e-03
1.662978320382535458e-03
-2.457308582961559296e-04
1.125681563280522823e-03
3.016895381733775139e-03
4.870240809395909309e-04
-2.812084276229143143e-03
2.760600764304399490e-03
9.755648206919431686e-04
2.004105597734451294e-03
1.727891271002590656e-03
2.972344402223825455e-03
-2.120922785252332687e-03
1.467729336582124233e-03
-4.528750723693519831e-04
2.298889448866248131e-03
-4.406821099109947681e-04
2.752689644694328308e-03
-3.901280928403139114e-03
4.160243770456872880e-05
-1.373418257571756840e-03
-4.270975769031792879e-04
7.322665769606828690e-04
-2.456362592056393623e-03
1.255415962077677250e-03
-1.412760931998491287e-03
8.640072192065417767e-04
-1.687326934188604355e-03
2.792432205751538277e-04
5.539904232136905193e-04
1.549302018247544765e-03
