3.325858619064092636e-03
-1.960298046469688416e-03
1.709794625639915466e-03
3.284654812887310982e-04
-3.719841362908482552e-03
-3.500254359096288681e-03
-3.859217511489987373e-03
1.687714713625609875e-03
3.839198267087340355e-03
3.437340725213289261e-03
2.114423317834734917e-03
3.571387846022844315e-03
2.830696990713477135e-03
-1.452052150852978230e-03
2.305059169884771109e-04
2.598240505903959274e-03
2.125124912708997726e-03
-2.440936630591750145e-03
-2.276161452755331993e-03
-3.640271956101059914e-03
-1.106974552385509014e-03
3.148913092445582151e-04
7.906187092885375023e-04
-1.849548425525426865e-03
2.264073817059397697e-03
2.636817749589681625e-03
3.891072934493422508e-03
-2.956821583211421967e-03
-3.112911246716976166e-03
-1.137860599556006491e-04
2.090688562020659447e-03
-3.636046312749385834e-03
2.180894138291478157e-03
1.888206810690462589e-03
-3.780812025070190430e-03
3.089747624471783638e-03
3.002206562086939812e-03
-2.594298450276255608e-03
-1.459144172258675098e-03
-3.435760037973523140e-03
1.888177706860005856e-03
-1.397188636474311352e-03
2.335046650841832161e-03
-1.174962264485657215e-03
2.600299892947077751e-03
5.863686092197895050e-04
2.619476290419697762e-03
3.213794203475117683e-03
1.058944384567439556e-03
9.507072390988469124e-04
-1.237467629835009575e-03
3.414012957364320755e-03
-3.812258131802082062e-03
9.032550733536481857e-04
2.566371578723192215e-03
-1.672747777774930000e-03
2.239830093458294868e-03
3.709369804710149765e-03
3.284444101154804230e-04
2.092019189149141312e-03
-3.836176125332713127e-03
-2.360915299504995346e-03
-3.557475982233881950e-03
9.652780136093497276e-04
-3.145390423014760017e-03
2.046348992735147476e-03
2.751181134954094887e-03
3.523533465340733528e-03
3.042125608772039413e-03
-1.070776605047285557e-03
6.954529671929776669e-04
4.458151233848184347e-04
-2.138444921001791954e-03
1.295831752941012383e-03
-2.035390119999647141e-03
-2.004141220822930336e-03
1.779228448867797852e-03
2.416157862171530724e-03
-2.260873734485358000e-04
3.650958882644772530e-03
-2.995562041178345680e-03
2.646801993250846863e-03
1.496843411587178707e-03
1.473132637329399586e-03
-8.390374714508652687e-04
-5.685767391696572304e-04
-3.152435412630438805e-03
9.424674208275973797e-04
1.996714156121015549e-03
3.813391784206032753e-03
3.084686817601323128e-03
-1.933544641360640526e-03
-1.424734015017747879e-03
-3.363701980561017990e-04
2.573691774159669876e-03
2.369230147451162338e-03
-4.459130868781358004e-04
1.849348656833171844e-03
-1.447908929549157619e-03
1.837716321460902691e-03
-4.634117067325860262e-05
3.725139191374182701e-03
1.935499458340927958e-04
-2.078149467706680298e-03
7.553042960353195667e-04
-3.882293356582522392e-03
1.596845220774412155e-03
-3.610428189858794212e-03
-3.391755511984229088e-03
-1.572570996358990669e-03
-3.148261457681655884e-03
-8.886750438250601292e-04
-3.490837290883064270e-03
3.056646964978426695e-04
-4.566674178931862116e-04
2.037494676187634468e-03
-3.806217107921838760e-03
4.480539937503635883e-04
3.714165650308132172e-03
1.809895853511989117e-03
-2.534654049668461084e-04
2.563296351581811905e-03
3.149338532239198685e-03
-6.237140623852610588e-04
1.863612211309373379e-03
1.126722199842333794e-03
3.086524549871683121e-03
-3.204346401616930962e-03
1.383660674036946148e-05
2.390619134530425072e-03
-2.304616617038846016e-03
3.016205970197916031e-03
3.012876026332378387e-03
4.046406247653067112e-04
-3.480148734524846077e-04
3.626254852861166000e-03
-7.486551767215132713e-04
-3.746242262423038483e-03
4.528898862190544605e-04
3.602860961109399796e-03
-2.580483676865696907e-03
2.312146825715899467e-03
-2.730957465246319771e-03
2.260894398204982281e-04
-3.076300781685858965e-04
2.196451649069786072e-03
1.181081868708133698e-03
-3.451165976002812386e-03
2.914241747930645943e-03
2.487958408892154694e-04
-1.784910447895526886e-03
-2.931848866865038872e-03
3.085207426920533180e-03
3.768445923924446106e-03
3.091001417487859726e-03
-2.277510648127645254e-04
2.685663930606096983e-04
1.887819729745388031e-03
-1.156809685198822990e-05
8.444142295047640800e-04
-3.310918807983398438e-03
-2.149261999875307083e-03
-1.952877850271761417e-03
-2.794070402160286903e-03
2.958674449473619461e-03
-1.793988980352878571e-03
3.856552531942725182e-03
1.534893177449703217e-03
-5.528605106519535184e-05
1.785472268238663673e-03
-3.291250206530094147e-03
2.425227576168254018e-04
2.495192922651767731e-03
1.015051384456455708e-03
-1.363882445730268955e-03
-5.000767996534705162e-04
3.893564920872449875e-03
1.750911585986614227e-03
8.495071961078792810e-05
-2.220350084826350212e-03
-6.973927374929189682e-04
8.801320800557732582e-04
-3.587916959077119827e-03
-2.237576758489012718e-03
-3.633028827607631683e-03
2.325609326362609863e-03
-1.281472970731556416e-03
-2.041654195636510849e-03
-3.866180544719099998e-03
2.988816238939762115e-03
-1.608320453669875860e-04
6.465777405537664890e-04
-2.188437385484576225e-03
-2.729688072577118874e-03
3.219565609470009804e-03
-3.040700452402234077e-03
7.271594949997961521e-04
8.438278455287218094e-04
-1.777525409124791622e-03
3.110125195235013962e-03
-2.654568990692496300e-03
-2.035374753177165985e-03
1.177715603262186050e-03
-1.561300712637603283e-03
-6.595553713850677013e-04
-2.763473894447088242e-03
-2.342180348932743073e-03
-6.306231371127068996e-04
1.731922035105526447e-03
-1.304733566939830780e-03
2.051139290415449068e-06
2.799355192109942436e-03
-2.599829109385609627e-03
-2.669861773028969765e-03
7.443103240802884102e-04
-1.887359644570096862e-06
9.919693693518638611e-04
2.774299122393131256e-03
2.948878798633813858e-03
1.211720300489105284e-04
-2.164380624890327454e-03
2.278245054185390472e-03
3.658103989437222481e-03
3.032674314454197884e-03
-3.453873330727219582e-03
-3.264780156314373016e-03
-2.985304454341530800e-03
2.635244047269225121e-03
-3.985000948887318373e-04
-3.067684127017855644e-03
1.782311592251062393e-03
-2.548385877162218094e-03
3.785806940868496895e-03
-2.399391727522015572e-03
-3.693504724651575089e-03
-2.488992759026587009e-04
-1.141108572483062744e-03
2.972882008180022240e-03
2.713718218728899956e-03
-1.639328082092106342e-03
-3.875519847497344017e-03
1.650077290832996368e-03
-1.001602504402399063e-03
-1.732058008201420307e-03
2.339968690648674965e-03
-3.044351178687065840e-04
1.058381167240440845e-03
2.693620044738054276e-03
2.827326767146587372e-03
1.857980969361960888e-03
-3.406556788831949234e-05
-1.529500004835426807e-03
2.947514178231358528e-03
-1.957167405635118484e-03
-2.303286455571651459e-03
3.828535554930567741e-03
