3.437982872128486633e-03
7.157907239161431789e-04
-1.487116678617894650e-03
9.441839647479355335e-04
-8.495899965055286884e-04
2.859883941709995270e-03
3.190592397004365921e-03
3.879386000335216522e-03
-6.286907591857016087e-04
-2.326986752450466156e-03
6.964788772165775299e-04
-2.565748523920774460e-03
-1.513197901658713818e-03
-9.146905504167079926e-04
1.491344999521970749e-03
-3.724159905686974525e-03
-2.274978440254926682e-03
3.341765608638525009e-03
-4.940876970067620277e-04
-1.616580877453088760e-03
1.924406969919800758e-03
2.654826035723090172e-03
-2.584617817774415016e-03
2.686711261048913002e-03
2.918252488598227501e-03
1.517824246548116207e-03
3.462640801444649696e-03
-2.965217572636902332e-04
-3.261147299781441689e-03
5.406144191510975361e-04
-3.626900725066661835e-03
3.293760819360613823e-03
-2.175492933019995689e-03
1.523453975096344948e-03
-1.968904398381710052e-04
1.664174138568341732e-03
1.382451620884239674e-03
2.829907229170203209e-03
-7.427803357131779194e-04
3.824988380074501038e-03
-1.748767797835171223e-03
-2.694152295589447021e-03
2.041934756562113762e-03
2.551014535129070282e-03
3.419475629925727844e-03
1.510118949227035046e-03
-7.981210364960134029e-04
1.488703885115683079e-03
-3.118140622973442078e-03
2.728492952883243561e-03
-3.491991898044943810e-03
-1.669922028668224812e-03
-6.415889365598559380e-04
-2.835877705365419388e-03
9.442066948395222425e-05
-1.628206344321370125e-03
-1.958604669198393822e-03
-4.837282758671790361e-04
-3.719133092090487480e-03
3.897950286045670509e-03
2.393087605014443398e-03
6.453287787735462189e-04
1.944894087500870228e-03
3.320948919281363487e-03
-1.983281690627336502e-03
1.298302435316145420e-03
-3.437201026827096939e-03
-1.868497580289840698e-03
2.445687772706151009e-03
7.925401441752910614e-04
-1.580568845383822918e-03
3.431799588724970818e-03
1.557095441967248917e-03
-3.374251537024974823e-03
3.141744993627071381e-03
2.441716147586703300e-03
3.399260342121124268e-03
1.128378789871931076e-03
1.114919432438910007e-03
3.905165242031216621e-03
3.325675614178180695e-03
1.822454389184713364e-03
-3.085893113166093826e-03
-3.607530146837234497e-03
2.664251951500773430e-03
3.741021733731031418e-03
2.606949070468544960e-03
-3.622276242822408676e-03
-2.474058885127305984e-03
3.307809820398688316e-03
1.661080634221434593e-03
1.164159970358014107e-03
3.734163474291563034e-03
2.699951175600290298e-03
2.099735196679830551e-03
6.596138118766248226e-04
3.308717161417007446e-03
2.930846763774752617e-03
-2.875403501093387604e-03
-3.583637007977813482e-04
3.827312961220741272e-03
2.483943011611700058e-03
-1.225406886078417301e-03
3.269951324909925461e-03
-2.461013151332736015e-03
-1.063699601218104362e-03
-2.644399879500269890e-03
-1.643829455133527517e-04
-3.421850269660353661e-03
1.961000496521592140e-03
-1.355681102722883224e-03
1.679827226325869560e-03
-2.046493813395500183e-03
3.487090580165386200e-03
-1.559202093631029129e-03
2.805760595947504044e-03
-9.646360413171350956e-04
-3.606854239478707314e-03
-3.909500082954764366e-05
3.301634220406413078e-03
-1.404263894073665142e-03
-1.949423749465495348e-04
4.953549359925091267e-04
-3.862353973090648651e-03
1.843542413553223014e-04
-3.037933493033051491e-03
-3.101710462942719460e-03
-1.479078084230422974e-03
2.686412539333105087e-03
2.827548421919345856e-03
1.911399769596755505e-03
-1.475355238653719425e-03
3.138030879199504852e-03
7.361561874859035015e-04
-2.815175103023648262e-03
-6.840129499323666096e-04
3.785781562328338623e-03
-5.426083807833492756e-04
-1.592189306393265724e-03
-8.355454192496836185e-04
2.334679942578077316e-03
-3.633512184023857117e-03
1.938248868100345135e-03
-1.447756774723529816e-03
3.572271205484867096e-03
2.896795514971017838e-03
-1.721413107588887215e-03
-5.363802192732691765e-04
1.835028757341206074e-03
-2.707712992560118437e-04
-8.650993695482611656e-04
1.133298152126371861e-03
-2.342113293707370758e-03
-8.286215597763657570e-04
-5.986743490211665630e-04
3.530212910845875740e-03
-3.084337804466485977e-03
1.783481566235423088e-03
3.387565258890390396e-03
-1.543953549116849899e-03
-2.390529261901974678e-03
3.088009252678602934e-04
-1.927078003063797951e-03
-3.776527242735028267e-03
-3.808339359238743782e-03
-3.878705669194459915e-03
-3.320585936307907104e-03
-2.798087429255247116e-03
4.692974034696817398e-04
-4.645345907192677259e-04
1.198855112306773663e-03
-8.198758587241172791e-04
-3.442836925387382507e-03
1.471654686611145735e-04
-3.484647313598543406e-04
-2.213647821918129921e-03
-3.038460854440927505e-03
1.572115579620003700e-03
-2.009724499657750130e-03
-1.512435846962034702e-03
2.191997831687331200e-03
-2.577095758169889450e-03
-2.688649110496044159e-03
-7.511188741773366928e-04
3.855971153825521469e-03
-1.731799682602286339e-03
1.692578312940895557e-03
5.386758130043745041e-04
3.820234211161732674e-03
2.926585264503955841e-03
-1.957247295649722219e-04
-2.667670603841543198e-03
-2.338273916393518448e-03
-1.442083972506225109e-03
-9.940334130078554153e-04
-3.362353658303618431e-03
2.731858054175972939e-03
1.632949919439852238e-03
3.023320343345403671e-03
2.922087209299206734e-03
2.923189895227551460e-03
2.350649330765008926e-03
3.761222120374441147e-03
-2.056895289570093155e-03
-3.263813443481922150e-03
-2.173430053517222404e-03
-1.656886888667941093e-03
7.170183816924691200e-04
-2.372309332713484764e-03
3.154103411361575127e-03
3.273622831329703331e-03
1.469978014938533306e-03
-2.685402985662221909e-03
3.605543402954936028e-03
-5.678829620592296124e-04
-1.305183977819979191e-03
5.320768686942756176e-04
-8.367160335183143616e-04
-5.679765017703175545e-04
-1.934577594511210918e-03
-2.436679787933826447e-03
-3.480179701000452042e-03
2.491229213774204254e-03
-3.043346339836716652e-03
2.411456545814871788e-03
3.313692519441246986e-03
-1.686864299699664116e-03
2.492356812581419945e-03
1.676548272371292114e-03
1.420412329025566578e-03
-3.342035459354519844e-03
3.821117337793111801e-03
9.088332299143075943e-04
-1.333717722445726395e-03
3.525937441736459732e-03
-1.073761726729571819e-03
6.904581678099930286e-04
1.086506294086575508e-03
-2.567741787061095238e-03
3.153972560539841652e-03
-1.137117506004869938e-03
3.683952847495675087e-03
-3.081702394410967827e-03
-3.193250391632318497e-03
2.947886241599917412e-03
-2.800752641633152962e-03
-6.947638466954231262e-04
-1.916526583954691887e-03
3.019449068233370781e-03
-1.208774265251122415e-04
2.810441423207521439e-03
2.260317094624042511e-03
-2.588949631899595261e-03
3.064956516027450562e-03
-3.813938936218619347e-03
-2.355716191232204437e-03
