-3.777514793910086155e-04
-7.414830033667385578e-04
3.262221580371260643e-03
1.850544242188334465e-03
3.007782390341162682e-03
3.544744802638888359e-03
3.636304609244689345e-05
-1.073190560418879613e-05
2.945745131000876427e-03
-1.095561776310205460e-03
9.449620847590267658e-04
3.510655369609594345e-03
-3.798135556280612946e-03
1.987128518521785736e-03
-6.104267667979001999e-04
1.636066939681768417e-03
1.568108447827398777e-03
-3.635319415479898453e-03
2.129640430212020874e-03
-2.598987193778157234e-03
3.307044098619371653e-04
6.257980712689459324e-04
3.111665137112140656e-03
2.682702142919879407e-05
-2.834856277331709862e-03
-1.808407600037753582e-03
2.501072594895958900e-03
-1.441120170056819916e-03
3.513256786391139030e-03
-1.327024889178574085e-03
-6.873205420561134815e-04
-6.660044309683144093e-04
-1.087796874344348907e-03
-1.971883611986413598e-04
1.123099820688366890e-03
2.764898585155606270e-03
-1.915608998388051987e-03
3.115198342129588127e-03
-1.415699371136724949e-03
-2.648773137480020523e-03
-1.482779858633875847e-03
-8.949957555159926414e-04
-6.669311551377177238e-05
2.587766619399189949e-03
2.661405829712748528e-03
-1.462530926801264286e-03
-2.838833956047892570e-03
-3.299551783129572868e-03
-1.329870778135955334e-03
3.343251999467611313e-03
2.975861541926860809e-03
-2.072990871965885162e-03
-1.446612528525292873e-03
-1.517381984740495682e-03
-1.803389401175081730e-03
2.846784889698028564e-03
2.970932517200708389e-03
-2.387097338214516640e-03
1.841035438701510429e-03
3.848273772746324539e-03
-3.013668814674019814e-03
3.154380945488810539e-03
-2.722204953897744417e-04
-1.785163534805178642e-03
-3.425857983529567719e-03
2.022304572165012360e-03
1.465697656385600567e-03
3.423317568376660347e-03
3.105333307757973671e-03
-2.329314127564430237e-03
2.933590258180629462e-05
3.401062218472361565e-03
7.016100571490824223e-04
-3.811662318184971809e-03
-1.310565043240785599e-03
-2.485322183929383755e-04
-3.080054419115185738e-03
-5.127942422404885292e-04
-2.015783684328198433e-03
3.762093547265976667e-04
8.183344471035525203e-05
-2.136144321411848068e-03
-3.649964230135083199e-03
2.055911114439368248e-03
-2.245310693979263306e-03
-2.573306439444422722e-03
3.583064535632729530e-03
-4.630355397239327431e-05
-3.163656219840049744e-03
8.893351186998188496e-04
1.362911541946232319e-03
3.327880287542939186e-03
-2.482257317751646042e-03
2.734682057052850723e-03
3.630237188190221786e-03
-2.581553533673286438e-03
5.146851763129234314e-04
-9.109550737775862217e-04
-2.088826615363359451e-03
3.968695236835628748e-04
-1.350911566987633705e-03
1.388995558954775333e-03
-1.621414994588121772e-04
-2.881712745875120163e-03
-2.266407944262027740e-03
-3.468569368124008179e-03
3.673145081847906113e-03
6.457903655245900154e-04
-3.862509736791253090e-03
-3.063845681026577950e-03
-3.414934966713190079e-03
1.630854676477611065e-03
-2.598589286208152771e-03
1.382106216624379158e-03
2.692858455702662468e-03
-2.958207624033093452e-03
9.694632608443498611e-04
2.283561043441295624e-03
2.504128962755203247e-03
1.177469384856522083e-03
1.103929709643125534e-03
2.787409117445349693e-03
1.126339891925454140e-03
2.684851642698049545e-03
-2.017131075263023376e-03
2.103450242429971695e-03
-1.300726667977869511e-03
-1.874345936812460423e-03
1.361005241051316261e-03
6.560243782587349415e-04
9.767685551196336746e-04
-3.828541375696659088e-03
4.236577369738370180e-04
-8.151354268193244934e-04
-2.511561848223209381e-03
3.560750046744942665e-03
-4.129671433474868536e-04
1.900867791846394539e-04
-1.998479710891842842e-03
2.075777389109134674e-03
2.895922167226672173e-03
3.137104446068406105e-03
-2.893802011385560036e-03
3.215640084818005562e-03
-9.656143374741077423e-04
-1.132455770857632160e-03
-2.669534878805279732e-03
-3.169277682900428772e-03
-2.445629797875881195e-03
2.356973942369222641e-03
-3.597342874854803085e-03
-1.005716505460441113e-03
-1.270933891646564007e-03
-2.991679590195417404e-03
-3.438105341047048569e-03
1.538622309453785419e-03
-3.320643911138176918e-03
1.015467569231987000e-03
1.467037363909184933e-03
5.052967462688684464e-04
1.669986057095229626e-03
1.288325525820255280e-03
-1.405727816745638847e-03
-4.240579146426171064e-04
2.625401131808757782e-03
-1.894245157018303871e-03
3.134881611913442612e-03
3.083118936046957970e-03
-1.966123090824112296e-04
7.618967792950570583e-04
-1.499193254858255386e-03
2.305191708728671074e-03
1.401211833581328392e-03
-2.922214800491929054e-03
-3.274316200986504555e-03
-2.553480677306652069e-03
1.805145293474197388e-03
3.303601872175931931e-03
-2.516770735383033752e-03
-2.724946243688464165e-03
3.270401386544108391e-03
3.765198634937405586e-03
-1.412421115674078465e-03
3.509071888402104378e-03
-3.165708854794502258e-03
2.671749796718358994e-03
2.193871885538101196e-03
-2.347491914406418800e-03
3.640224691480398178e-03
7.626236183568835258e-04
-3.331303130835294724e-03
6.891170050948858261e-04
3.858772572129964828e-03
-8.766776300035417080e-04
2.399452496320009232e-03
5.097183166071772575e-04
-6.671028677374124527e-04
-2.112732501700520515e-03
3.979290486313402653e-04
-2.961615798994898796e-03
-2.915941877290606499e-03
5.309675470925867558e-04
-6.580609478987753391e-04
1.586294150911271572e-03
-9.661822114139795303e-04
8.277981542050838470e-04
1.651079859584569931e-03
3.265569452196359634e-03
-2.031309762969613075e-03
3.496425459161400795e-03
4.550143785309046507e-04
-7.389331585727632046e-05
-1.729308860376477242e-03
-1.893441658467054367e-03
-3.434302750974893570e-03
-1.372944097965955734e-03
-9.558103629387915134e-04
-3.414354054257273674e-03
-3.283315803855657578e-03
2.957982360385358334e-05
-6.999648758210241795e-04
-1.339406822808086872e-03
-1.038373331539332867e-03
3.233642317354679108e-03
-8.421275997534394264e-04
-3.428390715271234512e-03
1.191081479191780090e-03
4.215769586153328419e-04
-2.023461507633328438e-03
-2.872552257031202316e-03
2.987101208418607712e-03
2.824172377586364746e-03
-1.527230255305767059e-03
2.794468775391578674e-03
-2.492196159437298775e-03
-3.517751116305589676e-03
-8.431758615188300610e-04
-6.391105125658214092e-04
3.192976117134094238e-03
9.400425478816032410e-04
-5.949438782408833504e-04
-9.219531784765422344e-05
3.831280628219246864e-03
-4.685594831244088709e-05
-3.672287333756685257e-03
-7.264087907969951630e-04
-3.552719426807016134e-04
6.309272139333188534e-04
-2.502062590792775154e-03
1.841598656028509140e-03
-2.208645455539226532e-03
-2.244372619315981865e-03
-2.180007286369800568e-03
8.086839225143194199e-04
3.091055667027831078e-03
2.739060437306761742e-03
