-2.325377194210886955e-03
2.741233445703983307e-03
1.841752207837998867e-03
-1.981769222766160965e-03
-1.239443547092378139e-03
8.522716816514730453e-04
1.087996410205960274e-03
1.256087212823331356e-03
-3.904809942469000816e-03
-1.744482899084687233e-03
5.524978041648864746e-04
-2.527848118916153908e-04
2.161313313990831375e-03
-2.378453267738223076e-03
8.989900234155356884e-04
-3.502110019326210022e-03
-6.610393174923956394e-04
-2.999374642968177795e-03
6.676604389213025570e-04
-2.163935569114983082e-04
3.071253420785069466e-03
-9.206487447954714298e-05
-2.119723707437515259e-03
-1.340063055977225304e-03
3.606811864301562309e-03
3.144796472042798996e-03
3.886339487507939339e-03
1.899079215945675969e-04
-7.446430390700697899e-04
2.964642131701111794e-03
-3.000230761244893074e-03
-1.532162539660930634e-03
-3.279526950791478157e-03
1.824375824071466923e-03
-1.680186600424349308e-03
-2.235907595604658127e-03
-2.405384555459022522e-03
2.469296567142009735e-03
3.160399501211941242e-04
-3.634735010564327240e-03
-1.474507385864853859e-03
1.859547337517142296e-03
-1.369880337733775377e-04
-1.062492956407368183e-03
-5.456159706227481365e-04
-2.470204140990972519e-03
-3.849765751510858536e-03
-2.358932979404926300e-03
3.172677941620349884e-03
-2.751999534666538239e-03
-9.624858503229916096e-04
-1.451636431738734245e-03
-1.222845283336937428e-03
9.223654633387923241e-04
-1.003783545456826687e-03
4.566903226077556610e-04
3.763016429729759693e-04
-1.164086977951228619e-03
-2.649007132276892662e-03
3.598160808905959129e-03
-3.450547810643911362e-04
2.015256555750966072e-03
-4.428516549523919821e-04
3.644150216132402420e-03
-2.745355304796248674e-04
3.347402205690741539e-03
-7.738183921901509166e-05
3.358640824444591999e-04
3.342383075505495071e-03
3.330416046082973480e-03
1.223108964040875435e-03
2.186137717217206955e-03
2.204807009547948837e-03
3.305349964648485184e-03
-1.557886251248419285e-03
2.331986790522933006e-03
3.809300949797034264e-03
-2.718932460993528366e-03
3.014594782143831253e-03
3.590665059164166451e-03
-1.833110116422176361e-03
-1.853908994235098362e-03
-3.194425720721483231e-03
-4.682920989580452442e-04
-3.723813220858573914e-03
2.849858487024903297e-03
-1.213508890941739082e-03
-1.120101311244070530e-03
-2.767633181065320969e-03
-2.666138112545013428e-03
3.521243575960397720e-03
-2.179877599701285362e-03
1.007373677566647530e-03
2.989287720993161201e-03
-2.920066006481647491e-03
3.756809746846556664e-03
1.580790267325937748e-03
-1.731500960886478424e-03
-2.035761484876275063e-03
-2.010617870837450027e-03
-2.633205382153391838e-03
-1.516524935141205788e-03
-2.504137810319662094e-04
9.816114325076341629e-04
-3.315004287287592888e-03
-1.938438654178753495e-04
-1.452555181458592415e-03
-2.665002364665269852e-03
-2.121993340551853180e-03
3.861029865220189095e-03
1.788072520866990089e-03
-3.594591747969388962e-03
2.021735068410634995e-03
2.778221096377819777e-05
1.210723930853419006e-04
-3.869915963150560856e-04
3.268694737926125526e-03
3.029195941053330898e-04
6.730005843564867973e-04
2.769787097349762917e-03
3.558061085641384125e-03
4.004483926109969616e-04
2.728707622736692429e-03
-2.667705412022769451e-04
-2.382123377174139023e-03
-3.713300917297601700e-03
-2.068904927000403404e-03
-1.954147592186927795e-03
-2.712364075705409050e-03
-3.822175494860857725e-04
2.542388392612338066e-03
-2.590718446299433708e-03
-1.226042164489626884e-03
-2.083059865981340408e-03
-1.243586739292368293e-04
2.176857320591807365e-03
-3.678722772747278214e-03
5.641412572003901005e-04
2.376559190452098846e-03
-3.597444621846079826e-03
-1.805044827051460743e-03
4.137616197112947702e-04
1.417088322341442108e-03
-1.714801066555082798e-03
-2.693006768822669983e-03
-7.732258527539670467e-04
-1.087731099687516689e-03
3.372179809957742691e-03
5.027218867326155305e-05
-3.190756309777498245e-03
-2.367881592363119125e-03
2.810683334246277809e-03
-3.458249848335981369e-03
1.965261064469814301e-03
-3.899162635207176208e-03
3.899798262864351273e-03
-7.622378179803490639e-04
1.626310637220740318e-03
-8.034760830923914909e-04
2.161572221666574478e-03
-2.470200182870030403e-03
-1.945563475601375103e-03
-2.657214179635047913e-03
3.220360726118087769e-03
3.627915168181061745e-03
2.989789238199591637e-03
-2.367661101743578911e-03
6.691624876111745834e-04
-8.341806242242455482e-04
7.579474477097392082e-04
-2.419830532744526863e-03
-2.614615717902779579e-03
2.393488073721528053e-03
3.799679398071020842e-04
-1.347161130979657173e-03
3.644337179139256477e-03
1.849941443651914597e-03
-2.788162790238857269e-03
-1.721522072330117226e-03
-3.765722969546914101e-03
2.630067756399512291e-03
8.022500551305711269e-04
2.152911853045225143e-03
-1.049287093337625265e-04
3.052491461858153343e-03
-2.605698769912123680e-03
1.780174672603607178e-03
-2.551776124164462090e-04
1.949644647538661957e-03
2.106028841808438301e-03
3.500917693600058556e-03
3.623032011091709137e-03
-2.966277068480849266e-03
1.546739484183490276e-03
3.862222190946340561e-03
2.108107553794980049e-03
-2.442779717966914177e-03
-8.615371771156787872e-04
-1.282763318158686161e-03
-8.329998308909125626e-06
-8.020837558433413506e-04
1.581415766850113869e-03
1.752941752783954144e-03
3.540973179042339325e-03
2.920078579336404800e-03
-1.218106132000684738e-03
-2.664033090695738792e-03
-3.509705420583486557e-03
-1.682167523540556431e-03
-1.989335520192980766e-03
3.773021278902888298e-03
3.735463833436369896e-03
-1.120387110859155655e-03
5.544767482206225395e-04
-2.990068634971976280e-03
-2.589651849120855331e-03
2.387376502156257629e-03
6.218554917722940445e-04
-3.430274082347750664e-03
2.726359816733747721e-04
-2.971957903355360031e-03
2.748453291133046150e-03
1.186998269986361265e-04
3.087504301220178604e-04
-2.745775738731026649e-03
3.159437794238328934e-03
9.742950169311370701e-06
-2.905508037656545639e-03
-8.239239687100052834e-04
3.002170706167817116e-03
-1.673425664193928242e-03
-2.041947096586227417e-03
-5.979606430628336966e-05
1.978427870199084282e-03
-3.450018120929598808e-03
-3.023233497515320778e-03
-3.008295549079775810e-03
2.588605857454240322e-04
-5.706452066078782082e-04
-2.784647513180971146e-03
-3.855293383821845055e-03
1.361676957458257675e-03
3.546853549778461456e-03
9.365142905153334141e-04
-3.192172851413488388e-03
9.191075805574655533e-04
-2.680920530110597610e-03
6.585891824215650558e-04
-9.177891188301146030e-04
-3.705563955008983612e-03
-3.956259170081466436e-04
-2.578062936663627625e-03
1.739368657581508160e-03
-3.528875997290015221e-03
-9.001282742246985435e-04
-1.408260082826018333e-03
