-1.817886019125580788e-03
2.492566360160708427e-03
9.794752113521099091e-04
-3.507143992464989424e-04
-5.056475056335330009e-04
-1.401128480210900307e-03
3.643072908744215965e-03
-1.670380239374935627e-03
-3.601339412853121758e-04
-1.038831542246043682e-03
-1.498454832471907139e-03
1.895756227895617485e-03
1.602943753823637962e-03
1.210765913128852844e-03
3.417437430471181870e-03
3.874653950333595276e-03
3.864510916173458099e-03
4.343111650086939335e-04
-5.059760296717286110e-04
-7.343887118622660637e-04
3.195679048076272011e-03
-3.802199615165591240e-03
4.906847025267779827e-04
-5.973528022877871990e-04
-1.079471189768810291e-06
-9.575735311955213547e-04
-2.565888687968254089e-03
-1.427787065040320158e-04
-2.833550795912742615e-03
5.591641529463231564e-04
5.696638836525380611e-04
3.158550942316651344e-03
-2.106190891936421394e-03
1.166846719570457935e-03
9.501182357780635357e-04
2.982188481837511063e-03
2.778937108814716339e-03
1.358332578092813492e-03
-9.586670785211026669e-04
2.214352367445826530e-03
-1.881411881186068058e-03
9.428926859982311726e-04
3.579803043976426125e-03
-6.917846621945500374e-04
-3.106331219896674156e-03
8.117941906675696373e-04
-3.590877400711178780e-03
2.005715155974030495e-03
-5.184036563150584698e-04
-3.835618495941162109e-03
3.886078251525759697e-03
-2.595189027488231659e-03
-1.838703523389995098e-03
2.475500339642167091e-03
2.622507512569427490e-03
-2.880053361877799034e-03
2.443425357341766357e-03
-3.091803751885890961e-03
-2.217881847172975540e-03
1.418854342773556709e-03
-3.458234015852212906e-03
3.140557324513792992e-03
-1.386419520713388920e-03
-2.532003214582800865e-03
-3.449071897193789482e-03
2.797760767862200737e-03
2.177345566451549530e-03
-6.416940013878047466e-04
4.794978303834795952e-04
-1.367244636639952660e-03
-1.818460179492831230e-03
-8.110591443255543709e-04
-3.263890976086258888e-03
-3.317881608381867409e-03
2.146157436072826385e-03
2.549365162849426270e-04
-2.794739324599504471e-03
-1.579255680553615093e-03
-2.678129589185118675e-03
-8.713402203284204006e-04
-2.282894216477870941e-03
-5.587863852269947529e-04
-3.039668314158916473e-03
-1.591044128872454166e-03
-2.389020664850249887e-04
-2.195953624323010445e-03
-7.890033302828669548e-04
-2.221200382336974144e-03
-1.810817746445536613e-03
-2.524614334106445312e-03
-3.573910566046833992e-03
-1.940524904057383537e-03
-2.260006032884120941e-03
-1.734868739731609821e-03
4.494418681133538485e-04
2.935147145763039589e-03
-3.346419194713234901e-03
-3.375703003257513046e-03
7.571683381684124470e-04
1.600251533091068268e-03
-1.870086998678743839e-03
-1.715334132313728333e-03
6.530208047479391098e-04
-9.686817647889256477e-04
2.762777963653206825e-03
-2.527164528146386147e-03
2.360519254580140114e-03
-1.967857126146554947e-03
3.701987210661172867e-03
6.538886227644979954e-04
-2.220451831817626953e-03
2.915756544098258018e-03
-2.153956796973943710e-03
7.326476625166833401e-04
2.428921870887279510e-03
7.954490138217806816e-04
-3.857864532619714737e-03
3.452493110671639442e-03
3.867022925987839699e-03
-2.847975119948387146e-03
3.431366058066487312e-03
2.179813105612993240e-03
-2.063080202788114548e-03
-1.202704268507659435e-03
2.144353231415152550e-03
-5.723568756366148591e-05
3.088894067332148552e-03
2.244761912152171135e-03
1.486058114096522331e-03
-1.002259785309433937e-03
1.962895272299647331e-03
-3.436089958995580673e-03
2.145450096577405930e-03
2.864271169528365135e-03
3.773080650717020035e-03
-3.168969182297587395e-03
-1.607243553735315800e-03
2.007405506446957588e-03
1.094442093744874001e-03
-2.778533846139907837e-03
-2.686498337425291538e-04
3.686996875330805779e-03
1.011624699458479881e-03
-3.915351990144699812e-04
2.337833400815725327e-03
4.018216277472674847e-04
-4.303642199374735355e-04
-3.046096302568912506e-03
2.968207118101418018e-04
1.933957915753126144e-03
-2.729617292061448097e-03
3.498973324894905090e-03
-1.865470199845731258e-03
-1.835614442825317383e-03
7.467908289982005954e-05
-9.563941421220079064e-05
-2.561266999691724777e-03
1.540740631753578782e-04
-2.449217252433300018e-03
-1.454396115150302649e-04
5.646488862112164497e-04
3.511034650728106499e-03
-1.854859758168458939e-03
-2.581344917416572571e-03
-1.384810078889131546e-03
2.259874949231743813e-03
-3.326218808069825172e-03
-1.711400109343230724e-03
-3.090715967118740082e-03
3.415808081626892090e-03
8.959675906226038933e-04
-3.545540675986558199e-05
-3.453343641012907028e-03
2.334172371774911880e-03
5.196699057705700397e-04
3.477057674899697304e-03
1.977514475584030151e-03
-7.526047411374747753e-04
2.262327354401350021e-03
-1.708061783574521542e-03
-3.692183643579483032e-03
-1.077890628948807716e-03
-3.483238629996776581e-03
7.589348824694752693e-04
-2.624695887789130211e-03
3.734113182872533798e-03
-2.258635126054286957e-03
-6.412341608665883541e-04
-3.737869206815958023e-03
-2.269615186378359795e-03
3.498324658721685410e-03
-1.566601218655705452e-03
2.631538081914186478e-03
3.033563029021024704e-03
2.764404984191060066e-03
-4.728390777017921209e-04
-3.394692437723278999e-03
9.008713532239198685e-04
-2.906161127611994743e-03
8.432100003119558096e-05
4.014623409602791071e-04
1.624971744604408741e-03
8.306115632876753807e-04
-2.287268172949552536e-03
5.508732865564525127e-04
-3.515478456392884254e-03
-3.209485672414302826e-03
7.980504306033253670e-04
2.938567195087671280e-03
-2.060502069070935249e-03
2.473800675943493843e-03
-6.046253838576376438e-04
-1.502156024798750877e-03
-1.149553499999456108e-04
-3.274698043242096901e-03
1.963601447641849518e-03
8.866981952451169491e-04
2.912197378464043140e-04
-1.934679457917809486e-03
-1.975369872525334358e-03
-2.316277474164962769e-03
1.794466224964708090e-04
-3.719907952472567558e-03
-7.062662625685334206e-04
9.454120299778878689e-04
-3.310855710878968239e-03
1.186445821076631546e-03
2.215652726590633392e-03
-2.606650814414024353e-03
2.398169133812189102e-03
1.041383249685168266e-03
-1.284256577491760254e-03
3.226133761927485466e-03
-3.253653412684798241e-03
3.444705158472061157e-03
-2.434062043903395534e-04
-2.145064063370227814e-03
8.516365196555852890e-04
1.151637523435056210e-03
-2.535786479711532593e-04
-2.215749846072867513e-04
1.710954355075955391e-03
1.616225461475551128e-03
-1.742534455843269825e-03
2.027788432314991951e-03
-2.807148033753037453e-03
-2.028031740337610245e-03
2.313742181286215782e-03
-2.228457015007734299e-03
2.774615306407213211e-03
2.465441590175032616e-03
-3.787075867876410484e-03
6.695163028780370951e-05
1.971606165170669556e-03
3.454611403867602348e-03
-1.714022801024839282e-04
