5.825330736115574837e-04
1.399694709107279778e-03
1.901848474517464638e-03
-1.057692104950547218e-03
-6.314610945992171764e-04
-2.451518550515174866e-03
8.191241649910807610e-04
1.188874128274619579e-03
-1.612191554158926010e-03
-2.581670414656400681e-03
-3.749385708943009377e-03
-1.004479476250708103e-03
1.493620569817721844e-03
3.657909343019127846e-03
-3.546749707311391830e-03
-3.875108435750007629e-03
-1.393459970131516457e-03
3.215308766812086105e-03
-6.486370693892240524e-04
3.743343695532530546e-04
1.123994239605963230e-03
2.286605304107069969e-04
1.540741766802966595e-03
-5.061994888819754124e-04
4.556580679491162300e-04
-1.798778539523482323e-03
8.120996062643826008e-04
-3.773947013542056084e-03
-2.254922641441226006e-03
-2.521371934562921524e-03
7.464851369149982929e-04
1.624932338017970324e-05
-5.253601702861487865e-04
1.176714897155761719e-03
1.082161092199385166e-03
2.484197961166501045e-03
9.237795602530241013e-04
2.575024031102657318e-03
1.309457235038280487e-03
-1.603489974513649940e-03
-3.810294670984148979e-03
3.199407598003745079e-03
-1.769705675542354584e-03
-2.196695655584335327e-03
-3.743820125237107277e-03
-1.711851800791919231e-03
-8.074499783106148243e-04
-1.517785480245947838e-03
3.698561573401093483e-03
-8.600335422670468688e-05
5.319016054272651672e-04
1.371192629449069500e-03
2.296186983585357666e-03
3.402616712264716625e-04
1.718405284918844700e-03
2.303615910932421684e-03
-1.754852710291743279e-03
-2.933417446911334991e-03
-1.327549456618726254e-03
2.770958933979272842e-03
3.078961279243230820e-03
-3.785931505262851715e-03
-6.041061715222895145e-04
3.572809277102351189e-03
2.993157599121332169e-03
-3.052486339583992958e-03
-3.037902526557445526e-03
-2.904966473579406738e-03
-1.268484746105968952e-03
-1.999052008613944054e-03
9.181589703075587749e-04
6.884520407766103745e-04
3.651533974334597588e-03
-2.117766533046960831e-03
-2.259970875456929207e-03
-3.497273428365588188e-03
2.810439618770033121e-04
-1.342701842077076435e-03
2.461651572957634926e-03
3.440326545387506485e-03
-1.873389235697686672e-03
1.335617504082620144e-03
3.157520899549126625e-03
2.959207165986299515e-03
2.429768210276961327e-03
-5.763478111475706100e-04
3.056481946259737015e-03
1.568860956467688084e-03
-3.839269746094942093e-03
2.225535456091165543e-03
1.868844447017181665e-05
-3.419752756599336863e-04
-3.014769637957215309e-03
-3.695403225719928741e-03
2.138313604518771172e-03
-3.009825013577938080e-03
-2.142162062227725983e-03
3.563852980732917786e-03
-1.910334452986717224e-03
1.639828318729996681e-03
3.035947738680988550e-04
2.773736370727419853e-03
-8.020742825465276837e-05
1.573673333041369915e-03
1.271572400582954288e-04
-1.670544268563389778e-03
-2.973638474941253662e-03
-1.072269806172698736e-04
8.579590357840061188e-04
3.344411496073007584e-03
-2.140678232535719872e-03
1.619259943254292011e-03
1.988725271075963974e-03
2.415790921077132225e-03
-5.786941037513315678e-04
-4.813260748051106930e-04
2.399954013526439667e-03
2.148387953639030457e-03
1.773440395481884480e-03
-8.049525786191225052e-04
1.029867446050047874e-03
3.790196962654590607e-03
3.848120803013443947e-03
-1.128855394199490547e-03
-2.404912665951997042e-04
-3.297535004094243050e-03
-3.874171059578657150e-03
-1.599993673153221607e-03
5.239556776359677315e-04
2.549497643485665321e-03
-1.534281997010111809e-03
2.605058019980788231e-03
-4.895925521850585938e-04
-1.767560752341523767e-04
-2.813135273754596710e-03
8.539262344129383564e-04
-1.997601939365267754e-03
4.363977641332894564e-04
-6.575812003575265408e-04
2.602548338472843170e-03
-5.434611230157315731e-04
2.730506705120205879e-03
-1.356129418127238750e-03
2.160375472158193588e-03
3.010586602613329887e-03
3.182739252224564552e-03
-2.749044913798570633e-03
4.894522717222571373e-04
1.266622421098873019e-04
-2.881837775930762291e-03
-7.468038238584995270e-04
2.614519326016306877e-03
-3.097660839557647705e-03
3.476937999948859215e-03
-2.566353650763630867e-03
-2.311924705281853676e-03
-3.589812899008393288e-03
2.972129266709089279e-03
2.123723970726132393e-03
-2.531638368964195251e-03
-2.392350463196635246e-03
-9.005138417705893517e-04
3.183685243129730225e-03
2.730896230787038803e-03
-3.075231797993183136e-03
3.736870363354682922e-03
-7.278748671524226665e-04
-4.834737919736653566e-04
-1.042615040205419064e-03
1.187554444186389446e-03
8.395511540584266186e-04
3.798067802563309669e-03
-2.566193230450153351e-03
5.588201456703245640e-04
-5.943972500972449780e-04
3.053961787372827530e-03
-1.028639264404773712e-03
3.144777845591306686e-03
2.277125138789415359e-03
-6.025058246450498700e-05
-1.750025432556867599e-03
1.165103400126099586e-03
-2.007491188123822212e-03
-5.014240159653127193e-04
-6.939879967831075191e-04
7.347783539444208145e-04
-2.779170172289013863e-03
-2.855276456102728844e-03
-1.202639774419367313e-03
-2.648456720635294914e-03
-3.726356429979205132e-03
-1.038412810885347426e-04
1.115870778448879719e-03
2.062112325802445412e-03
-2.354641910642385483e-03
1.849529566243290901e-03
3.712913254275918007e-03
1.839802949689328671e-03
7.031937711872160435e-04
-2.828309778124094009e-03
3.003704594448208809e-03
-9.546264664095360786e-06
1.778434962034225464e-03
-2.558925189077854156e-03
-3.515569493174552917e-03
3.385012038052082062e-03
-3.175917780026793480e-03
2.128648106008768082e-03
-3.107041120529174805e-03
3.149831434711813927e-03
-2.512575883883982897e-04
2.334692981094121933e-03
-1.136021688580513000e-03
-2.295207930728793144e-03
2.625026972964406013e-03
2.059760503470897675e-03
-3.389418357983231544e-03
-1.536346273496747017e-03
-3.073703730478882790e-03
-8.275198633782565594e-04
1.506100379629060626e-04
-1.174756092950701714e-03
-1.144080539233982563e-03
2.781763439998030663e-03
1.468359376303851604e-03
-1.213161624036729336e-03
-1.752403099089860916e-03
-3.145243972539901733e-03
-3.349951002746820450e-03
-3.340322291478514671e-03
3.456710139289498329e-03
2.413622336462140083e-03
-9.677001507952809334e-04
2.692223060876131058e-03
2.081271726638078690e-03
-1.531167770735919476e-03
-9.279297082684934139e-04
1.973077654838562012e-03
1.576697104610502720e-03
3.076399443671107292e-03
-2.220755908638238907e-03
-2.238536020740866661e-03
-3.369616577401757240e-03
5.568672786466777325e-04
3.215784439817070961e-03
3.335195826366543770e-03
9.606228559277951717e-04
3.637835849076509476e-03
-3.320936812087893486e-03
-3.482940373942255974e-03
1.988335512578487396e-03
2.915586810559034348e-03
8.306966628879308701e-04
2.580189844593405724e-03
-3.421101951971650124e-03
-1.995156890188809484e-05
