2.007392002269625664e-03
2.674211747944355011e-03
3.335857763886451721e-03
1.305730198509991169e-03
3.531450871378183365e-03
2.751295221969485283e-03
3.644675947725772858e-03
-3.435042744968086481e-04
1.858450821600854397e-03
3.477079793810844421e-03
2.299074083566665649e-03
2.276037354022264481e-03
5.599701544269919395e-04
-3.150643547996878624e-03
1.367386546917259693e-03
-6.692208116874098778e-04
2.784462878480553627e-03
-7.316452101804316044e-04
2.882427768781781197e-03
-1.586484722793102264e-04
1.192574622109532356e-03
-3.535790368914604187e-03
-3.208068199455738068e-03
-2.703688573092222214e-03
3.499771934002637863e-03
2.770386170595884323e-03
3.521762322634458542e-03
-1.448432332836091518e-03
1.390562683809548616e-04
-8.547439938411116600e-05
-1.118272077292203903e-03
-6.774854846298694611e-04
3.089042613282799721e-03
2.545234048739075661e-03
-1.455260557122528553e-03
-1.054358785040676594e-03
-2.971781417727470398e-03
-3.128251992166042328e-03
-3.312361659482121468e-03
2.715972950682044029e-04
-1.123168389312922955e-03
2.225753560196608305e-04
7.651837659068405628e-04
3.472598968073725700e-03
3.892372595146298409e-03
-2.508388133719563484e-03
-1.396304345689713955e-03
3.683655813802033663e-05
-8.167393971234560013e-04
2.186264609917998314e-03
-3.730560420081019402e-03
-3.881268436089158058e-03
2.235600957646965981e-03
-2.600066130980849266e-03
2.648470690473914146e-03
-1.207645051181316376e-03
-1.072275103069841862e-03
-2.076796081382781267e-04
-1.478726626373827457e-03
-1.883218501461669803e-04
-1.807227381505072117e-03
6.822121213190257549e-04
-2.641547936946153641e-03
1.713591191219165921e-04
-1.342195901088416576e-03
5.320373456925153732e-04
3.731122240424156189e-03
-1.937255263328552246e-03
-3.287229454144835472e-03
-2.570173470303416252e-03
-6.191270658746361732e-04
1.620845985598862171e-03
3.560648998245596886e-03
-1.643267692998051643e-03
3.740143263712525368e-03
-8.730351109988987446e-04
-1.414762577041983604e-03
-3.650140017271041870e-03
-3.884744830429553986e-03
1.031889696605503559e-03
-3.113472135737538338e-03
5.463371053338050842e-04
1.947585144080221653e-03
-3.139345673844218254e-03
-2.707687439396977425e-03
2.514042193070054054e-03
1.368042081594467163e-03
-3.431151388213038445e-03
1.782334060408174992e-03
3.762278240174055099e-03
3.629870247095823288e-03
3.631856292486190796e-03
1.453807111829519272e-03
-1.886073034256696701e-03
-1.948158605955541134e-03
-1.175274141132831573e-03
3.606749523896723986e-04
-1.863609999418258667e-03
-2.077898476272821426e-03
-3.782738465815782547e-03
-4.275070677977055311e-04
-8.702510385774075985e-04
2.254510065540671349e-03
-2.671347174327820539e-04
3.211018396541476250e-03
9.649309795349836349e-04
1.283840043470263481e-03
9.829243645071983337e-04
-2.171807689592242241e-03
2.797238528728485107e-03
-1.678709988482296467e-03
1.956131774932146072e-03
1.655323314480483532e-03
-2.586846239864826202e-03
-2.433232031762599945e-03
8.647164213471114635e-04
-8.059514802880585194e-04
2.014699421124532819e-04
-2.161185548175126314e-04
-8.112319046631455421e-04
4.993336042389273643e-04
-1.008085673674941063e-03
2.709685126319527626e-03
-3.229099325835704803e-03
2.951812697574496269e-03
1.017753267660737038e-03
-3.172784112393856049e-03
9.379513357998803258e-05
3.232880961149930954e-03
3.791284980252385139e-03
-3.614573273807764053e-03
2.592332893982529640e-03
-1.058993279002606869e-03
2.521309303119778633e-03
-2.878040075302124023e-03
-1.472041127271950245e-03
1.271526911295950413e-03
-9.603870421415194869e-05
9.678205824457108974e-04
-3.747911890968680382e-03
7.853852002881467342e-04
3.275155555456876755e-03
-5.361718358471989632e-04
2.819404006004333496e-03
-7.702181028435006738e-05
-2.763853117357939482e-04
2.229455392807722092e-03
-3.413588041439652443e-03
-2.966694068163633347e-03
4.552325990516692400e-04
-3.767517628148198128e-03
2.154797315597534180e-03
-3.526888904161751270e-04
-2.684806939214468002e-03
-1.994244987145066261e-03
-2.644289750605821609e-03
-1.559496042318642139e-03
2.296980703249573708e-03
-3.682020120322704315e-03
-3.537201322615146637e-03
2.307578455656766891e-03
4.646718152798712254e-04
1.374430139549076557e-03
1.815839787013828754e-03
1.942194299772381783e-03
-2.436201553791761398e-03
-3.116707783192396164e-03
-1.138206687755882740e-03
-1.442973967641592026e-03
-3.504480700939893723e-03
1.411125063896179199e-03
1.248255604878067970e-03
-2.092348411679267883e-03
-2.129686065018177032e-03
1.521450234577059746e-03
3.068822203204035759e-03
6.058075814507901669e-04
-2.670012181624770164e-04
-3.419699845835566521e-03
-2.157238544896245003e-03
6.650199793512001634e-05
3.662321250885725021e-03
2.428463194519281387e-03
1.246018684469163418e-03
-8.403912943322211504e-05
1.342270988970994949e-03
-3.499583341181278229e-03
2.675294126674998552e-05
-3.411334764678031206e-04
2.945587737485766411e-03
-2.905532717704772949e-03
7.392955012619495392e-04
-2.998674754053354263e-03
-3.755912766791880131e-04
2.433095825836062431e-03
3.366474527865648270e-03
2.883587731048464775e-03
-9.561683982610702515e-04
3.606900572776794434e-03
-1.911408384330570698e-03
-3.659076523035764694e-03
-1.223089639097452164e-03
-3.648230573162436485e-03
-2.670175163075327873e-03
4.247177857905626297e-04
3.206048859283328056e-03
-5.982435541227459908e-04
-7.538408390246331692e-04
2.009675605222582817e-03
-2.783135278150439262e-03
3.712482284754514694e-03
-2.310122363269329071e-03
3.729920135810971260e-03
-3.465456422418355942e-03
-3.687228076159954071e-03
-3.144708462059497833e-03
-1.777520403265953064e-03
1.260816934518516064e-03
3.314937697723507881e-03
3.969572717323899269e-04
2.287214854732155800e-03
-6.717636133544147015e-04
2.413190813967958093e-04
-1.868105726316571236e-03
-3.484237473458051682e-03
3.715547267347574234e-03
-1.614082837477326393e-03
-3.483588574454188347e-03
-3.183641936630010605e-03
-8.322005742229521275e-04
-1.818733871914446354e-04
1.878840383142232895e-03
-3.346987301483750343e-03
-3.524688072502613068e-03
-2.946354215964674950e-03
-9.800604311749339104e-04
-9.638575720600783825e-04
9.830237831920385361e-05
3.901040647178888321e-03
-1.336949790129438043e-04
-3.393884690012782812e-04
-2.569162519648671150e-03
3.449523588642477989e-03
5.972731159999966621e-04
-3.264778992161154747e-03
3.140851389616727829e-03
7.791371317580342293e-04
2.670078829396516085e-04
1.012590131722390652e-03
1.022910000756382942e-04
-2.509494079276919365e-03
2.224233001470565796e-03
5.794561584480106831e-04
-2.673867857083678246e-03
5.853237234987318516e-04
-8.382058003917336464e-04
