-2.826659241691231728e-03
1.721507636830210686e-03
4.465166421141475439e-04
-5.956044187769293785e-04
3.727550385519862175e-03
9.684738870419096202e-06
-3.548924345523118973e-03
3.777551464736461639e-03
-1.236964715644717216e-03
1.248625223524868488e-03
2.525661140680313110e-03
-2.919880207628011703e-03
7.125426782295107841e-04
-5.805240361951291561e-04
2.615018514916300774e-03
3.612379776313900948e-03
1.334702712483704090e-03
3.330013714730739594e-03
2.467979211360216141e-03
-3.715832019224762917e-03
-3.807667875662446022e-03
3.471380565315485001e-03
-2.225627889856696129e-03
1.375472871586680412e-03
1.104456954635679722e-03
-1.248104032129049301e-03
3.458659164607524872e-03
-3.878198564052581787e-03
-3.862834637402556837e-05
-2.274432685226202011e-03
-1.106654293835163116e-03
-1.897967304103076458e-03
-9.053288376890122890e-04
-2.818983513861894608e-03
-2.376308664679527283e-03
-3.468573093414306641e-03
3.821717575192451477e-03
-8.806718396954238415e-04
-2.843298716470599174e-03
3.886176273226737976e-03
-1.877941191196441650e-03
-7.450783159583806992e-04
8.307752432301640511e-04
-3.798300167545676231e-03
1.260278047993779182e-03
-2.113473834469914436e-03
-9.911387460306286812e-04
2.786695025861263275e-03
-3.144280984997749329e-03
3.039649222046136856e-03
4.341949243098497391e-04
1.264081802219152451e-03
1.342006260529160500e-03
-3.822489175945520401e-03
2.319145249202847481e-03
3.678516717627644539e-03
-2.154667861759662628e-03
2.959716832265257835e-03
3.472411539405584335e-03
-2.124308521160855889e-04
3.139514301437884569e-04
-3.355840453878045082e-03
-1.225900370627641678e-03
3.503415267914533615e-03
3.102548886090517044e-03
-3.223771345801651478e-04
-2.098649973049759865e-03
-2.256308507639914751e-04
3.002111334353685379e-03
3.144174814224243164e-03
8.528756552550476044e-06
-1.339945709332823753e-03
1.595986075699329376e-03
-2.664046129211783409e-03
-3.241020953282713890e-03
-5.549378111027181149e-04
-2.671446884050965309e-03
1.975345658138394356e-03
-1.871322165243327618e-03
2.862128894776105881e-03
5.622836761176586151e-04
1.818447140976786613e-03
8.015378843992948532e-04
-1.279701595194637775e-03
-1.413926598615944386e-03
2.903061453253030777e-03
1.685464172624051571e-03
6.591947749257087708e-04
-1.610644627362489700e-03
-3.091486403718590736e-03
-3.743732580915093422e-03
-9.024502360261976719e-04
-3.761274274438619614e-03
-1.139962696470320225e-03
-3.878040704876184464e-03
1.867129816673696041e-03
-1.450991956517100334e-03
-3.561648773029446602e-03
-2.115658935508690774e-05
-3.617825452238321304e-03
3.088655648753046989e-04
-3.512594383209943771e-03
-9.909238433465361595e-04
2.191681414842605591e-03
3.098400542512536049e-03
2.965537365525960922e-03
1.806660584406927228e-04
1.493326737545430660e-03
2.536081476137042046e-03
-1.404972397722303867e-03
8.303374634124338627e-04
-2.576315775513648987e-03
1.138009596616029739e-03
3.377790562808513641e-03
-2.007978968322277069e-03
2.011918928474187851e-03
-1.069063670001924038e-03
1.826210529543459415e-03
3.438176820054650307e-03
-3.695266321301460266e-03
-2.044888678938150406e-03
1.309439539909362793e-03
1.948517630808055401e-03
6.716264178976416588e-04
-4.995783092454075813e-04
-2.962144557386636734e-03
-1.874058856628835201e-03
5.491671618074178696e-04
8.359905914403498173e-04
3.464623587206006050e-03
3.252349095419049263e-03
-6.002255249768495560e-04
3.589796368032693863e-03
-3.796083852648735046e-03
3.912305401172488928e-04
1.916387118399143219e-03
3.596471622586250305e-03
3.096583532169461250e-03
-4.422615747898817062e-04
-1.912582316435873508e-03
-1.445997855626046658e-03
-2.417559880996122956e-04
-3.205349785275757313e-04
3.509008558467030525e-03
-3.321459516882896423e-03
-3.478444181382656097e-03
1.466675428673624992e-03
-3.408624557778239250e-03
3.933447296731173992e-04
7.303971797227859497e-04
-1.882848009699955583e-04
3.222741652280092239e-04
-8.587196352891623974e-04
5.401498056016862392e-04
1.441022031940519810e-03
-3.564616665244102478e-03
2.005974529311060905e-03
2.078409306704998016e-04
-2.915793564170598984e-03
-1.792798168025910854e-03
-9.872611844912171364e-04
-3.665449563413858414e-03
-6.615807069465517998e-04
-2.371332142502069473e-03
-1.535571180284023285e-03
-3.072516992688179016e-03
1.189782633446156979e-03
2.235197927802801132e-03
5.258605815470218658e-04
3.454111283645033836e-03
-3.820236772298812866e-03
-7.567668217234313488e-04
3.057777183130383492e-03
3.905796678736805916e-03
-7.858872413635253906e-04
2.879369130823761225e-04
-3.234963631257414818e-03
-1.654929132200777531e-03
3.206698456779122353e-03
1.927128992974758148e-03
-3.379015717655420303e-03
-1.906672958284616470e-03
-2.326853864360600710e-04
-2.620291896164417267e-03
2.820248773787170649e-04
4.468762199394404888e-04
6.394963711500167847e-04
-2.905211877077817917e-03
3.494978300295770168e-04
2.908908762037754059e-03
2.344667213037610054e-03
-1.393265556544065475e-04
-2.653501927852630615e-03
-9.204084635712206364e-04
2.117141120834276080e-04
3.033180488273501396e-03
-2.949298592284321785e-03
3.275606315582990646e-03
-3.362699644640088081e-03
-3.424685681238770485e-03
1.573664485476911068e-03
-2.369393827393651009e-03
9.523784974589943886e-04
-1.235465635545551777e-03
2.510985592380166054e-03
2.397175878286361694e-03
2.905361354351043701e-03
-1.940770656801760197e-03
5.214364500716328621e-04
-6.004938622936606407e-04
3.481548046693205833e-03
1.649982528761029243e-03
2.181840129196643829e-03
-2.668467815965414047e-03
9.537140140309929848e-04
-1.751089468598365784e-03
4.012367935501970351e-05
-1.449142000637948513e-03
1.007022103294730186e-03
-1.254764036275446415e-03
3.480814397335052490e-03
-2.035050652921199799e-03
7.991060847416520119e-04
-3.725689603015780449e-03
2.899024868384003639e-03
-2.687161555513739586e-03
1.628964557312428951e-03
-2.410916378721594810e-03
2.519739791750907898e-04
2.883961191400885582e-03
2.087233588099479675e-03
-2.630963223055005074e-03
-6.122026243247091770e-04
1.432081218808889389e-03
-3.072070423513650894e-03
9.110411629080772400e-04
-2.212401013821363449e-04
3.452583681792020798e-03
-1.380358589813113213e-03
-1.376486150547862053e-03
-1.428625779226422310e-03
-1.821550773456692696e-03
3.727805800735950470e-03
5.966221215203404427e-04
-2.150861313566565514e-03
-1.356358756311237812e-03
-3.661822527647018433e-03
-1.965897390618920326e-03
-2.340955194085836411e-03
-3.080553608015179634e-03
-1.172871212475001812e-03
3.323733690194785595e-04
3.795211086980998516e-04
2.083748579025268555e-03
4.151606117375195026e-04
3.069109749048948288e-03
