-5.542271537706255913e-04
-3.251309040933847427e-03
-4.214824293740093708e-04
2.325878303963690996e-04
-9.746430441737174988e-04
-7.043363293632864952e-04
-1.661419635638594627e-03
1.783731160685420036e-03
-3.812562907114624977e-03
-9.807737078517675400e-04
1.383699127472937107e-03
3.331902902573347092e-03
3.320422256365418434e-03
2.789240330457687378e-03
-5.723825888708233833e-04
-3.621302312240004539e-04
-5.572495865635573864e-04
2.341320039704442024e-03
1.721265609376132488e-03
-3.548257751390337944e-03
-5.191660602577030659e-04
-3.587784478440880775e-03
3.302605822682380676e-03
1.189070404507219791e-03
2.849853597581386566e-03
-2.428586361929774284e-03
-3.118829103186726570e-03
2.743965480476617813e-03
3.669099183753132820e-03
-3.675868269056081772e-03
2.130862325429916382e-03
-1.646409393288195133e-03
3.459629951976239681e-04
-1.243031234480440617e-03
-7.327499915845692158e-04
7.978879148140549660e-04
1.518121338449418545e-03
-2.220389200374484062e-03
-3.100086934864521027e-03
3.508052788674831390e-03
1.733745448291301727e-03
-2.880993066355586052e-03
2.179314848035573959e-03
-1.053788932040333748e-03
-3.470190102234482765e-03
-3.837784286588430405e-03
-2.102057682350277901e-03
3.383805975317955017e-03
5.410441663116216660e-04
5.470967153087258339e-04
-3.274860093370079994e-03
-2.947496948763728142e-03
-1.246105530299246311e-03
-2.695682924240827560e-03
7.541598752140998840e-04
1.083907322026789188e-03
2.194155473262071609e-03
-2.146821934729814529e-03
3.668612102046608925e-03
4.468937986530363560e-04
-9.357380913570523262e-04
1.092850725399330258e-04
-2.293976722285151482e-03
9.526014910079538822e-04
-2.085175074171274900e-04
-1.007421524263918400e-03
2.016838698182255030e-04
1.433869590982794762e-03
-1.797057338990271091e-03
1.993561163544654846e-03
-2.225564559921622276e-03
-2.885370748117566109e-03
-1.278628362342715263e-03
-2.237686188891530037e-03
-2.133819274604320526e-03
-3.933476109523326159e-04
-3.059104317799210548e-03
-1.566655933856964111e-03
-1.420544111169874668e-03
2.996664028614759445e-03
-1.124217407777905464e-03
-4.191447224002331495e-04
-3.745485330000519753e-03
1.107622170820832253e-03
3.282285062596201897e-03
3.810235532000660896e-03
-3.832482732832431793e-03
2.087825443595647812e-03
-1.468561822548508644e-03
5.146597395651042461e-04
-2.618585014715790749e-03
-2.584679052233695984e-03
3.639862639829516411e-03
-1.549008069559931755e-03
5.209860391914844513e-04
3.793352283537387848e-03
-2.955538453534245491e-03
-5.039614625275135040e-04
-3.854328533634543419e-03
2.012044657021760941e-03
-3.881184849888086319e-03
-2.084318548440933228e-04
-9.424677700735628605e-04
-3.542198799550533295e-03
-3.489199792966246605e-03
1.632207422517240047e-03
-3.644185606390237808e-03
2.987958490848541260e-03
2.340800827369093895e-03
-1.707845949567854404e-03
2.451609470881521702e-04
1.322119729593396187e-03
2.343144966289401054e-03
2.489569596946239471e-03
1.806697808206081390e-03
9.884054306894540787e-04
2.943899249657988548e-03
1.133935526013374329e-03
-2.231832360848784447e-03
-3.615683177486062050e-03
1.242737751454114914e-03
-6.492253742180764675e-04
2.461432013660669327e-03
-3.298555384390056133e-04
2.486811717972159386e-03
-3.468272741883993149e-03
-2.445495454594492912e-03
-3.267782507464289665e-03
-4.823466879315674305e-04
9.452459198655560613e-05
2.858283405657857656e-04
2.231685357401147485e-04
3.899814561009407043e-03
1.538323354907333851e-03
3.475912846624851227e-03
3.281028708443045616e-03
3.233868861570954323e-03
-2.227484481409192085e-03
-1.407401985488831997e-03
-1.713155652396380901e-03
-7.766802445985376835e-04
-6.514803972095251083e-04
-1.678200671449303627e-03
-1.859487849287688732e-03
2.516396576538681984e-03
-3.873080713674426079e-03
3.706847317516803741e-03
-1.454690820537507534e-03
1.336565124802291393e-03
2.590736141428351402e-03
-9.814347140491008759e-04
3.471580334007740021e-03
-2.572809578850865364e-03
2.113390248268842697e-03
-1.545660081319510937e-03
3.634393913671374321e-03
2.657837467268109322e-03
3.185136709362268448e-03
-1.532145892269909382e-03
-1.892987056635320187e-03
2.527852077037096024e-03
-3.564344660844653845e-04
3.404568997211754322e-04
2.035167999565601349e-03
-3.117624204605817795e-03
-4.946613917127251625e-04
2.845322480425238609e-03
3.418650245293974876e-03
3.439743304625153542e-03
3.758621867746114731e-03
1.335291308350861073e-03
3.915706183761358261e-04
1.013985369354486465e-03
2.276764949783682823e-03
7.976678898558020592e-04
-8.680500322952866554e-04
3.223818726837635040e-03
1.756002777256071568e-03
-3.813342656940221786e-03
5.064186989329755306e-04
-3.020601812750101089e-03
3.494878532364964485e-03
1.841117860749363899e-03
-2.137855859473347664e-03
-1.370449084788560867e-03
-3.359078837092965841e-04
9.280430385842919350e-04
-3.148969262838363647e-03
-2.600747160613536835e-03
-1.357794622890651226e-03
2.577252453193068504e-03
1.371615333482623100e-03
7.454399019479751587e-04
-3.139927284792065620e-03
-2.145902020856738091e-03
1.767662935890257359e-03
-1.655407249927520752e-03
2.931890776380896568e-03
2.191965468227863312e-03
-3.287472936790436506e-04
2.938798395916819572e-03
3.223650623112916946e-03
-2.011917764320969582e-03
-1.561030745506286621e-03
5.210513481870293617e-04
-7.090232684276998043e-04
1.270148670300841331e-03
-2.825327450409531593e-03
3.754744247999042273e-04
3.644859185442328453e-03
3.211911302059888840e-03
-2.525466028600931168e-03
-1.006878097541630268e-03
3.681629314087331295e-04
1.153917866759002209e-03
-2.036329591646790504e-03
-1.597885624505579472e-03
-3.256978467106819153e-03
1.102128997445106506e-03
-2.105635358020663261e-03
-2.624690765514969826e-03
-2.492970321327447891e-03
3.882180433720350266e-03
1.503862906247377396e-03
1.006336300633847713e-03
7.405409123748540878e-04
9.107966325245797634e-04
1.049771672114729881e-03
4.880637861788272858e-04
1.561629469506442547e-03
-1.355724816676229239e-04
-2.921245177276432514e-04
-1.543673104606568813e-03
3.253004048019647598e-03
-1.621257513761520386e-03
2.341043436899781227e-03
-3.145354567095637321e-03
-3.279637894593179226e-04
4.272116348147392273e-04
-1.451415708288550377e-03
-1.773537951521575451e-03
-2.549814991652965546e-03
1.833378919400274754e-03
1.542618498206138611e-03
8.659031591378152370e-04
-1.079199137166142464e-03
2.799698151648044586e-03
3.452955279499292374e-03
3.117417218163609505e-03
-1.678984495811164379e-03
3.613957902416586876e-03
-2.713923109695315361e-03
3.537425305694341660e-03
1.751279691234230995e-03
-1.611495041288435459e-03
-2.306698734173551202e-04
