-2.639143494889140129e-03
1.110635814256966114e-03
3.341874573379755020e-03
2.872609067708253860e-03
9.824930020840838552e-05
1.497990218922495842e-03
-2.735593356192111969e-03
1.410616911016404629e-03
3.465106012299656868e-03
-1.063456060364842415e-03
1.379205030389130116e-03
-2.633139956742525101e-03
-2.542756730690598488e-03
3.268380183726549149e-03
-3.600271418690681458e-03
-1.294857473112642765e-03
1.043188036419451237e-03
-8.710361435078084469e-04
-7.157128420658409595e-04
-1.912597450427711010e-03
-2.031329786404967308e-03
-1.582604832947254181e-03
7.371421816060319543e-05
-9.189405245706439018e-04
-5.977003602311015129e-04
-1.081520109437406063e-03
2.080853562802076340e-03
-4.454893933143466711e-04
1.482720603235065937e-03
-3.773975884541869164e-03
7.881655474193394184e-04
1.017225324176251888e-03
1.024364959448575974e-03
-1.626734388992190361e-03
-3.147659124806523323e-03
-1.394770224578678608e-04
-5.690566613338887691e-04
3.368293866515159607e-03
2.223105402663350105e-03
-2.596449339762330055e-03
-3.191704861819744110e-03
1.232584007084369659e-03
3.677642904222011566e-03
-2.250000601634383202e-03
3.672678722068667412e-03
-4.310647782403975725e-04
3.842095611616969109e-03
7.119639194570481777e-04
2.080934587866067886e-03
-2.386597916483879089e-03
-3.875887719914317131e-03
3.564108510545338504e-06
1.264279708266258240e-03
-1.789985224604606628e-03
1.024066703394055367e-03
2.681097481399774551e-03
-3.732607467100024223e-03
3.758017439395189285e-03
-2.426887629553675652e-03
-4.538862849585711956e-04
3.987503587268292904e-04
-3.072642022743821144e-03
2.877083839848637581e-03
-1.239509147126227617e-04
-3.347521414980292320e-03
-2.778251888230443001e-03
1.804302562959492207e-03
-3.239020705223083496e-03
-1.719585416140034795e-04
2.686833962798118591e-03
-8.838456124067306519e-04
1.132014091126620770e-03
-2.259621862322092056e-03
3.907833714038133621e-03
-2.995010698214173317e-03
2.928856061771512032e-03
-7.527519483119249344e-04
2.500296803191304207e-03
3.278770949691534042e-03
1.652735169045627117e-03
5.493891876540146768e-05
3.294186317361891270e-04
-1.282921410165727139e-03
3.350371960550546646e-03
3.839384298771619797e-04
5.207144422456622124e-04
2.194852568209171295e-04
-2.957367105409502983e-03
2.742526587098836899e-03
2.891922835260629654e-03
7.323427707888185978e-04
-7.874778821133077145e-04
7.318773423321545124e-04
3.140680957585573196e-03
-1.412959420122206211e-03
1.452271826565265656e-03
-9.171786368824541569e-04
2.679388038814067841e-03
1.394032500684261322e-03
-2.931360155344009399e-03
-1.576585113070905209e-03
3.216217271983623505e-03
8.790771244093775749e-05
3.619164694100618362e-03
2.957229269668459892e-03
-8.566702017560601234e-04
-6.399049307219684124e-04
1.721593085676431656e-03
2.497394569218158722e-03
3.751856042072176933e-03
2.504783915355801582e-03
-1.408696291036903858e-03
-2.692415611818432808e-03
-2.730685984715819359e-03
9.869133355095982552e-04
-2.137108705937862396e-03
-1.179837505333125591e-03
-6.594967562705278397e-04
2.088069682940840721e-03
3.122700611129403114e-03
1.902402378618717194e-03
-7.235590601339936256e-04
-3.887421218678355217e-03
-5.806674598716199398e-04
2.871531294658780098e-03
-2.637397730723023415e-03
3.116238862276077271e-03
3.724349662661552429e-04
7.560779340565204620e-04
-1.226568710990250111e-03
-6.479836883954703808e-04
8.980076527222990990e-04
1.277541159652173519e-03
2.584945410490036011e-03
-3.149298019707202911e-03
-9.658717317506670952e-05
3.855429124087095261e-03
2.701193792745471001e-03
-2.135236747562885284e-03
1.238193712197244167e-03
-5.802434752695262432e-04
2.074305666610598564e-03
2.223264455096796155e-04
1.260460703633725643e-03
-2.435226691886782646e-03
-2.388221910223364830e-03
2.012217650189995766e-03
-2.411025110632181168e-03
7.213443750515580177e-04
3.292015055194497108e-03
1.903105294331908226e-03
1.566855469718575478e-03
-1.933117979206144810e-03
1.866681850515305996e-03
-3.020507749170064926e-03
2.971252659335732460e-03
3.072808030992746353e-03
-2.512754406780004501e-03
7.944447570480406284e-04
-1.243459875695407391e-03
3.006045473739504814e-03
-9.561552433297038078e-04
-2.777627203613519669e-03
-2.577050356194376945e-03
4.222823190502822399e-04
3.498903708532452583e-03
2.059019461739808321e-04
-2.196288434788584709e-03
1.568584004417061806e-03
-2.054654993116855621e-03
3.203375963494181633e-03
-1.946415286511182785e-03
-1.478900434449315071e-03
-3.638306399807333946e-03
4.232947321725077927e-05
-1.528253662399947643e-03
2.559351734817028046e-03
2.638559788465499878e-03
4.149610176682472229e-04
2.438166411593556404e-03
-3.289634769316762686e-04
2.264464972540736198e-03
2.941270591691136360e-03
-3.615950001403689384e-03
3.375904867425560951e-03
3.444120986387133598e-03
-4.687473701778799295e-04
1.278482261113822460e-03
-1.267463783733546734e-03
-1.923908013850450516e-03
-3.866864833980798721e-03
-3.733978606760501862e-03
-2.788681769743561745e-03
1.087284297682344913e-03
-1.927322242408990860e-03
7.103210082277655602e-04
-3.180387895554304123e-03
1.453546574339270592e-04
-2.592061413452029228e-03
1.118534361012279987e-03
-2.444726647809147835e-03
-2.691227942705154419e-03
-3.827651729807257652e-03
7.403423660434782505e-04
-1.311808475293219090e-03
3.731341334059834480e-03
-2.003582427278161049e-03
1.532922382466495037e-03
1.567237777635455132e-03
1.311489613726735115e-03
-2.166641177609562874e-03
-3.866011044010519981e-03
1.261971425265073776e-03
-3.013342618942260742e-03
-3.233606694266200066e-03
2.428528154268860817e-03
7.810845272615551949e-04
1.808923669159412384e-03
-2.856036880984902382e-03
-3.651677165180444717e-03
5.361118819564580917e-04
-3.767009184230118990e-04
-2.661455189809203148e-03
-2.118788426741957664e-03
-1.602575415745377541e-03
-3.766805632039904594e-03
-3.052386688068509102e-03
-3.148824544041417539e-05
-2.944931387901306152e-03
-3.452197648584842682e-03
-3.760338062420487404e-03
3.107224474661052227e-04
1.151008880697190762e-03
2.212094841524958611e-03
-1.143622910603880882e-03
3.220022423192858696e-03
-1.200207276269793510e-03
2.163894940167665482e-03
-1.442355569452047348e-03
3.789832117035984993e-03
-5.550740170292556286e-04
-1.521898520877584815e-04
-2.356551820412278175e-03
1.605161465704441071e-03
-2.680839039385318756e-03
5.900603136979043484e-04
1.652425038628280163e-03
-3.473449964076280594e-03
-3.097695065662264824e-03
3.159864572808146477e-03
2.759195864200592041e-03
-2.732811844907701015e-04
1.448509981855750084e-03
-2.925158478319644928e-04
-7.512781303375959396e-04
9.513301774859428406e-04
