-3.409778000786900520e-03
-1.240169513039290905e-04
-9.749342571012675762e-04
3.780621336773037910e-03
-4.859580076299607754e-04
-1.501902821473777294e-03
1.627599471248686314e-03
1.786923967301845551e-03
3.138628089800477028e-03
-2.092446375172585249e-04
1.996065722778439522e-03
2.273731297464109957e-05
-1.180374296382069588e-03
3.735340433195233345e-03
-2.445274498313665390e-03
7.168267620727419853e-04
-2.557228785008192062e-03
2.894920762628316879e-03
-1.134814156102947891e-04
-1.043050317093729973e-03
1.476838719099760056e-03
-2.675091847777366638e-03
-2.340246923267841339e-03
-3.509125206619501114e-03
-2.723593031987547874e-03
-2.223621588200330734e-03
3.072839230298995972e-03
3.234415082260966301e-03
-5.304152728058397770e-04
7.850703550502657890e-04
3.375585423782467842e-03
3.222011262550950050e-03
3.511109622195363045e-03
-2.572182100266218185e-03
-5.501987179741263390e-04
1.567735918797552586e-03
2.371385926380753517e-03
1.814380753785371780e-03
-1.778767327778041363e-03
2.979135373607277870e-03
1.732258941046893597e-03
-2.201455790782347322e-04
-1.809689449146389961e-03
1.397698651999235153e-03
-2.538464963436126709e-03
2.409333596006035805e-03
2.662691054865717888e-03
-2.843381837010383606e-03
-2.977810101583600044e-03
2.971054753288626671e-03
-3.561070188879966736e-03
-2.670813351869583130e-03
2.525153104215860367e-03
-3.577579744160175323e-03
-1.827959669753909111e-03
3.207818837836384773e-03
-2.261033747345209122e-03
-3.064856864511966705e-03
1.896561938337981701e-03
2.071815077215433121e-03
2.254260936751961708e-03
-3.456280566751956940e-03
2.335737459361553192e-03
-2.937793033197522163e-03
1.869519357569515705e-03
-6.645531811955152079e-06
2.963686594739556313e-03
-1.249283901415765285e-03
-3.422121983021497726e-03
-3.319617244414985180e-04
9.822685969993472099e-04
-3.873308887705206871e-03
2.102253783959895372e-04
-1.799244899302721024e-03
3.267274005338549614e-03
-3.606277750805020332e-03
2.885083202272653580e-03
-1.907308702357113361e-03
-2.499584807083010674e-03
-3.202717634849250317e-04
-2.677502110600471497e-03
-9.498763247393071651e-04
3.166550595778971910e-04
2.637567929923534393e-03
6.516317807836458087e-05
-1.013985951431095600e-03
7.413054700009524822e-04
2.792081795632839203e-03
-7.775245467200875282e-04
2.750470768660306931e-03
2.793724648654460907e-03
3.513007191941142082e-03
-1.234084251336753368e-03
2.796647022478282452e-04
1.909767015604302287e-04
3.712502308189868927e-03
-1.598785282112658024e-03
2.359319478273391724e-03
-8.851924212649464607e-04
2.822564914822578430e-03
-3.755168057978153229e-03
2.567354822531342506e-03
-1.720642670989036560e-03
-3.344705561175942421e-03
-2.643877873197197914e-03
-1.440290827304124832e-03
3.020081669092178345e-03
-3.413963364437222481e-03
-1.736240112222731113e-03
-9.510333184152841568e-04
-3.873185196425765753e-04
-8.781478391028940678e-04
3.708204487338662148e-03
-3.568180909496732056e-05
1.077525317668914795e-03
-2.938153455033898354e-03
2.106703817844390869e-03
-3.061246025026775897e-05
-2.209916012361645699e-03
2.129722852259874344e-03
1.039532653521746397e-04
1.149914809502661228e-03
-1.891165738925337791e-03
-8.402262465097010136e-04
-3.241294180043041706e-04
1.630914048291742802e-03
3.503655549138784409e-03
-9.815985104069113731e-04
-2.577024511992931366e-03
-5.537060205824673176e-04
2.172872191295027733e-03
2.071996917948126793e-03
2.936247270554304123e-03
-9.802995919017121196e-05
1.701091299764811993e-03
1.640438917092978954e-03
3.322006668895483017e-03
-3.060402581468224525e-03
-2.597185550257563591e-03
-1.624979195185005665e-03
3.125091083347797394e-03
2.746828598901629448e-03
-5.309631233103573322e-04
-7.262125727720558643e-04
1.989894080907106400e-03
-5.627046921290457249e-04
-1.493147923611104488e-03
2.942887367680668831e-03
-1.089017023332417011e-03
7.012507412582635880e-04
-1.638643094338476658e-03
7.055461173877120018e-04
1.091599813662469387e-03
-2.065757988020777702e-03
-3.288993029855191708e-04
7.681548013351857662e-04
-2.525491174310445786e-03
1.547924708575010300e-03
-4.152219626121222973e-04
2.988002030178904533e-03
-3.179100342094898224e-03
2.414914779365062714e-03
3.136500716209411621e-03
-2.374432981014251709e-03
1.925876247696578503e-03
-3.317706286907196045e-03
-3.143497509881854057e-03
2.550950273871421814e-03
8.248746744357049465e-04
2.532952232286334038e-03
2.205768600106239319e-03
-2.945957006886601448e-03
1.069857898983173072e-04
5.679134046658873558e-04
-2.634897129610180855e-03
2.692811656743288040e-03
-2.027191687375307083e-03
3.071791026741266251e-03
1.791253103874623775e-03
1.250950386747717857e-03
-1.992361387237906456e-03
6.201099022291600704e-04
2.902863081544637680e-03
2.181646879762411118e-03
-2.097761025652289391e-03
-3.284857666585594416e-04
-2.776562003418803215e-03
-4.918585764244198799e-04
1.735521596856415272e-03
2.410878194496035576e-03
-2.803029725328087807e-03
3.713349811732769012e-03
8.234107517637312412e-04
3.307927632704377174e-03
-2.785450313240289688e-03
-3.753039753064513206e-03
-7.307435735128819942e-04
1.837882096879184246e-03
-8.184848702512681484e-04
2.991741348523646593e-04
1.536451745778322220e-03
3.352066734805703163e-03
-2.418416086584329605e-03
-2.532208105549216270e-03
3.165054600685834885e-03
-1.783047104254364967e-03
-3.075982676818966866e-03
1.127631519921123981e-03
4.459159972611814737e-04
1.941916067153215408e-03
-1.734442921588197351e-04
-1.864228630438446999e-03
3.403819398954510689e-03
-6.736782379448413849e-04
-2.182506490498781204e-03
2.107338979840278625e-03
-1.464214059524238110e-03
3.072973573580384254e-03
2.773085609078407288e-03
8.880902896635234356e-04
1.174614531919360161e-03
2.237601438537240028e-03
-2.570250537246465683e-03
-1.868902181740850210e-04
2.731864573433995247e-03
-3.404600545763969421e-03
-6.078364676795899868e-04
1.410494151059538126e-04
-4.670667403843253851e-04
-2.881478285416960716e-03
1.183061627671122551e-03
1.458566111978143454e-04
3.886145539581775665e-03
-1.538393320515751839e-03
1.194704789668321609e-03
-1.217632961925119162e-04
9.155738516710698605e-04
3.817146411165595055e-03
-5.584758473560214043e-04
3.569938475266098976e-03
2.169362735003232956e-03
2.092008013278245926e-03
-2.979795215651392937e-03
-3.498813370242714882e-03
1.225666492246091366e-04
-1.497174380347132683e-03
1.447351300157606602e-03
1.507770968601107597e-03
-1.191817456856369972e-03
6.169522530399262905e-04
2.106563653796911240e-03
1.735242665745317936e-03
-3.737123217433691025e-03
3.534467425197362900e-03
-2.426343038678169250e-03
-4.831099940929561853e-04
