-2.161817857995629311e-03
1.278498326428234577e-03
6.915646372362971306e-04
-1.946119940839707851e-03
-2.584093483164906502e-03
-2.095274394378066063e-03
-1.134718069806694984e-03
-1.648086355999112129e-03
1.009345636703073978e-03
-3.271202789619565010e-03
2.168209757655858994e-03
-1.990243792533874512e-03
4.469011037144809961e-04
-8.051843033172190189e-04
-1.181978499516844749e-03
9.800867410376667976e-04
1.725742011331021786e-03
-3.669243771582841873e-03
-1.870544219855219126e-04
-3.724490525200963020e-03
6.426735781133174896e-04
5.092633655294775963e-04
-1.079168170690536499e-03
2.124957507476210594e-03
3.532745409756898880e-03
2.283296082168817520e-03
3.541602985933423042e-03
-2.864863956347107887e-03
3.512500552460551262e-03
-1.597019145265221596e-04
-1.955893589183688164e-03
-3.116386476904153824e-03
-2.862288674805313349e-04
3.816639073193073273e-03
5.550932837650179863e-04
2.378284465521574020e-03
-3.540600882843136787e-03
-8.272010600194334984e-04
-1.283787889406085014e-03
8.660206804051995277e-04
1.181238912977278233e-03
-1.988698495551943779e-03
-1.655055093578994274e-03
9.830257622525095940e-04
1.407999894581735134e-03
-3.642119467258453369e-03
-1.516998512670397758e-03
-5.090127233415842056e-04
-2.305539324879646301e-03
-1.950384001247584820e-03
-1.728890347294509411e-04
3.431661287322640419e-03
-5.865515558980405331e-04
8.510797051712870598e-04
-2.597179263830184937e-03
-3.459396539255976677e-03
1.190982758998870850e-03
2.212914172559976578e-03
-2.752844244241714478e-03
3.305846592411398888e-03
-2.029039605986326933e-04
-7.786242058500647545e-04
1.533411093987524509e-03
5.076572997495532036e-04
-1.983108697459101677e-03
1.314772991463541985e-03
-1.028018305078148842e-03
-1.985494978725910187e-03
3.172372700646519661e-03
-6.770448526367545128e-04
-2.158630173653364182e-03
3.509882371872663498e-03
3.418604144826531410e-03
-1.377679407596588135e-03
3.667449345812201500e-04
1.641806447878479958e-03
2.383189857937395573e-04
3.288398263975977898e-03
3.239154350012540817e-03
2.061958657577633858e-03
5.337013280950486660e-04
-3.612173488363623619e-03
2.573107602074742317e-03
-2.595446072518825531e-03
-7.552370661869645119e-04
-1.619348535314202309e-03
9.191342978738248348e-04
-7.201107218861579895e-04
1.489701098762452602e-04
1.955173444002866745e-03
5.782782100141048431e-04
2.629131311550736427e-03
-4.904787056148052216e-04
-3.317463211715221405e-03
3.507123794406652451e-03
-3.642988158389925957e-03
1.759428647346794605e-03
-1.456846621294971555e-05
-1.293381326831877232e-03
2.324810717254877090e-03
-1.664031064137816429e-03
-3.012859378941357136e-04
3.030427265912294388e-03
2.901562023907899857e-03
-9.448972414247691631e-04
-2.705024322494864464e-03
-3.226964618079364300e-04
-3.504687920212745667e-03
-1.175913610495626926e-03
-3.589937929064035416e-03
-3.538447897881269455e-03
2.086847787722945213e-03
-9.993524290621280670e-04
1.959146000444889069e-03
-2.301830332726240158e-03
-2.087372820824384689e-03
-3.234470495954155922e-03
1.850050175562500954e-03
2.212998922914266586e-03
-3.168472787365317345e-03
2.290610689669847488e-03
1.397705171257257462e-03
1.237653428688645363e-03
2.974999137222766876e-03
-1.533392118290066719e-03
-1.751923584379255772e-03
2.926725894212722778e-03
-6.163067155284807086e-06
-3.797860117629170418e-03
3.195271594449877739e-03
-3.431154182180762291e-03
-1.571511384099721909e-03
3.288174979388713837e-03
-2.564068883657455444e-03
-1.927230507135391235e-03
3.384168026968836784e-03
3.241562051698565483e-03
1.638678368180990219e-03
-3.698344575241208076e-03
-1.001987489871680737e-03
-1.683000009506940842e-03
-1.591957290656864643e-03
-1.410269469488412142e-04
-1.814402523450553417e-03
8.835871121846139431e-04
-9.556424338370561600e-04
-2.235898049548268318e-03
2.888462273404002190e-03
-3.155173500999808311e-03
-2.717647003009915352e-04
1.713682431727647781e-03
3.716233419254422188e-03
2.395403804257512093e-03
-3.510012524202466011e-03
2.436787588521838188e-03
-2.948886947706341743e-03
-7.634474313817918301e-04
-1.570584718137979507e-03
-2.358777914196252823e-03
8.016707724891602993e-04
9.682700037956237793e-04
-2.677761251106858253e-03
3.533224342390894890e-03
2.708877727854996920e-04
-1.184273161925375462e-03
3.871164284646511078e-03
-1.740321516990661621e-03
-3.566586179658770561e-03
-1.408265670761466026e-03
-3.602577839046716690e-03
3.399563487619161606e-03
-3.486291971057653427e-03
8.420195081271231174e-04
-3.365314332768321037e-03
-2.692543668672442436e-03
3.064508317038416862e-03
5.800088983960449696e-04
1.396157662384212017e-03
-7.316166884265840054e-04
-1.791135058738291264e-03
2.667125081643462181e-03
7.964675896801054478e-04
-2.597167389467358589e-03
6.474778638221323490e-04
-9.067113860510289669e-04
1.199664780870079994e-03
6.454813410528004169e-04
-3.738528816029429436e-03
2.015282516367733479e-04
-4.931457806378602982e-04
-3.020253730937838554e-03
1.198301441036164761e-03
-3.054943867027759552e-03
-2.040440216660499573e-03
4.189858445897698402e-04
2.246448537334799767e-03
2.575040329247713089e-03
2.560929278843104839e-04
1.890064100734889507e-03
-8.173151582013815641e-05
3.452138276770710945e-03
2.754084067419171333e-03
2.797452732920646667e-03
4.909476774628274143e-05
2.457729773595929146e-03
3.646615194156765938e-03
2.511623548343777657e-03
2.457577735185623169e-03
-2.016006736084818840e-03
5.063832504674792290e-04
-2.088764216750860214e-03
-1.555099734105169773e-03
3.138867439702153206e-03
-2.109192078933119774e-03
3.453315875958651304e-04
-1.455175224691629410e-03
-1.784799271263182163e-03
-2.209319034591317177e-03
1.040140283294022083e-03
-2.039600629359483719e-03
-2.613033575471490622e-04
-1.530609733890742064e-04
-2.586008980870246887e-03
-3.546331077814102173e-03
-6.106928340159356594e-04
7.738607819192111492e-04
2.949135843664407730e-03
3.336722496896982193e-03
-7.092529995134100318e-05
-1.197479432448744774e-03
3.636501496657729149e-03
-2.055455930531024933e-03
9.084688645089045167e-05
5.644232733175158501e-04
-4.484018427319824696e-04
4.055429890286177397e-04
1.882352633401751518e-03
2.043948334176093340e-04
-2.390163252130150795e-03
1.577608636580407619e-04
-1.726141781546175480e-03
-2.158526564016938210e-03
-1.601911964826285839e-03
-3.332108026370406151e-03
-2.721968106925487518e-03
-2.982860896736383438e-03
3.441583132371306419e-03
3.363979049026966095e-03
-3.450983669608831406e-03
1.440814230591058731e-04
1.156663754954934120e-03
-6.362301064655184746e-04
2.046116860583424568e-03
-1.390442019328474998e-03
2.478871261700987816e-03
2.467128448188304901e-03
