-2.441325457766652107e-03
3.141134046018123627e-03
5.796205950900912285e-04
-2.045074244961142540e-03
-3.155910642817616463e-03
-3.775723511353135109e-03
1.961589558050036430e-03
-2.712526824325323105e-03
7.163927657529711723e-04
-3.523327410221099854e-03
-3.793419105932116508e-03
2.354830212425440550e-04
5.185215850360691547e-04
2.796680433675646782e-03
-1.381039852276444435e-03
-3.757097991183400154e-03
2.183547476306557655e-03
1.679680543020367622e-03
2.880161628127098083e-03
-2.958168741315603256e-03
2.695618430152535439e-03
-8.402291568927466869e-04
-1.693385536782443523e-03
-1.686018425971269608e-03
-3.604863537475466728e-03
-8.053593337535858154e-04
-1.340347575023770332e-03
-6.786581943742930889e-04
8.966171299107372761e-05
-5.304969381541013718e-04
8.642640896141529083e-04
2.133021829649806023e-03
-1.094171428121626377e-03
-2.798353321850299835e-03
1.591368636582046747e-04
-3.568751038983464241e-03
-6.694947951473295689e-04
-1.223650411702692509e-03
-2.312211552634835243e-03
-5.426738644018769264e-04
1.749557093717157841e-03
3.318986855447292328e-04
-2.537111751735210419e-03
1.299801864661276340e-03
-3.176162717863917351e-03
-2.928041387349367142e-03
2.937045181170105934e-03
3.147846320644021034e-03
-3.493706230074167252e-03
1.098160399124026299e-03
-3.728950861841440201e-03
-2.871921984478831291e-03
2.694508293643593788e-03
2.116319490596652031e-03
3.819514997303485870e-03
3.146407892927527428e-03
-1.729760115267708898e-04
-3.547738073393702507e-03
3.724784823134541512e-03
-3.806460415944457054e-03
3.521946957334876060e-03
2.691969857551157475e-04
-1.367054297588765621e-03
1.954871928319334984e-03
-2.788350684568285942e-03
2.202469855546951294e-03
1.961806556209921837e-04
3.774965880438685417e-03
-1.073919585905969143e-03
-1.111714984290301800e-03
1.210312591865658760e-03
-9.273566538468003273e-04
2.711445558816194534e-03
2.417474286630749702e-03
3.414543811231851578e-03
-3.605017205700278282e-03
-7.296322146430611610e-04
-2.517146756872534752e-03
2.779155271127820015e-03
-1.026357989758253098e-03
-2.997304778546094894e-03
-9.747256990522146225e-04
3.740673186257481575e-03
9.934721747413277626e-04
3.249615198001265526e-03
-3.149359021335840225e-03
-3.152188146486878395e-04
1.759775215759873390e-03
3.213152755051851273e-03
3.185133915394544601e-03
1.743604312650859356e-03
-2.953379414975643158e-03
3.747453680261969566e-03
2.628778340294957161e-03
-4.430980770848691463e-04
1.257037976756691933e-03
3.805238520726561546e-03
4.313539830036461353e-04
-6.388663896359503269e-04
2.917106961831450462e-03
3.691787831485271454e-03
-8.609953802078962326e-04
-1.583536271937191486e-03
-3.669757163152098656e-03
1.840829616412520409e-03
-3.448713803663849831e-03
2.068914007395505905e-03
-3.783809486776590347e-03
-3.509259549900889397e-03
1.409103395417332649e-03
-3.012459026649594307e-03
-1.511519076302647591e-04
-7.088569109328091145e-04
-3.746244590729475021e-03
3.697810927405953407e-03
-3.212474402971565723e-04
-1.460380270145833492e-03
1.994255697354674339e-03
1.513219787739217281e-03
-2.735123038291931152e-03
9.696850902400910854e-04
-9.234948083758354187e-04
-2.240114146843552589e-03
3.082881448790431023e-03
-2.624963643029332161e-03
-8.863091352395713329e-05
3.347261226736009121e-04
1.901800162158906460e-03
-6.409909692592918873e-04
-1.427695970050990582e-03
2.578381914645433426e-03
-8.514300570823252201e-04
-3.056571353226900101e-03
-3.104225266724824905e-03
-2.077165991067886353e-03
-4.904969246126711369e-04
6.817341782152652740e-04
-9.303555707447230816e-04
-6.724070408381521702e-04
3.518361365422606468e-03
1.816426520235836506e-03
5.212494870647788048e-04
1.112560508772730827e-03
-1.119083841331303120e-03
1.833565882407128811e-03
3.012900706380605698e-04
3.312054323032498360e-03
-9.523003245703876019e-04
-1.127189607359468937e-03
2.113175112754106522e-03
1.834012800827622414e-03
2.036146353930234909e-03
1.238464610651135445e-03
2.072690287604928017e-03
1.687059062533080578e-03
-7.952167652547359467e-04
-2.910526469349861145e-03
9.984216885641217232e-04
1.826963969506323338e-03
-8.722556958673521876e-05
2.889383584260940552e-03
1.602070173248648643e-03
2.972248708829283714e-03
9.774627396836876869e-04
2.896358724683523178e-03
-1.230092253535985947e-03
-1.520062913186848164e-03
1.355679240077733994e-03
2.381470985710620880e-03
3.572705667465925217e-03
3.511003451421856880e-03
-1.564469654113054276e-03
-2.985457191243767738e-03
3.299497067928314209e-03
-1.076912623830139637e-03
1.734280958771705627e-03
-4.553619510261341929e-05
1.708886586129665375e-03
-1.069750986061990261e-03
-2.958158263936638832e-03
1.965636154636740685e-03
1.886353944428265095e-03
-2.302369102835655212e-03
-1.491877483204007149e-03
-2.703150268644094467e-03
3.461942076683044434e-03
2.776389243081212044e-03
1.866632956080138683e-04
3.732986806426197290e-04
2.798593370243906975e-03
9.738291264511644840e-04
1.802377984859049320e-03
-1.867822371423244476e-03
-2.419698284938931465e-05
1.097251661121845245e-03
-2.217224566265940666e-03
-3.020960430148988962e-04
1.660464797168970108e-03
1.660665031522512436e-03
4.429891996551305056e-04
-4.140573437325656414e-04
3.044602926820516586e-03
2.547723008319735527e-03
-2.975587034597992897e-03
1.927708275616168976e-03
-2.807528013363480568e-03
-2.688035834580659866e-03
-2.943326951935887337e-03
1.564099336974322796e-03
8.696921868249773979e-04
-1.397574815200641751e-04
-1.620025839656591415e-03
-2.668534405529499054e-03
2.935352968052029610e-03
2.760583302006125450e-04
-2.596384147182106972e-03
-5.896874354220926762e-04
-2.720121527090668678e-03
4.997520591132342815e-04
-2.401749370619654655e-03
-2.641396131366491318e-03
2.786143217235803604e-03
2.918298123404383659e-03
-1.785961212590336800e-03
-1.271169865503907204e-03
1.610225648619234562e-03
3.249829867854714394e-03
-1.354718231596052647e-03
-2.047432819381356239e-03
3.792646806687116623e-03
3.436771221458911896e-04
2.105991123244166374e-03
-1.964024035260081291e-03
-2.582506276667118073e-03
3.450392745435237885e-03
-3.244126914069056511e-03
-1.021983567625284195e-03
-1.089433790184557438e-03
-1.568419858813285828e-03
-5.101002752780914307e-04
3.752887481823563576e-03
1.702594570815563202e-03
-3.396390005946159363e-03
-3.414948470890522003e-03
1.477967831306159496e-03
-1.376606523990631104e-03
3.729660296812653542e-03
2.511064521968364716e-03
8.284742943942546844e-04
-1.348704914562404156e-03
2.684427890926599503e-04
-7.788942311890423298e-04
-6.628313567489385605e-04
2.349394373595714569e-03
-6.961938197491690516e-05
-1.422060886397957802e-03
