-2.117227762937545776e-03
-2.645748434588313103e-03
3.213535295799374580e-03
2.330819377675652504e-03
-3.151265438646078110e-03
2.934579038992524147e-03
-1.423724112100899220e-03
2.082611899822950363e-03
3.302137134596705437e-03
4.870083357673138380e-04
3.506985958665609360e-03
-1.356080872938036919e-03
3.240252612158656120e-03
3.569290274754166603e-03
-2.120384480804204941e-03
-1.129100099205970764e-03
-4.479203489609062672e-04
-3.054251428693532944e-03
-3.408075310289859772e-03
-2.488727448508143425e-03
1.534830807941034436e-04
8.404172840528190136e-04
2.955445321276783943e-03
-9.597373427823185921e-04
5.116607062518596649e-04
2.111028647050261497e-03
7.683120929868891835e-05
1.276005641557276249e-03
2.412098459899425507e-03
1.178701408207416534e-03
-9.119009482674300671e-04
3.828013082966208458e-03
2.078287769109010696e-03
-2.233458217233419418e-04
2.746380865573883057e-03
1.370323006995022297e-03
-3.847744781523942947e-03
1.022716867737472057e-03
-7.804338238202035427e-04
1.517535070888698101e-03
2.327569294720888138e-03
2.525033196434378624e-03
2.553483936935663223e-03
2.995935035869479179e-03
3.698541084304451942e-03
1.385519048199057579e-03
-2.368447530898265541e-05
-1.074202940799295902e-03
-2.806268166750669479e-03
1.007153652608394623e-03
1.025532183120958507e-04
-1.707151765003800392e-03
6.840906280558556318e-05
2.118955366313457489e-03
-1.074966625310480595e-03
-3.456940175965428352e-03
-2.918186131864786148e-03
3.294282127171754837e-03
2.271616365760564804e-03
-2.092885086312890053e-03
-2.069371752440929413e-03
-2.215573797002434731e-03
-2.946850145235657692e-03
3.230446716770529747e-03
2.575130900368094444e-03
5.491774645633995533e-04
-3.459820523858070374e-03
-6.640617502853274345e-04
-9.997682645916938782e-04
-8.812692249193787575e-04
3.330196719616651535e-03
-3.738295286893844604e-03
-1.046857330948114395e-03
-3.063108306378126144e-03
2.921026898548007011e-03
-3.161272034049034119e-03
2.209142548963427544e-03
5.847287247888743877e-04
-1.382014248520135880e-03
-2.686727559193968773e-03
1.091817393898963928e-03
-1.267522748094052076e-04
-6.747934967279434204e-04
3.047302132472395897e-03
-2.326808171346783638e-03
8.333503501489758492e-04
1.878442126326262951e-03
-1.589453779160976410e-03
-1.890478190034627914e-03
-2.720012562349438667e-03
-6.065007764846086502e-04
-5.447935545817017555e-04
1.175571233034133911e-03
6.393941584974527359e-04
-2.100779238389804959e-04
3.431602148339152336e-03
-3.594874870032072067e-03
3.684932831674814224e-03
-8.205154445022344589e-04
1.447577145881950855e-03
-3.771938616409897804e-03
3.114613005891442299e-03
1.476612524129450321e-03
-2.747660619206726551e-04
-2.707243897020816803e-03
3.163511166349053383e-03
-6.354222423397004604e-04
7.719993300270289183e-05
-2.831104677170515060e-03
-3.453956916928291321e-03
2.702133497223258018e-03
-1.851686625741422176e-03
-2.624526387080550194e-03
-3.381957300007343292e-03
3.277218434959650040e-03
-3.649701364338397980e-03
-8.565691532567143440e-04
-3.911562380380928516e-04
3.131867619231343269e-03
2.696790965273976326e-03
-3.695722436532378197e-03
-8.884366252459585667e-04
1.341257011517882347e-03
3.224967513233423233e-03
1.257186057046055794e-03
2.605407498776912689e-03
1.800021156668663025e-03
8.024947601370513439e-04
6.181710632517933846e-04
-3.617858455982059240e-04
3.729098243638873100e-03
-2.400780795142054558e-03
-3.332196036353707314e-03
-2.865848364308476448e-03
1.355549466097727418e-04
2.691908739507198334e-03
2.805652562528848648e-03
2.960103796795010567e-03
-3.854573471471667290e-03
-2.742673677857965231e-04
-3.386610886082053185e-03
-3.834601957350969315e-04
2.867325674742460251e-03
2.411641413345932961e-03
-3.789772978052496910e-03
-1.353755826130509377e-03
-1.871471060439944267e-03
2.370858332142233849e-03
-8.579188142903149128e-04
5.953260115347802639e-04
-3.598435316234827042e-03
2.817179542034864426e-03
2.606192370876669884e-03
1.340790302492678165e-03
-1.007020007818937302e-03
-3.346038982272148132e-03
1.034712186083197594e-03
1.010337145999073982e-03
3.482430183794349432e-04
1.025244710035622120e-03
1.779494457878172398e-03
-1.256781630218029022e-03
-1.180412480607628822e-03
1.391038531437516212e-03
-1.232391456142067909e-03
2.356579992920160294e-03
6.922999164089560509e-04
8.087804308161139488e-04
-2.621577819809317589e-03
3.026074962690472603e-03
1.552037429064512253e-03
3.257071133702993393e-03
-2.985211787745356560e-03
9.774385398486629128e-05
-2.629273221828043461e-04
2.444205805659294128e-03
-4.728616040665656328e-04
3.585690632462501526e-03
3.379442729055881500e-03
9.183582151308655739e-04
-4.979214281775057316e-04
-5.207267822697758675e-04
-8.396424236707389355e-04
1.250704808626323938e-04
3.843828104436397552e-03
-5.954956286586821079e-04
3.767174435779452324e-03
2.784120850265026093e-03
2.732909051701426506e-03
-7.440443150699138641e-04
-1.309844665229320526e-03
-1.008639083011075854e-04
1.863428624346852303e-03
-1.747601549141108990e-03
-9.884904138743877411e-04
-1.863593352027237415e-04
2.099473495036363602e-03
-4.160459211561828852e-04
-3.137220861390233040e-03
2.691155241336673498e-04
-2.984539140015840530e-03
-3.400535322725772858e-03
2.730138832703232765e-03
3.303516656160354614e-03
2.054416399914771318e-04
2.670251298695802689e-03
1.945000374689698219e-03
-7.544646505266427994e-04
-1.837718067690730095e-03
-4.938860074616968632e-04
-7.070358260534703732e-04
-3.066300880163908005e-03
7.434136350639164448e-04
1.042200368829071522e-03
-3.195818047970533371e-03
2.680714707821607590e-03
-4.764441982842981815e-04
-3.730268916115164757e-03
-3.743007546290755272e-04
2.920392726082354784e-04
1.144050853326916695e-03
2.718001138418912888e-03
3.432993253227323294e-04
-3.075976565014570951e-04
-6.358650862239301205e-04
2.269342076033353806e-03
3.767743706703186035e-03
-1.657130051171407104e-04
1.585333491675555706e-03
-1.856971415691077709e-03
-3.769037546589970589e-03
2.478816080838441849e-03
-3.017978277057409286e-03
1.661297050304710865e-03
-9.275675984099507332e-05
-2.140092663466930389e-03
3.229930065572261810e-03
-1.987495692446827888e-03
7.699953275732696056e-04
-1.764144632034003735e-03
-1.773314317688345909e-03
-6.736673531122505665e-04
-1.600578776560723782e-03
1.102426787838339806e-03
1.455662131775170565e-04
2.265587681904435158e-03
1.678520580753684044e-03
1.153627643361687660e-03
-2.499197609722614288e-03
-1.551017747260630131e-03
2.313459059223532677e-03
-9.683169773779809475e-04
-2.179773291572928429e-03
1.610227045603096485e-03
-3.145846072584390640e-03
-2.235872438177466393e-03
