-5.566832842305302620e-04
-3.172315191477537155e-03
1.963936490938067436e-03
-2.098644385114312172e-03
3.829090623185038567e-03
6.202434306032955647e-04
1.446411130018532276e-03
1.027258229441940784e-03
-2.838552696630358696e-03
-1.529835164546966553e-03
1.030543236993253231e-03
3.855453571304678917e-03
-1.824642880819737911e-03
-1.516489544883370399e-03
-3.483635140582919121e-03
8.510766201652586460e-04
-1.604024786502122879e-03
-9.637592593207955360e-04
1.468220492824912071e-03
-3.109878627583384514e-03
-1.969973789528012276e-03
-1.839627162553369999e-03
-6.090421229600906372e-04
2.157447161152958870e-03
-1.543847174616530538e-04
3.145080991089344025e-03
1.813289127312600613e-03
-1.905403682030737400e-03
3.599707270041108131e-03
2.237465931102633476e-03
-5.731277633458375931e-04
-6.436877301894128323e-04
-4.522748931776732206e-04
-2.307549584656953812e-03
-1.949968398548662663e-03
2.924222499132156372e-03
-2.765263896435499191e-03
1.507369917817413807e-03
1.979103079065680504e-03
-5.416067433543503284e-04
2.529092598706483841e-04
-3.573226975277066231e-03
9.862782899290323257e-04
-2.516210312023758888e-03
3.682907437905669212e-03
2.820264548063278198e-03
-1.016564434394240379e-03
-3.693167120218276978e-03
1.597341615706682205e-03
-2.688181666599120945e-05
-1.946503878571093082e-03
-3.116104053333401680e-03
2.849769312888383865e-03
3.247468732297420502e-03
-1.301880460232496262e-03
1.310342195210978389e-04
-1.954214880242943764e-03
6.497830618172883987e-04
-2.103206003084778786e-03
-2.859892090782523155e-03
6.974781863391399384e-04
-2.325598383322358131e-03
1.531634014099836349e-03
3.625749377533793449e-03
-3.389727557078003883e-03
2.738805254921317101e-03
-2.526324940845370293e-03
6.418870179913938046e-04
1.760878367349505424e-03
7.337670540437102318e-04
-8.692957926541566849e-04
-2.443694276735186577e-03
1.507114386186003685e-03
2.019751351326704025e-03
3.791182301938533783e-03
-1.753234973875805736e-04
5.346072139218449593e-04
-3.151146927848458290e-03
-7.050853309920057654e-05
3.823441918939352036e-03
1.628915662877261639e-03
2.609509276226162910e-03
-2.637482713907957077e-03
1.643600757233798504e-03
-1.506544533185660839e-03
-2.559569198638200760e-03
-2.823879243806004524e-03
-1.519053126685321331e-03
-2.673699287697672844e-03
-2.877873601391911507e-03
-4.037983890157192945e-04
-5.946634919382631779e-04
3.371729049831628799e-03
7.756221457384526730e-04
3.680571215227246284e-03
-2.182466909289360046e-03
-3.411734360270202160e-04
-3.652934683486819267e-03
3.073797561228275299e-03
-2.611223608255386353e-03
8.747940300963819027e-04
-3.446642076596617699e-03
-2.920154714956879616e-03
-3.466784954071044922e-03
2.049400936812162399e-03
1.946454169228672981e-03
-1.711069140583276749e-03
3.545583458617329597e-04
6.989127141423523426e-04
-2.647989429533481598e-03
-3.743463661521673203e-03
1.535719027742743492e-03
-2.360014244914054871e-03
3.733542980626225471e-03
-1.837486284784972668e-03
-2.323860535398125648e-03
-3.527303226292133331e-03
-4.191130574326962233e-04
-1.809387467801570892e-03
3.489105496555566788e-03
2.163960132747888565e-03
-8.544437005184590816e-04
2.332699019461870193e-03
-9.416016109753400087e-05
4.449688422027975321e-04
7.429992547258734703e-04
-1.140014268457889557e-03
-1.784513820894062519e-03
3.094046376645565033e-03
2.989721950143575668e-03
-2.116331364959478378e-03
3.537107491865754128e-03
-3.487786045297980309e-03
-1.565696089528501034e-03
4.979731747880578041e-04
7.842000923119485378e-04
-9.428201155969873071e-05
-2.380740363150835037e-03
9.361067786812782288e-04
2.066557295620441437e-03
2.671947469934821129e-03
-2.544302726164460182e-03
9.182788198813796043e-04
2.428774023428559303e-03
-3.124230075627565384e-03
1.328728743828833103e-03
-2.583335852250456810e-03
-2.640997758135199547e-03
2.265678253024816513e-03
-1.885814708657562733e-03
3.600326133891940117e-03
6.111353286541998386e-04
-2.173932734876871109e-03
-3.875553607940673828e-03
3.698166459798812866e-03
-2.998952986672520638e-03
-3.481370862573385239e-03
-7.071765139698982239e-05
1.002568460535258055e-04
2.472983673214912415e-03
-1.229772460646927357e-03
-2.878502709791064262e-04
2.355374395847320557e-03
1.272898400202393532e-03
-3.744805289898067713e-04
3.853469621390104294e-03
-2.772446721792221069e-03
-2.006849274039268494e-03
-5.084630683995783329e-04
3.869061358273029327e-03
-1.723262248560786247e-03
-8.457599324174225330e-04
2.847850846592336893e-04
3.800070844590663910e-03
-2.304523484781384468e-03
-3.141355235129594803e-03
7.907724939286708832e-04
-2.073798095807433128e-03
2.929950365796685219e-03
-1.489790272898972034e-03
4.172137705609202385e-04
-1.819633616833016276e-04
-3.777080914005637169e-03
-9.268099674955010414e-04
-2.161749172955751419e-03
-3.807523520663380623e-03
8.868515578797087073e-05
2.916624769568443298e-03
-1.308463048189878464e-03
2.036786638200283051e-03
1.462306361645460129e-03
9.574916475685313344e-05
2.334058372071012855e-04
-1.460989587940275669e-03
1.063592149876058102e-03
1.847402425482869148e-03
2.866150811314582825e-03
3.943076881114393473e-04
9.059850708581507206e-04
-1.510908361524343491e-03
2.537764608860015869e-03
1.055554836057126522e-03
-3.299394156783819199e-03
1.156138838268816471e-03
1.705227070488035679e-03
-1.219148165546357632e-03
1.156261772848665714e-03
-1.114055165089666843e-03
2.507197204977273941e-03
-1.543748774565756321e-03
6.686329143121838570e-04
-1.302200253121554852e-03
3.643442876636981964e-03
3.531916299834847450e-03
2.642513951286673546e-03
2.386257110629230738e-04
2.193798776715993881e-03
-3.290773602202534676e-03
-2.396174008026719093e-03
1.830466324463486671e-03
1.388356904499232769e-03
-3.038105554878711700e-03
-2.312850207090377808e-03
-2.608795417472720146e-03
2.072571311146020889e-03
-1.377031439915299416e-03
-1.766200875863432884e-03
-3.286359366029500961e-03
-2.055010059848427773e-03
-2.395541174337267876e-03
-1.394300488755106926e-03
-3.489954397082328796e-03
8.057177765294909477e-04
-3.356461878865957260e-03
-3.121581394225358963e-03
-3.547675674781203270e-03
2.754071727395057678e-03
-1.417298684827983379e-03
-2.182257128879427910e-03
-9.828594047576189041e-04
-1.686680945567786694e-03
-2.693361835554242134e-03
3.350114915519952774e-03
-1.705451519228518009e-03
2.785648219287395477e-03
2.661953913047909737e-03
-2.349714282900094986e-03
1.737676328048110008e-03
1.786090288078412414e-04
-2.126554725691676140e-03
-2.325792098417878151e-03
-5.786276306025683880e-04
7.428174722008407116e-04
3.386831143870949745e-03
-9.811145719140768051e-04
-3.297130111604928970e-03
