7.666290039196610451e-04
-2.363748790230602026e-04
-2.911094110459089279e-03
-6.653596065007150173e-04
2.207936951890587807e-03
-1.004122546873986721e-03
3.376639448106288910e-03
3.011854132637381554e-03
2.212359337136149406e-03
1.828593551181256771e-03
1.377448556013405323e-03
2.018231665715575218e-03
2.996805778820998967e-05
2.023065229877829552e-03
-1.017855014652013779e-03
-1.856366172432899475e-03
-3.271192545071244240e-03
-1.529560540802776814e-03
1.883901539258658886e-03
-2.857086947187781334e-03
1.821830635890364647e-03
-1.895376131869852543e-03
-2.550461329519748688e-03
-2.029988914728164673e-03
3.413974540308117867e-03
1.599898794665932655e-03
7.585379644297063351e-04
-1.397312618792057037e-03
2.317157573997974396e-03
6.527674267999827862e-04
2.716230694204568863e-03
9.062058525159955025e-04
-3.469252260401844978e-03
-3.673769067972898483e-03
1.893531531095504761e-03
2.189597580581903458e-03
1.959822606295347214e-03
1.411754346918314695e-04
1.806307700462639332e-03
-2.524882555007934570e-03
-2.394289942458271980e-03
1.288561383262276649e-03
-3.281514160335063934e-03
-9.906104533001780510e-04
-3.088333411142230034e-03
-3.504379419609904289e-03
-3.034486901015043259e-03
-3.564210375770926476e-03
-2.599652390927076340e-03
3.713644691742956638e-04
2.191651845350861549e-03
6.249147700145840645e-04
3.432955127209424973e-03
1.778600737452507019e-03
1.795346848666667938e-03
-2.336992416530847549e-03
-8.012175385374575853e-06
4.313371609896421432e-04
1.700469176284968853e-03
-5.741242785006761551e-05
-1.638529472984373569e-03
-1.395894680172204971e-03
3.296642797067761421e-03
1.972535625100135803e-03
-2.010978525504469872e-03
1.071364269591867924e-03
-3.129697579424828291e-04
3.764612134546041489e-03
3.850715002045035362e-03
-1.493861316703259945e-03
1.568092731758952141e-03
1.735931378789246082e-03
3.093362553045153618e-03
8.820001967251300812e-04
-2.767595928162336349e-03
-2.862283727154135704e-03
-3.822594648227095604e-03
-2.186010358855128288e-03
4.040728090330958366e-04
3.863016376271843910e-03
-2.946130698546767235e-03
1.354777719825506210e-03
2.590775024145841599e-03
-1.097857719287276268e-03
-1.402620808221399784e-03
-2.796236658468842506e-03
-1.291423104703426361e-03
-1.978120533749461174e-03
3.136325627565383911e-03
1.472760573960840702e-03
2.317067934200167656e-03
-1.473841839469969273e-03
-1.937013817951083183e-03
-3.201452782377600670e-04
-5.096152890473604202e-04
3.866302780807018280e-03
-1.560206757858395576e-03
3.547106403857469559e-03
-1.821681042201817036e-03
3.780696075409650803e-03
3.836655989289283752e-03
-2.061313716694712639e-03
3.425473405513912439e-04
-2.458562375977635384e-03
-3.765969304367899895e-03
-1.581700751557946205e-03
-2.942568622529506683e-03
-1.239578006789088249e-03
-2.078274497762322426e-03
-5.805990076623857021e-04
2.200191840529441833e-03
3.777845064178109169e-03
3.838316071778535843e-03
8.450128952972590923e-04
3.336928784847259521e-03
-2.615624107420444489e-03
1.318921218626201153e-03
6.549532990902662277e-04
-3.643441712483763695e-03
3.056150861084461212e-03
-1.762255909852683544e-03
-2.411750610917806625e-03
-6.562098278664052486e-04
-2.277711406350135803e-03
-1.694425009191036224e-03
-2.728943363763391972e-04
-2.183452947065234184e-03
8.209990337491035461e-04
2.998346462845802307e-03
9.313376503996551037e-04
-2.883992623537778854e-03
1.176933292299509048e-03
3.743590554222464561e-03
3.001938341185450554e-03
1.416213111951947212e-03
-9.327537554781883955e-05
-2.629820955917239189e-03
-2.139667281880974770e-03
-2.840295201167464256e-03
-1.915100612677633762e-03
-1.116172061301767826e-03
-2.278327010571956635e-03
2.528749639168381691e-03
4.371932882349938154e-04
-1.102235051803290844e-03
2.395608695223927498e-03
-5.814654286950826645e-06
4.115451883990317583e-04
3.543671686202287674e-03
-3.650516504421830177e-03
-2.338435733690857887e-03
-3.744557732716202736e-03
2.600362058728933334e-03
-3.476463258266448975e-03
-1.727911178022623062e-03
-5.106762982904911041e-04
4.780688905157148838e-04
7.096801418811082840e-04
-6.415804818971082568e-05
-6.829937337897717953e-04
-8.187751518562436104e-04
2.716056536883115768e-03
-6.736136856488883495e-04
2.552202669903635979e-03
1.127441530115902424e-03
-1.843008911237120628e-03
-2.788366051390767097e-03
1.314133289270102978e-03
2.446094549668487161e-05
-1.054798485711216927e-03
3.443269990384578705e-03
-9.293903713114559650e-04
1.922557858051732183e-04
2.122324192896485329e-03
1.334640313871204853e-03
-3.583309007808566093e-03
-3.720125183463096619e-03
-2.095404546707868576e-03
-3.651326056569814682e-03
-2.217270957771688700e-04
9.062463650479912758e-04
2.847191877663135529e-03
-6.376373348757624626e-04
1.468142378143966198e-03
5.525861342903226614e-05
2.225227886810898781e-03
-2.951884642243385315e-03
3.169563133269548416e-03
1.672350568696856499e-03
2.124293008819222450e-03
3.262331942096352577e-03
-1.840544719016179442e-04
3.532631788402795792e-03
-1.991384662687778473e-03
1.362737384624779224e-03
-3.022595075890421867e-03
-2.293808152899146080e-03
-1.036821631714701653e-03
-9.623613441362977028e-04
-1.878701732493937016e-03
2.933136885985732079e-03
3.057515714317560196e-03
9.734470513649284840e-04
2.445067802909761667e-04
-3.247701097279787064e-03
3.535303287208080292e-03
-8.344187517650425434e-04
-2.251902827993035316e-03
2.474394859746098518e-03
-1.102738679037429392e-04
-1.448473660275340080e-03
2.611621282994747162e-03
3.526943735778331757e-03
1.361534086754545569e-04
-1.622268697246909142e-03
3.539696102961897850e-03
-1.676122046774253249e-04
-2.450918080285191536e-03
-6.949234521016478539e-04
8.347930270247161388e-04
1.128055504523217678e-03
3.751361975446343422e-03
-3.695412073284387589e-03
-3.095447551459074020e-03
1.182663487270474434e-03
7.906616665422916412e-04
1.051922212354838848e-03
-1.937998575158417225e-03
-4.212842613924294710e-04
3.896156325936317444e-03
-6.340684485621750355e-04
-3.753195982426404953e-03
3.824497107416391373e-03
-3.871765453368425369e-03
3.182789310812950134e-03
6.949850358068943024e-04
-2.388802357017993927e-03
-2.734289038926362991e-03
6.159070762805640697e-04
-3.039537696167826653e-04
3.751358250156044960e-03
3.435818478465080261e-03
3.098501358181238174e-03
9.355273796245455742e-04
2.361584454774856567e-03
-1.541896839626133442e-03
-5.543087027035653591e-04
-1.497980207204818726e-03
-3.188298782333731651e-03
-1.030364772304892540e-03
1.001105294562876225e-03
-1.125948852859437466e-03
-2.544145332649350166e-03
1.963807037100195885e-03
-8.023582631722092628e-04
1.563130208523944020e-04
