5.159517750144004822e-04
1.501959399320185184e-03
-1.545329345390200615e-03
3.663668641820549965e-03
-1.938498578965663910e-03
2.697353949770331383e-03
1.641467562876641750e-03
-2.170617459341883659e-03
-2.395360497757792473e-04
-3.733476158231496811e-03
3.641593735665082932e-03
2.698678523302078247e-03
2.597429556772112846e-05
-3.438160289078950882e-03
4.267272888682782650e-04
-2.182926284149289131e-03
2.086143940687179565e-03
1.711623044684529305e-03
3.002631478011608124e-03
2.768185455352067947e-03
1.344885968137532473e-04
-1.191476243548095226e-03
-3.840526798740029335e-03
3.348828176967799664e-04
1.264709862880408764e-03
1.671681879088282585e-03
2.181825460866093636e-03
6.797743262723088264e-04
1.164168817922472954e-03
1.036111498251557350e-03
-2.055794466286897659e-03
-1.479059690609574318e-03
-9.348829735245089978e-06
1.895574037916958332e-03
1.644203788600862026e-03
-3.539172001183032990e-03
2.718275180086493492e-03
-2.408673288300633430e-03
-3.840835532173514366e-03
-9.034777758643031120e-04
-2.855544677004218102e-03
5.254993448033928871e-04
2.032538177445530891e-03
1.237726537510752678e-03
-2.925265114754438400e-03
3.237959230318665504e-03
2.088879933580756187e-03
-2.413476351648569107e-03
-1.781238242983818054e-03
2.001950051635503769e-03
-2.214926062151789665e-03
2.973953029140830040e-03
4.149713204242289066e-04
2.491341903805732727e-03
-2.896463964134454727e-03
3.358673304319381714e-03
-1.526326523162424564e-03
-1.500105485320091248e-03
2.990859095007181168e-03
7.929670973680913448e-04
1.810270943678915501e-03
3.575389200705103576e-05
1.580099575221538544e-03
7.958525675348937511e-04
-2.344383392482995987e-03
-1.597415073774755001e-03
1.582015538588166237e-03
-2.162893768399953842e-03
1.511941780336201191e-03
3.424317575991153717e-03
-2.250179648399353027e-03
3.103344701230525970e-03
-3.612223546952009201e-03
-3.036098787561058998e-03
-1.678220578469336033e-03
-1.234832569025456905e-03
-1.557917683385312557e-03
1.622914220206439495e-03
-3.288702107965946198e-03
4.863208741880953312e-04
2.759509952738881111e-04
-5.861927056685090065e-04
-2.425003331154584885e-03
-2.901718951761722565e-03
3.863161662593483925e-03
-1.864788588136434555e-03
1.881132950074970722e-03
-3.558406839147210121e-03
-3.120419802144169807e-03
-8.801554795354604721e-04
2.166778082028031349e-03
8.885523420758545399e-04
2.516262000426650047e-03
1.477574231103062630e-03
3.046307712793350220e-03
1.205477281473577023e-03
3.344429656863212585e-03
-2.583437599241733551e-03
2.115359529852867126e-03
-2.183173317462205887e-03
1.126963179558515549e-03
3.040159936062991619e-04
-1.029444043524563313e-03
9.636055910959839821e-04
-1.999222440645098686e-03
-1.483952510170638561e-03
1.560083124786615372e-03
3.331732004880905151e-03
-2.087915054289624095e-04
3.730925265699625015e-03
6.320187821984291077e-04
2.628101035952568054e-03
1.612006453797221184e-03
-3.611782332882285118e-03
-2.859102096408605576e-03
-1.249489374458789825e-03
-1.940641435794532299e-03
1.121949520893394947e-03
2.836250932887196541e-03
-1.002734061330556870e-03
-2.781372051686048508e-03
9.158749599009752274e-04
-3.631187370046973228e-03
-3.379175672307610512e-03
-3.150625561829656363e-04
1.460756990127265453e-03
-7.419566973112523556e-04
3.895198227837681770e-03
-3.850060515105724335e-03
9.874197421595454216e-04
2.483293646946549416e-04
6.785960285924375057e-04
2.885411493480205536e-03
4.505964170675724745e-04
-3.239910351112484932e-03
-1.171027426607906818e-03
-3.517834469676017761e-03
-1.027681748382747173e-03
-1.370613463222980499e-03
-3.578580217435956001e-03
1.684373943135142326e-03
3.649947175290435553e-04
-3.099239896982908249e-03
3.296858165413141251e-03
2.663729246705770493e-03
-2.647588495165109634e-03
1.288934843614697456e-03
-1.803640974685549736e-03
3.812274662777781487e-04
3.682045731693506241e-03
-2.992055960930883884e-04
3.358354791998863220e-03
2.914243377745151520e-03
1.900995033793151379e-03
-1.702273148111999035e-03
-4.497105255722999573e-04
-2.154099754989147186e-03
2.580420987214893103e-04
-9.630921995267271996e-04
5.601434968411922455e-04
-2.810799516737461090e-03
-3.156559308990836143e-03
1.167089212685823441e-03
2.337456215173006058e-03
1.804294297471642494e-03
1.082287984900176525e-03
-2.937803743407130241e-03
9.569196263328194618e-04
3.511781804263591766e-03
-3.801395883783698082e-03
3.418650478124618530e-03
-2.329438924789428711e-03
2.042842563241720200e-03
-2.985966624692082405e-03
-1.976291183382272720e-03
-2.405507257208228111e-03
2.839365741237998009e-03
-3.859180491417646408e-03
-1.674640108831226826e-03
-1.547990366816520691e-03
-3.294331487268209457e-03
-3.126716474071145058e-03
1.457558013498783112e-03
-2.538943430408835411e-03
-3.826524829491972923e-03
1.458059879951179028e-03
-2.859522122889757156e-03
-4.847391392104327679e-05
-3.653575433418154716e-03
1.335761626251041889e-03
8.730416302569210529e-04
-2.233689447166398168e-04
-2.415108610875904560e-04
-3.015189897269010544e-03
2.970624482259154320e-03
2.972354646772146225e-03
1.652871142141520977e-03
-3.254670649766921997e-03
-1.370009267702698708e-03
-1.479946076869964600e-03
1.535061979666352272e-03
2.465827157720923424e-03
-1.947413082234561443e-03
-2.662895480170845985e-03
9.826703462749719620e-04
1.356088672764599323e-03
1.776077318936586380e-03
3.941706672776490450e-04
-3.201891668140888214e-03
-7.703882147325202823e-06
1.010751584544777870e-03
6.640678038820624352e-04
3.382067661732435226e-03
3.801088081672787666e-03
-1.739953993819653988e-03
3.019667230546474457e-03
-3.504900960251688957e-03
-8.151035872288048267e-04
3.640238195657730103e-03
2.585309557616710663e-03
1.474971650168299675e-03
3.891574684530496597e-03
8.949173497967422009e-04
-7.233844371512532234e-04
-8.211925160139799118e-04
3.253253409639000893e-03
1.912775100208818913e-03
6.994874565862119198e-04
6.527035729959607124e-04
-1.328330952674150467e-03
5.700607434846460819e-04
1.849065185524523258e-03
3.753747558221220970e-03
6.331344484351575375e-04
3.417182713747024536e-03
-2.308428287506103516e-03
-1.423610141500830650e-03
-3.006609156727790833e-03
1.566803348396206275e-06
-3.519059857353568077e-03
-7.988631841726601124e-04
1.734919380396604538e-03
-2.981294179335236549e-03
-1.534984796307981014e-03
1.601583673618733883e-03
2.216640161350369453e-03
-3.705314593389630318e-04
-2.866746857762336731e-03
8.671475807204842567e-04
-1.802029437385499477e-03
-3.285055980086326599e-03
3.307679435238242149e-03
-1.040987321175634861e-03
-2.149887848645448685e-03
-8.039934909902513027e-04
-2.650775481015443802e-03
