-5.130548015586100519e-05
-1.294644200243055820e-03
3.636876353994011879e-03
2.857989165931940079e-03
-2.468198072165250778e-03
2.245454583317041397e-03
1.061646617017686367e-03
-1.098681357689201832e-03
-1.267719781026244164e-03
1.050558290444314480e-03
-2.489891601726412773e-03
2.278352912981063128e-04
4.702341393567621708e-04
-3.758299164474010468e-03
3.072876250371336937e-03
2.120614517480134964e-03
-3.089636331424117088e-03
3.251028014346957207e-03
8.068255265243351460e-04
-8.779180934652686119e-04
-3.820015117526054382e-03
3.851853543892502785e-03
-1.656192587688565254e-03
-3.223868319764733315e-03
2.395202638581395149e-03
-1.458714599721133709e-03
1.936627959366887808e-04
-2.840962493792176247e-03
-8.350782445631921291e-04
-1.297875656746327877e-03
2.593752462416887283e-03
3.741109278053045273e-03
3.602322656661272049e-03
-1.591531035955995321e-04
-1.299183233641088009e-03
3.447703318670392036e-03
-1.066774711944162846e-03
2.074729185551404953e-03
-1.482212450355291367e-03
3.170315641909837723e-03
1.275018672458827496e-03
-1.356971100904047489e-03
-8.619602303951978683e-04
-3.297759220004081726e-03
-3.230763366445899010e-03
2.073654206469655037e-03
-1.574176014401018620e-03
-2.872354816645383835e-03
-2.405467908829450607e-03
-9.734870400279760361e-05
4.331616219133138657e-05
3.356138186063617468e-04
-1.745473477058112621e-03
-3.536994336172938347e-03
-8.157950942404568195e-04
-1.890132203698158264e-03
-1.975645544007420540e-03
-2.200552495196461678e-03
3.149186493828892708e-03
2.536713378503918648e-03
3.355505177751183510e-03
-5.244202329777181149e-04
3.078784327954053879e-03
-3.398596541956067085e-03
3.763784421607851982e-03
1.154269484686665237e-04
-1.867338200099766254e-03
-3.616106929257512093e-03
3.563797799870371819e-03
2.894751378335058689e-04
3.044143551960587502e-03
2.407456748187541962e-03
-3.621751908212900162e-03
6.112813716754317284e-04
1.193983713164925575e-03
-3.345848992466926575e-03
2.257676562294363976e-03
9.434784878976643085e-04
2.708892803639173508e-03
3.535309107974171638e-03
-4.730436485260725021e-04
2.305000554770231247e-03
1.561953467899002135e-05
-3.169922390952706337e-03
-3.974472347181290388e-04
7.264509913511574268e-04
3.462821710854768753e-03
1.966844312846660614e-03
7.807875226717442274e-05
3.702520858496427536e-03
-1.283874269574880600e-03
3.786350600421428680e-03
3.255995921790599823e-03
-1.531059970147907734e-03
1.863691606558859348e-03
-2.267727162688970566e-03
2.592497272416949272e-03
3.542972030118107796e-03
4.525973636191338301e-04
-1.661041518673300743e-03
-2.391765592619776726e-03
-1.476594246923923492e-03
-3.886854276061058044e-03
-7.703711162321269512e-04
3.212832845747470856e-03
1.571070170029997826e-03
3.095304593443870544e-03
1.115215360186994076e-03
-7.930358697194606066e-05
-1.424268935807049274e-03
1.056047854945063591e-03
3.023860044777393341e-03
-2.580645028501749039e-03
-2.305311150848865509e-03
7.138130604289472103e-04
-5.507419700734317303e-04
3.909297753125429153e-03
2.007938222959637642e-03
1.745396410115063190e-03
-6.672584568150341511e-04
2.141531556844711304e-03
-2.060147235170006752e-03
2.801415743306279182e-03
-1.622313284315168858e-03
-1.870999694801867008e-03
1.444986322894692421e-03
6.611236603930592537e-04
3.087071934714913368e-03
3.817713120952248573e-03
-3.906315192580223083e-03
-2.453765831887722015e-03
1.150060561485588551e-03
2.333964686840772629e-03
-3.462021471932530403e-03
2.531226258724927902e-03
1.642410876229405403e-03
-2.097509801387786865e-03
-1.997915096580982208e-03
-3.447869559749960899e-03
-1.270321896299719810e-03
-2.471677144058048725e-04
-3.462761640548706055e-03
1.031974097713828087e-03
-2.143318997696042061e-03
-1.033008564263582230e-03
-1.221094280481338501e-03
-2.439552627038210630e-04
2.744094235822558403e-03
-2.383198821917176247e-03
3.739013569429516792e-03
3.966608201153576374e-04
-1.461519976146519184e-03
1.069133053533732891e-03
-2.068963134661316872e-03
-1.438969280570745468e-03
-3.426651470363140106e-03
1.159071223810315132e-03
-1.132625504396855831e-03
-9.741589747136458755e-05
-8.492079214192926884e-04
1.728432835079729557e-03
2.882913220673799515e-03
-8.496675873175263405e-04
3.635990899056196213e-03
1.601624418981373310e-03
-2.256779116578400135e-04
2.175048226490616798e-03
-2.309155883267521858e-03
-3.542855614796280861e-03
1.623288611881434917e-03
-2.627980429679155350e-03
5.868664011359214783e-04
-2.610229421406984329e-04
-2.935541793704032898e-03
1.942574745044112206e-03
2.901778323575854301e-03
2.823418006300926208e-03
1.762544387020170689e-03
2.448341343551874161e-03
-2.068128960672765970e-04
-3.193327691406011581e-03
-1.682148315012454987e-03
-5.386866978369653225e-04
8.843005343805998564e-05
-4.788149381056427956e-04
1.013475120998919010e-03
-3.625138429924845695e-03
-1.569405896589159966e-03
1.741742133162915707e-03
-4.227434692438691854e-04
1.750722876749932766e-04
-1.314454857492819428e-04
7.012644200585782528e-04
-1.222120481543242931e-03
-8.095715893432497978e-04
2.152594272047281265e-03
3.409520490095019341e-03
-1.645813346840441227e-03
1.693937461823225021e-03
1.043344498611986637e-03
2.206792123615741730e-03
-3.613429609686136246e-03
2.902562962844967842e-03
-2.814976731315255165e-03
9.744602721184492111e-04
8.133596275001764297e-04
-1.778345758793875575e-04
7.539797225035727024e-04
5.010627210140228271e-04
-2.000906271860003471e-03
7.823162595741450787e-04
1.269422471523284912e-03
-9.636224713176488876e-04
3.625510260462760925e-03
1.752161420881748199e-03
-8.986843167804181576e-04
-1.764548942446708679e-03
-1.272648107260465622e-03
1.757556892698630691e-04
-7.970603182911872864e-04
-3.707256866618990898e-03
2.149082720279693604e-03
1.971674850210547447e-03
-1.510702073574066162e-03
2.584304427728056908e-03
5.386680131778120995e-04
-2.735724207013845444e-03
3.347348421812057495e-03
1.023154007270932198e-03
-2.426727442070841789e-03
2.243499038740992546e-03
-1.941623515449464321e-03
3.538055811077356339e-03
-3.570576431229710579e-03
2.808493329212069511e-03
1.977948239073157310e-03
3.622796852141618729e-03
4.901864449493587017e-04
3.466129535809159279e-03
-3.487304318696260452e-03
-2.513402840122580528e-03
-8.531052153557538986e-04
3.779313992708921432e-03
3.795502241700887680e-03
3.198116319254040718e-03
-5.108121549710631371e-04
1.268909312784671783e-03
-1.389571349136531353e-03
-1.876655849628150463e-03
-3.165505593642592430e-03
5.615827976725995541e-04
3.843370359390974045e-03
-2.740185009315609932e-03
-3.110379213467240334e-03
5.421560490503907204e-04
1.313276588916778564e-03
