2.839784603565931320e-03
1.555552124045789242e-03
-2.837942680343985558e-03
-1.902053249068558216e-03
-3.543897764757275581e-03
-3.394266590476036072e-03
1.754797762259840965e-03
1.256242278032004833e-03
6.177959730848670006e-04
-7.167052826844155788e-04
1.855661539593711495e-04
6.847316981293261051e-04
2.751692896708846092e-03
-1.236842130310833454e-03
2.599858678877353668e-03
-1.869365340098738670e-03
-5.045425132266245782e-05
1.006935490295290947e-03
-2.771424828097224236e-03
2.556981053203344345e-03
-3.776489058509469032e-03
1.150990719906985760e-03
3.455697733443230391e-04
-3.358322894200682640e-03
-3.660134971141815186e-03
3.102593473158776760e-04
3.761843312531709671e-03
-5.405527772381901741e-04
3.193155629560351372e-03
2.977318130433559418e-03
-2.388649620115756989e-03
4.742357486975379288e-05
3.726614871993660927e-03
-1.794588402844965458e-03
-2.892150587285868824e-05
-1.573581015691161156e-03
-3.815501695498824120e-03
-1.291774446144700050e-03
1.625650475034490228e-04
2.742731478065252304e-03
3.560621291399002075e-03
2.164203673601150513e-03
3.222427330911159515e-03
2.224683063104748726e-03
-3.429915523156523705e-04
-1.929511199705302715e-03
6.605789531022310257e-04
-2.735373273026198149e-04
1.861935365013778210e-03
2.003852743655443192e-03
-1.614931388758122921e-03
-1.667041447944939137e-03
7.225164445117115974e-04
-1.722040469758212566e-03
2.038703067228198051e-03
-1.840225071646273136e-03
-2.971607027575373650e-03
-3.854247508570551872e-03
3.520010272040963173e-03
-1.574464258737862110e-04
-4.192726919427514076e-04
2.730699488893151283e-03
-1.313898479565978050e-03
-1.279742456972599030e-03
-1.009077532216906548e-03
-1.064499447238631546e-04
2.747953476500697434e-05
-2.019515261054039001e-03
-9.029646753333508968e-04
1.644884468987584114e-03
-2.625141059979796410e-03
3.545432118698954582e-03
1.246466650627553463e-03
2.716524060815572739e-03
2.435407601296901703e-03
-6.981300539337098598e-04
-2.849324373528361320e-03
3.386634867638349533e-03
2.362656872719526291e-03
2.434790832921862602e-03
-1.527949818409979343e-03
-3.213171847164630890e-03
1.369097735732793808e-03
9.158752509392797947e-04
-3.146196249872446060e-03
2.826105104759335518e-03
-1.908547594211995602e-03
3.684376832097768784e-03
-1.316089648753404617e-03
7.003806531429290771e-04
-7.573966868221759796e-04
3.600610885769128799e-03
-1.267375424504280090e-03
1.352568855509161949e-03
-3.765444969758391380e-03
4.129948792979121208e-04
-4.286258481442928314e-04
-2.184437122195959091e-03
-2.787294215522706509e-04
2.129150554537773132e-03
1.718329032883048058e-03
-3.055997658520936966e-03
-4.824135685339570045e-04
-3.361521055921912193e-03
1.097297994419932365e-03
-3.016832750290632248e-03
9.346975130029022694e-04
2.028177725151181221e-03
1.328346086665987968e-03
2.561961533501744270e-03
-2.533266553655266762e-03
-1.752658514305949211e-03
-2.876373939216136932e-03
1.092037418857216835e-04
-1.849306165240705013e-03
2.931851660832762718e-03
-2.501753624528646469e-03
6.591516430489718914e-04
-9.460957953706383705e-04
-2.392186317592859268e-03
2.247307915240526199e-03
-3.019161289557814598e-03
-1.519251731224358082e-03
2.824536990374326706e-03
-6.421342259272933006e-04
-2.365658525377511978e-03
-1.400019857101142406e-03
2.735041081905364990e-03
2.782059018500149250e-04
2.271204954013228416e-03
-1.202798564918339252e-03
2.132548950612545013e-03
-3.326429286971688271e-03
-1.560768811032176018e-03
2.688463777303695679e-03
-3.166113514453172684e-03
-1.509216730482876301e-03
3.664661198854446411e-03
4.925433313474059105e-04
-1.965052215382456779e-03
2.460662799421697855e-04
-2.785900142043828964e-03
1.616632333025336266e-03
-3.827359760180115700e-03
-3.898926777765154839e-03
4.155582282692193985e-04
-2.401358447968959808e-03
1.437964499928057194e-03
-2.198405098170042038e-03
-1.543525257147848606e-03
5.495903897099196911e-04
9.393505170010030270e-04
-2.964625367894768715e-03
2.192205749452114105e-03
1.073977327905595303e-03
-2.172910171793773770e-04
1.540198223665356636e-03
-2.805309835821390152e-03
-1.166042420663870871e-04
-9.983495110645890236e-04
-2.512034494429826736e-03
-1.308195525780320168e-03
3.070845967158675194e-03
-3.506349632516503334e-03
3.086278215050697327e-03
1.269942033104598522e-03
-3.683165414258837700e-03
-3.222015453502535820e-03
4.160614043939858675e-04
-3.218640107661485672e-03
4.280706343706697226e-04
-3.609702456742525101e-03
-2.681451616808772087e-03
1.039809430949389935e-03
-3.591174900066107512e-04
-2.671436232049018145e-04
-3.677733475342392921e-03
-2.633960451930761337e-03
1.390015473589301109e-03
1.982720103114843369e-03
-9.786543669179081917e-04
-3.776060184463858604e-03
-3.374596999492496252e-04
-8.849549340084195137e-04
3.115666564553976059e-03
-1.890666550025343895e-03
-3.407092997804284096e-03
-3.501634579151868820e-03
-3.414409875404089689e-04
-2.586209448054432869e-03
-3.046520054340362549e-03
3.599616466090083122e-03
-2.012088196352124214e-03
2.230715705081820488e-03
-2.993327099829912186e-03
1.330072525888681412e-03
2.082957507809624076e-05
2.785940421745181084e-03
2.619887003675103188e-03
1.519092242233455181e-03
1.837064279243350029e-03
-1.548559172078967094e-03
2.913185860961675644e-03
2.630493603646755219e-03
-3.872702596709132195e-03
5.557783879339694977e-04
1.273225643672049046e-03
-2.951655769720673561e-03
2.447006991133093834e-03
2.651189279276877642e-04
1.730500487610697746e-03
3.141515655443072319e-03
1.812763279303908348e-03
2.430406864732503891e-03
-2.527815988287329674e-03
-3.226537955924868584e-03
-3.593057161197066307e-03
3.252501599490642548e-03
2.336811041459441185e-03
-3.839112585410475731e-03
-1.713215722702443600e-03
3.786944085732102394e-03
3.257618052884936333e-03
-2.768064383417367935e-03
-1.960623543709516525e-03
-4.575787461362779140e-04
-2.009471179917454720e-03
-6.805494194850325584e-04
-3.210304537788033485e-03
-3.897410351783037186e-03
1.257220632396638393e-03
1.951394951902329922e-03
-8.440343663096427917e-04
3.566775238141417503e-03
-7.829037494957447052e-04
-3.506017616018652916e-03
9.166167583316564560e-04
1.123654306866228580e-03
-3.613834036514163017e-03
7.326608756557106972e-04
2.570199780166149139e-03
-9.425961179658770561e-04
-6.651047151535749435e-04
-6.775382789783179760e-04
1.975364750251173973e-03
1.012354623526334763e-03
1.104624127037823200e-03
2.252137288451194763e-03
1.450270530767738819e-03
-1.910672639496624470e-03
-1.085702097043395042e-03
2.107209293171763420e-03
-2.672646194696426392e-03
-1.126428600400686264e-03
3.226583125069737434e-03
-1.740148640237748623e-03
