-8.187615894712507725e-04
3.724510315805673599e-04
7.629695464856922626e-04
-8.960897685028612614e-04
-1.074964529834687710e-03
-1.838516909629106522e-03
3.092052182182669640e-03
2.061459934338927269e-03
3.262180369347333908e-03
-8.955805096775293350e-04
3.819536417722702026e-03
-1.936695771291851997e-03
1.993466634303331375e-03
9.252935415133833885e-04
-2.643703715875744820e-03
3.768530674278736115e-03
-2.429560292512178421e-03
2.773159649223089218e-04
-3.014333546161651611e-03
-3.030788386240601540e-03
-7.622168050147593021e-04
-3.080138936638832092e-03
-1.841381075792014599e-03
4.653337527997791767e-04
3.600267926231026649e-03
3.438709536567330360e-03
3.889454063028097153e-03
-2.831391990184783936e-03
-2.152153057977557182e-03
3.753977594897150993e-03
1.864164485596120358e-03
-1.640773843973875046e-03
-2.783325035125017166e-03
1.006082980893552303e-03
6.135364528745412827e-04
3.658257424831390381e-03
-1.530887326225638390e-03
-2.110269153490662575e-03
-3.880085423588752747e-04
-3.257233649492263794e-03
-4.378881130833178759e-04
-2.498268615454435349e-03
3.905858378857374191e-03
3.253757022321224213e-03
2.305921632796525955e-03
1.688894350081682205e-03
3.643729956820607185e-03
-4.169982566963881254e-04
-2.233796549262478948e-04
2.601016778498888016e-03
-2.747864462435245514e-03
-2.784014213830232620e-03
-2.860684646293520927e-03
-1.151229138486087322e-03
-3.613547887653112411e-03
2.838546643033623695e-03
1.666159601882100105e-03
2.881753258407115936e-03
-1.061567920260131359e-03
-3.695589490234851837e-03
-2.863350557163357735e-03
3.905918449163436890e-03
3.763572778552770615e-03
3.690908662974834442e-03
-1.356907538138329983e-03
-4.907042020931839943e-04
3.622577525675296783e-03
-3.834548406302928925e-03
-3.186830319464206696e-03
1.552231260575354099e-03
-6.359918043017387390e-04
2.433654153719544411e-03
-1.054131891578435898e-03
1.427429378964006901e-03
3.533680923283100128e-03
1.505411055404692888e-04
-2.730453852564096451e-03
-1.964647555723786354e-03
9.277669596485793591e-04
3.049429215025156736e-04
-2.844414906576275826e-03
9.435870451852679253e-04
3.535943105816841125e-03
3.172022290527820587e-03
2.137633506208658218e-03
3.565580584108829498e-03
3.507200861349701881e-03
-3.239900979679077864e-04
-1.863104989752173424e-03
-3.036388989130500704e-05
1.057008281350135803e-03
-1.135205893660895526e-04
-1.229334389790892601e-03
-3.579077776521444321e-03
-2.787748584523797035e-03
-2.007749397307634354e-03
3.851389745250344276e-03
3.315073903650045395e-03
-2.425241749733686447e-03
-1.771436422131955624e-03
-3.327128710225224495e-03
-2.827507210895419121e-03
-1.114830025471746922e-03
2.988103078678250313e-04
3.443339839577674866e-03
1.841923454776406288e-03
-1.817246899008750916e-03
-2.533012593630701303e-04
-1.936421380378305912e-03
-1.727099443087354302e-04
1.013939385302364826e-03
-7.435109582729637623e-04
1.298376941122114658e-03
9.902626043185591698e-04
1.924353418871760368e-03
1.786817098036408424e-03
1.656215405091643333e-03
-3.222859522793442011e-04
-2.990103326737880707e-03
-2.866485621780157089e-03
6.680577062070369720e-04
3.516457276418805122e-03
2.118548145517706871e-03
-2.679931698366999626e-03
3.405411262065172195e-03
-1.130491727963089943e-03
7.167736184783279896e-04
1.436073333024978638e-03
-3.544812090694904327e-03
9.215327445417642593e-04
3.646099648904055357e-04
3.525174921378493309e-03
2.920182887464761734e-03
-7.262122235260903835e-04
-4.736905975732952356e-04
3.207344096153974533e-03
-1.312633161433041096e-03
3.885263344272971153e-03
2.453719265758991241e-03
1.392432139255106449e-03
2.821722533553838730e-03
-2.269379328936338425e-03
3.543520579114556313e-03
2.363044535741209984e-03
-3.069817321375012398e-03
2.111109206452965736e-03
-1.463559339754283428e-03
-8.929338655434548855e-04
-6.738468800904229283e-05
3.188855713233351707e-03
1.417187741026282310e-03
-2.964026061818003654e-03
2.832327969372272491e-03
2.620362502057105303e-04
3.010367043316364288e-03
-2.653770847246050835e-03
2.929202513769268990e-03
2.258663065731525421e-03
3.411658573895692825e-03
2.915947698056697845e-03
-1.804998144507408142e-03
-1.097084837965667248e-03
-3.016045782715082169e-03
3.610309213399887085e-03
-1.178682665340602398e-03
2.822077367454767227e-03
1.674637431278824806e-03
1.615017303265631199e-03
1.588075421750545502e-03
-9.946716018021106720e-04
7.167324074544012547e-04
-9.256074554286897182e-04
-1.265406608581542969e-03
3.239704295992851257e-03
-3.609260777011513710e-03
-2.311557764187455177e-03
-8.061174303293228149e-04
3.637652844190597534e-03
2.322750631719827652e-03
-1.374451094307005405e-03
3.611381165683269501e-03
-3.081116126850247383e-03
-5.594576359726488590e-04
-1.963794697076082230e-03
3.273596987128257751e-03
3.835248528048396111e-03
3.050812520086765289e-03
2.584484405815601349e-03
3.718848340213298798e-03
-3.311742097139358521e-03
-3.558173077180981636e-03
-3.398052882403135300e-03
1.195027958601713181e-03
-2.388947410508990288e-03
-2.097648102790117264e-03
1.767858280800282955e-03
-3.781330538913607597e-03
-1.247795065864920616e-03
3.519803751260042191e-03
1.999137224629521370e-03
-3.671493148431181908e-03
3.517123404890298843e-03
-2.623561071231961250e-03
3.422598587349057198e-03
2.406881889328360558e-03
-1.604641438461840153e-03
-1.174313714727759361e-03
2.888933231588453054e-04
-1.937752007506787777e-03
2.066187007585540414e-04
-2.674100687727332115e-03
1.037101726979017258e-03
2.416817704215645790e-03
1.585229765623807907e-03
-1.170154311694204807e-03
1.830177643569186330e-04
-9.809522889554500580e-04
-3.555393777787685394e-03
2.713181776925921440e-03
1.949783996678888798e-03
1.216447679325938225e-03
-3.817216027528047562e-03
-2.372440882027149200e-03
-1.937492168508470058e-03
1.971011748537421227e-03
-2.775660715997219086e-03
8.306909585371613503e-04
-3.719231463037431240e-04
-1.244023209437727928e-03
-3.165439469739794731e-03
-1.821813872084021568e-03
-2.980438293889164925e-03
-1.036302885040640831e-03
-2.994573209434747696e-03
2.008134499192237854e-03
-2.682317281141877174e-03
3.024630248546600342e-03
-3.435320686548948288e-03
-2.839929889887571335e-03
1.647925673751160502e-04
2.608821727335453033e-03
-2.490317216143012047e-03
-8.145862375386059284e-04
1.806135172955691814e-03
-5.609549698419868946e-04
4.486280377022922039e-04
-1.392531325109302998e-03
-3.265022300183773041e-03
5.260673351585865021e-04
-1.882240292616188526e-03
9.764904389157891273e-04
3.230650443583726883e-03
-2.885434310883283615e-03
-3.274365328252315521e-03
-2.421325538307428360e-03
-3.531121416017413139e-03
