-3.117579268291592598e-03
3.241161350160837173e-03
-2.216653898358345032e-03
-2.995453309267759323e-03
-2.335901837795972824e-03
1.607408048585057259e-03
-2.848389791324734688e-03
-7.226829184219241142e-04
7.898298790678381920e-04
-3.020843141712248325e-04
-3.241454483941197395e-03
3.041195683181285858e-03
-2.879895735532045364e-03
-1.921982620842754841e-03
-4.410536785144358873e-04
1.016154768876731396e-03
-1.683187321759760380e-03
7.836681907065212727e-04
3.662891220301389694e-03
-2.796135842800140381e-03
-1.605322002433240414e-03
-6.333581986837089062e-04
6.373029318638145924e-04
-1.488983863964676857e-03
-3.022381337359547615e-03
-3.631836036220192909e-03
2.302965149283409119e-03
-3.729689342435449362e-04
5.286721279844641685e-04
1.654314575716853142e-03
-5.375199834816157818e-04
-1.633519539609551430e-03
-1.969607081264257431e-03
1.723851426504552364e-03
-7.036034367047250271e-04
1.019782153889536858e-03
1.055387314409017563e-03
-1.685101189650595188e-03
1.583995996043086052e-03
-1.230088411830365658e-03
-2.538806758821010590e-03
-3.834036411717534065e-03
1.496948389103636146e-04
1.416160841472446918e-03
-3.168599912896752357e-03
3.822042141109704971e-03
-5.041772383265197277e-04
1.487002475187182426e-03
-4.471403954084962606e-04
-1.189258618978783488e-04
4.881955974269658327e-04
1.058863941580057144e-03
-3.818328026682138443e-03
3.719909873325377703e-04
-2.688173437491059303e-03
-3.812055103480815887e-03
-3.456103731878101826e-04
-2.735974034294486046e-03
1.323902164585888386e-03
-2.327630209038034081e-04
1.621838426217436790e-03
-2.620834624394774437e-03
1.696332590654492378e-03
2.770854858681559563e-03
-1.569461077451705933e-03
-6.478960131062194705e-05
-3.242206526920199394e-03
-9.831615025177598000e-04
-2.500961069017648697e-03
2.579708816483616829e-03
1.946479664184153080e-03
-1.136865932494401932e-03
-3.495141630992293358e-03
1.427512848749756813e-03
2.727127168327569962e-03
-1.004321966320276260e-03
-1.868190127424895763e-03
-3.689987352117896080e-03
-1.274031936191022396e-03
-1.794761512428522110e-03
2.539777895435690880e-03
5.488962633535265923e-04
1.577461487613618374e-03
3.027999307960271835e-03
2.084081526845693588e-03
-1.958603970706462860e-03
-2.721937838941812515e-03
-7.816667202860116959e-04
-3.285781480371952057e-03
1.362132490612566471e-03
-3.826895728707313538e-03
-7.297352422028779984e-04
2.265576040372252464e-03
-1.853319699876010418e-03
-2.650328679010272026e-03
-3.182679647579789162e-03
2.361822407692670822e-03
1.855144510045647621e-04
3.250444540753960609e-03
-1.495205564424395561e-03
-2.781488001346588135e-03
-7.010084227658808231e-04
3.142715198919177055e-03
-3.133437829092144966e-03
-1.266301027499139309e-03
2.129471395164728165e-03
2.419592929072678089e-04
-5.701823392882943153e-04
9.048235369846224785e-04
-2.514143940061330795e-03
2.730941865593194962e-03
-2.965331543236970901e-03
-3.109764307737350464e-03
-2.675835043191909790e-03
-1.962930895388126373e-03
1.733266282826662064e-03
2.293900033691897988e-04
3.168907016515731812e-03
3.539260942488908768e-03
1.087212585844099522e-04
-1.513472176156938076e-03
-8.820631192065775394e-04
-1.408520038239657879e-03
-1.276216353289783001e-03
1.057605841197073460e-03
1.602282398380339146e-03
3.703527152538299561e-03
-1.825847662985324860e-03
2.366082975640892982e-03
3.584047546610236168e-03
3.161800559610128403e-03
2.561189001426100731e-03
4.056034667883068323e-04
2.330531366169452667e-03
3.099205903708934784e-03
1.728284987621009350e-03
-5.754946032539010048e-04
-2.393342321738600731e-03
-1.834288472309708595e-03
-1.374408369883894920e-03
2.151180524379014969e-04
2.620156621560454369e-03
-6.259718065848574042e-05
4.974978510290384293e-04
-3.761975094676017761e-03
-1.633055275306105614e-03
1.688907737843692303e-03
1.659254776313900948e-03
-7.484143134206533432e-05
-1.879148767329752445e-03
-1.127737108618021011e-03
7.164818234741687775e-04
-1.289131934754550457e-03
-3.071518614888191223e-03
-1.758990576490759850e-03
-2.726425882428884506e-04
4.288505879230797291e-04
3.899516072124242783e-03
-3.126994415652006865e-04
-3.140268148854374886e-03
-1.779607846401631832e-03
8.768261177465319633e-04
3.389268880710005760e-03
-1.487576286308467388e-03
-9.228768758475780487e-04
-1.716381288133561611e-03
1.244300627149641514e-03
-3.213919233530759811e-03
-3.236415563151240349e-03
-3.251128597185015678e-03
3.281849203631281853e-03
3.742330940440297127e-03
7.634689100086688995e-04
1.264482154510915279e-03
-2.491839230060577393e-03
1.297500100918114185e-03
-6.591975397896021605e-05
1.452695345506072044e-03
5.652470863424241543e-04
2.610703464597463608e-03
1.873358851298689842e-03
-4.497451591305434704e-04
3.784474451094865799e-03
1.619164482690393925e-03
3.768849885091185570e-03
-3.406973788514733315e-03
-7.146546849980950356e-04
6.141215562820434570e-04
1.765228691510856152e-03
3.063878742977976799e-03
-2.704831713344901800e-04
-2.394074108451604843e-03
2.103532169712707400e-04
1.533600443508476019e-04
1.123526832088828087e-03
1.599300187081098557e-03
3.106885589659214020e-03
-9.302693069912493229e-05
3.265196690335869789e-03
2.482634736225008965e-03
-3.096566069871187210e-03
1.395417843014001846e-03
-7.396106957457959652e-04
-3.395044943317770958e-03
-2.480543218553066254e-03
-7.438063039444386959e-04
-2.981599420309066772e-03
-6.564360955962911248e-05
-2.193173626437783241e-03
-1.090177334845066071e-03
-1.386091113090515137e-03
1.805337145924568176e-03
2.585245762020349503e-03
-3.278166521340608597e-03
3.036605659872293472e-03
2.656647469848394394e-03
1.984958071261644363e-03
2.904047723859548569e-03
3.239758079871535301e-03
-2.029106719419360161e-03
-9.751791367307305336e-04
3.443424357101321220e-04
3.860930679365992546e-03
-2.797389129227667581e-07
1.229469780810177326e-03
3.972708946093916893e-04
-2.496176399290561676e-03
2.151301829144358635e-03
-2.998880576342344284e-03
-7.564202533103525639e-04
-1.391487603541463614e-04
-1.684854214545339346e-04
-2.428500447422266006e-03
-3.648081037681549788e-04
-3.429238684475421906e-03
-1.249064924195408821e-03
-3.110437421128153801e-03
-2.654059790074825287e-03
1.870833220891654491e-03
-7.890632841736078262e-04
2.630929462611675262e-03
2.113494090735912323e-03
-2.294088946655392647e-03
-1.311868545599281788e-03
-1.084885559976100922e-03
-2.095049712806940079e-03
-4.703699378296732903e-04
-1.877967151813209057e-03
-3.800968173891305923e-03
-1.582545111887156963e-03
4.652841016650199890e-04
-2.046863315626978874e-03
-1.500986167229712009e-03
-2.465449972078204155e-03
2.039741666521877050e-04
-3.448249073699116707e-03
