5.452464101836085320e-04
1.673054299317300320e-03
-3.859905700664967299e-04
-2.542143221944570541e-03
1.447611371986567974e-03
2.306100912392139435e-03
2.118447562679648399e-03
8.999371784739196301e-04
-1.565198763273656368e-03
-2.619449282065033913e-03
-5.166363916941918433e-05
3.197122132405638695e-03
-7.419453468173742294e-04
2.469194121658802032e-03
-1.800895435735583305e-03
-3.642955794930458069e-03
-3.780999919399619102e-03
-1.797260250896215439e-03
-2.601893153041601181e-03
2.174268243834376335e-03
1.490183640271425247e-03
2.326691523194313049e-03
2.023258246481418610e-03
3.409260418266057968e-03
-1.577498507685959339e-03
4.401530604809522629e-04
-1.937644206918776035e-03
6.698035867884755135e-04
1.041574636474251747e-03
-3.116024308837950230e-04
-2.310834126546978951e-03
-3.348392900079488754e-03
1.503821462392807007e-03
-2.708031330257654190e-03
-3.650143044069409370e-03
-2.188858110457658768e-03
1.349170925095677376e-04
-3.557212650775909424e-03
3.132264362648129463e-03
1.267607323825359344e-03
-3.828666172921657562e-03
1.157212653197348118e-03
5.333609296940267086e-04
-1.188986352644860744e-03
3.025879617780447006e-03
-2.779403468593955040e-03
-2.729732776060700417e-03
-1.588683575391769409e-03
-9.884377941489219666e-04
2.946779830381274223e-03
3.640875220298767090e-03
1.382275484502315521e-03
-1.716669998131692410e-03
9.413265506736934185e-04
1.172018353827297688e-03
1.274980895686894655e-04
-2.927498193457722664e-03
-2.027319977059960365e-03
-4.685755120590329170e-04
-5.262783961370587349e-04
-1.311250613071024418e-03
-1.915643573738634586e-03
-1.980405766516923904e-03
-3.196053206920623779e-03
-2.579127904027700424e-03
3.278127172961831093e-03
-3.205948742106556892e-03
2.047814894467592239e-03
1.102057984098792076e-03
-1.607645419426262379e-03
-7.533113239333033562e-04
-3.746286500245332718e-03
2.780526643618941307e-03
1.997873652726411819e-03
2.325102832401171327e-05
2.144704805687069893e-03
-2.527951262891292572e-03
7.049323176033794880e-04
-1.249487395398318768e-03
-1.708425232209265232e-03
-5.445645074360072613e-04
1.481534214690327644e-03
1.719130435958504677e-03
-2.277869032695889473e-03
1.077734981663525105e-03
8.768133702687919140e-04
1.157199731096625328e-03
2.611059462651610374e-03
1.462891486880835146e-05
-1.543298829346895218e-03
-1.330968574620783329e-03
-3.781266277655959129e-03
1.152189797721803188e-03
-1.967698102816939354e-03
-1.494340482167899609e-03
-3.159662242978811264e-03
-1.120076281949877739e-03
4.964768304489552975e-04
-4.604462301358580589e-04
9.449953213334083557e-04
2.913928823545575142e-03
-3.415348706766963005e-03
-7.064733654260635376e-04
3.204100532457232475e-03
3.239203244447708130e-03
-3.288441803306341171e-03
3.116581356152892113e-03
1.979714259505271912e-03
2.237357432022690773e-03
-1.006253063678741455e-03
1.797187025658786297e-03
4.833553393837064505e-04
3.042905358597636223e-03
-8.745818195166066289e-05
5.367829580791294575e-04
1.029627630487084389e-03
-2.275543753057718277e-03
1.933990162797272205e-03
-1.096301595680415630e-03
3.707728348672389984e-03
-1.474893768317997456e-03
2.529571764171123505e-03
-2.367755223531275988e-04
9.100499446503818035e-04
-3.739446401596069336e-03
2.030468778684735298e-03
1.981264678761363029e-03
1.049789832904934883e-03
-8.841129601933062077e-05
3.381669055670499802e-03
2.117686235578730702e-04
-1.225256361067295074e-03
9.480107109993696213e-04
1.059679430909454823e-03
-3.246220061555504799e-03
1.643151976168155670e-03
-2.576781436800956726e-03
1.564653823152184486e-03
-1.548858243040740490e-03
8.543915464542806149e-04
-3.009248524904251099e-03
2.256314473925158381e-04
-3.618074348196387291e-03
-2.875218167901039124e-03
3.093474777415394783e-03
-1.322155818343162537e-03
2.275882143294438720e-04
-3.682489274069666862e-03
1.808592118322849274e-03
-9.095944114960730076e-04
3.899443254340440035e-04
3.601875156164169312e-03
-2.567058545537292957e-04
-3.905876772478222847e-03
-2.366489497944712639e-03
3.913583699613809586e-03
-3.285427344962954521e-03
1.051764469593763351e-03
4.046460671816021204e-04
1.549221342429518700e-03
-3.372718580067157745e-03
-1.339032431133091450e-03
-2.916671801358461380e-03
-1.626336248591542244e-03
2.481701085343956947e-03
2.857893239706754684e-03
-2.131827408447861671e-03
-3.765745321288704872e-03
-3.133252321276813745e-04
-3.625411482062190771e-04
-1.153861638158559799e-03
-1.257751486264169216e-03
3.541335230693221092e-03
3.294869093224406242e-03
-2.877057995647192001e-03
-1.202431274577975273e-03
-2.176036126911640167e-03
-5.595419206656515598e-04
3.263157559558749199e-03
-1.838832162320613861e-03
-3.350021084770560265e-03
3.282093384768813848e-04
2.554783830419182777e-03
-9.398249094374477863e-04
-3.905028570443391800e-04
-3.711842931807041168e-03
1.619765651412308216e-03
2.221476985141634941e-03
1.265664701350033283e-03
-3.735528094694018364e-03
-3.779232036322355270e-03
2.253106795251369476e-03
-6.385812885127961636e-04
-2.417395357042551041e-03
-3.229909110814332962e-03
1.274830196052789688e-03
2.760161878541111946e-03
-2.973067108541727066e-03
-1.278614974580705166e-03
-1.529244007542729378e-03
1.801594276912510395e-03
-3.377863438799977303e-03
1.507904496975243092e-03
-3.218184458091855049e-03
1.607684302143752575e-03
-2.309953095391392708e-03
1.368638244457542896e-03
3.717832965776324272e-03
9.486865019425749779e-04
-3.177536418661475182e-04
3.796449163928627968e-04
4.357759316917508841e-04
-1.419384789187461138e-04
-1.105091534554958344e-03
-1.699808635748922825e-03
-2.338906517252326012e-03
1.519212266430258751e-03
-1.355331623926758766e-03
-5.854093387824832462e-08
-3.780541010200977325e-03
-5.837593344040215015e-04
-5.102403811179101467e-04
-2.557614352554082870e-03
-3.446001093834638596e-03
-1.374869607388973236e-03
1.239830977283418179e-03
9.038310381583869457e-04
8.386250119656324387e-04
3.365338081493973732e-03
-1.741511747241020203e-03
3.328424412757158279e-03
1.367282588034868240e-03
2.099603414535522461e-03
2.781053772196173668e-03
1.489532995037734509e-03
-4.052877193316817284e-04
5.303085781633853912e-04
1.302235294133424759e-03
8.015977800823748112e-04
-1.434305799193680286e-03
-7.394533895421773195e-05
-1.800575992092490196e-03
-1.310024963458999991e-04
-1.844208920374512672e-03
7.141351234167814255e-04
-1.658636843785643578e-03
4.321770393289625645e-04
-8.988903136923909187e-04
1.040055300109088421e-03
-1.257673138752579689e-03
-7.397840963676571846e-04
2.259112661704421043e-03
-2.041331259533762932e-03
-1.009540399536490440e-03
-3.866722574457526207e-03
-2.583673223853111267e-03
