1.401321031153202057e-03
-6.640596548095345497e-04
-3.671917365863919258e-03
1.809467212297022343e-03
3.368854289874434471e-03
4.391347829368896782e-05
-3.330866107717156410e-03
-4.483592347241938114e-04
-3.888184437528252602e-03
-2.927187131717801094e-03
2.352527342736721039e-03
2.265336079290136695e-04
7.599637610837817192e-04
3.269410459324717522e-03
-7.375951972790062428e-04
-6.753494380973279476e-04
1.651230384595692158e-03
-3.062671748921275139e-03
2.682915423065423965e-03
2.996234921738505363e-03
-2.799669979140162468e-03
3.789343638345599174e-03
-1.270310720428824425e-03
4.647792666219174862e-04
2.161644864827394485e-03
-1.553638954646885395e-03
-6.036023260094225407e-04
1.582211698405444622e-03
2.690562279894948006e-03
1.973648904822766781e-04
9.847204200923442841e-04
1.318068243563175201e-03
3.218482888769358397e-04
-2.600799314677715302e-03
-1.993299229070544243e-03
8.059786632657051086e-04
1.220207195729017258e-03
4.820116737391799688e-04
-3.274873597547411919e-03
-3.322740318253636360e-03
-1.435795915313065052e-03
-1.506079570390284061e-03
2.259402070194482803e-03
2.737233182415366173e-03
-4.578684456646442413e-04
8.780602947808802128e-04
-1.723864930681884289e-03
-1.646207296289503574e-03
2.393407194176688790e-04
-3.131750039756298065e-03
1.027796068228781223e-03
1.688746386207640171e-03
-9.948610095307230949e-04
-2.121340250596404076e-03
2.668614732101559639e-03
3.144298447296023369e-03
-8.414160220127087086e-06
-2.811479382216930389e-03
-1.385555369779467583e-03
2.440629526972770691e-03
1.760345650836825371e-03
-6.509017111966386437e-05
1.306989230215549469e-03
1.167168957181274891e-03
-2.898242324590682983e-03
3.820970188826322556e-03
1.501151127740740776e-03
1.704002032056450844e-03
-2.963618608191609383e-03
3.080522874370217323e-03
3.431083867326378822e-03
1.674223807640373707e-03
-3.394352504983544350e-03
3.538289107382297516e-03
-1.043428434059023857e-03
-3.086433745920658112e-03
-3.626764751970767975e-03
2.827346324920654297e-03
-3.001069184392690659e-03
-3.174711018800735474e-03
-1.018259557895362377e-03
-2.929382491856813431e-03
-2.408331958577036858e-03
-2.835761755704879761e-03
3.608118742704391479e-03
2.688377629965543747e-03
2.628255635499954224e-03
4.071795265190303326e-04
3.867232473567128181e-03
-3.343662945553660393e-03
7.881869096308946609e-04
-2.384983934462070465e-03
-2.145589096471667290e-03
-5.422561080195009708e-04
1.193006639368832111e-03
2.370770554989576340e-03
3.458701074123382568e-03
3.564797807484865189e-03
-3.342587500810623169e-03
-2.555260201916098595e-03
-2.632452407851815224e-03
3.452432574704289436e-03
3.822974627837538719e-03
2.127484185621142387e-03
3.809613874182105064e-03
1.343244803138077259e-03
-7.699361885897815228e-04
4.081263614352792501e-04
1.788732712157070637e-03
3.196208272129297256e-03
3.299293806776404381e-03
-2.148808445781469345e-03
9.570733527652919292e-04
-1.398171007167547941e-04
3.162598703056573868e-03
5.735705490224063396e-04
3.573658643290400505e-03
1.484838896431028843e-03
-3.132774727419018745e-03
1.483087078668177128e-03
2.574397716671228409e-03
-7.092726300470530987e-04
-8.986272150650620461e-04
3.470605937764048576e-03
-8.072247146628797054e-04
1.931653358042240143e-03
3.646848257631063461e-03
-4.778755246661603451e-04
1.167504698969423771e-03
2.117569092661142349e-03
-2.819965593516826630e-03
2.386931329965591431e-03
1.063304254785180092e-03
-2.042597159743309021e-03
2.163687953725457191e-03
1.038161106407642365e-03
3.554993018042296171e-04
-3.808501409366726875e-03
3.294125199317932129e-04
2.864730544388294220e-03
2.414488932117819786e-03
-1.218514982610940933e-03
-3.299552481621503830e-03
-3.748730232473462820e-04
-1.926732715219259262e-03
1.376283238641917706e-03
-3.367949975654482841e-03
2.278038155054673553e-04
2.035584766417741776e-03
2.502938266843557358e-03
3.359154565259814262e-03
-3.208176349289715290e-04
2.710955450311303139e-03
-2.157666720449924469e-03
-5.907835438847541809e-04
-1.085293362848460674e-03
-1.607723243068903685e-04
-6.962255574762821198e-04
2.622464438900351524e-03
3.018180374056100845e-03
1.346182194538414478e-03
-1.410233555361628532e-03
2.241380978375673294e-03
1.755971345119178295e-03
3.254643874242901802e-03
8.118833065964281559e-04
-2.746060490608215332e-04
1.406527590006589890e-04
-3.568020183593034744e-03
-2.552956866566091776e-04
-2.508700592443346977e-03
-1.508027547970414162e-03
1.883905148133635521e-03
-3.890022169798612595e-03
-2.512225648388266563e-03
2.963903592899441719e-03
-2.044185297563672066e-03
3.128159558400511742e-03
-1.827034750021994114e-03
-1.299530413234606385e-04
2.288206713274121284e-03
-1.465119654312729836e-03
-2.310482785105705261e-03
3.252673428505659103e-03
3.063719253987073898e-03
3.440950531512498856e-03
-1.392218633554875851e-03
2.311118412762880325e-03
-1.702750101685523987e-03
2.387727145105600357e-03
2.005352143896743655e-04
2.792405895888805389e-03
1.967419404536485672e-03
-4.359110898803919554e-04
3.053557127714157104e-03
3.747696289792656898e-03
2.094355411827564240e-03
2.646956592798233032e-03
2.255317987874150276e-03
-3.536049742251634598e-03
1.679386012256145477e-03
-2.681949874386191368e-03
2.127300482243299484e-03
2.929821843281388283e-03
1.200418686494231224e-03
-1.896319561637938023e-03
7.288783672265708447e-04
1.362446579150855541e-03
2.873772988095879555e-03
-4.767564823850989342e-04
-3.434424521401524544e-03
2.733171917498111725e-03
1.474217162467539310e-03
2.230569021776318550e-03
3.053835825994610786e-03
3.279918571934103966e-03
1.060230191797018051e-03
3.002273850142955780e-03
3.507857676595449448e-03
8.911817567422986031e-04
2.334919292479753494e-03
1.899283961392939091e-03
-2.926752858911640942e-05
3.145549912005662918e-03
-3.284611273556947708e-03
-1.308279344812035561e-03
2.922311890870332718e-03
-1.281468314118683338e-03
3.105488605797290802e-03
4.459990886971354485e-04
-8.875825442373752594e-04
-3.288447915110737085e-04
2.438605995848774910e-03
-1.710057142190635204e-03
-8.602786692790687084e-04
1.023910590447485447e-03
-1.953332539414986968e-04
2.012245589867234230e-03
1.707069110125303268e-03
4.208785248920321465e-04
3.161130938678979874e-03
2.323645632714033127e-03
5.638754810206592083e-04
-5.677024455508217216e-05
3.290101187303662300e-03
-3.294257912784814835e-03
-7.694383384659886360e-04
-3.208488225936889648e-03
9.289767476730048656e-04
1.854255911894142628e-03
-3.530368907377123833e-03
-1.692574936896562576e-03
3.179996041581034660e-03
-7.110360893420875072e-04
-3.011313267052173615e-03
-2.000572159886360168e-03
