-2.212550491094589233e-03
-3.528665285557508469e-03
5.587076884694397449e-04
-1.964892493560910225e-03
-3.254603070672601461e-04
2.320166677236557007e-03
-2.128302585333585739e-03
-1.341524184681475163e-03
-2.660803962498903275e-03
7.915990427136421204e-04
-1.625261851586401463e-03
-2.206593053415417671e-03
3.285950282588601112e-03
-6.242056260816752911e-04
-1.528918626718223095e-03
-2.742967335507273674e-03
8.180558797903358936e-04
-9.022145532071590424e-04
-2.723320154473185539e-03
-3.088774159550666809e-03
2.087077591568231583e-03
2.142452867701649666e-03
2.609630580991506577e-03
2.818565815687179565e-03
-3.313394263386726379e-04
5.180321168154478073e-04
-4.115891897527035326e-06
3.100496716797351837e-03
-1.499962294474244118e-03
7.189214811660349369e-04
6.672217277809977531e-04
3.640869632363319397e-03
2.625117544084787369e-03
1.343756914138793945e-03
5.015915958210825920e-04
2.623560838401317596e-03
-5.984291783533990383e-04
-2.147911349311470985e-03
-1.465553301386535168e-03
1.528776483610272408e-03
2.376131946220993996e-03
-2.801274647936224937e-03
-1.438041334040462971e-03
-2.670849906280636787e-03
-3.102377988398075104e-03
-2.611852716654539108e-03
3.188282251358032227e-03
2.160558942705392838e-04
2.803987590596079826e-03
-2.883469453081488609e-03
7.152422913350164890e-04
-1.587954902788624167e-04
3.201030893251299858e-03
1.694712787866592407e-03
3.821470076218247414e-03
-2.885808935388922691e-03
2.386291278526186943e-03
-1.636812230572104454e-03
-2.870492404326796532e-03
2.471978310495615005e-03
3.185651730746030807e-03
-1.889589941129088402e-03
1.272140303626656532e-03
3.440423170104622841e-03
3.316404065117239952e-03
-9.283406689064577222e-05
-2.400137251242995262e-03
-1.554194022901356220e-03
-7.176612853072583675e-04
-6.813831278122961521e-04
-1.386558171361684799e-03
1.660876674577593803e-03
-3.755095414817333221e-03
3.627962432801723480e-03
-9.189434349536895752e-04
1.514640869572758675e-03
-3.797495970502495766e-03
2.414105692878365517e-03
2.831037272699177265e-04
-1.461217296309769154e-03
3.368783742189407349e-03
1.182905980385839939e-03
-1.282881014049053192e-03
1.490538241341710091e-03
-3.045101475436240435e-04
8.610352524556219578e-04
2.579018240794539452e-03
1.187188900075852871e-03
-3.188155358657240868e-03
-3.715917933732271194e-03
-1.481986721046268940e-03
2.726801205426454544e-03
1.266405568458139896e-03
1.990687800571322441e-03
2.386706182733178139e-03
-3.305578138679265976e-03
-1.547558465972542763e-03
-2.394485287368297577e-03
3.286442370153963566e-05
3.839267650619149208e-03
-1.843449659645557404e-03
-3.356985747814178467e-03
3.053387161344289780e-03
-2.476892201229929924e-03
3.219016594812273979e-03
2.424962585791945457e-03
1.253127811651211232e-05
7.077522459439933300e-04
2.183612203225493431e-03
3.094180719926953316e-03
3.840979654341936111e-03
1.345418975688517094e-03
3.831453621387481689e-03
-7.842855993658304214e-04
-2.652514725923538208e-03
-3.711241064593195915e-03
3.679885063320398331e-03
-4.579827946145087481e-04
-6.835347739979624748e-04
2.641384024173021317e-03
-4.306614864617586136e-04
1.344352145679295063e-03
2.284507965669035912e-03
-3.718354273587465286e-03
1.084642251953482628e-03
-3.284476697444915771e-03
5.215065903030335903e-04
2.640602178871631622e-03
-2.672534319572150707e-04
1.889812294393777847e-03
3.827002132311463356e-03
5.263097118586301804e-04
2.764720120467245579e-04
-1.687464653514325619e-03
3.685641335323452950e-03
8.594077080488204956e-04
2.910900628194212914e-03
3.300143871456384659e-03
2.370483707636594772e-03
-2.821484347805380821e-03
2.632616553455591202e-03
3.667061682790517807e-03
1.075871987268328667e-03
-1.959326211363077164e-03
-6.257329914660658687e-06
4.959882062394171953e-05
2.673375187441706657e-03
-3.843853774014860392e-04
-2.269150456413626671e-03
-3.274123882874846458e-03
2.922483021393418312e-03
-1.519688958069309592e-04
-1.148998489952646196e-05
2.632907591760158539e-03
1.558002084493637085e-03
-2.151127700926735997e-04
4.967328277416527271e-04
-1.162492902949452400e-03
2.369907684624195099e-03
-1.336864777840673923e-03
-3.428148571401834488e-03
-3.652388404589146376e-04
1.657005166634917259e-03
-3.868862288072705269e-03
2.331059426069259644e-03
2.251150552183389664e-03
-2.682904247194528580e-03
-3.689242294058203697e-03
-6.210411083884537220e-04
3.354036714881658554e-03
3.490451490506529808e-03
-3.747011767700314522e-03
-5.929527687840163708e-04
3.632382256910204887e-03
-2.305274130776524544e-03
-2.167752711102366447e-03
3.574280999600887299e-03
-1.579851959832012653e-03
-1.125184120610356331e-03
3.865167265757918358e-03
-4.991598543711006641e-04
2.161774318665266037e-03
-3.169986186549067497e-03
-1.740325707942247391e-03
2.561406930908560753e-03
3.341027535498142242e-03
9.100676979869604111e-04
2.217837376520037651e-03
-3.264452097937464714e-03
9.500632877461612225e-04
-3.556433133780956268e-03
2.895877929404377937e-03
2.527582691982388496e-03
3.370440797880291939e-03
-9.621885837987065315e-04
-3.467613598331809044e-03
-1.673519291216507554e-04
-2.065039239823818207e-03
2.944877138361334801e-03
-1.379657303914427757e-03
3.897610877174884081e-04
-2.718081232160329819e-03
2.154712798073887825e-03
3.845503088086843491e-03
3.610589483287185431e-04
3.806272288784384727e-04
3.069967497140169144e-03
-3.126711817458271980e-03
-2.045298693701624870e-03
-1.363928546197712421e-03
9.060941520147025585e-04
-5.167131312191486359e-04
9.415094391442835331e-04
2.159351250156760216e-03
-1.573381363414227962e-03
-1.923782983794808388e-03
-1.910448074340820312e-03
9.443879825994372368e-04
-4.193256318103522062e-04
-1.415776903741061687e-03
-3.742494620382785797e-03
2.283300738781690598e-03
7.578422082588076591e-05
2.063312102109193802e-03
1.336924615316092968e-03
9.855169337242841721e-04
1.819835626520216465e-03
1.108303433284163475e-03
6.827532779425382614e-04
9.530942188575863838e-04
-1.014853012748062611e-03
3.415114711970090866e-03
1.685714116320014000e-03
1.629048492759466171e-03
2.311049262061715126e-03
-3.675267333164811134e-03
8.901654509827494621e-04
1.148849842138588428e-03
-1.348700490780174732e-03
-1.813395530916750431e-03
1.949798781424760818e-03
2.941925544291734695e-03
3.247525775805115700e-03
2.037427388131618500e-03
3.021449083462357521e-03
7.794274133630096912e-04
2.207672456279397011e-03
2.126347273588180542e-03
-1.471751369535923004e-03
3.605882637202739716e-03
1.883900258690118790e-03
1.094872946850955486e-03
-1.503500738181173801e-03
-3.654773579910397530e-03
-6.952082039788365364e-04
1.592808403074741364e-03
