-2.267200266942381859e-03
3.257435979321599007e-03
-1.202385290525853634e-03
-3.759197425097227097e-03
1.090415753424167633e-03
2.939876401796936989e-03
-1.861251308582723141e-03
1.215721640619449317e-04
-1.669784542173147202e-03
1.589441089890897274e-03
2.193725667893886566e-03
1.336956629529595375e-03
-5.457979859784245491e-04
-1.506890053860843182e-03
-1.342219533398747444e-03
3.400672925636172295e-03
8.559359121136367321e-04
3.574833972379565239e-03
-5.458901869133114815e-04
-1.935064647113904357e-04
1.734886202029883862e-03
-1.137781306169927120e-03
-9.943238692358136177e-04
1.530368230305612087e-03
3.695857478305697441e-03
3.257555654272437096e-03
-2.261250047013163567e-03
-1.022171461954712868e-03
-4.703668237198144197e-04
2.092994982376694679e-04
-1.958414213731884956e-03
1.648427569307386875e-03
-7.871186826378107071e-04
2.616338199004530907e-03
1.290970481932163239e-03
2.257362939417362213e-05
-2.743530320003628731e-03
-2.390181180089712143e-03
-2.738325856626033783e-04
-2.852881327271461487e-03
2.048765774816274643e-03
1.359236775897443295e-03
-3.755846759304404259e-03
-9.918626165017485619e-04
6.653757300227880478e-04
2.306865528225898743e-03
-1.331177190877497196e-04
-2.211335813626646996e-03
3.073620609939098358e-03
1.881290925666689873e-03
-2.032769378274679184e-03
3.535517258569598198e-03
-2.249841112643480301e-03
-1.049225335009396076e-03
-3.268043510615825653e-03
-2.647895598784089088e-03
-1.606064179213717580e-04
2.433119108900427818e-03
3.181708045303821564e-03
7.079718634486198425e-04
2.219317946583032608e-03
4.002238274551928043e-04
-1.330985804088413715e-03
8.336829487234354019e-04
2.888179849833250046e-03
1.949427649378776550e-03
3.756219055503606796e-03
-3.040170122403651476e-04
1.206260407343506813e-03
3.822848666459321976e-03
3.056206041947007179e-03
2.319423714652657509e-03
2.066277433186769485e-03
2.382730599492788315e-04
3.901484655216336250e-03
1.600651303306221962e-03
-2.045818837359547615e-03
2.491767518222332001e-03
2.921873237937688828e-03
-1.786197535693645477e-03
-1.098968437872827053e-03
1.885861973278224468e-03
2.890712348744273186e-03
-3.312195418402552605e-03
-3.258567303419113159e-03
-1.711952732875943184e-03
3.541272599250078201e-03
-2.931242808699607849e-03
2.732004737481474876e-03
-8.438330260105431080e-04
2.395764924585819244e-03
1.615366665646433830e-03
1.746744848787784576e-03
6.462864112108945847e-04
1.856176997534930706e-03
-3.562337253242731094e-03
1.814997638575732708e-03
-2.189751248806715012e-04
-1.941901748068630695e-03
2.477412577718496323e-03
-8.652456454001367092e-04
-7.500635110773146152e-04
-3.183498047292232513e-03
-1.641483744606375694e-03
-3.083718940615653992e-03
-3.479646402411162853e-04
-2.650256035849452019e-03
-3.898786846548318863e-03
2.364699728786945343e-03
-1.570765045471489429e-03
7.075198227539658546e-04
5.682723131030797958e-04
-3.596887458115816116e-03
2.609753748401999474e-03
2.085439627990126610e-03
1.866630744189023972e-03
-6.188041297718882561e-04
3.691311459988355637e-03
2.446434460580348969e-03
3.872288856655359268e-03
-2.724067016970366240e-04
-2.066143788397312164e-03
-7.796823629178106785e-04
1.327987760305404663e-03
-1.292725908569991589e-03
1.130762626416981220e-03
7.545957341790199280e-04
1.666449476033449173e-03
1.116186380386352539e-03
6.624418165301904082e-05
-1.245698658749461174e-04
-1.495923934271559119e-04
-2.143954858183860779e-03
-3.539998782798647881e-03
-1.713853678666055202e-03
-2.800494432449340820e-03
-2.702954225242137909e-03
1.507216831669211388e-03
-2.859726315364241600e-03
-1.092658145353198051e-03
-5.217088037170469761e-04
-3.832748625427484512e-03
2.214945154264569283e-03
-2.935268217697739601e-03
7.791688549332320690e-04
-2.981245750561356544e-03
1.585467951372265816e-03
2.781427931040525436e-03
2.584551461040973663e-03
3.310317406430840492e-04
-1.910537830553948879e-03
-3.624157281592488289e-03
-3.298750147223472595e-03
-8.166485349647700787e-04
1.508961868239566684e-04
3.855088260024785995e-03
3.095987020060420036e-03
-2.201301511377096176e-03
2.533169230446219444e-03
-1.825304003432393074e-03
3.572427900508046150e-03
-1.154425903223454952e-03
2.749375067651271820e-03
2.400593599304556847e-03
2.089808695018291473e-03
-2.290514064952731133e-03
-5.984092131257057190e-04
3.523997263982892036e-03
3.079919377341866493e-03
-1.543388701975345612e-03
-3.477076068520545959e-03
1.676709689490962774e-05
-4.490541759878396988e-04
-1.116587431170046329e-03
1.964078750461339951e-03
2.816415624693036079e-03
-8.134128293022513390e-04
1.504957908764481544e-03
2.743634628131985664e-03
2.246453892439603806e-03
1.340708346106112003e-03
8.773097652010619640e-04
-1.983728259801864624e-03
2.375780139118432999e-03
2.486447920091450214e-04
1.847263542003929615e-03
-1.061815419234335423e-03
-1.089510507881641388e-03
-5.027719889767467976e-04
-1.460579223930835724e-03
-3.512381808832287788e-03
-8.540299022570252419e-04
3.788074478507041931e-03
2.362242434173822403e-03
-3.409582655876874924e-03
-3.560848999768495560e-03
-1.603994052857160568e-03
3.700198372825980186e-03
2.603608183562755585e-03
-3.393259365111589432e-03
2.925949520431458950e-04
-5.519824917428195477e-04
3.745643189176917076e-03
2.445176942273974419e-03
-8.435052222921513021e-06
2.836091443896293640e-03
-2.705989172682166100e-03
2.281278604641556740e-03
3.291329834610223770e-03
3.703349037095904350e-03
-2.836170606315135956e-03
2.007997594773769379e-03
-2.326892456039786339e-03
-3.636908950284123421e-03
-2.180414274334907532e-03
2.104054903611540794e-03
-5.174647085368633270e-04
1.802926271921023726e-04
-1.710152137093245983e-03
2.106907078996300697e-03
1.239338656887412071e-03
-3.300453536212444305e-03
2.014317316934466362e-03
3.571488428860902786e-03
9.196560131385922432e-04
1.265314785996451974e-04
2.601324114948511124e-03
3.241658676415681839e-03
-2.086024498566985130e-03
-2.248647622764110565e-03
-5.977411638014018536e-04
3.843396203592419624e-03
2.033979399129748344e-03
-2.259199041873216629e-03
2.956885378807783127e-03
-1.584758050739765167e-03
1.088106771931052208e-03
-3.524960018694400787e-03
1.073511317372322083e-03
-6.179937627166509628e-04
1.273548929020762444e-03
7.419247995130717754e-04
-1.967822667211294174e-03
5.571316578425467014e-04
2.194710774347186089e-03
1.993168843910098076e-03
-9.328586165793240070e-04
-1.053238753229379654e-03
1.476962585002183914e-03
3.262837883085012436e-03
-1.105331815779209137e-03
2.311630407348275185e-03
1.896264846436679363e-03
-2.411179710179567337e-03
-1.519823796115815639e-03
-3.140993881970643997e-03
