-1.527942134998738766e-03
-1.486566616222262383e-03
-7.756407139822840691e-04
-1.118338783271610737e-03
1.748318783938884735e-03
1.003199955448508263e-03
3.870221786201000214e-03
1.544322818517684937e-03
-2.548759570345282555e-03
-1.952116610482335091e-03
9.557802695780992508e-04
-1.743191620334982872e-03
1.063900417648255825e-04
-1.103413756936788559e-03
2.248870732728391886e-04
-3.893242916092276573e-03
1.298408024013042450e-03
-2.867160364985466003e-03
-3.564207581803202629e-03
-6.362503336276859045e-05
1.836503739468753338e-03
-9.571586269885301590e-04
-7.416243897750973701e-04
-3.127370728179812431e-03
1.350761507637798786e-03
2.401273464784026146e-03
-3.613087581470608711e-03
-3.457979997619986534e-03
-3.313082037493586540e-03
1.129290467360988259e-04
1.518246135674417019e-03
1.094290637411177158e-03
3.897617338225245476e-03
-1.907337340526282787e-03
-2.742839511483907700e-03
2.842845162376761436e-03
2.102128462865948677e-03
3.460980486124753952e-03
1.852450193837285042e-03
-3.236269578337669373e-03
-3.217649646103382111e-03
-3.600171068683266640e-03
-2.608719980344176292e-03
-3.521899227052927017e-03
1.432940713129937649e-03
1.722562825307250023e-03
-3.253508592024445534e-03
-2.914222190156579018e-03
2.897200174629688263e-03
-2.386779524385929108e-03
-1.857280585682019591e-04
-1.709306379780173302e-03
8.750747074373066425e-04
1.892267493531107903e-03
7.638949900865554810e-04
2.913063624873757362e-03
-2.484641270712018013e-03
-1.927781966514885426e-03
-3.347720485180616379e-03
-3.106879536062479019e-03
3.723801113665103912e-03
3.110963734798133373e-04
-1.095729181542992592e-03
-1.293833367526531219e-03
4.281359142623841763e-04
2.456583024468272924e-04
1.868196413852274418e-03
2.304722089320421219e-03
-2.777306654024869204e-04
1.982195302844047546e-03
1.380275585688650608e-03
1.363306946586817503e-04
-1.776253804564476013e-03
3.259365679696202278e-03
2.493781270459294319e-03
-2.865475369617342949e-03
-2.346621593460440636e-03
1.152615295723080635e-03
-1.701218541711568832e-03
4.942369996570050716e-04
-4.878402396570891142e-04
-1.157664344646036625e-03
-2.979229902848601341e-03
-3.568251268006861210e-04
2.785736287478357553e-04
2.309957053512334824e-03
3.987870295532047749e-04
-2.263873117044568062e-03
2.725837752223014832e-03
7.444885559380054474e-04
-2.176371868699789047e-03
-2.352872397750616074e-03
-2.135823247954249382e-03
-3.648343845270574093e-04
-1.781844766810536385e-03
-2.534924075007438660e-03
-2.494857180863618851e-03
-2.599320141598582268e-03
-3.489114111289381981e-03
-1.539406948722898960e-03
3.450647229328751564e-03
2.917928388342261314e-03
-5.423846887424588203e-04
2.633893396705389023e-03
3.658475819975137711e-03
2.965566702187061310e-03
-8.748618420213460922e-04
1.222925959154963493e-03
8.853324106894433498e-04
1.486514229327440262e-03
-1.392916194163262844e-03
2.532254904508590698e-03
5.655732238665223122e-04
-2.676039002835750580e-03
-3.568855347111821175e-03
-3.199971979483962059e-03
-3.185680834576487541e-04
-9.240109648089855909e-05
1.094021834433078766e-03
-3.252863185480237007e-03
1.342287752777338028e-03
1.214391086250543594e-03
1.750386436469852924e-03
-3.340104361996054649e-03
-3.647750476375222206e-03
-7.403455674648284912e-04
-1.766220317222177982e-03
3.754582721740007401e-03
4.269119817763566971e-04
-2.527039265260100365e-03
2.520204288884997368e-03
1.843801932409405708e-03
2.536790678277611732e-03
-1.202494458993896842e-04
3.437037521507591009e-04
2.222483977675437927e-03
-2.942297840490937233e-03
6.848477059975266457e-04
-1.095722778700292110e-03
1.152340555563569069e-03
1.189982867799699306e-03
1.101086731068789959e-03
-1.320953597314655781e-03
-3.275799797847867012e-03
6.262575043365359306e-04
-1.088753575459122658e-03
1.547983381897211075e-03
3.840418299660086632e-03
1.325028017163276672e-03
3.902079304680228233e-03
2.777181798592209816e-03
3.246993292123079300e-03
-1.759677892550826073e-03
2.256471343571320176e-04
1.378552522510290146e-03
3.517798846587538719e-03
2.043337328359484673e-03
8.172006346285343170e-04
2.129249041900038719e-03
-1.339635928161442280e-04
3.026522928848862648e-03
1.661159098148345947e-03
1.769353402778506279e-04
5.848481087014079094e-04
3.531516762450337410e-03
2.710865344852209091e-03
-8.201354066841304302e-04
3.465829067863523960e-04
-3.565395309124141932e-04
-3.896050853654742241e-03
1.248329761438071728e-03
-3.711267141625285149e-03
-3.102928400039672852e-03
-1.878477283753454685e-03
3.496249206364154816e-03
-1.398440101183950901e-03
-7.023679208941757679e-04
5.890540778636932373e-04
-1.398590626195073128e-03
3.375456901267170906e-03
2.186820143833756447e-03
-6.621699867537245154e-05
-1.831553643569350243e-03
-1.079120323993265629e-03
1.834415714256465435e-03
-2.341219224035739899e-03
3.467005211859941483e-03
-2.311334246769547462e-03
-1.360422349534928799e-03
2.995182294398546219e-03
-2.563732676208019257e-03
1.798103447072207928e-03
2.121345372870564461e-03
1.595320063643157482e-03
1.224186504259705544e-03
2.510247519239783287e-03
2.634372503962367773e-04
3.768471768125891685e-03
-3.190947696566581726e-03
-2.806726610288023949e-03
1.954051112988963723e-04
2.593548269942402840e-03
-3.175510559231042862e-03
-1.663221162743866444e-03
7.299906574189662933e-04
2.440185286104679108e-03
-3.232838120311498642e-03
-2.677212934941053391e-03
-2.728302264586091042e-03
1.705396687611937523e-03
-3.883521538227796555e-03
-3.001898061484098434e-03
3.129654098302125931e-03
-3.630102379247546196e-03
3.780341707170009613e-03
-2.092201262712478638e-03
-2.042933134362101555e-03
1.768482179613783956e-04
-1.479110796935856342e-03
4.096652992302551866e-05
2.680353820323944092e-03
-4.587561124935746193e-04
-3.617235459387302399e-03
-7.369128288701176643e-04
2.354419091716408730e-03
3.814353607594966888e-03
6.269681616686284542e-04
2.774513559415936470e-03
6.103693740442395210e-04
2.592918928712606430e-03
2.404988976195454597e-03
-1.992671750485897064e-03
5.295107257552444935e-04
-3.879049327224493027e-03
-5.042377742938697338e-04
3.003603313118219376e-03
-1.907426398247480392e-03
-6.678328500129282475e-04
1.194582902826368809e-03
3.064716700464487076e-03
-1.406788593158125877e-03
-1.401103218086063862e-03
-3.270103188697248697e-04
3.707816358655691147e-03
-3.239211859181523323e-03
3.099033143371343613e-03
3.294425318017601967e-03
3.836635441984981298e-04
-1.134496647864580154e-03
-1.608929364010691643e-03
3.735671518370509148e-03
-1.601123367436230183e-03
-2.633255207911133766e-03
-3.030531574040651321e-03
-1.200679573230445385e-03
6.920800660736858845e-04
