3.359531052410602570e-03
2.303125569596886635e-03
3.608927945606410503e-04
-1.152605400420725346e-03
-2.638588892295956612e-03
1.479430356994271278e-03
3.182835178449749947e-03
7.992024766281247139e-04
-5.486484151333570480e-04
2.507882192730903625e-03
-2.590508898720145226e-03
2.322573680430650711e-03
-2.811804646626114845e-03
-1.453876378946006298e-03
2.483235904946923256e-03
3.888354403898119926e-04
-1.212557079270482063e-03
2.842832356691360474e-03
-1.166966510936617851e-03
3.892051056027412415e-03
-2.099271165207028389e-03
-6.168056279420852661e-04
-3.338112030178308487e-03
3.175524761900305748e-03
-3.970307880081236362e-04
-2.257468644529581070e-03
-8.262632181867957115e-04
2.735854825004935265e-03
-3.817568998783826828e-03
3.708824748173356056e-03
8.804651442915201187e-04
-1.533777685835957527e-03
5.845659761689603329e-04
2.878830302506685257e-03
2.663039602339267731e-03
1.229793648235499859e-03
1.696108258329331875e-03
-2.772449050098657608e-03
-4.823736089747399092e-04
-2.182580530643463135e-03
1.901548122987151146e-03
-5.187836359255015850e-04
7.645782316103577614e-04
-2.953154500573873520e-03
-1.546668121591210365e-03
-1.754779834300279617e-03
-3.218810306861996651e-03
-2.862505381926894188e-03
1.362969051115214825e-04
-1.556631526909768581e-03
-2.565475879237055779e-03
1.180161489173769951e-03
-1.792234601452946663e-03
-2.222242299467325211e-03
-3.479813458397984505e-04
-1.039348891936242580e-03
-1.492388080805540085e-03
-2.831415971741080284e-03
-3.261571691837161779e-04
2.678193151950836182e-03
-2.269021468237042427e-03
-1.585489138960838318e-03
3.359706839546561241e-03
5.276105366647243500e-04
2.552841324359178543e-03
-3.318667877465486526e-03
-3.814378287643194199e-04
5.382375820772722363e-05
1.626743702217936516e-03
-2.552486257627606392e-04
3.848795779049396515e-03
3.603861434385180473e-03
-9.745097486302256584e-06
-8.628536597825586796e-04
1.014887457131408155e-04
2.950646681711077690e-03
3.409639612073078752e-05
3.064606804400682449e-03
-2.574266633018851280e-03
-6.294852355495095253e-04
-2.536529675126075745e-03
4.610068863257765770e-04
-1.363990944810211658e-03
2.733526751399040222e-03
-3.592206398025155067e-03
2.758860122412443161e-03
1.107062998926267028e-04
3.052575979381799698e-03
-1.609461382031440735e-03
-1.321473857387900352e-03
-1.747935195453464985e-03
2.055401448160409927e-03
-2.018479572143405676e-04
-7.778875879012048244e-04
-4.806107608601450920e-04
-2.029568189755082130e-03
-2.395838964730501175e-03
-2.771067200228571892e-03
2.212455030530691147e-03
3.028304781764745712e-03
3.337613015901297331e-04
1.801503007300198078e-03
4.673001967603340745e-05
1.038346556015312672e-03
-2.749022329226136208e-03
-3.788658883422613144e-03
-3.671167651191353798e-03
3.796866862103343010e-03
4.809424863196909428e-04
-2.843224909156560898e-03
-3.375825705006718636e-03
-3.074652748182415962e-03
-3.824266837909817696e-03
-2.496527507901191711e-03
-2.819184912368655205e-03
-1.834635273553431034e-03
-1.549767679534852505e-03
-8.105626329779624939e-04
3.517007455229759216e-03
1.091948244720697403e-03
6.768660969100892544e-04
-1.650191843509674072e-03
3.495618700981140137e-03
6.799385882914066315e-04
-2.734202193096280098e-03
-1.744004664942622185e-03
3.534719813615083694e-03
3.190735587850213051e-04
-3.219276899471879005e-03
-6.251676823012530804e-04
-1.222939928993582726e-03
-2.258336869999766350e-03
-1.597655354999005795e-03
3.803009865805506706e-03
3.763576038181781769e-03
-1.030900282785296440e-03
-5.267123342491686344e-04
1.942584523931145668e-03
1.440758933313190937e-04
2.483714371919631958e-03
3.687007992994040251e-04
2.971634268760681152e-03
-3.847773186862468719e-03
1.139008672907948494e-03
-2.213571715401485562e-04
4.128943255636841059e-04
-9.613803122192621231e-04
1.195616205222904682e-03
9.938253788277506828e-04
-3.734932979568839073e-03
2.673097653314471245e-03
9.791313204914331436e-04
6.985359359532594681e-04
2.909564413130283356e-03
-3.314094850793480873e-03
6.425796309486031532e-04
3.512503812089562416e-03
3.050394356250762939e-03
1.097047585062682629e-03
1.260043820366263390e-03
2.950343070551753044e-03
-2.390458481386303902e-03
3.078242763876914978e-03
-3.120608627796173096e-03
-3.219486447051167488e-03
-1.262110657989978790e-03
9.661390504334121943e-05
2.389965578913688660e-03
-3.389985067769885063e-03
-3.720465581864118576e-03
8.283612551167607307e-04
-1.945963245816528797e-03
2.492842962965369225e-03
-5.872466135770082474e-04
2.456218469887971878e-03
5.838311044499278069e-04
-7.104022661224007607e-04
-5.149553762748837471e-04
-2.512563252821564674e-03
-1.320892712101340294e-03
-7.418681634590029716e-04
3.592641791328787804e-03
-3.877797629684209824e-03
-3.669887315481901169e-03
3.251428779549314640e-06
-4.662203427869826555e-04
2.175222849473357201e-03
-2.023884153459221125e-04
3.298764349892735481e-03
-3.048787359148263931e-03
-2.592626260593533516e-03
4.649324400816112757e-04
1.684798975475132465e-03
4.020088817924261093e-05
3.613069886341691017e-03
3.047087928280234337e-03
8.145201718434691429e-04
-2.639612182974815369e-03
-7.350040250457823277e-04
-6.508914520964026451e-04
1.845660153776407242e-05
-4.121142264921218157e-04
3.440790111199021339e-03
2.369321417063474655e-03
6.189726409502327442e-04
-2.783218631520867348e-03
3.906522877514362335e-03
-4.314861726015806198e-04
3.660979855339974165e-04
-4.950140137225389481e-04
-2.765594050288200378e-03
1.241594320163130760e-03
2.003467176109552383e-03
-1.814052229747176170e-04
1.846233499236404896e-03
1.653675688430666924e-03
-3.725217888131737709e-03
-9.248215937986969948e-04
2.697041258215904236e-03
-3.544737817719578743e-03
-6.032715900801122189e-04
-1.361031318083405495e-03
2.875593956559896469e-03
-3.453783225268125534e-03
2.627298701554536819e-03
-1.982344547286629677e-04
-1.390892546623945236e-03
-3.563011530786752701e-03
2.704793820157647133e-03
3.813856048509478569e-03
1.913637388497591019e-03
-3.246967680752277374e-03
-5.581939476542174816e-04
2.349280985072255135e-03
1.187347806990146637e-03
-1.357780769467353821e-03
-1.085805939510464668e-03
-8.047035662457346916e-04
4.147066210862249136e-04
-2.990060253068804741e-03
1.911771716549992561e-03
-4.037038597743958235e-04
2.497387351468205452e-03
-8.537367684766650200e-04
-1.629526610486209393e-03
-1.137453946284949780e-03
3.068298799917101860e-03
-2.328733680769801140e-03
-1.879037445178255439e-04
-3.044764511287212372e-03
-1.176750520244240761e-03
1.873812056146562099e-03
5.299524636939167976e-04
-7.302072481252253056e-04
-1.983868656679987907e-03
-3.031336003914475441e-03
