-2.490677637979388237e-03
-8.943890861701220274e-05
7.769903750158846378e-04
-1.570832915604114532e-03
-2.888414077460765839e-03
5.677431472577154636e-04
1.017026486806571484e-03
-9.841258870437741280e-04
1.515875104814767838e-03
-2.220611553639173508e-03
-1.642459072172641754e-03
-1.897117705084383488e-03
4.149413143750280142e-04
-3.472383599728345871e-03
3.609748557209968567e-03
-3.785566426813602448e-03
-8.139722049236297607e-04
-1.367127988487482071e-03
-2.232822356745600700e-03
3.792020259425044060e-03
-2.469743369147181511e-03
3.875974565744400024e-03
4.805602657143026590e-04
-2.218149136751890182e-03
-3.700172761455178261e-03
3.684056922793388367e-03
1.849921769462525845e-03
-2.655126620084047318e-03
1.701226428849622607e-04
-3.013313980773091316e-04
1.742679160088300705e-03
-1.873644796432927251e-04
-2.028839895501732826e-03
-4.289194766897708178e-04
-2.305819652974605560e-03
3.145251888781785965e-03
2.477754140272736549e-03
2.037194091826677322e-03
3.170080715790390968e-03
-3.652533516287803650e-03
1.627967692911624908e-03
-3.983355127274990082e-04
2.100159646943211555e-03
1.553054549731314182e-03
1.522756880149245262e-03
3.753793193027377129e-03
-1.799008459784090519e-03
9.210725547745823860e-04
2.054793760180473328e-03
-1.280273194424808025e-03
-1.770840957760810852e-03
7.510478608310222626e-04
3.312497399747371674e-03
-2.605336485430598259e-03
-2.391850342974066734e-03
-2.814297098666429520e-03
-8.124076412059366703e-04
2.973692317027598619e-04
-1.579589210450649261e-03
-8.348961127921938896e-04
-1.629057689569890499e-03
2.495970875315833837e-05
-3.379347734153270721e-03
-3.314045490697026253e-03
7.917120819911360741e-04
-2.875125268474221230e-03
3.030692925676703453e-03
2.967542968690395355e-03
9.568757959641516209e-04
-2.466897247359156609e-03
-2.824377224897034466e-05
1.349371043033897877e-03
-2.114687522407621145e-04
2.302574925124645233e-03
-1.322516938671469688e-03
1.672708196565508842e-03
-1.333518535830080509e-03
1.939339796081185341e-03
2.787182806059718132e-03
-2.864252543076872826e-03
-2.656211610883474350e-03
3.657024586573243141e-03
8.285530493594706059e-04
-2.426333259791135788e-03
-7.021956262178719044e-04
-1.331851002760231495e-03
2.759202616289258003e-04
9.767599403858184814e-04
2.534133673179894686e-04
-7.611004984937608242e-04
6.436991970986127853e-04
2.770302351564168930e-03
2.806620905175805092e-03
-1.095881219953298569e-03
-3.517554141581058502e-03
2.726505510509014130e-03
8.157136617228388786e-04
1.080253161489963531e-03
1.189227332361042500e-03
2.451735315844416618e-03
-2.258719177916646004e-04
1.594770117662847042e-03
1.989309748751111329e-05
-3.626330522820353508e-03
-7.828256930224597454e-04
-3.134495054837316275e-04
-3.445755864959210157e-04
2.278250409290194511e-03
-2.895699115470051765e-03
3.877506358548998833e-03
-1.963105518370866776e-03
1.108282362110912800e-03
1.652069273404777050e-03
3.046517260372638702e-03
-4.216594970785081387e-04
-2.202439121901988983e-03
3.605246311053633690e-03
-2.542162837926298380e-04
-2.094227820634841919e-03
8.430767338722944260e-04
-3.746967064216732979e-03
7.933616871014237404e-05
3.883739002048969269e-03
-3.491873620077967644e-03
-9.149681427516043186e-04
-3.061961149796843529e-03
-1.521717058494687080e-03
-3.325240919366478920e-03
2.010681899264454842e-03
-1.229495974257588387e-03
-3.500994527712464333e-03
1.923508825711905956e-03
-2.832420635968446732e-03
-9.831937495619058609e-04
-1.531980466097593307e-03
3.208744106814265251e-03
-3.144137328490614891e-03
-8.177230483852326870e-04
1.851486857049167156e-03
-3.518102224916219711e-03
-2.732302760705351830e-03
3.857546718791127205e-03
-2.367804758250713348e-03
3.668389515951275826e-03
3.808105830103158951e-03
-3.378938883543014526e-03
-2.348713343963027000e-03
1.066861208528280258e-03
2.695820992812514305e-03
-3.300694050267338753e-03
1.567339757457375526e-03
9.726399439387023449e-04
2.527256729081273079e-03
-3.264146856963634491e-03
-2.146483631804585457e-03
1.354609965346753597e-03
2.273670688737183809e-04
-3.236785531044006348e-03
-2.581989625468850136e-03
-1.834226190112531185e-03
8.753767469897866249e-04
-2.570609329268336296e-03
-2.052133437246084213e-03
-1.048388912749942392e-05
-1.226295134983956814e-04
1.704279333353042603e-03
7.849190733395516872e-04
-8.353715529665350914e-04
-5.474205245263874531e-04
-3.614388988353312016e-04
-1.430508913472294807e-03
-3.130794968456029892e-03
-2.982791280373930931e-03
-8.639693260192871094e-04
-8.171830559149384499e-04
2.486401470378041267e-03
2.601733198389410973e-03
2.840835833922028542e-03
-8.638962171971797943e-04
3.366523189470171928e-03
-3.395146224647760391e-03
-2.430781489238142967e-03
1.684835646301507950e-03
9.745071292854845524e-04
2.675142604857683182e-03
-2.280199434608221054e-03
-3.486311296001076698e-03
4.889216506853699684e-04
-6.164521328173577785e-04
1.418610103428363800e-03
-3.225476946681737900e-03
1.148633076809346676e-03
1.530408626422286034e-04
1.777112134732306004e-03
1.517601660452783108e-03
-2.057644538581371307e-03
-2.464028540998697281e-03
3.049100283533334732e-03
-2.944072708487510681e-03
-2.908778376877307892e-03
-3.091305494308471680e-03
1.309931743890047073e-03
-2.918509067967534065e-03
-2.364066167501732707e-04
3.751422278583049774e-03
9.423751034773886204e-04
-2.152137458324432373e-03
-2.166762016713619232e-03
-2.331931376829743385e-03
-9.098359732888638973e-04
-1.600638934178277850e-04
2.624423359520733356e-05
2.956356853246688843e-03
-3.599995048716664314e-03
-2.473823260515928268e-03
-9.097928414121270180e-04
1.777913770638406277e-03
2.632026444189250469e-04
5.040114629082381725e-04
-1.869249274022877216e-03
-1.577330287545919418e-03
2.535433974117040634e-03
-2.603810280561447144e-03
1.825606217607855797e-03
-1.643228461034595966e-03
1.943316019605845213e-04
-2.750227693468332291e-03
2.892619697377085686e-03
5.224759806878864765e-04
1.870705513283610344e-03
1.255399314686655998e-03
-1.468194677727296948e-04
3.206604626029729843e-03
2.029608935117721558e-03
-2.642706036567687988e-03
3.687018994241952896e-03
-9.104579803533852100e-04
1.621731789782643318e-03
-3.501509083434939384e-03
1.826324034482240677e-03
1.645370968617498875e-03
3.755694488063454628e-03
3.712720703333616257e-03
-3.415317973122000694e-03
3.227609908208250999e-03
1.558966032462194562e-04
-5.261508631519973278e-04
1.399817294441163540e-03
-9.325857972726225853e-04
-2.415549475699663162e-03
8.540726848877966404e-04
-1.248182146809995174e-03
-1.554660411784425378e-04
3.451599972322583199e-03
-8.853164617903530598e-04
-1.975994557142257690e-03
