3.589778672903776169e-03
1.166734029538929462e-03
-2.024371176958084106e-03
3.810257650911808014e-03
1.115018851123750210e-03
3.149849129840731621e-03
1.814329531043767929e-03
-2.605588873848319054e-03
-5.583988968282938004e-04
-5.842592800036072731e-04
1.073280582204461098e-03
3.071943530812859535e-03
1.253611291758716106e-03
-9.560018661431968212e-04
-3.307793522253632545e-04
3.120377194136381149e-03
-3.812793642282485962e-03
-2.054346259683370590e-03
-1.336385379545390606e-03
6.483502802439033985e-04
2.573522739112377167e-03
-3.433036152273416519e-03
-1.070269150659441948e-03
2.993575995787978172e-03
1.897828420624136925e-03
-1.000198186375200748e-03
-2.557925181463360786e-03
-3.284838050603866577e-03
1.234658760949969292e-03
-3.896178444847464561e-03
-8.011761237867176533e-04
2.077825956803280860e-05
-3.191609634086489677e-03
-3.627234837040305138e-03
-2.832405734807252884e-03
1.789760659448802471e-03
-1.503456034697592258e-03
1.532875001430511475e-03
-2.742095617577433586e-03
3.624764736741781235e-03
-1.416908809915184975e-03
-3.354379674419760704e-03
1.390233985148370266e-03
-2.583260647952556610e-03
-3.189977491274476051e-03
1.368699013255536556e-03
2.134561538696289062e-03
-3.555187489837408066e-03
3.234284929931163788e-03
-2.951981499791145325e-03
-3.792301053181290627e-03
1.840453245677053928e-03
1.517627621069550514e-03
-3.398831700906157494e-03
-1.634893123991787434e-03
-3.292063716799020767e-03
-3.436100087128579617e-04
-1.118294778279960155e-03
5.202415050007402897e-04
-9.155611624009907246e-04
-5.144225433468818665e-04
3.234045114368200302e-03
-2.130839042365550995e-03
-8.166422485373914242e-04
-3.759296378120779991e-03
-3.886045655235648155e-03
1.733114011585712433e-03
-2.405002713203430176e-03
-2.174786059185862541e-03
2.738300478085875511e-03
3.720209933817386627e-03
2.422908553853631020e-03
2.477559726685285568e-03
-1.201176433824002743e-03
2.890155883505940437e-03
9.295651689171791077e-04
-3.440300468355417252e-03
2.034877194091677666e-03
-2.561531029641628265e-03
2.445197664201259613e-03
1.596642076037824154e-03
-2.047508955001831055e-03
-2.121488098055124283e-03
-6.091816467233002186e-04
6.391357746906578541e-04
2.623567823320627213e-03
-2.422291319817304611e-03
2.975807990878820419e-03
-1.754392054863274097e-03
1.164126791991293430e-03
-3.562422003597021103e-03
-1.953235827386379242e-03
-2.683204598724842072e-03
1.284286030568182468e-03
-2.619358419906347990e-04
-3.445391310378909111e-03
3.696440020576119423e-03
1.359635207336395979e-04
-1.238932018168270588e-03
2.515111118555068970e-03
-2.919245045632123947e-03
2.471062354743480682e-03
1.555581460706889629e-03
2.095669042319059372e-03
3.576102666556835175e-03
5.338838673196732998e-04
1.572397537529468536e-03
1.970760058611631393e-03
2.910745097324252129e-04
1.353043830022215843e-03
2.262819092720746994e-03
2.405726118013262749e-03
2.625353401526808739e-03
-2.851520664989948273e-03
1.603151089511811733e-03
5.174176767468452454e-04
-3.734793979674577713e-03
-1.126620802097022533e-03
3.152408404275774956e-03
2.531903330236673355e-03
-2.445217454805970192e-03
-2.838816144503653049e-04
-3.470252268016338348e-04
1.113553880713880062e-04
1.527964952401816845e-03
-2.678462769836187363e-04
2.093638991937041283e-03
9.913787944242358208e-04
-3.292802954092621803e-03
-1.006550082820467651e-04
3.241228638216853142e-03
-2.103031845763325691e-03
2.287678187713027000e-03
2.250980352982878685e-03
-2.828278345987200737e-03
2.165995072573423386e-03
2.083056606352329254e-03
-5.145768518559634686e-04
2.408074360573664308e-04
3.073839703574776649e-03
-1.223114551976323128e-03
1.575055532157421112e-03
-2.925140550360083580e-03
3.654436208307743073e-03
-7.410363759845495224e-04
5.774014862254261971e-04
-1.714568119496107101e-03
2.300034277141094208e-03
-1.028632512316107750e-03
-3.424243768677115440e-03
1.512738992460072041e-03
1.615071087144315243e-03
1.583462348207831383e-03
2.098669996485114098e-03
6.720733363181352615e-04
-2.893593395128846169e-03
3.565582912415266037e-03
3.278795629739761353e-03
3.046053228899836540e-03
-3.595600603148341179e-03
-1.778626698069274426e-03
-1.071778009645640850e-03
7.083378150127828121e-04
2.670210087671875954e-03
9.852964431047439575e-04
3.494845237582921982e-03
7.719593122601509094e-04
1.588995102792978287e-03
-6.820422277087345719e-05
-2.881234278902411461e-03
9.411125793121755123e-04
-1.662529422901570797e-03
3.841511672362685204e-03
2.884874702431261539e-04
1.361523900413885713e-04
-2.733483270276337862e-04
-1.319437753409147263e-03
3.211023577023297548e-04
1.310479012317955494e-03
-1.225857995450496674e-03
7.461946806870400906e-04
-3.230367554351687431e-03
1.408058567903935909e-03
-1.892533036880195141e-03
3.941058821510523558e-05
-3.593458095565438271e-03
2.140629803761839867e-03
-1.844433863880112767e-04
1.395851955749094486e-03
-6.711191963404417038e-04
-1.636644446989521384e-04
2.071592258289456367e-03
-2.434171503409743309e-03
3.882733872160315514e-03
1.624426076887175441e-04
6.247772835195064545e-04
-1.842245110310614109e-03
-1.526448759250342846e-03
-3.080649301409721375e-03
1.678663073107600212e-03
2.712727524340152740e-03
4.368710215203464031e-04
-6.759711541235446930e-04
-2.834850922226905823e-03
1.697399304248392582e-03
1.791044604033231735e-03
-1.318864524364471436e-03
-3.222532337531447411e-03
-1.987365074455738068e-03
-9.062967146746814251e-04
-3.318337723612785339e-03
-9.195469319820404053e-04
-6.386292516253888607e-04
-3.795778611674904823e-04
-2.784839598461985588e-03
5.714691360481083393e-04
3.331059124320745468e-03
-1.626170269446447492e-04
-3.421623725444078445e-03
2.135481219738721848e-03
-1.105844043195247650e-03
3.740112995728850365e-03
4.286833282094448805e-04
1.534868497401475906e-03
3.283168422058224678e-03
-1.367007382214069366e-03
-2.296161837875843048e-03
-1.567028928548097610e-03
-1.176777077489532530e-04
3.044109325855970383e-04
2.973811468109488487e-03
3.344924654811620712e-03
1.408703159540891647e-03
-9.007164626382291317e-04
3.371974918991327286e-03
1.975422492250800133e-03
2.766615478321909904e-03
-1.031290041282773018e-03
-1.656006206758320332e-03
-8.736074087209999561e-04
-3.443816676735877991e-03
2.565960399806499481e-03
-3.706398652866482735e-03
-2.266933908686041832e-03
-1.741128216963261366e-04
9.500743180979043245e-05
-3.489770169835537672e-04
3.203246043995022774e-03
-1.863625482656061649e-03
2.966238418594002724e-03
-1.890990242827683687e-04
1.983886118978261948e-03
2.307689515873789787e-03
1.966993790119886398e-03
-1.665842952206730843e-03
-1.850580563768744469e-03
