2.879456384107470512e-03
3.370476420968770981e-03
2.705021062865853310e-03
-2.549448516219854355e-03
-3.379842732101678848e-03
1.796660246327519417e-03
-2.958441385999321938e-03
1.094859559088945389e-03
-1.754563185386359692e-03
-2.505626296624541283e-03
-1.937961555086076260e-03
-1.102718990296125412e-03
-1.045083976350724697e-03
-2.540072193369269371e-03
6.840782589279115200e-04
3.436116734519600868e-03
-2.006623893976211548e-03
3.078489331528544426e-03
1.795454154489561915e-04
-2.934180665761232376e-04
-2.360672457143664360e-03
-1.509274006821215153e-03
3.126126714050769806e-03
3.087533987127244473e-04
-2.450402243994176388e-04
3.848821797873824835e-04
3.756739431992173195e-03
-2.684911247342824936e-03
2.347967121750116348e-03
-4.475740934140048921e-05
3.461149055510759354e-03
1.844562473706901073e-03
2.353354357182979584e-04
3.558424767106771469e-03
1.729529001750051975e-03
1.241641468368470669e-03
3.124904818832874298e-03
4.140414821449667215e-04
-1.430688280379399657e-04
-2.652072347700595856e-03
2.889438183046877384e-04
-9.975470602512359619e-04
3.288909792900085449e-03
-1.839778618887066841e-03
2.243059221655130386e-03
-2.814027946442365646e-03
3.252269467338919640e-03
-1.768919755704700947e-03
-6.710404995828866959e-04
3.353104111738502979e-04
-2.366393571719527245e-03
-6.213918095454573631e-04
-1.143392219091765583e-04
1.188182155601680279e-03
1.343169715255498886e-03
-4.119075892958790064e-04
2.359368139877915382e-03
-4.525648837443441153e-04
3.509823000058531761e-03
2.150771906599402428e-03
-3.031675005331635475e-03
3.512240946292877197e-03
1.467305817641317844e-03
1.657911110669374466e-03
2.858949825167655945e-03
-5.660911556333303452e-04
2.724845544435083866e-04
-1.387906610034406185e-03
3.568149870261549950e-03
9.255365584976971149e-04
-3.303127130493521690e-03
3.338381648063659668e-03
-3.821018384769558907e-03
-1.222302205860614777e-03
-3.844141028821468353e-04
2.475074492394924164e-03
1.920912414789199829e-03
2.368788118474185467e-04
6.234006141312420368e-04
-3.766099922358989716e-03
1.033812877722084522e-03
-1.520315068773925304e-03
3.604539437219500542e-03
5.054703433415852487e-05
-3.529352601617574692e-03
-2.876725513488054276e-03
1.599718467332422733e-03
-3.344849683344364166e-03
7.393945124931633472e-04
1.583483070135116577e-03
-3.294781781733036041e-04
-3.866171697154641151e-03
2.680283505469560623e-03
3.654685104265809059e-03
3.225245978683233261e-03
-2.035276265814900398e-03
-1.719389343634247780e-03
-3.767654299736022949e-03
3.411245532333850861e-03
2.996675204485654831e-03
1.017348957248032093e-03
2.286948263645172119e-03
-6.123709026724100113e-04
3.334028646349906921e-03
8.079019607976078987e-04
-2.838881220668554306e-03
-1.661261543631553650e-03
1.747132744640111923e-03
-1.388305216096341610e-03
3.648484358564019203e-03
-3.618738846853375435e-03
-3.795758821070194244e-04
-3.628476755693554878e-03
-1.277242903597652912e-03
-2.642398700118064880e-03
6.491210660897195339e-04
-3.050645114853978157e-03
-1.671242876909673214e-03
1.804221421480178833e-03
-1.599274226464331150e-03
-3.026617458090186119e-03
-6.590826669707894325e-04
1.243031467311084270e-03
3.391402424313127995e-04
1.591435284353792667e-03
1.512624585302546620e-04
2.501160139217972755e-03
-3.696519997902214527e-04
2.580163534730672836e-03
2.857116982340812683e-03
5.235636490397155285e-04
-5.278513999655842781e-04
2.403191756457090378e-03
-8.038071682676672935e-04
-3.085423260927200317e-03
-3.495238706818781793e-05
1.347602694295346737e-03
-1.634221873246133327e-03
8.293561986647546291e-04
-3.750505129573866725e-05
-2.356917830184102058e-03
1.123589347116649151e-03
-3.587284358218312263e-03
3.527601249516010284e-03
9.666183614172041416e-04
-1.253613620065152645e-03
-8.719739853404462337e-04
1.672427868470549583e-03
1.119450666010379791e-03
-3.631749888882040977e-03
-1.872687251307070255e-03
6.308901938609778881e-04
-2.465760568156838417e-03
7.819911115802824497e-04
-6.432763766497373581e-04
-1.606216072104871273e-03
1.045529264956712723e-03
3.453964833170175552e-03
3.576652845367789268e-03
3.097451990470290184e-03
2.246441785246133804e-03
1.386078889481723309e-03
-2.554223639890551567e-03
-6.077834405004978180e-04
-1.955537823960185051e-03
-2.431484404951334000e-03
-2.453882189001888037e-04
1.520940684713423252e-03
-2.782178809866309166e-03
1.602572156116366386e-03
3.296985756605863571e-03
-6.961394683457911015e-04
3.325019031763076782e-03
-7.330777589231729507e-04
2.761962823569774628e-03
3.902748925611376762e-03
1.905567361973226070e-03
1.144240028224885464e-03
1.034666085615754128e-03
-1.344057382084429264e-03
-7.769392104819417000e-04
-1.653752522543072701e-03
-9.375747758895158768e-04
9.315579081885516644e-04
6.905193440616130829e-04
2.554474398493766785e-03
5.981231806799769402e-04
3.108741948381066322e-03
-2.792891755234450102e-04
8.774534799158573151e-04
1.152031018136767671e-06
3.138136351481080055e-03
3.396671265363693237e-03
-2.747071208432316780e-03
3.796158591285347939e-03
-1.618294278159737587e-03
9.113213163800537586e-04
3.445104928687214851e-03
-8.507863967679440975e-04
3.364614909514784813e-03
-3.131372388452291489e-03
2.950423862785100937e-03
2.795802196487784386e-03
3.315264184493571520e-04
1.990933436900377274e-03
-4.642291169147938490e-04
-3.588160267099738121e-03
5.885078571736812592e-04
3.039436182007193565e-03
3.027546219527721405e-03
2.320851897820830345e-03
3.493315889500081539e-04
3.014826914295554161e-03
2.550257602706551552e-03
2.676633885130286217e-04
1.002908567897975445e-03
-3.298188326880335808e-03
1.651209313422441483e-03
-3.562319325283169746e-03
-3.010634391102939844e-04
-1.439431100152432919e-03
1.504120184108614922e-03
2.926241373643279076e-03
-3.967725569964386523e-05
2.290031872689723969e-03
3.191968658939003944e-03
2.698558382689952850e-04
4.144486156292259693e-04
3.059954848140478134e-03
-2.457570750266313553e-03
1.285574515350162983e-03
-3.285439917817711830e-03
2.480432391166687012e-03
-3.439472639001905918e-04
-3.972794511355459690e-04
-2.090326743200421333e-03
-2.858444117009639740e-03
-6.479959120042622089e-04
-2.686950843781232834e-03
-3.615095745772123337e-03
1.065154327079653740e-03
-6.141706253401935101e-04
3.672068414743989706e-04
1.435956801287829876e-03
-1.313108950853347778e-03
-9.559637692291289568e-05
7.561574457213282585e-04
2.497269771993160248e-03
-1.602572971023619175e-03
7.031322456896305084e-04
3.087286604568362236e-03
-1.388934673741459846e-03
-1.145043061114847660e-03
8.346745744347572327e-04
-3.178897313773632050e-03
-2.845271723344922066e-03
