1.430286327376961708e-03
-4.857728781644254923e-04
-1.192278461530804634e-03
-1.930172089487314224e-03
2.816174528561532497e-04
-2.698987955227494240e-03
-3.523561870679259300e-03
1.552736619487404823e-03
-7.656053639948368073e-04
-8.986191242001950741e-04
-2.405237464699894190e-04
-3.864745376631617546e-03
9.765558061189949512e-04
2.074837830150499940e-04
-2.138608368113636971e-03
-3.294311696663498878e-03
-3.436217550188302994e-03
-9.967506630346179008e-04
2.597109181806445122e-03
-3.484060056507587433e-03
-3.732342040166258812e-03
3.772030759137123823e-04
-1.560211530886590481e-03
3.499266691505908966e-03
-3.110756166279315948e-03
1.584163110237568617e-04
1.694731065072119236e-03
8.709837566129863262e-04
-6.478311261162161827e-04
-1.063261763192713261e-03
-3.041441785171627998e-03
-1.396461855620145798e-03
1.422981731593608856e-03
2.019774867221713066e-03
-1.014459878206253052e-03
3.207975998520851135e-03
-2.541385591030120850e-03
-7.804806227795779705e-04
1.992622390389442444e-03
1.934088882990181446e-03
-2.941582119092345238e-03
3.473654214758425951e-04
-2.785706426948308945e-03
8.350147982127964497e-04
3.345411270856857300e-03
-2.647698158398270607e-03
-1.709354110062122345e-03
-3.687095013447105885e-04
-1.657493878155946732e-03
3.626918187364935875e-03
2.228462399216368794e-04
2.069206384476274252e-04
2.383160172030329704e-03
3.551362315192818642e-03
-6.493969704024493694e-04
-2.252635546028614044e-03
3.547818632796406746e-03
-3.633995307609438896e-03
-2.678912365809082985e-03
3.413725877180695534e-03
5.140335997566580772e-04
-1.447899034246802330e-03
-1.920608454383909702e-03
-3.242853330448269844e-03
1.942651579156517982e-03
-3.076713532209396362e-03
-3.046737983822822571e-03
-2.853717189282178879e-03
2.208448713645339012e-03
3.061520692426711321e-04
-7.542761741206049919e-04
-2.969968365505337715e-03
1.670031109824776649e-03
-1.097219297662377357e-03
1.167203532531857491e-03
-3.754308214411139488e-03
-1.135785423684865236e-04
-2.496713772416114807e-03
1.514377188868820667e-03
3.901846008375287056e-03
-1.524565857835114002e-03
-9.259065845981240273e-04
1.952682039700448513e-03
-3.423662623390555382e-03
3.291970351710915565e-03
1.546043087728321552e-03
7.787231006659567356e-04
2.665192354470491409e-03
1.720968284644186497e-03
-6.178565672598779202e-04
5.401778034865856171e-04
2.130885375663638115e-03
1.694201957434415817e-03
-2.368811750784516335e-03
-3.645170247182250023e-03
-1.730654970742762089e-03
3.178818617016077042e-03
4.867838470090646297e-06
1.544281491078436375e-03
-1.590399886481463909e-03
2.228183439001441002e-03
1.329669845290482044e-03
3.341580275446176529e-03
1.584436395205557346e-03
-2.550086705014109612e-03
-3.171580610796809196e-04
-3.721267217770218849e-03
3.030172549188137054e-03
2.795148640871047974e-03
-4.178689050604589283e-05
-2.078265417367219925e-03
-3.401180962100625038e-03
2.398028038442134857e-03
3.533507697284221649e-03
-3.522296203300356865e-03
3.477560356259346008e-03
2.476725494489073753e-03
-3.753830445930361748e-03
-3.762252861633896828e-03
3.302101744338870049e-03
3.354622749611735344e-03
1.758447382599115372e-03
3.660308662801980972e-03
2.634320408105850220e-03
2.342919819056987762e-03
2.210055012255907059e-03
2.298137871548533440e-03
7.276958785951137543e-04
-2.076577395200729370e-03
-8.935677469708025455e-04
3.661617636680603027e-03
-3.547141095623373985e-03
-3.397317370399832726e-03
-3.576502203941345215e-03
-6.644837558269500732e-04
-2.787793520838022232e-03
-3.110759193077683449e-03
-2.119803335517644882e-03
2.524312119930982590e-03
-3.593191970139741898e-03
2.103272592648863792e-03
3.592117922380566597e-03
-2.356319222599267960e-03
-1.048261416144669056e-03
-3.558407770469784737e-03
3.255654592067003250e-03
-1.983720576390624046e-03
1.949391909874975681e-03
1.297046197578310966e-03
3.216611221432685852e-03
1.103238551877439022e-03
-2.514529973268508911e-03
-5.299032200127840042e-04
3.444754518568515778e-03
2.583852270618081093e-03
1.254616770893335342e-03
3.837675030808895826e-04
-7.862592465244233608e-04
-2.372671617195010185e-03
-2.674716990441083908e-03
2.221268136054277420e-03
1.835408969782292843e-03
-3.261068370193243027e-03
-1.015238813124597073e-03
3.279309952631592751e-03
3.092088969424366951e-03
1.791278249584138393e-03
9.080062154680490494e-04
2.728485851548612118e-04
2.941567450761795044e-03
-1.410364930052310228e-04
-3.695345716550946236e-03
-1.032862230204045773e-03
9.071653475984930992e-04
1.285280101001262665e-03
-4.339612496551126242e-04
3.059329232200980186e-03
1.390301273204386234e-03
-2.631153212860226631e-03
-2.042332896962761879e-03
1.594776404090225697e-03
2.783515083137899637e-04
2.617947757244110107e-04
1.735400524921715260e-03
-1.540771772852167487e-04
1.231727190315723419e-03
-3.805438987910747528e-03
-2.462177770212292671e-03
-2.299569547176361084e-03
1.446782029233872890e-03
-1.721383072435855865e-03
-3.479026490822434425e-03
1.742940512485802174e-03
8.895776118151843548e-04
-3.370520193129777908e-03
-3.156622871756553650e-03
-2.316346392035484314e-03
1.754880882799625397e-03
-2.397308126091957092e-03
1.303829601965844631e-03
-1.630497048608958721e-03
-3.269856097176671028e-03
1.745683373883366585e-03
1.772649004124104977e-03
1.478602527640759945e-03
-2.384718041867017746e-03
-1.050240127369761467e-03
1.164528890512883663e-03
-2.355641219764947891e-03
-1.929037680383771658e-04
-2.678312361240386963e-03
-3.973708953708410263e-04
-1.605279976502060890e-04
-1.728361356072127819e-03
3.384657611604779959e-04
-3.113648388534784317e-03
2.526910509914159775e-03
2.375298878178000450e-03
2.484600117895752192e-04
1.252449001185595989e-03
-1.276030438020825386e-03
-2.409298438578844070e-03
8.919194806367158890e-04
2.676180098205804825e-03
2.503973897546529770e-03
-8.596933912485837936e-05
3.715014783665537834e-03
2.364228246733546257e-03
-2.540074056014418602e-03
-2.218491397798061371e-03
1.619987655431032181e-03
2.606707392260432243e-03
1.678052591159939766e-03
2.577604609541594982e-04
3.112320322543382645e-03
-3.017022041603922844e-03
-3.545022569596767426e-03
3.704719420056790113e-04
-1.989251701161265373e-03
5.251802504062652588e-04
-2.539133187383413315e-03
3.773314412683248520e-03
3.719259751960635185e-03
3.718753112480044365e-03
-6.008362397551536560e-04
-3.312179818749427795e-03
-3.560052486136555672e-03
-7.106696139089763165e-04
-1.600531395524740219e-03
1.690802280791103840e-03
-2.990968758240342140e-03
-1.329776830971240997e-03
-1.353100524283945560e-03
1.126248273067176342e-03
5.365602191886864603e-05
-6.023587775416672230e-04
