-1.545353210531175137e-03
2.953011076897382736e-03
-2.103609498590230942e-03
1.509367721155285835e-03
-1.162328757345676422e-03
3.732601413503289223e-03
1.661150017753243446e-04
-2.593512472230941057e-04
1.064402982592582703e-03
-1.257444848306477070e-03
-2.402928512310609221e-04
4.525678814388811588e-04
-2.089879708364605904e-03
4.687999316956847906e-04
-1.541225588880479336e-03
-2.790436614304780960e-03
6.108611123636364937e-04
-3.909427672624588013e-03
-1.925274118548259139e-04
2.691637724637985229e-03
-2.070654416456818581e-03
1.704859663732349873e-03
-3.331860061734914780e-03
-3.142018686048686504e-04
-1.557398587465286255e-03
-2.928875852376222610e-03
-1.274796086363494396e-04
2.776557579636573792e-03
2.444623503834009171e-03
-7.331967208301648498e-05
-3.773327916860580444e-03
-1.116346800699830055e-03
-1.986373215913772583e-03
9.951683459803462029e-04
3.327808808535337448e-03
-3.539866767823696136e-03
-1.994158141314983368e-03
-1.809678389690816402e-03
2.724638441577553749e-03
9.096874273382127285e-04
9.779947577044367790e-04
-6.008113268762826920e-04
2.822181442752480507e-03
3.837500931695103645e-03
3.817686112597584724e-03
-1.356729422695934772e-03
2.162748482078313828e-03
-3.898453898727893829e-03
3.773637581616640091e-03
3.185270354151725769e-03
-1.513175317086279392e-03
-5.444937269203364849e-04
1.784561085514724255e-03
-3.131912322714924812e-03
1.759166247211396694e-03
1.030978630296885967e-03
-1.004060031846165657e-03
1.744422828778624535e-03
-3.352246014401316643e-03
-4.673380753956735134e-04
4.918919876217842102e-04
3.234564093872904778e-03
-1.377467415295541286e-04
1.381090609356760979e-03
3.165189642459154129e-03
-2.079250116366893053e-04
3.474715864285826683e-03
6.949898670427501202e-04
2.625972265377640724e-03
-2.402176149189472198e-03
3.612297121435403824e-03
1.886571175418794155e-03
8.242544718086719513e-04
4.639967519324272871e-04
3.201537532731890678e-03
-7.440212648361921310e-04
4.731061562779359519e-05
-3.057012101635336876e-03
-2.580208471044898033e-03
-3.176964819431304932e-03
3.947919758502393961e-04
-2.810920821502804756e-03
1.878248876892030239e-03
5.746722454205155373e-04
1.332496991381049156e-03
2.766036428511142731e-03
-1.750751107465475798e-04
1.036872970871627331e-03
3.368349978700280190e-03
1.866248319856822491e-03
-2.859160304069519043e-03
-1.369390985928475857e-03
3.840251825749874115e-03
6.061726016923785210e-04
3.207180416211485863e-04
-1.331361010670661926e-03
3.001880133524537086e-03
2.292181452503427863e-04
-1.515324111096560955e-03
-1.549125736346468329e-04
-2.205034252256155014e-03
-3.111108439043164253e-03
-1.226651947945356369e-03
-1.609659520909190178e-03
3.592385910451412201e-03
-2.259289380162954330e-03
2.393558155745267868e-03
2.365094143897294998e-03
6.123752100393176079e-04
3.465112997218966484e-03
-2.937174169346690178e-03
-1.462920568883419037e-03
7.666426245123147964e-04
-2.436418086290359497e-03
1.231705537065863609e-03
3.087137127295136452e-03
-1.518045202828943729e-03
-2.860858803614974022e-03
-2.851958153769373894e-03
1.241739373654127121e-03
3.140665940009057522e-04
3.707651980221271515e-03
3.528515808284282684e-03
-3.120045643299818039e-03
1.287757884711027145e-03
3.517591394484043121e-03
-1.063664676621556282e-03
2.045826753601431847e-03
-6.904673064127564430e-04
-1.056056586094200611e-03
2.913911826908588409e-03
-3.338642651215195656e-03
-4.141263198107481003e-04
2.480982337146997452e-03
2.884835237637162209e-03
-7.377922884188592434e-04
-7.104217365849763155e-05
6.202171789482235909e-04
1.984239555895328522e-03
2.593776443973183632e-03
2.708551706746220589e-03
-2.930991351604461670e-03
-2.378135453909635544e-03
2.543538110330700874e-03
-3.541020909324288368e-03
-1.413414021953940392e-03
8.040376706048846245e-04
-3.551080124452710152e-03
-2.284098183736205101e-03
-8.928551687858998775e-04
-1.449405590392416343e-05
7.081671071773598669e-08
-2.028341870754957199e-03
1.368405879475176334e-03
-6.413479568436741829e-04
5.455169011838734150e-04
2.414609538391232491e-03
-2.493364037945866585e-03
1.331945881247520447e-03
3.833683906123042107e-03
2.607199829071760178e-03
-3.873335663229227066e-03
-1.765388762578368187e-03
1.158013939857482910e-03
1.344639109447598457e-03
-3.587368410080671310e-03
1.896663801744580269e-03
-5.239210440777242184e-04
1.161390915513038635e-03
3.619653172791004181e-03
7.485477253794670105e-04
5.110602360218763351e-04
3.759463725145906210e-04
-2.824030816555023193e-03
-3.476358251646161079e-03
-9.285406558774411678e-04
2.573661273345351219e-03
-7.642033160664141178e-04
7.210594776552170515e-05
-3.127297386527061462e-03
-2.324914094060659409e-03
-3.371131839230656624e-03
-6.895915721543133259e-04
-3.866707440465688705e-03
-2.054087352007627487e-03
3.485014196485280991e-03
7.920999196358025074e-04
1.492506242357194424e-03
-3.089555539190769196e-03
-3.911325708031654358e-03
3.084782743826508522e-03
2.826426876708865166e-03
-1.994946040213108063e-03
2.764503704383969307e-03
-2.555533312261104584e-03
9.835044620558619499e-04
-1.937661902047693729e-03
2.365814289078116417e-03
-3.841914702206850052e-03
3.104587318375706673e-03
1.632709871046245098e-03
-1.523670362075790763e-04
1.512592774815857410e-03
-4.782812902703881264e-04
1.991982338950037956e-03
-2.446591155603528023e-03
3.825054271146655083e-03
-1.564847538247704506e-03
-7.378986338153481483e-04
-8.409635047428309917e-04
-2.357670571655035019e-03
3.307067556306719780e-03
3.432595403864979744e-03
-2.778211142867803574e-03
1.040855422616004944e-03
3.790362039580941200e-03
2.863644156605005264e-03
-2.266894094645977020e-03
-1.357719651423394680e-03
6.031516240909695625e-04
1.195926917716860771e-03
4.381257895147427917e-05
3.174033714458346367e-03
-2.280340559082105756e-04
3.387305885553359985e-03
-3.383864881470799446e-03
7.300554898392874748e-06
-2.661093370988965034e-03
1.134971738792955875e-03
-3.464047331362962723e-04
-1.716769882477819920e-03
3.834860399365425110e-03
-2.683881029952317476e-04
1.919610192999243736e-03
3.293239744380116463e-03
3.727169474586844444e-03
-1.405442162649706006e-04
2.262189052999019623e-03
-2.146624727174639702e-03
-1.072660321369767189e-03
-2.644555934239178896e-04
9.431181242689490318e-04
2.964784158393740654e-03
-2.241431735455989838e-03
-9.848991176113486290e-04
-2.043686108663678169e-03
-2.326343674212694168e-03
3.881713200826197863e-04
-2.636269200593233109e-03
-3.164866939187049866e-03
2.657576696947216988e-03
1.006349804811179638e-03
1.307443017140030861e-03
-2.043131971731781960e-03
1.040076371282339096e-03
9.495320846326649189e-04
