2.850277116522192955e-03
-2.070972463116049767e-03
-5.824329564347863197e-04
-1.809726818464696407e-03
-3.150228410959243774e-03
-2.476396970450878143e-03
-1.681118155829608440e-03
-1.648245146498084068e-03
-1.642775954678654671e-03
-3.450210206210613251e-03
2.508961595594882965e-03
2.564966911450028419e-03
6.122661870904266834e-04
-2.199576934799551964e-03
1.992496661841869354e-03
3.761329280678182840e-04
-1.205089618451893330e-03
4.523030947893857956e-04
2.580358879640698433e-03
-2.938609570264816284e-03
-7.432739948853850365e-04
-5.290486733429133892e-04
2.692519454285502434e-03
3.048917744308710098e-03
6.268789875321090221e-04
2.703676233068108559e-03
-5.190110532566905022e-04
-7.750943186692893505e-04
2.082907361909747124e-03
2.432033652439713478e-03
2.050812821835279465e-03
2.860217122361063957e-03
-3.561457851901650429e-03
2.467253711074590683e-03
3.159896004945039749e-03
2.982821082696318626e-03
2.133944304659962654e-03
3.413926344364881516e-03
-1.191049348562955856e-03
-1.039808499626815319e-03
2.661848906427621841e-03
-6.789583712816238403e-04
-2.564059337601065636e-03
-3.876156872138381004e-03
3.398473141714930534e-03
7.895660382928326726e-05
1.711424323730170727e-03
7.751967059448361397e-04
3.551121335476636887e-03
3.854665672406554222e-03
-2.162584569305181503e-03
-4.414304203237406909e-05
1.533895148895680904e-03
-3.648189594969153404e-03
7.425774238072335720e-04
-2.859331201761960983e-03
-2.416130853816866875e-03
5.445262650027871132e-05
3.454288700595498085e-03
-6.346750305965542793e-04
3.273469628766179085e-03
-3.829502093140035868e-04
-3.670848673209547997e-04
-3.969154568039812148e-05
2.494248095899820328e-03
1.057403860613703728e-03
3.871649096254259348e-04
-2.712278859689831734e-03
2.751416293904185295e-03
3.363315248861908913e-03
-2.304273657500743866e-03
-3.827998181805014610e-03
-1.464517554268240929e-03
3.196909790858626366e-03
2.986369421705603600e-03
-1.603673561476171017e-03
3.491438459604978561e-03
-1.275845424970611930e-04
-3.788409056141972542e-03
-2.037779428064823151e-03
-8.657068829052150249e-04
1.005919184535741806e-03
-2.573214471340179443e-03
3.871497930958867073e-03
-6.907421629875898361e-04
3.077392699196934700e-03
-3.851860295981168747e-03
3.674344858154654503e-03
-6.087904912419617176e-04
-2.553333528339862823e-03
3.051842795684933662e-03
-1.816023868741467595e-04
-8.304841467179358006e-04
-3.694815677590668201e-04
1.642220304347574711e-03
-1.976032741367816925e-03
-1.924118841998279095e-03
-3.515628399327397346e-03
-1.219284138642251492e-03
2.412000205367803574e-03
3.652299288660287857e-03
3.336064284667372704e-03
1.458207028917968273e-03
-1.663469738559797406e-04
1.060639406205154955e-04
2.005332615226507187e-03
7.721480797044932842e-04
-9.141990449279546738e-04
1.240328419953584671e-03
-1.975095132365822792e-03
2.020457526668906212e-03
-4.920286010019481182e-04
-1.685731462202966213e-03
2.554533537477254868e-03
-1.940005575306713581e-03
-3.815553383901715279e-03
-1.563374971738085151e-04
-1.446465612389147282e-03
1.485548564232885838e-03
-9.392400388605892658e-04
-1.218997058458626270e-03
-1.470998977310955524e-03
5.747006507590413094e-04
2.063076681224629283e-04
3.007691586390137672e-03
3.007374936714768410e-03
-2.249551238492131233e-03
-1.894284621812403202e-03
1.347447745501995087e-03
-1.270232722163200378e-03
3.741357359103858471e-04
3.614911111071705818e-03
2.322376705706119537e-03
1.526157953776419163e-03
1.348597725154832006e-04
-2.528648357838392258e-03
2.409694017842411995e-03
1.197176054120063782e-03
6.514851120300590992e-04
-1.165622496046125889e-03
-3.715605940669775009e-03
3.597195725888013840e-03
-1.819445984438061714e-03
2.155039459466934204e-03
2.157481620088219643e-03
1.976792700588703156e-03
-2.464316785335540771e-03
2.478317474015057087e-04
2.022205153480172157e-03
-3.876948961988091469e-03
-2.675980329513549805e-03
2.086154127027839422e-04
-2.577082486823201180e-03
2.413235604763031006e-03
3.597766626626253128e-03
3.544741775840520859e-03
3.038570139324292541e-05
1.212057250086218119e-04
1.210728194564580917e-03
1.299310475587844849e-03
1.742795342579483986e-03
-1.357284490950405598e-03
3.466847818344831467e-03
3.090510610491037369e-03
2.352499635890126228e-03
-3.824685234576463699e-03
1.953939208760857582e-03
2.258236490888521075e-04
-3.131683217361569405e-03
3.295867936685681343e-03
-2.149783540517091751e-03
3.871091408655047417e-03
2.236951841041445732e-03
-1.478158403187990189e-03
-7.980366353876888752e-05
3.017794573679566383e-03
3.571867942810058594e-03
1.240460434928536415e-03
3.590790089219808578e-03
3.108462784439325333e-03
1.813552342355251312e-03
2.432315086480230093e-04
-3.693485865369439125e-03
-2.585279435152187943e-05
-2.741254633292555809e-03
1.561516546644270420e-03
1.699864864349365234e-03
1.715450081974267960e-03
7.227429159684106708e-05
2.279278356581926346e-03
7.512205047532916069e-04
-2.711707027629017830e-03
2.392358379438519478e-03
2.007944276556372643e-03
-8.759314077906310558e-04
-3.640888025984168053e-04
-3.877613227814435959e-03
3.682965470943599939e-04
-3.008577972650527954e-03
1.845040940679609776e-03
2.874901285395026207e-03
-3.713656216859817505e-03
5.285606021061539650e-04
-2.779492177069187164e-03
-9.014724637381732464e-04
1.994769787415862083e-03
-7.303762249648571014e-04
-3.178067563567310572e-04
-2.896943362429738045e-03
-4.905862151645123959e-04
2.169768791645765305e-03
-3.345154691487550735e-03
-1.341830589808523655e-03
-3.045608522370457649e-03
-1.821852521970868111e-03
-9.951207321137189865e-04
-3.451740369200706482e-03
-3.209033282473683357e-03
1.615088083781301975e-03
-3.840657882392406464e-03
-3.393836552277207375e-03
-1.732940436340868473e-04
-1.904046745039522648e-03
3.387247677892446518e-03
8.767211693339049816e-04
2.345886896364390850e-04
-3.275247057899832726e-03
-1.455611665733158588e-03
-1.884817727841436863e-03
-3.058287547901272774e-03
5.098784458823502064e-04
2.941644750535488129e-03
-2.007496776059269905e-03
-2.814256818965077400e-03
1.439152547391131520e-04
-1.434822799637913704e-03
-2.285521011799573898e-03
3.149315016344189644e-03
-1.128724776208400726e-03
-8.129992638714611530e-04
-6.748519372195005417e-04
3.171957563608884811e-03
3.840120742097496986e-03
3.866206388920545578e-03
9.087512735277414322e-04
6.197693874128162861e-04
-1.407377189025282860e-03
-9.960969910025596619e-04
1.319658826105296612e-03
-7.967539713717997074e-04
1.875284651760011911e-04
-2.883440582081675529e-03
2.543022856116294861e-03
-1.213720184750854969e-03
1.675911364145576954e-03
9.569610701873898506e-04
