3.184558823704719543e-03
-2.568928990513086319e-03
1.743537955917418003e-03
-6.418771226890385151e-04
-1.045351615175604820e-03
2.489402890205383301e-03
-3.823217004537582397e-03
-2.032751217484474182e-03
8.768906991463154554e-05
-3.885709214955568314e-03
-3.531596157699823380e-03
-6.783594290027394891e-05
-3.893719986081123352e-03
-3.126773051917552948e-03
-2.316577360033988953e-03
-1.442431384930387139e-04
2.445307327434420586e-03
1.742568216286599636e-03
1.922984520206227899e-04
-9.569833637215197086e-04
-1.016230904497206211e-03
-1.345627388218417764e-04
-9.501113090664148331e-04
2.805507509037852287e-03
2.160664647817611694e-03
-3.073742613196372986e-03
-2.753919223323464394e-03
1.135986414737999439e-03
-5.373026942834258080e-04
1.965829869732260704e-03
9.648904087953269482e-04
1.946618082001805305e-03
-1.324863522313535213e-03
2.659320598468184471e-04
1.492690294981002808e-03
3.723437199369072914e-03
-3.621298819780349731e-03
2.143832854926586151e-03
-5.175625556148588657e-04
1.532891066744923592e-03
2.803656738251447678e-03
-3.853547386825084686e-03
1.923347590491175652e-03
-2.631982089951634407e-03
2.630735281854867935e-03
-2.141703618690371513e-03
-1.486168242990970612e-03
-4.078014753758907318e-04
-1.867402461357414722e-03
1.193532370962202549e-03
2.890504896640777588e-03
-3.401157446205615997e-04
-1.569671439938247204e-03
2.871173201128840446e-03
3.115973202511668205e-03
-3.099359571933746338e-03
-1.454361481592059135e-03
-2.288306277478113770e-04
-3.017421840922906995e-05
2.503551659174263477e-04
9.389134356752038002e-04
6.439873250201344490e-04
-2.285327296704053879e-03
-1.151205040514469147e-03
-3.504990600049495697e-04
3.258548444136977196e-03
-2.971770474687218666e-03
3.015974536538124084e-03
2.720593183767050505e-04
3.141798311844468117e-03
6.268396973609924316e-04
-2.290202071890234947e-03
2.817131113260984421e-03
3.469426417723298073e-03
1.255147508345544338e-03
-3.191813826560974121e-03
6.671114242635667324e-04
-2.095425268635153770e-03
-5.336469621397554874e-04
3.830586560070514679e-03
1.671668840572237968e-03
-2.163419965654611588e-03
-2.677759854122996330e-03
2.120555378496646881e-03
-6.135373259894549847e-04
-1.871681306511163712e-03
2.179502189392223954e-04
3.268364816904067993e-03
2.224712079623714089e-04
1.510661793872714043e-03
5.751358694396913052e-04
5.055016372352838516e-04
-2.348150825127959251e-03
-1.444665016606450081e-03
-6.452616162277990952e-06
8.159852004610002041e-04
-3.354077693074941635e-03
-3.503433661535382271e-03
-3.539698896929621696e-03
-1.234360854141414165e-03
3.216147015336900949e-04
2.003616187721490860e-03
6.588911492144688964e-05
3.563499310985207558e-03
3.464121837168931961e-03
-3.232870716601610184e-03
-3.029501065611839294e-03
-9.146085358224809170e-04
2.320779167348518968e-04
-6.465452606789767742e-04
2.200821414589881897e-03
-2.258556662127375603e-03
3.102288348600268364e-03
-1.198147365357726812e-04
-2.359721809625625610e-03
-4.862219793722033501e-04
2.617246005684137344e-03
-1.219933852553367615e-03
-3.351299325004220009e-03
-7.409301178995519876e-05
-1.170771196484565735e-03
3.256433876231312752e-03
-9.383565629832446575e-04
-3.321859752759337425e-03
-3.812873270362615585e-03
3.865861101076006889e-03
-2.905283123254776001e-03
-2.787336707115173340e-03
-2.458258997648954391e-03
1.756099634803831577e-03
2.977212134283035994e-04
-2.656040596775710583e-04
-1.707777264527976513e-03
-6.528844096465036273e-05
-6.596150924451649189e-04
-3.808879759162664413e-03
9.429726051166653633e-04
3.491627750918269157e-03
1.790444133803248405e-03
7.728087075520306826e-05
-1.271751127205789089e-03
1.753661344991996884e-04
8.975160890258848667e-04
3.241080790758132935e-03
1.683442824287340045e-04
-7.920176140032708645e-04
-1.740843639709055424e-03
-1.256701070815324783e-03
-3.215668490156531334e-03
-4.193288332317024469e-04
-1.935282140038907528e-03
-3.713713260367512703e-03
6.844602175988256931e-04
-2.409578301012516022e-04
3.757944330573081970e-03
-1.472800038754940033e-03
-3.224970540031790733e-03
-3.056954825296998024e-03
-1.076609012670814991e-03
-1.324229757301509380e-03
-3.650173079222440720e-03
-2.278747502714395523e-03
2.443445846438407898e-03
1.790711306966841221e-03
5.779856001026928425e-04
-2.275417326018214226e-03
6.551166297867894173e-04
-2.223977353423833847e-03
2.860688138753175735e-03
-2.981165380333550274e-06
2.881099644582718611e-04
-2.142043784260749817e-03
-3.223103994969278574e-04
2.404160331934690475e-03
-1.512989518232643604e-03
2.540954854339361191e-03
-3.660348942503333092e-03
-8.721474441699683666e-04
2.738329116255044937e-03
3.811874892562627792e-03
-3.481724765151739120e-03
-2.508972771465778351e-03
3.190401010215282440e-03
3.526236396282911301e-03
-3.786390647292137146e-03
-5.419210647232830524e-04
2.053268719464540482e-03
2.742658136412501335e-03
-1.285520265810191631e-04
-2.729009836912155151e-03
1.333623193204402924e-03
-2.647381043061614037e-03
-2.566813724115490913e-03
2.241360023617744446e-03
2.588159870356321335e-03
-9.473416139371693134e-05
-2.629381371662020683e-03
3.618327435106039047e-03
2.288944553583860397e-03
2.309403847903013229e-03
-1.650586258620023727e-03
-1.872038003057241440e-03
-2.202193951234221458e-03
2.656385069712996483e-03
-7.551944581791758537e-04
8.386707049794495106e-04
1.643067807890474796e-04
2.954372903332114220e-03
-2.041279571130871773e-03
2.751611173152923584e-03
-4.170656029600650072e-05
8.961766143329441547e-04
2.993912901729345322e-03
2.943436615169048309e-03
3.291188273578882217e-03
-2.335633849725127220e-03
3.193205688148736954e-03
-3.553686896339058876e-03
-4.052710937685333192e-05
-6.122836493887007236e-04
-5.002121324650943279e-04
2.176573965698480606e-03
-1.909549580886960030e-03
-1.836436684243381023e-03
-8.538631373085081577e-04
-2.024234039708971977e-03
3.230124246329069138e-03
1.264382270164787769e-03
2.256876090541481972e-03
1.820171251893043518e-03
-1.437375067325774580e-05
-6.494228728115558624e-04
-4.742991295643150806e-04
1.301117590628564358e-03
-3.235585289075970650e-03
2.315363846719264984e-03
2.723928075283765793e-03
-2.096718642860651016e-03
-7.056604954414069653e-04
3.170314477756619453e-03
-4.639238468371331692e-04
-3.275420516729354858e-03
-3.531210357323288918e-03
6.383156869560480118e-04
2.691551577299833298e-03
1.572001026943325996e-03
1.897146343253552914e-03
3.009936306625604630e-03
6.761733093298971653e-04
-1.165079767815768719e-03
-2.617814578115940094e-03
3.864377737045288086e-03
-2.595202298834919930e-03
2.617683727294206619e-03
4.154653288424015045e-04
8.965358138084411621e-04
