2.248689270345494151e-04
9.835039963945746422e-05
-1.299447147175669670e-03
-1.647939323447644711e-03
3.831188194453716278e-03
2.840563887730240822e-03
-3.358921734616160393e-03
-3.724089358001947403e-03
-1.910249469801783562e-03
1.669660327024757862e-03
3.746162867173552513e-03
3.873972222208976746e-03
8.397467317990958691e-04
2.813645871356129646e-03
-2.075208583846688271e-03
2.823112998157739639e-03
3.756068646907806396e-03
-9.915250120684504509e-04
-1.457345904782414436e-03
-3.089255420491099358e-03
-1.646323478780686855e-03
8.696111035533249378e-04
-3.617156529799103737e-03
-9.452197700738906860e-04
7.493555895052850246e-04
1.786532346159219742e-03
-2.952824113890528679e-03
3.428576979786157608e-03
-7.686190074309706688e-04
-2.398818498477339745e-03
-3.095097199548035860e-04
1.150271971710026264e-03
1.785820699296891689e-03
3.372810082510113716e-03
2.744660014286637306e-03
2.362772123888134956e-03
-1.489101909101009369e-03
-1.711378688924014568e-03
-1.924726529978215694e-03
-3.883188124746084213e-03
-1.740009756758809090e-03
-2.318537328392267227e-03
-7.600139360874891281e-05
-1.131120603531599045e-03
2.711732638999819756e-03
1.114799175411462784e-03
2.010274445638060570e-03
-1.694685546681284904e-03
-3.140077926218509674e-03
-1.390791498124599457e-03
1.098335953429341316e-03
-2.303181448951363564e-03
2.012464450672268867e-03
2.846879651769995689e-03
-2.327041293028742075e-04
1.316627371124923229e-03
2.041850937530398369e-03
-2.313522389158606529e-03
5.694638239219784737e-04
9.726904099807143211e-04
-1.204949803650379181e-03
-3.200320759788155556e-03
-3.360153641551733017e-03
2.350662136450409889e-03
2.584955887869000435e-03
-2.362771891057491302e-03
3.775802673771977425e-03
2.059423830360174179e-03
1.118972664698958397e-03
1.158452825620770454e-03
3.372989594936370850e-03
-1.212333911098539829e-03
-1.033458276651799679e-03
-1.888116472400724888e-03
2.034110715612769127e-03
3.891008673235774040e-03
-2.090720925480127335e-03
1.895293127745389938e-03
-3.056802554056048393e-03
-3.810442576650530100e-04
-9.032173693412914872e-05
2.413126640021800995e-03
1.249180990271270275e-03
-1.603835960850119591e-03
-2.368676941841840744e-03
2.252350561320781708e-03
1.853174995630979538e-03
1.926878117956221104e-03
-5.857108626514673233e-04
2.199792215833440423e-04
2.530810423195362091e-03
-1.144090783782303333e-03
2.148842671886086464e-03
-1.198329962790012360e-03
1.274845795705914497e-03
1.915039843879640102e-03
-9.118965244852006435e-04
2.834309125319123268e-03
2.974474802613258362e-03
-2.354179741814732552e-03
-1.997113460674881935e-03
2.727683633565902710e-03
-1.817678450606763363e-03
-9.570071706548333168e-04
2.612591721117496490e-03
2.705814782530069351e-03
-3.342651762068271637e-04
3.145444905385375023e-03
3.232666291296482086e-03
-3.968247037846595049e-04
3.887777682393789291e-03
-3.381066955626010895e-03
1.357314758934080601e-03
-7.958791102282702923e-04
-1.036551780998706818e-03
-2.929188543930649757e-03
-1.925679389387369156e-03
-2.008478855714201927e-03
-2.611693926155567169e-03
1.330848084762692451e-03
-2.713650756049901247e-04
1.488987618358805776e-04
1.952105085365474224e-03
-1.392143662087619305e-03
-3.267352934926748276e-03
-4.485213430598378181e-04
1.261080498807132244e-03
2.629740629345178604e-03
-1.761107414495199919e-04
1.843276550062000751e-03
-3.683559130877256393e-03
9.711463935673236847e-04
1.625265926122665405e-03
-2.048848895356059074e-03
5.652069812640547752e-04
-3.563767066225409508e-03
1.301968120969831944e-03
-3.571611829102039337e-03
2.207600511610507965e-03
-2.221543341875076294e-03
-1.707018236629664898e-03
-3.828408895060420036e-03
3.488900256343185902e-04
-1.516521209850907326e-03
3.449420677497982979e-03
3.831087844446301460e-03
2.194395055994391441e-03
1.767800771631300449e-03
-3.871399909257888794e-03
1.986542250961065292e-03
7.495754980482161045e-04
-2.505572512745857239e-03
1.880842610262334347e-04
-2.636370947584509850e-03
3.425712930038571358e-03
1.447611022740602493e-03
1.681531895883381367e-03
4.017153332824818790e-05
1.471157418563961983e-03
3.176929429173469543e-03
-2.254182938486337662e-03
-3.532588481903076172e-03
3.894194262102246284e-03
2.874739933758974075e-03
-2.798617060761898756e-04
-1.122013549320399761e-03
-8.752192952670156956e-04
-1.147477421909570694e-03
-2.962589496746659279e-03
9.987325174733996391e-04
1.810177462175488472e-03
3.500172402709722519e-03
1.411716686561703682e-03
9.795591467991471291e-04
4.325584450270980597e-04
7.158739026635885239e-04
-3.469289280474185944e-03
-1.205984968692064285e-03
2.073063515126705170e-03
5.349772982299327850e-04
-7.208820170490071177e-05
-7.221823907457292080e-04
2.354857744649052620e-03
1.622369047254323959e-03
1.150822150520980358e-03
-2.478740643709897995e-03
-1.687103533186018467e-03
-5.470335509016877040e-06
-1.726026530377566814e-03
-1.488933805376291275e-03
4.615166399162262678e-04
1.096587395295500755e-03
-2.993796253576874733e-03
1.213697949424386024e-03
2.685697982087731361e-03
1.279370044358074665e-03
-1.654634368605911732e-03
3.453482640907168388e-03
-2.473107771947979927e-03
2.200502203777432442e-03
-1.792441471479833126e-03
5.770863208454102278e-05
-3.777891979552805424e-04
3.241817932575941086e-03
-5.962997092865407467e-04
-2.987352199852466583e-03
-1.182885142043232918e-03
6.282655522227287292e-04
-2.000736771151423454e-03
2.778474241495132446e-03
2.266566269099712372e-03
-2.563290065154433250e-03
1.912269624881446362e-03
-2.113011665642261505e-03
-1.596889458596706390e-03
2.289401134476065636e-03
-3.798481542617082596e-03
-8.420964877586811781e-05
-4.422474594321101904e-04
2.046145964413881302e-03
1.148075913079082966e-03
8.014157065190374851e-04
-5.448551964946091175e-04
3.073287953156977892e-04
1.204473548568785191e-03
4.796849389094859362e-04
1.632541767321527004e-03
-3.719595028087496758e-03
1.552959787659347057e-03
-1.254576840437948704e-03
-2.841295674443244934e-03
-2.398724202066659927e-03
-1.141496119089424610e-03
-1.079539288184605539e-04
-1.597526599653065205e-03
-3.868733299896121025e-03
3.388160141184926033e-03
3.378062683623284101e-04
-1.265322207473218441e-03
-2.733099274337291718e-03
-3.574325703084468842e-03
4.291979130357503891e-04
1.044921227730810642e-03
1.291666761972010136e-03
2.975106937810778618e-03
3.359951311722397804e-03
-3.334855136927217245e-04
-1.979227643460035324e-03
4.519462818279862404e-04
2.401991048827767372e-03
-1.584763289429247379e-03
7.045527454465627670e-04
-3.866239916533231735e-03
3.496277378872036934e-03
-9.123872732743620872e-04
-3.438322106376290321e-03
