-1.290009124204516411e-03
2.940499107353389263e-04
-2.022326923906803131e-03
1.689548720605671406e-03
1.579806557856500149e-03
-2.541318302974104881e-03
-1.548003172501921654e-03
-9.796007070690393448e-04
2.428310457617044449e-03
-3.529359120875597000e-03
-3.459039842709898949e-03
-3.767788875848054886e-03
2.242085523903369904e-03
-1.588722807355225086e-03
-2.213984029367566109e-03
1.836966257542371750e-03
2.535661449655890465e-03
8.422075188718736172e-04
-2.999374177306890488e-03
1.574544818140566349e-03
4.021224740426987410e-04
3.857956035062670708e-03
-3.318232018500566483e-03
1.953335944563150406e-03
-3.004224039614200592e-03
-1.455417514080181718e-04
8.467394945910200477e-05
-1.379788969643414021e-03
2.134073292836546898e-03
-2.731751184910535812e-03
-3.097449196502566338e-03
-3.731417469680309296e-03
-2.562201116234064102e-03
-1.686454401351511478e-03
-1.090381992980837822e-03
2.655254676938056946e-03
-2.653486793860793114e-03
1.831103931181132793e-03
2.104882878484204412e-04
1.212212140671908855e-03
-2.122987294569611549e-03
-2.814260369632393122e-04
-1.242291909875348210e-04
-9.022971789818257093e-05
-9.101407486014068127e-04
3.063975600525736809e-03
2.769849030300974846e-03
1.599424576852470636e-04
7.282381411641836166e-04
-1.623312826268374920e-03
-2.834810176864266396e-03
-3.432521363720297813e-03
2.227909862995147705e-03
3.304502461105585098e-03
3.660721704363822937e-03
-6.280598463490605354e-04
-1.139372237958014011e-03
1.369783654808998108e-03
-3.263446269556879997e-03
-3.236617194488644600e-03
-9.744321578182280064e-04
3.372818755451589823e-04
1.001740107312798500e-03
-2.100637881085276604e-03
3.240824909880757332e-03
1.017873641103506088e-03
7.417938904836773872e-04
-5.958628025837242603e-04
-3.120835172012448311e-04
-3.110131481662392616e-03
-3.242013044655323029e-04
2.200208138674497604e-03
-2.220179419964551926e-03
2.593371551483869553e-03
-2.246352843940258026e-03
-2.058843616396188736e-03
2.798763802275061607e-03
-1.639596302993595600e-03
-3.018923802301287651e-03
-4.880707419943064451e-04
-1.207170193083584309e-03
3.008236875757575035e-03
-2.314999001100659370e-03
2.973282244056463242e-03
1.960668945685029030e-03
-2.957573859021067619e-03
1.918483176268637180e-03
-1.881859498098492622e-03
-1.554499031044542789e-03
-1.869383500888943672e-03
9.944831253960728645e-04
1.050441409461200237e-03
-1.105581992305815220e-03
8.429610752500593662e-04
3.239389974623918533e-03
2.332162577658891678e-03
2.070191549137234688e-03
2.761988667771220207e-03
1.725386478938162327e-03
-2.947813190985471010e-04
-1.985952403629198670e-04
2.584698842838406563e-03
1.496838405728340149e-03
2.375834155827760696e-03
-6.871445802971720695e-04
3.281482728198170662e-03
2.998993732035160065e-03
-9.340461110696196556e-04
-1.195451477542519569e-03
-2.949502086266875267e-03
-3.319493727758526802e-03
-2.493665553629398346e-03
1.567553728818893433e-03
-1.912556705065071583e-03
-3.582830773666501045e-03
-2.156311413273215294e-03
-1.088637975044548512e-03
5.177751299925148487e-04
1.227622618898749352e-03
3.200016682967543602e-03
-5.806461558677256107e-04
1.385792420478537679e-04
2.194056520238518715e-03
-3.511910093948245049e-03
-1.275990856811404228e-03
2.067087916657328606e-03
1.146130613051354885e-03
-6.801504059694707394e-04
3.036131383851170540e-03
-2.125554019585251808e-03
-4.494037057156674564e-05
3.621434560045599937e-03
-3.832955146208405495e-03
-2.894464647397398949e-03
-3.227629233151674271e-03
3.406803123652935028e-03
-8.200864540413022041e-04
-8.994271629489958286e-04
4.555717168841511011e-04
-5.850006709806621075e-04
-2.450258471071720123e-03
-2.663529710844159126e-03
1.071436912752687931e-03
4.678930272348225117e-04
-3.266019048169255257e-03
6.937430007383227348e-04
3.411812707781791687e-03
3.866882063448429108e-03
-3.177876118570566177e-03
1.106873853132128716e-03
-2.860861422959715128e-04
-1.661489601247012615e-03
3.581296419724822044e-03
1.345965312793850899e-03
7.740871515125036240e-04
9.420049609616398811e-04
-3.308923449367284775e-03
-3.121009329333901405e-03
-7.638767710886895657e-04
3.053979715332388878e-03
-3.386809723451733589e-03
3.212028415873646736e-03
1.678353408351540565e-03
1.591582549735903740e-03
-3.410601522773504257e-03
2.876428421586751938e-03
1.332585583440959454e-03
1.169867813587188721e-03
-8.793886991043109447e-06
-3.290088847279548645e-03
-2.304149093106389046e-03
3.456134581938385963e-03
2.831810619682073593e-03
7.248315960168838501e-04
-2.917309990152716637e-03
3.654771426226943731e-04
-3.908916842192411423e-03
2.902562264353036880e-03
1.407398842275142670e-03
-5.024409038014709949e-04
1.349841360934078693e-03
6.678762729279696941e-04
-2.522557275369763374e-03
-2.855664817616343498e-03
-8.319245534949004650e-04
1.477553276345133781e-03
-2.623830223456025124e-03
-1.457718783058226109e-03
-1.138245352194644511e-04
-3.738596802577376366e-03
-3.185574896633625031e-03
-8.649565279483795166e-04
1.702922279946506023e-03
-1.628014142625033855e-03
-5.293742869980633259e-04
-2.995211631059646606e-03
-2.822105772793292999e-03
-4.277335247024893761e-04
-2.432306018818053417e-06
-9.139270405285060406e-04
-3.650084370747208595e-03
-9.826561436057090759e-04
-2.413149923086166382e-03
-2.695389324799180031e-03
-2.660916419699788094e-03
1.311520318267866969e-04
2.091326750814914703e-03
-2.172624459490180016e-03
-3.387636272236704826e-03
-3.890255931764841080e-03
3.390128025785088539e-03
-2.080508507788181305e-03
-1.374365179799497128e-03
-2.980985911563038826e-03
-5.576579133048653603e-04
1.933688879944384098e-03
2.753719454631209373e-03
-2.584714093245565891e-04
1.507569570094347000e-03
1.940710004419088364e-03
1.153482444351539016e-04
7.021948113106191158e-04
-2.645600819960236549e-03
2.497352426871657372e-03
1.928492565639317036e-03
3.375424072146415710e-03
3.140549175441265106e-03
2.152279950678348541e-03
-1.245444174855947495e-03
-1.057070912793278694e-04
-4.807571531273424625e-04
-3.058335045352578163e-03
1.140002510510385036e-03
-3.364412696100771427e-04
2.141857054084539413e-03
3.700993023812770844e-03
2.694076858460903168e-03
-6.590565899387001991e-04
3.657128429040312767e-03
-1.097511500120162964e-03
-3.692202735692262650e-03
3.714097198098897934e-03
3.329646773636341095e-03
3.904744749888777733e-03
1.446535927243530750e-03
-2.746311947703361511e-03
2.859157102648168802e-04
1.484076026827096939e-03
3.777261823415756226e-03
-2.817414235323667526e-03
2.102268394082784653e-03
1.978166401386260986e-03
2.711935201659798622e-03
-3.596648806706070900e-03
2.069617155939340591e-03
-1.988629810512065887e-03
