-2.113643335178494453e-03
-3.538517048582434654e-03
3.588029881939291954e-03
-1.201771432533860207e-03
3.059075679630041122e-03
2.738324459642171860e-03
2.375561045482754707e-03
2.257798332720994949e-03
-3.464360488578677177e-03
-2.547507174313068390e-03
-2.081215381622314453e-03
-2.065129810944199562e-03
-5.588388303294777870e-04
3.498560981824994087e-03
-3.804815700277686119e-03
-1.080273767001926899e-03
1.988949254155158997e-03
-2.997356234118342400e-03
2.862694145733257756e-06
1.119582098908722401e-03
-2.473357133567333221e-03
3.610768588259816170e-03
3.044180339202284813e-03
6.827323813922703266e-04
2.613847842440009117e-03
-1.477812649682164192e-03
2.075694646919146180e-04
2.245209645479917526e-03
3.168703056871891022e-03
3.397437976673245430e-03
-3.335590707138180733e-03
-3.543843049556016922e-04
2.424036152660846710e-03
3.511290298774838448e-03
3.038964932784438133e-03
-1.632171450182795525e-03
-3.206992754712700844e-03
5.487833404913544655e-04
-3.795654338318854570e-04
-3.008964471518993378e-03
2.384502673521637917e-03
3.592539345845580101e-03
1.698216539807617664e-03
2.752394415438175201e-03
-1.129512442275881767e-03
3.387992735952138901e-03
-1.188238966278731823e-03
8.302902569994330406e-04
-3.693192033097147942e-03
-9.368836181238293648e-04
1.074471976608037949e-03
2.475412562489509583e-03
-1.813623122870922089e-03
2.814428415149450302e-03
-2.721028402447700500e-03
2.313296310603618622e-03
9.073475375771522522e-04
3.147246316075325012e-03
-9.108405211009085178e-04
9.869657224044203758e-04
2.314795856364071369e-04
-3.181105013936758041e-03
8.673964766785502434e-04
-2.540545247029513121e-04
2.849548123776912689e-03
1.978925894945859909e-03
-2.152218250557780266e-03
-3.879471449181437492e-03
1.963232876732945442e-03
-2.139973919838666916e-03
-3.099074121564626694e-03
-2.066071843728423119e-03
-2.860668580979108810e-03
2.758932299911975861e-03
2.153310924768447876e-03
-2.100805286318063736e-03
1.299570780247449875e-03
1.069397549144923687e-03
1.614327193237841129e-03
-1.266100211068987846e-03
-2.818929788190871477e-04
-8.838298381306231022e-04
-1.612384920008480549e-03
2.502745948731899261e-03
2.978789620101451874e-03
2.225264906883239746e-03
-1.382461414323188365e-05
-2.737196162343025208e-03
-3.810228081420063972e-03
-3.337795380502939224e-03
-1.041188486851751804e-03
1.356919645331799984e-03
-3.791858209297060966e-03
-3.245724074076861143e-04
2.098798519000411034e-03
-1.694589038379490376e-03
-1.702135894447565079e-03
2.591214142739772797e-03
2.872403711080551147e-03
-1.291982713155448437e-03
2.763009397312998772e-03
-1.757469261065125465e-03
2.785776043310761452e-03
-2.631088951602578163e-03
8.859160589054226875e-04
-2.665277803316712379e-03
2.601331798359751701e-03
1.137311803176999092e-03
3.644264303147792816e-03
-3.814426017925143242e-03
-2.305730246007442474e-03
-4.362272375146858394e-05
-3.407949116080999374e-04
8.665710338391363621e-04
2.831979887560009956e-03
-1.562158460728824139e-03
-9.341285331174731255e-04
-1.938944798894226551e-03
-1.100656343623995781e-03
-3.856008639559149742e-03
2.445834921672940254e-03
1.987155061215162277e-03
-6.061301974114030600e-05
1.401358866132795811e-03
1.262067467905580997e-03
-1.048856880515813828e-03
4.627962771337479353e-04
-9.053671237779781222e-05
-2.798221074044704437e-03
3.165924223139882088e-03
-2.549923257902264595e-03
2.182696480304002762e-03
2.218377776443958282e-03
5.388747667893767357e-04
3.899044590070843697e-03
-1.344728632830083370e-03
1.232178648933768272e-03
-2.521261107176542282e-03
1.908157835714519024e-03
-2.558800857514142990e-03
-1.426187809556722641e-03
-2.926264656707644463e-03
-2.467596437782049179e-03
7.800532039254903793e-04
-2.473901258781552315e-04
-3.698874264955520630e-03
1.055262284353375435e-03
3.541723825037479401e-03
-3.699366468936204910e-03
2.356182085350155830e-03
-9.724360279506072402e-05
-7.245253073051571846e-04
3.710610326379537582e-03
2.141208620741963387e-03
-3.030803287401795387e-03
2.102767350152134895e-03
3.154454287141561508e-03
1.865431404439732432e-04
3.883367870002985001e-03
7.303248858079314232e-04
-4.598921514116227627e-04
6.920346058905124664e-04
3.760545223485678434e-04
-1.774080214090645313e-03
1.025592559017241001e-03
6.257026689127087593e-04
1.391071011312305927e-03
-6.694230833090841770e-04
-2.524506533518433571e-03
-3.791040508076548576e-03
3.522024024277925491e-03
2.691304776817560196e-03
3.826206550002098083e-03
2.367329550907015800e-03
1.867282786406576633e-03
4.336606361903250217e-04
2.068338682875037193e-03
-2.621561288833618164e-03
-2.510163001716136932e-03
4.129080334678292274e-04
-3.866441082209348679e-03
-3.306106431409716606e-03
-2.222909359261393547e-03
2.934759948402643204e-03
-2.558691659942269325e-03
1.721733715385198593e-03
-7.734393002465367317e-04
2.794918138533830643e-03
2.554903039708733559e-03
-1.702272915281355381e-03
1.406833762302994728e-03
3.309199586510658264e-03
2.620235900394618511e-04
2.765226410701870918e-03
-1.439398387446999550e-03
3.052616026252508163e-03
-3.681132511701434851e-04
2.249640412628650665e-03
-3.066577715799212456e-03
1.827738946303725243e-03
1.126925926655530930e-04
3.878171788528561592e-03
3.686203155666589737e-03
-3.604697994887828827e-03
-5.157174891792237759e-04
-2.260238165035843849e-03
4.960389342159032822e-04
-3.788077970966696739e-03
-2.513099927455186844e-03
3.359645139425992966e-03
-5.425492417998611927e-04
-1.056401451933197677e-04
1.229817979037761688e-03
1.196737051941454411e-03
2.155506750568747520e-03
-2.279683481901884079e-03
-2.623116830363869667e-03
2.809534315019845963e-03
3.380686102900654078e-04
1.362880109809339046e-03
-3.166558919474482536e-03
-4.192318592686206102e-04
2.255092607811093330e-03
-3.066981676965951920e-03
7.428756798617541790e-04
-6.997839082032442093e-04
-5.407755088526755571e-05
3.390882164239883423e-03
3.135433187708258629e-03
3.051123116165399551e-03
1.605572644621133804e-03
-9.926232742145657539e-04
3.747016889974474907e-03
-3.483732929453253746e-03
1.662166439928114414e-03
-3.717769635841250420e-03
2.285042544826865196e-03
-2.805871888995170593e-03
1.229603309184312820e-03
1.122122514061629772e-03
1.175454817712306976e-03
2.562457229942083359e-04
3.541204379871487617e-03
-3.460831940174102783e-03
-2.012318233028054237e-03
-2.500835806131362915e-03
-2.914242213591933250e-04
-1.293081324547529221e-03
3.027436789125204086e-03
1.834050868637859821e-03
1.116403611376881599e-03
-1.741238287650048733e-03
-1.440177438780665398e-03
2.997665898874402046e-03
2.258080989122390747e-03
1.759134116582572460e-03
