-1.770298258634284139e-04
-2.210211707279086113e-03
-3.737519262358546257e-03
-6.977165467105805874e-04
-2.274278784170746803e-03
3.546343883499503136e-03
2.973471535369753838e-03
-5.222864565439522266e-04
-6.671938535873778164e-06
-3.564839484170079231e-03
-3.503752872347831726e-03
-8.281585178337991238e-04
-2.752496860921382904e-03
3.293642308562994003e-03
1.575454516569152474e-04
1.481861341744661331e-03
-2.417521784082055092e-03
1.082543749362230301e-03
1.272686291486024857e-03
-3.807493252679705620e-03
-3.035100875422358513e-03
3.641191578935831785e-04
-3.363542957231402397e-03
2.915180986747145653e-03
-2.219081623479723930e-03
-3.559367964044213295e-03
-3.290273307356983423e-04
6.298788357526063919e-04
-2.778036985546350479e-03
-1.825576764531433582e-03
-2.802354982122778893e-03
2.774708904325962067e-03
-1.675353152677416801e-03
3.708877367898821831e-03
3.210327588021755219e-03
-1.876016031019389629e-03
-2.089957240968942642e-03
3.917659923899918795e-04
3.552083391696214676e-03
3.097183944191783667e-04
2.158987568691372871e-03
-9.010684152599424124e-05
-1.114387647248804569e-03
2.562143141403794289e-03
-1.370004727505147457e-03
3.180145286023616791e-04
-2.282779496454168111e-05
1.230770838446915150e-03
-7.936411420814692974e-04
-3.260310739278793335e-03
3.113490063697099686e-03
3.158642677590250969e-03
-1.562584773637354374e-03
-1.446864451281726360e-03
-3.257742384448647499e-03
-2.393520902842283249e-03
-1.312423031777143478e-03
-2.710500266402959824e-03
-2.565858652815222740e-03
6.334235076792538166e-04
2.932912902906537056e-03
2.327745780348777771e-03
-3.817148040980100632e-03
8.548705372959375381e-04
1.384790521115064621e-03
-3.755711950361728668e-03
-3.107916854787617922e-04
1.914112945087254047e-03
-1.228287816047668457e-03
-3.731497330591082573e-03
-1.489131362177431583e-03
-1.134704216383397579e-03
1.529237488284707069e-03
-1.384326140396296978e-03
2.922706771641969681e-03
-3.535063471645116806e-03
1.144868205301463604e-03
-6.902563472976908088e-05
2.785268472507596016e-03
6.885360926389694214e-04
2.641676925122737885e-03
3.741307882592082024e-03
-2.540954854339361191e-03
3.376646433025598526e-03
-1.521929400041699409e-03
2.187880687415599823e-03
2.002971945330500603e-03
2.738296985626220703e-03
2.988658961839973927e-04
-3.469299525022506714e-03
-2.364653482800349593e-04
1.110853743739426136e-03
-3.264655824750661850e-04
-2.110086381435394287e-03
2.158315619453787804e-03
1.050513354130089283e-03
3.898766823112964630e-03
1.359060057438910007e-03
3.141156630590558052e-03
1.367040211334824562e-03
1.411576289683580399e-03
-2.237929264083504677e-03
-1.465937239117920399e-03
-2.621168270707130432e-03
-1.273724250495433807e-03
-4.168939267401583493e-05
-1.490108319558203220e-03
-3.568386659026145935e-03
8.690730319358408451e-04
2.182316267862915993e-03
2.995814662426710129e-03
1.007683895295485854e-04
2.786313882097601891e-03
-1.143552013672888279e-03
-1.621128758415579796e-03
-1.533968606963753700e-03
-3.388673067092895508e-03
-1.000171687337569892e-04
-1.177576719783246517e-03
-8.797255577519536018e-04
2.995951799675822258e-03
2.007158909691497684e-04
-2.790723810903728008e-04
2.620417624711990356e-03
3.664732445031404495e-03
1.282666926272213459e-03
-2.527582226321101189e-03
-7.596545037813484669e-04
-2.285104012116789818e-03
5.931568448431789875e-04
1.786222564987838268e-04
2.986271865665912628e-03
1.182961743324995041e-03
-3.877463983371853828e-03
2.367214765399694443e-03
-2.657888690009713173e-03
3.405354451388120651e-03
3.252798458561301231e-03
-1.175955054350197315e-03
2.076893812045454979e-03
-2.729589585214853287e-03
-1.197727397084236145e-03
3.445636248216032982e-03
3.344953991472721100e-03
3.092105500400066376e-03
3.336851252242922783e-03
2.078567864373326302e-03
-2.059259451925754547e-03
-1.125766546465456486e-03
2.075793687254190445e-03
-1.466994406655430794e-03
-1.377759908791631460e-04
1.555742812342941761e-03
-3.168105831719003618e-05
-6.988586392253637314e-04
1.093191211111843586e-03
1.896243484225124121e-04
-2.735922578722238541e-03
-1.557899988256394863e-03
-1.432269462384283543e-03
1.618463895283639431e-03
7.370999810518696904e-05
1.711364719085395336e-03
-2.403931226581335068e-03
-2.011399250477552414e-03
1.645643496885895729e-03
3.608660306781530380e-03
-3.830234752967953682e-03
-1.092677004635334015e-03
3.052320796996355057e-03
-7.998294895514845848e-04
-5.474598146975040436e-04
-8.057500817812979221e-04
-2.104745013639330864e-03
-3.768263850361108780e-04
4.559120861813426018e-05
2.736003370955586433e-03
2.914920332841575146e-04
-2.170387888327240944e-03
2.868979936465620995e-03
-3.443425288423895836e-03
3.296978829894214869e-04
3.420674474909901619e-03
3.549990477040410042e-03
-4.210877814330160618e-04
1.818830263800919056e-03
7.249832851812243462e-04
9.772952180355787277e-04
-7.621199474669992924e-04
1.478904392570257187e-03
-1.492144423536956310e-03
3.205183893442153931e-03
3.432566532865166664e-03
4.360260845714947209e-06
7.889929111115634441e-04
8.480010365019552410e-06
-2.613859716802835464e-03
1.686165924184024334e-03
3.823636099696159363e-03
1.650142949074506760e-03
3.064712509512901306e-03
-3.532404080033302307e-03
1.975617604330182076e-03
-3.052797168493270874e-03
-2.127983607351779938e-03
-1.717409613775089383e-04
-3.076762193813920021e-03
2.427923725917935371e-03
3.049415769055485725e-03
1.090436941012740135e-03
-1.982832793146371841e-03
-3.590203588828444481e-03
-1.158947707153856754e-03
-1.897337147966027260e-03
-1.787871238775551319e-03
-1.618581009097397327e-03
-3.773553995415568352e-03
2.480319017195142806e-05
-3.383936127647757530e-03
3.558357013389468193e-03
-2.473948756232857704e-03
-3.371320664882659912e-03
-1.868113991804420948e-03
3.024638863280415535e-03
4.872364515904337168e-04
-2.752934116870164871e-03
-1.994903199374675751e-03
-3.444351721554994583e-03
-2.085115847876295447e-04
-3.826319938525557518e-03
2.034240169450640678e-03
5.358344642445445061e-04
1.100319204851984978e-03
-2.285212045535445213e-03
1.616489375010132790e-03
3.556508105248212814e-03
-6.331572658382356167e-04
2.622028114274144173e-03
2.051278483122587204e-03
-3.005397506058216095e-03
3.249924397096037865e-03
2.475057262927293777e-03
2.937458222731947899e-03
-7.844692445360124111e-04
6.894959951750934124e-04
-3.861014498397707939e-03
-2.482200274243950844e-03
-7.567307329736649990e-04
1.095118816010653973e-03
-1.306788530200719833e-03
1.537911361083388329e-03
-1.082823611795902252e-03
5.642657051794230938e-04
-3.401785856112837791e-03
1.974095590412616730e-03
-2.014114143094047904e-04
