2.827839460223913193e-03
1.282445387914776802e-03
8.862965041771531105e-04
3.117812331765890121e-03
-1.924300217069685459e-03
3.510808339342474937e-03
-1.827417057938873768e-03
-4.120321827940642834e-04
3.863799385726451874e-03
1.465600449591875076e-03
3.643699223175644875e-03
1.403005910106003284e-03
-2.320904750376939774e-03
-7.191463955678045750e-04
-1.064872558345086873e-04
-1.649503974476829171e-04
1.499430276453495026e-03
9.827554458752274513e-04
-2.386078471317887306e-03
3.328023944050073624e-03
-7.233688374981284142e-04
-2.666303422302007675e-03
7.199962856248021126e-04
2.631320385262370110e-03
-2.573195379227399826e-04
-2.940853359177708626e-03
-4.193167842458933592e-04
-2.506455872207880020e-03
-3.166973358020186424e-03
-2.463653450831770897e-03
5.038997041992843151e-04
-2.401367062702775002e-03
-1.195083255879580975e-03
-2.651578397490084171e-04
-1.722468063235282898e-03
-5.925621371716260910e-04
-1.659543486312031746e-03
2.608965151011943817e-03
-1.665306626819074154e-03
2.938227495178580284e-03
-3.267222084105014801e-03
2.015507314354181290e-03
-1.256825751625001431e-03
-3.398662898689508438e-03
-2.743072807788848877e-03
1.106366864405572414e-03
2.598039805889129639e-03
2.097152173519134521e-03
1.156080514192581177e-03
-4.346544155851006508e-04
3.838573116809129715e-03
-2.680218545719981194e-03
1.811876194551587105e-03
-2.041487023234367371e-03
-1.995201455429196358e-03
1.760366489179432392e-03
-1.607115031220018864e-03
1.009819796308875084e-03
-3.681203583255410194e-03
4.451929635251872241e-05
2.116538817062973976e-03
-9.411295177415013313e-04
-2.048090565949678421e-03
8.718479657545685768e-04
-1.253999886102974415e-03
-2.150329994037747383e-03
3.733143443241715431e-03
-2.215733838966116309e-04
-7.811711402609944344e-04
-3.143542679026722908e-03
-3.719044616445899010e-03
-3.507118206471204758e-03
3.078785026445984840e-03
2.364046173170208931e-03
3.038869705051183701e-03
3.325961530208587646e-03
-2.037159167230129242e-03
2.664003521203994751e-03
-1.261002267710864544e-03
-4.208257014397531748e-04
-1.724670990370213985e-03
1.963634276762604713e-03
-2.802329603582620621e-03
-1.750947907567024231e-03
2.830204553902149200e-03
1.278403913602232933e-03
3.427166724577546120e-03
-1.812504837289452553e-03
2.073538489639759064e-03
-3.857631934806704521e-03
-2.448480809107422829e-03
1.386272022500634193e-03
-7.187120354501530528e-05
-1.206394881592132151e-04
3.748957242351025343e-04
1.711737713776528835e-03
1.400249078869819641e-03
3.550929715856909752e-03
-2.096589189022779465e-03
-7.796665886417031288e-05
9.949124651029706001e-04
-1.866107690148055553e-03
8.476736838929355145e-04
-2.362740226089954376e-03
-1.928317826241254807e-03
4.574496415443718433e-06
-1.234603347256779671e-03
-1.549918437376618385e-03
-3.515094984322786331e-03
1.406490802764892578e-03
2.435563830658793449e-03
2.898676786571741104e-03
3.056563669815659523e-03
2.490512793883681297e-03
-3.373571205884218216e-03
-1.273388625122606754e-03
2.362873405218124390e-03
-1.684973685769364238e-04
-3.124776994809508324e-04
-7.007555104792118073e-04
1.722022192552685738e-03
9.400043054483830929e-04
2.432340988889336586e-03
1.592688728123903275e-03
-2.321347361430525780e-03
-1.716419064905494452e-04
-2.084313658997416496e-03
2.127727202605456114e-04
3.440163796767592430e-03
-2.736251568421721458e-03
1.767553039826452732e-03
1.286533894017338753e-03
-3.830633824691176414e-03
-3.228090936318039894e-03
-3.010387066751718521e-03
3.149899654090404510e-03
-1.139126019552350044e-03
-1.046199235133826733e-03
-3.799854777753353119e-03
1.995154190808534622e-03
-1.428828225471079350e-03
-3.878130577504634857e-03
3.772805212065577507e-03
7.741582812741398811e-04
2.944493433460593224e-03
3.706778632476925850e-03
1.511999405920505524e-03
-3.325825091451406479e-03
1.739834318868815899e-03
-5.303970538079738617e-04
9.637594339437782764e-04
8.588000782765448093e-04
1.336787827312946320e-03
-1.667923410423099995e-03
1.551082939840853214e-03
2.337190089747309685e-03
1.939656678587198257e-03
-1.431233831681311131e-03
3.774068783968687057e-03
9.474399848841130733e-04
7.069450803101062775e-04
-2.798208966851234436e-03
-1.122961402870714664e-03
3.656373592093586922e-04
-1.812497619539499283e-03
-1.403256901539862156e-03
-3.602528478950262070e-03
-4.661892889998853207e-04
3.600256517529487610e-03
5.199824227020144463e-04
-3.394727595150470734e-03
-1.161831896752119064e-03
3.255807678215205669e-05
-1.737270620651543140e-03
-1.206785054819192737e-05
6.814718362875282764e-04
3.966725198552012444e-04
3.285007784143090248e-03
-7.249854388646781445e-04
3.514777170494198799e-03
-1.990637043491005898e-03
1.473063253797590733e-03
3.689107019454240799e-03
2.630902221426367760e-03
-2.993697708006948233e-04
-2.957800868898630142e-03
3.615800058469176292e-03
-3.053583437576889992e-03
-2.582053712103515863e-04
-1.299960189498960972e-03
-2.694550901651382446e-03
3.366087796166539192e-03
-3.460754873231053352e-03
-1.429522759281098843e-03
-2.527228323742747307e-03
3.825160092674195766e-04
-3.949685778934508562e-04
3.448131028562784195e-03
-1.712117576971650124e-03
-3.573798341676592827e-03
-2.662509679794311523e-03
-7.814960554242134094e-04
-2.719023730605840683e-03
-4.799340786121319979e-06
-5.584931932389736176e-04
1.597087713889777660e-03
2.656968776136636734e-03
4.492202424444258213e-04
3.552081994712352753e-03
2.752779982984066010e-03
-1.807464752346277237e-03
-1.394427381455898285e-03
2.697185147553682327e-03
-8.182929595932364464e-04
-2.979541663080453873e-03
-1.689559430815279484e-03
2.621058840304613113e-03
3.431776305660605431e-03
-2.498301211744546890e-03
9.941268945112824440e-04
1.907173776999115944e-03
-3.385638119652867317e-03
-6.398152327165007591e-04
3.097206819802522659e-03
-6.724654231220483780e-04
3.008040366694331169e-03
-1.400407869368791580e-03
-2.582688815891742706e-03
3.612424479797482491e-04
3.446829505264759064e-04
-2.745977137237787247e-03
1.610253384569659829e-04
3.509059781208634377e-03
-1.565838756505399942e-04
1.312206615693867207e-03
3.027447033673524857e-03
2.693038666620850563e-03
-1.248126733116805553e-03
1.296807080507278442e-03
2.123904181644320488e-03
-1.410974655300378799e-03
1.199231133796274662e-03
-2.867921022698283195e-03
2.683295868337154388e-03
1.036494621075689793e-03
1.819523866288363934e-03
-2.430268330499529839e-03
1.818064018152654171e-03
2.128366380929946899e-03
5.337701877579092979e-04
2.104618615703657269e-04
-1.881171134300529957e-03
2.649536821991205215e-03
3.657774766907095909e-03
2.747701015323400497e-03
-2.454795408993959427e-03
