-9.193338337354362011e-04
2.752208383753895760e-03
-3.046777332201600075e-03
2.626977628096938133e-03
-1.178931677713990211e-03
1.874355366453528404e-03
-3.874906571581959724e-03
-2.246184041723608971e-03
-2.523074545024428517e-05
-2.025575086008757353e-04
-2.204026532126590610e-04
-3.257722593843936920e-03
-2.847652183845639229e-03
1.040974166244268417e-03
-1.412908663041889668e-03
3.889917163178324699e-03
-1.548679545521736145e-03
3.301179269328713417e-03
-2.212819643318653107e-03
2.635961864143610001e-03
2.409438136965036392e-03
-1.756237616064026952e-04
2.638411242514848709e-04
2.296868013218045235e-03
2.823444316163659096e-03
-3.378042951226234436e-03
2.901873784139752388e-03
-2.096637617796659470e-04
-3.740397980436682701e-03
3.333142260089516640e-03
3.385178977623581886e-03
3.262068377807736397e-03
-3.890475025400519371e-03
-6.693361210636794567e-04
-1.911753206513822079e-03
3.352570813149213791e-03
-9.514096891507506371e-04
3.426824696362018585e-03
3.155782818794250488e-03
9.163046488538384438e-04
6.311631295830011368e-06
-2.990840002894401550e-03
-3.527533961459994316e-03
2.465458819642663002e-03
-1.944739604368805885e-03
5.781112849945202470e-05
-2.401557052507996559e-03
9.837922407314181328e-04
-2.805688651278614998e-03
2.041660714894533157e-03
3.000370459631085396e-03
2.327632391825318336e-03
2.879472915083169937e-03
-2.663943683728575706e-03
6.263410323299467564e-04
-1.954467967152595520e-03
3.699249122291803360e-03
1.346014090813696384e-03
3.380619455128908157e-03
3.579627722501754761e-03
-5.754906451329588890e-04
5.868342705070972443e-04
1.718458021059632301e-03
-3.130826167762279510e-03
1.727962750010192394e-03
1.654667081311345100e-03
1.377292675897479057e-03
3.204692911822348833e-04
2.609269227832555771e-03
-1.484811305999755859e-03
7.785652087477501482e-06
-9.895997354760766029e-04
-5.570494686253368855e-04
-2.339108847081661224e-03
-2.615073695778846741e-03
1.033722364809364080e-04
1.982743619009852409e-03
-1.733268145471811295e-03
1.274544396437704563e-03
2.625189954414963722e-03
-3.599954070523381233e-03
-5.684115458279848099e-04
4.208181635476648808e-04
-1.956101972609758377e-03
1.760964747518301010e-03
-4.051885916851460934e-04
-2.612116048112511635e-03
-2.512190258130431175e-04
4.901846841676160693e-05
-4.340301966294646263e-04
3.489581285975873470e-04
-2.452777698636054993e-03
-1.941385911777615547e-03
2.072647679597139359e-03
2.982402220368385315e-03
1.842086203396320343e-05
-1.420610497007146478e-04
-3.613455453887581825e-03
1.366849057376384735e-03
-1.975749619305133820e-03
3.518195124343037605e-03
8.280820911750197411e-04
-2.145278267562389374e-03
2.242061775177717209e-03
3.382745897397398949e-03
3.735247999429702759e-03
6.969504465814679861e-05
7.008280372247099876e-04
-1.233653747476637363e-03
-2.659479621797800064e-03
-1.895950990729033947e-04
2.248859964311122894e-03
1.356987399049103260e-03
3.837303724139928818e-03
7.538580393884330988e-05
-2.352917072130367160e-04
1.466212444938719273e-03
-8.056557271629571915e-04
-1.879879506304860115e-03
-2.733313711360096931e-03
2.332481788471341133e-03
2.551152370870113373e-03
3.483208594843745232e-03
-6.346677546389400959e-04
-1.416341168805956841e-03
-2.255181316286325455e-03
5.618820432573556900e-04
-7.245002198033034801e-04
8.434369810856878757e-04
-3.857412142679095268e-03
4.312583478167653084e-04
1.717151724733412266e-03
-2.478716196492314339e-03
-1.347321551293134689e-03
-1.684268936514854431e-03
4.821166803594678640e-04
-1.968732336536049843e-03
1.566564198583364487e-03
-2.576157217845320702e-03
1.532596186734735966e-03
-2.995037706568837166e-03
3.883779281750321388e-03
-3.683862742036581039e-03
3.057263093069195747e-03
2.834469079971313477e-03
-3.155825193971395493e-03
1.218181219883263111e-03
3.278172109276056290e-03
-3.555929986760020256e-03
8.940926636569201946e-04
-3.814995987340807915e-03
2.298979321494698524e-03
2.492969855666160583e-03
-3.619178023654967546e-04
5.101699207443743944e-05
-8.650485542602837086e-04
-3.851057728752493858e-03
-3.657016204670071602e-03
3.086459764745086432e-04
3.338208189234137535e-03
3.514575073495507240e-04
-2.375418087467551231e-03
-6.433651433326303959e-04
4.521879018284380436e-04
1.674845232628285885e-03
6.251842714846134186e-04
-3.494199481792747974e-04
3.926666977349668741e-05
1.799594843760132790e-03
-1.242570695467293262e-03
-2.281189896166324615e-03
1.474853954277932644e-03
3.172091441228985786e-03
-2.726602135226130486e-03
3.387314965948462486e-03
1.226790482178330421e-03
-1.869487925432622433e-03
-3.803981235250830650e-03
-2.082838676869869232e-03
2.227183897048234940e-03
-5.654870765283703804e-04
2.231510588899254799e-03
1.003669458441436291e-03
3.455620957538485527e-03
-2.550803590565919876e-03
1.291889464482665062e-03
-3.876352217048406601e-03
2.607225673273205757e-03
2.768005651887506247e-04
-6.807827157899737358e-04
1.686978735961019993e-03
-1.202633487991988659e-03
-1.780751626938581467e-03
2.980449469760060310e-03
9.099971794057637453e-05
-1.213544164784252644e-03
-2.286884235218167305e-03
1.856929506175220013e-03
3.142433241009712219e-03
6.256467313505709171e-04
2.092154929414391518e-03
-1.978301675990223885e-03
2.854471793398261070e-03
-1.836595707572996616e-03
-8.587713236920535564e-04
2.984397578984498978e-03
-3.505009226500988007e-03
3.446614835411310196e-03
2.104400889948010445e-03
4.211967461742460728e-04
-3.499587532132863998e-03
2.148815197870135307e-03
7.564123952761292458e-04
-1.732418895699083805e-03
-1.145539805293083191e-03
-1.109328935854136944e-03
2.429557731375098228e-03
-2.171783475205302238e-03
-3.906768281012773514e-03
1.976805971935391426e-03
-3.170865122228860855e-03
2.244999166578054428e-03
9.908248903229832649e-04
3.506756853312253952e-03
2.104848157614469528e-03
-4.673430812545120716e-04
-1.735713565722107887e-03
1.358778565190732479e-03
-8.293889113701879978e-04
-1.231703092344105244e-03
3.145427210256457329e-03
-2.139398566214367747e-04
-1.091032754629850388e-03
-2.060379600152373314e-03
-1.207104651257395744e-03
-2.874027239158749580e-03
1.077086344594135880e-04
2.830084180459380150e-03
3.492255462333559990e-03
-3.310730389785021544e-04
3.354538930580019951e-03
1.582814264111220837e-03
-3.698400221765041351e-03
-1.797502045519649982e-03
1.166841248050332069e-03
2.168437233194708824e-03
-3.018934512510895729e-03
-2.419560449197888374e-03
6.588537362404167652e-04
2.694397000595927238e-03
2.532339422032237053e-03
-7.663818541914224625e-04
-2.584224566817283630e-03
-1.971860881894826889e-03
1.201390405185520649e-03
-3.460222855210304260e-03
