-5.592557135969400406e-04
-1.096991822123527527e-03
-1.932931365445256233e-03
3.117550862953066826e-03
2.921423176303505898e-03
-2.382959472015500069e-03
1.823374535888433456e-03
3.808282781392335892e-03
-1.161502805189229548e-04
1.020092400722205639e-03
-1.271857297979295254e-03
8.870440069586038589e-04
2.477949252352118492e-03
3.632771549746394157e-03
-4.838285676669329405e-04
3.867434570565819740e-03
3.749512368813157082e-03
1.687455805949866772e-03
-2.451296662911772728e-03
2.249201526865363121e-03
2.989605767652392387e-03
-2.931926166638731956e-03
2.621029270812869072e-03
6.567093805642798543e-05
7.970178849063813686e-04
1.768838963471353054e-03
-1.961445668712258339e-03
-3.452085889875888824e-03
-9.770677424967288971e-04
3.589091356843709946e-03
-1.989755779504776001e-03
1.004216028377413750e-03
-3.518095007166266441e-03
1.607900019735097885e-03
2.520067151635885239e-03
2.270687400596216321e-04
-1.944900257512927055e-03
-1.052497420459985733e-03
-1.381802023388445377e-03
3.271091729402542114e-03
-1.160052372142672539e-03
1.023759949021041393e-03
1.099054235965013504e-03
-1.226525753736495972e-03
-2.799214096739888191e-03
2.680399920791387558e-03
-7.975703338161110878e-04
-2.421875688014551997e-04
2.914083423092961311e-03
3.647775854915380478e-03
-3.720201551914215088e-03
3.576261457055807114e-03
-2.863232046365737915e-03
2.843738999217748642e-03
-1.870875363238155842e-03
8.916968363337218761e-04
3.185936249792575836e-03
2.538372937124222517e-04
3.686180571094155312e-04
5.022494588047266006e-04
2.482510404661297798e-03
8.971635834313929081e-04
-2.207994693890213966e-03
2.595635363832116127e-03
1.447787275537848473e-03
-3.149061230942606926e-03
3.829555120319128036e-03
-3.907259553670883179e-03
2.750075887888669968e-03
3.012683882843703032e-04
3.417976666241884232e-03
-3.579079639166593552e-03
-2.612658776342868805e-03
-2.144186059013009071e-03
-3.081048838794231415e-03
-3.586066188290715218e-03
3.605925943702459335e-03
2.394227776676416397e-03
1.094119390472769737e-03
3.846539184451103210e-03
1.880742842331528664e-03
-1.190113602206110954e-03
-9.821633575484156609e-04
1.392882317304611206e-03
8.401608210988342762e-04
-1.170553849078714848e-03
1.897995593026280403e-03
1.448907773010432720e-03
2.980834804475307465e-03
-7.121615926735103130e-04
-1.273725298233330250e-03
-2.366314409300684929e-03
-3.481845371425151825e-03
3.483414184302091599e-03
1.969509292393922806e-03
-3.062305739149451256e-03
1.777412951923906803e-03
2.138979267328977585e-03
-2.181033138185739517e-03
3.232689341530203819e-03
-2.314711688086390495e-03
-1.076544285751879215e-03
2.458557020872831345e-03
1.912669395096600056e-03
1.674610102782025933e-04
2.835676539689302444e-03
1.311257947236299515e-03
-2.698096679523587227e-03
-1.175312325358390808e-03
2.638805890455842018e-03
-1.746360445395112038e-03
1.414110301993787289e-03
-1.961032161489129066e-03
-2.766967983916401863e-03
-1.213697833009064198e-03
-3.751378739252686501e-03
2.873926423490047455e-03
5.797696649096906185e-04
-2.533324761316180229e-03
2.810512378346174955e-04
1.346332370303571224e-03
-3.693836042657494545e-03
1.732690579956397414e-04
1.343813026323914528e-03
-3.281067358329892159e-03
1.962109934538602829e-03
-7.138348300941288471e-04
1.226733787916600704e-03
-3.330721287056803703e-03
-3.116447012871503830e-03
-3.195248311385512352e-03
2.568580908700823784e-03
1.426615519449114799e-03
-3.616951406002044678e-03
6.473535904660820961e-04
-2.561154076829552650e-03
-3.846530802547931671e-03
3.287238941993564367e-04
8.228835649788379669e-04
2.056114841252565384e-03
1.973183134396094829e-05
1.617564557818695903e-04
1.305486657656729221e-04
-9.522275067865848541e-04
-2.310922835022211075e-03
-3.789747366681694984e-03
-1.398175139911472797e-03
2.449537860229611397e-04
-2.691978355869650841e-03
-1.516548683866858482e-03
1.893686712719500065e-03
2.736678470682818443e-05
6.118094897828996181e-04
-2.084078034386038780e-03
-1.495701377280056477e-03
3.442712360993027687e-03
1.328871352598071098e-03
7.946913829073309898e-04
-3.263249062001705170e-03
-2.337796380743384361e-03
1.877739792689681053e-03
-1.156177255325019360e-03
3.049561055377125740e-03
-1.557029783725738525e-03
1.563182449899613857e-03
-2.876657759770750999e-03
-1.037353213177993894e-04
2.239510649815201759e-03
1.258231000974774361e-03
1.709303352981805801e-03
-2.573831239715218544e-03
3.276217030361294746e-03
9.110406972467899323e-05
2.684113569557666779e-03
-2.760974457487463951e-03
-2.895417856052517891e-03
3.813546150922775269e-03
-1.329376362264156342e-03
-2.634288975968956947e-03
8.218524162657558918e-04
-1.077161286957561970e-03
-3.899073228240013123e-03
3.796226577833294868e-03
6.580023909918963909e-05
1.555781229399144650e-03
8.120573475025594234e-04
3.607216523960232735e-03
1.554166898131370544e-03
2.462357748299837112e-03
1.436341903172433376e-03
-6.003853632137179375e-04
1.072440645657479763e-03
3.707033349201083183e-03
1.091353129595518112e-03
-2.655156888067722321e-03
-1.834667869843542576e-03
5.083287833258509636e-04
-3.544434439390897751e-03
1.620562514290213585e-03
3.442117711529135704e-03
-2.624166896566748619e-03
-3.136696293950080872e-03
-1.208418630994856358e-03
2.518311841413378716e-03
-3.873736830428242683e-03
-2.031261334195733070e-03
1.895135850645601749e-03
-3.316534683108329773e-03
-7.032559551589656621e-06
5.485991132445633411e-04
1.096528721973299980e-03
-2.102682832628488541e-03
-3.565395949408411980e-03
-8.454352500848472118e-04
1.612266409210860729e-03
3.296291222795844078e-03
1.175460056401789188e-03
-1.595100737176835537e-03
2.262652851641178131e-03
4.850371915381401777e-04
-2.728740684688091278e-03
-3.357058390974998474e-03
2.672396367415785789e-03
3.603935707360506058e-03
-1.628436963073909283e-03
-1.180931343697011471e-03
2.329987008124589920e-03
3.122829366475343704e-03
-1.621714443899691105e-03
-3.716382896527647972e-03
1.708252704702317715e-03
3.279878757894039154e-03
-2.580612665042281151e-03
-1.140203443355858326e-03
1.428201678209006786e-03
1.694852981017902493e-04
-1.738949213176965714e-03
3.833540715277194977e-03
-1.964809140190482140e-03
1.535847666673362255e-03
-1.582962926477193832e-03
3.039950272068381310e-03
-3.371375845745205879e-03
2.031137002632021904e-03
-2.877803752198815346e-03
5.425944109447300434e-04
-3.509821603074669838e-03
2.294032368808984756e-03
2.764805918559432030e-03
-2.293295459821820259e-03
3.169459057971835136e-03
1.384002389386296272e-03
3.766700392588973045e-03
-3.366145072504878044e-03
2.835074206814169884e-03
-2.754109911620616913e-03
