3.006711369380354881e-03
6.759446696378290653e-04
1.044973731040954590e-03
-4.255901440046727657e-04
1.474712626077234745e-03
1.631537685170769691e-03
3.742705448530614376e-04
2.129202708601951599e-03
1.126859104260802269e-03
-3.089678648393601179e-04
-1.041459268890321255e-03
-1.628104364499449730e-03
2.041472122073173523e-03
-3.792113624513149261e-03
6.460956647060811520e-04
3.119008615612983704e-03
-2.993124071508646011e-03
3.530117450281977654e-03
-7.822543848305940628e-04
-2.688402775675058365e-03
-3.359032562002539635e-03
-2.199092705268412828e-04
-1.142890658229589462e-03
4.224314761813730001e-04
8.491871412843465805e-04
-3.307183971628546715e-03
-1.620308612473309040e-03
-2.937668701633810997e-03
-3.195662517100572586e-03
3.136098152026534081e-03
-3.048018319532275200e-03
-1.407502219080924988e-03
1.434214413166046143e-03
8.159070275723934174e-04
2.769370563328266144e-03
-3.323094220831990242e-03
-1.714350422844290733e-03
-3.102458082139492035e-03
1.102526555769145489e-03
2.165857236832380295e-03
1.106880605220794678e-03
2.501906361430883408e-03
2.733843866735696793e-03
9.112178813666105270e-04
-1.979120774194598198e-03
1.778006320819258690e-03
2.542444039136171341e-03
2.710833796299993992e-04
2.321881474927067757e-03
2.178187482059001923e-03
-3.822903090622276068e-04
-1.541136647574603558e-03
2.961046062409877777e-03
-2.828889293596148491e-03
-2.610681112855672836e-03
-9.569141548126935959e-05
1.762658474035561085e-03
-3.885936457663774490e-03
1.372222759528085589e-04
2.378419041633605957e-03
-1.206499058753252029e-03
-2.455272711813449860e-03
2.777532208710908890e-03
-1.118812593631446362e-03
2.965586027130484581e-03
2.127162879332900047e-03
-2.415373455733060837e-04
2.302743814652785659e-04
1.071351944119669497e-04
2.899068174883723259e-03
-2.688584616407752037e-03
-1.681721303611993790e-03
-3.703329479321837425e-03
3.090932033956050873e-03
-3.435670223552733660e-04
-6.538550369441509247e-04
2.582593820989131927e-03
-2.732363762333989143e-03
-7.582316902698948979e-05
-1.307834871113300323e-03
-4.328562354203313589e-04
2.865601854864507914e-04
1.769434675225056708e-05
-2.310298616066575050e-03
-2.581652253866195679e-03
-2.501614158973097801e-03
2.098409458994865417e-03
3.833313938230276108e-03
7.038204057607799768e-05
3.784654429182410240e-03
-2.176421927288174629e-03
2.242976799607276917e-03
6.704776897095143795e-04
-1.983350142836570740e-03
-3.351805265992879868e-03
2.895787125453352928e-03
-5.804995889775454998e-04
1.811001100577414036e-03
-3.571494889911264181e-04
-1.568886102177202702e-03
-2.700665034353733063e-03
1.825136132538318634e-03
-1.921885297633707523e-03
1.242975587956607342e-03
-1.119439606554806232e-03
-3.360234200954437256e-03
2.237281529232859612e-03
-2.436979673802852631e-03
-2.134892856702208519e-03
-3.770328359678387642e-03
3.118452616035938263e-03
-3.284208243712782860e-03
8.594744722358882427e-04
1.490557217039167881e-03
1.762102125212550163e-03
-3.739406820386648178e-03
7.383800111711025238e-04
4.026633687317371368e-04
-3.150291275233030319e-03
3.286896971985697746e-04
3.818400437012314796e-03
1.340756891295313835e-03
-1.639934722334146500e-03
2.552997553721070290e-03
-2.932495437562465668e-03
-1.730041229166090488e-03
-2.755118301138281822e-03
3.867394523695111275e-03
-1.762403175234794617e-03
-2.322572981938719749e-03
-6.163940415717661381e-04
1.031524152494966984e-03
-7.805867353454232216e-04
2.673640614375472069e-03
-1.856612507253885269e-04
3.520756261423230171e-03
-3.132226178422570229e-03
-2.665838226675987244e-03
1.305424259044229984e-03
1.800996251404285431e-03
-3.691992489621043205e-03
1.367127522826194763e-03
1.509383087977766991e-03
-2.332481089979410172e-03
3.447087481617927551e-03
-2.401389880105853081e-03
-1.855068258009850979e-04
1.307204016484320164e-03
-1.354090170934796333e-03
-2.228274242952466011e-03
5.610412918031215668e-04
-1.409446704201400280e-03
-3.543152241036295891e-03
-9.533473639748990536e-04
2.967415377497673035e-03
-1.444207300664857030e-04
-1.988632720895111561e-04
9.488502983003854752e-04
2.933787414804100990e-03
-1.919098664075136185e-03
-2.789255231618881226e-04
-1.411425881087779999e-03
-2.514560008421540260e-03
-3.695536637678742409e-03
-2.463951706886291504e-03
2.111854730173945427e-03
-1.221030484884977341e-03
-1.852340064942836761e-03
-2.202326431870460510e-03
-3.091342048719525337e-03
2.703134901821613312e-03
-3.190583316609263420e-03
-1.940845861099660397e-03
3.778996178880333900e-03
1.885069796117022634e-04
2.135428600013256073e-03
-3.650971222668886185e-03
1.145521528087556362e-03
2.718413015827536583e-03
-3.242600942030549049e-03
-8.959025144577026367e-04
1.667205477133393288e-03
1.316621433943510056e-03
-1.358879497274756432e-03
2.017470309510827065e-03
-2.495113527402281761e-03
2.330870833247900009e-03
-3.376857202965766191e-04
3.033645953109953552e-06
3.877299372106790543e-03
6.885557086206972599e-04
2.469763567205518484e-04
1.704421360045671463e-03
-1.665543182753026485e-03
7.131944876164197922e-04
-9.385943412780761719e-04
2.458088099956512451e-03
2.947411499917507172e-03
9.536324068903923035e-04
-1.309642801061272621e-03
-3.211560891941189766e-03
3.514850046485662460e-03
2.112323883920907974e-03
-3.288537729531526566e-03
2.861228771507740021e-03
2.279583364725112915e-03
-2.255446044728159904e-03
-1.029530889354646206e-03
-2.771310508251190186e-03
2.898678882047533989e-03
1.311547472141683102e-03
2.822320675477385521e-03
2.555455779656767845e-03
2.773848362267017365e-03
1.221976242959499359e-03
3.502759616822004318e-03
-3.515304997563362122e-03
2.563825109973549843e-03
-3.706537885591387749e-03
-8.713162969797849655e-04
-3.217210294678807259e-03
-3.870536107569932938e-03
-2.420790260657668114e-04
-4.905430250801146030e-04
3.575313836336135864e-03
-3.589590312913060188e-03
-2.944410778582096100e-03
-1.325124758295714855e-03
-3.275095950812101364e-03
1.259691431187093258e-03
1.437547500245273113e-03
-2.022268017753958702e-03
-3.556629177182912827e-03
-2.560941735282540321e-03
-2.345218526897951961e-04
-1.261392259038984776e-03
-3.552770067472010851e-04
3.308435436338186264e-03
-1.018156763166189194e-03
2.856387989595532417e-03
-2.140858996426686645e-04
-1.027425518259406090e-03
-1.209858237416483462e-04
2.039623446762561798e-03
-2.466009464114904404e-03
-1.352561404928565025e-03
-3.820173151325434446e-05
-2.498524845577776432e-04
-1.701607252471148968e-03
3.774406388401985168e-03
3.563864622265100479e-03
8.965220768004655838e-04
2.742276061326265335e-03
-7.961037772474810481e-05
1.062686787918210030e-03
-1.576923415996134281e-03
