2.287807175889611244e-03
-1.994666643440723419e-03
-1.329652877757325768e-04
-3.199358936399221420e-03
-1.634354935958981514e-03
3.142374800518155098e-03
1.698232605122029781e-03
2.361298305913805962e-03
5.597370327450335026e-04
-1.925132470205426216e-03
-2.345965476706624031e-03
2.738125040195882320e-04
-3.190323943272233009e-03
-9.983540512621402740e-04
3.057329449802637100e-04
7.306370207516010851e-06
-5.982338334433734417e-04
3.193152602761983871e-03
-1.106822863221168518e-03
-1.627652207389473915e-03
-1.076488289982080460e-03
-1.835329341702163219e-03
5.819290163344703615e-05
-3.472090931609272957e-03
-4.758350551128387451e-04
-1.385933835990726948e-03
-6.163063226267695427e-04
-3.842412726953625679e-03
-2.911214716732501984e-03
4.350630042608827353e-04
-2.881021006032824516e-03
1.369103090837597847e-03
-8.981683640740811825e-04
1.287151477299630642e-03
-4.420186451170593500e-04
2.594344783574342728e-03
-1.325774937868118286e-03
-1.477220212109386921e-03
-2.332867821678519249e-03
2.245081122964620590e-03
-3.035132773220539093e-03
1.068545621819794178e-03
2.162043703719973564e-03
-2.019100793404504657e-04
-1.678271801210939884e-03
-3.851490560919046402e-03
-1.417047576978802681e-03
4.494829918257892132e-04
-1.839422155171632767e-03
-3.682167734950780869e-04
-2.230886137112975121e-03
-1.878721639513969421e-03
-2.975896466523408890e-03
-2.283202484250068665e-03
-2.783363219350576401e-03
-2.338285557925701141e-03
8.459388045594096184e-04
-1.206106040626764297e-03
-3.586045932024717331e-03
-1.203093212097883224e-03
3.625837154686450958e-03
1.525290892459452152e-03
2.653469564393162727e-03
3.913613036274909973e-03
1.606997335329651833e-03
2.152372617274522781e-03
3.471686504781246185e-03
1.337603549472987652e-03
3.599825431592762470e-04
-1.962097594514489174e-03
2.886961214244365692e-03
1.866720733232796192e-03
3.007283899933099747e-03
1.114379731006920338e-03
2.472793217748403549e-03
-1.480959705077111721e-03
-1.347064273431897163e-03
-2.090041060000658035e-03
6.205234676599502563e-04
2.530087658669799566e-04
-8.262880728580057621e-04
1.364385476335883141e-03
-1.157035221694968641e-04
-3.414153587073087692e-03
3.085640259087085724e-03
6.084605120122432709e-04
1.006186008453369141e-03
-2.256150823086500168e-03
-1.308175618760287762e-03
-3.049789695069193840e-03
3.538431366905570030e-03
-2.526473021134734154e-03
-2.425219863653182983e-03
1.945126336067914963e-03
-1.946777338162064552e-03
5.448742886073887348e-04
2.434340072795748711e-03
-8.476656512357294559e-04
2.145032631233334541e-03
2.254750346764922142e-03
2.366536995396018028e-03
3.692698432132601738e-03
2.211187733337283134e-03
2.460862975567579269e-03
-2.238402375951409340e-03
-3.460260806605219841e-03
-7.990817539393901825e-04
3.742892760783433914e-03
1.300855772569775581e-03
1.744999433867633343e-03
5.597454728558659554e-04
-1.400970388203859329e-03
1.427421695552766323e-03
-2.442334778606891632e-03
-1.198737998493015766e-03
6.739501841366291046e-04
9.839230915531516075e-04
-2.025598660111427307e-03
8.681964827701449394e-04
7.208601455204188824e-04
-3.839693963527679443e-03
1.528858323581516743e-03
2.141561591997742653e-03
-3.148447023704648018e-03
3.859853371977806091e-03
-2.446379512548446655e-03
1.855172100476920605e-03
-1.825542189180850983e-03
2.096045995131134987e-03
2.614530501887202263e-03
-3.687887685373425484e-03
-7.872013957239687443e-04
-5.851706009707413614e-05
-3.448222298175096512e-03
-2.791742328554391861e-03
1.855929964222013950e-03
3.507806453853845596e-03
-1.288661034777760506e-03
-1.905086101032793522e-03
-2.100832294672727585e-03
-5.937144160270690918e-04
2.633404685184359550e-03
-5.691995611414313316e-04
3.771052928641438484e-03
1.992447301745414734e-03
-3.256297903135418892e-03
1.916344393976032734e-03
-3.429569303989410400e-03
-1.495665521360933781e-03
-1.517474302090704441e-03
3.754710545763373375e-03
-3.406028263270854950e-03
-3.214883152395486832e-03
1.747590256854891777e-03
2.509376266971230507e-03
2.244809176772832870e-03
-3.659849753603339195e-03
-1.286097452975809574e-03
2.458410104736685753e-03
1.610746257938444614e-03
5.273080896586179733e-04
-2.698819618672132492e-03
3.112738253548741341e-03
3.809547983109951019e-03
5.613124230876564980e-04
6.079215672798454762e-04
2.538602333515882492e-03
1.376366126351058483e-03
-2.364363288506865501e-03
7.721436559222638607e-04
8.176473784260451794e-04
-2.375770127400755882e-03
-3.679292043671011925e-03
2.354530617594718933e-03
3.505645785480737686e-03
2.962462138384580612e-03
-2.265207585878670216e-04
-8.015280473046004772e-04
2.751925494521856308e-03
-1.702373614534735680e-03
-2.671584661584347486e-05
3.882534103468060493e-03
-2.130597364157438278e-03
-3.493105527013540268e-03
3.856723196804523468e-03
-5.724987131543457508e-04
3.013842506334185600e-03
-2.945606596767902374e-03
2.017232589423656464e-03
3.637820947915315628e-03
-2.727767452597618103e-03
-2.503167837858200073e-03
-2.471067011356353760e-03
-5.348752602003514767e-04
-3.085180185735225677e-03
3.318143310025334358e-03
3.279571188613772392e-03
1.323890290223062038e-03
2.562739886343479156e-03
1.075641252100467682e-03
-1.388946897350251675e-03
-3.582281991839408875e-03
-1.567011117003858089e-03
2.500727539882063866e-03
-2.407646737992763519e-03
3.368993056938052177e-03
6.527923396788537502e-04
-3.285443643108010292e-03
-9.439626010134816170e-04
-6.137313321232795715e-04
-2.024572109803557396e-03
3.001835662871599197e-03
2.920276019722223282e-04
2.828364958986639977e-03
-2.897235332056879997e-03
3.448565548751503229e-04
1.219813362695276737e-03
-1.970727927982807159e-03
-2.097287913784384727e-03
-5.150511278770864010e-04
-2.136716153472661972e-03
-1.690406003035604954e-03
2.696770476177334785e-03
4.689362831413745880e-04
3.245337866246700287e-03
1.524585881270468235e-03
-2.134558977559208870e-03
1.538102049380540848e-03
3.317035734653472900e-03
1.743075321428477764e-03
-2.490473561920225620e-04
1.488622743636369705e-03
3.617063164710998535e-03
-2.457035225233994424e-05
4.170315223746001720e-04
-2.055695978924632072e-03
3.425851929932832718e-03
-3.768452908843755722e-03
-3.445850219577550888e-03
-2.773931017145514488e-03
2.164994133636355400e-03
3.630732651799917221e-03
-2.758912742137908936e-04
1.732894917950034142e-03
1.808075176086276770e-04
2.544155344367027283e-03
-3.343546122778207064e-04
-9.486163035035133362e-04
-1.122442423366010189e-03
-7.988378638401627541e-04
2.395647607045248151e-05
1.972646918147802353e-03
-1.208475790917873383e-03
-8.085646186373196542e-06
2.746977552305907011e-04
-1.514906180091202259e-03
