-2.288265153765678406e-03
1.561610028147697449e-03
-3.598823212087154388e-03
2.411998808383941650e-03
-1.933276653289794922e-03
9.196448372676968575e-04
3.895643167197704315e-03
1.132784411311149597e-03
1.058091584127396345e-04
-1.663414295762777328e-04
1.017664442770183086e-03
-9.897027630358934402e-04
-2.623485168442130089e-03
2.204936929047107697e-03
-2.525374875403940678e-04
3.637737827375531197e-03
1.132768811658024788e-03
5.283285281620919704e-04
-7.391723920591175556e-04
-7.460095803253352642e-04
1.770965289324522018e-03
2.899722661823034286e-03
-5.778772756457328796e-04
3.177354810759425163e-03
3.460355335846543312e-03
1.670713303610682487e-03
1.672616926953196526e-03
-1.348527497611939907e-03
-3.441407170612365007e-04
-3.717163344845175743e-03
1.592777087353169918e-03
-3.952062397729605436e-04
-3.327820915728807449e-03
1.173382741399109364e-03
-1.450762501917779446e-03
-7.930093561299145222e-04
1.330308350588893518e-05
5.777511396445333958e-04
1.448741066269576550e-03
-1.400323235429823399e-04
1.072122598998248577e-03
-2.620791929075494409e-05
1.995209371671080589e-03
1.019512303173542023e-03
2.169903455069288611e-04
8.275322616100311279e-04
-2.666629850864410400e-03
1.133708399720489979e-03
-7.676811655983328819e-04
3.752168500795960426e-03
-2.522875322028994560e-03
-1.446266658604145050e-03
3.639427945017814636e-03
6.182273500598967075e-05
2.341152401641011238e-03
2.566483104601502419e-03
-6.633896846324205399e-04
1.030188504955731332e-04
-2.163661411032080650e-04
1.725997542962431908e-03
-1.346524222753942013e-04
1.394606893882155418e-03
-3.321937285363674164e-03
2.021065680310130119e-03
3.472408934612758458e-05
1.093491911888122559e-03
2.883092965930700302e-03
1.079653738997876644e-03
2.104090759530663490e-03
2.992741297930479050e-03
-1.859250362031161785e-03
7.442245841957628727e-04
-3.188804490491747856e-03
-3.467773552983999252e-03
-3.684836439788341522e-03
1.606612349860370159e-03
3.139224601909518242e-03
4.441663622856140137e-04
-2.710915403440594673e-03
-1.342503470368683338e-03
-1.418798463419079781e-03
1.359525835141539574e-03
4.095419426448643208e-04
-8.018005755729973316e-04
3.837346797809004784e-03
2.099110512062907219e-03
-2.487406134605407715e-03
-3.051270497962832451e-03
-3.286997321993112564e-03
3.548387205228209496e-03
-2.916986588388681412e-03
-3.123805625364184380e-03
-3.731470555067062378e-03
3.812161274254322052e-03
2.795880427584052086e-03
9.176048333756625652e-04
5.666726501658558846e-04
-1.364706433378160000e-03
-1.766971778124570847e-03
-2.029526280239224434e-03
-3.491778392344713211e-03
6.354114157147705555e-04
-3.165304195135831833e-03
-6.540387403219938278e-04
2.564830472692847252e-03
1.105406554415822029e-03
1.690769859123975039e-04
-2.010833704844117165e-03
-3.910648636519908905e-03
-3.628032281994819641e-03
1.307233818806707859e-03
-2.556246705353260040e-03
-2.354626543819904327e-03
3.639864153228700161e-04
-2.884561894461512566e-03
-1.724405214190483093e-03
1.369230914860963821e-03
-5.895970389246940613e-04
-1.205506967380642891e-03
-2.701754274312406778e-04
2.227209275588393211e-03
3.833300434052944183e-03
-2.387123648077249527e-03
-1.956667052581906319e-03
1.736375270411372185e-03
3.818142227828502655e-03
-3.712391480803489685e-03
7.974863547133281827e-05
1.227844157256186008e-03
-2.748255385085940361e-03
-5.446482100524008274e-04
-8.607230265624821186e-04
1.770147355273365974e-03
-3.426112467423081398e-03
3.841892816126346588e-03
-2.445420541334897280e-04
-3.877595532685518265e-03
-3.796561853960156441e-03
3.574251197278499603e-03
-1.932642771862447262e-03
-2.087459899485111237e-03
1.852968940511345863e-03
-4.116483905818313360e-04
-9.256572229787707329e-04
1.065760734491050243e-03
-6.466525373980402946e-04
-3.578843316063284874e-03
2.443358534947037697e-03
-2.144398167729377747e-03
2.703826408833265305e-03
-7.313003297895193100e-04
1.872677588835358620e-03
-2.469385508447885513e-03
3.716529347002506256e-03
3.264010651037096977e-03
1.227553118951618671e-03
-9.382117423228919506e-04
-1.457363716326653957e-03
3.153362544253468513e-03
1.765453140251338482e-03
-3.679716726765036583e-03
2.921036910265684128e-03
3.294055117294192314e-03
-1.219718251377344131e-03
-1.946357777342200279e-03
-1.293277600780129433e-03
-3.339210525155067444e-03
-1.364816213026642799e-03
9.869001805782318115e-04
1.095960149541497231e-03
-3.713161917403340340e-03
1.378206536173820496e-03
-3.343576099723577499e-03
-1.250232802703976631e-03
3.680876921862363815e-03
-1.518190023489296436e-03
2.811241429299116135e-03
2.115799114108085632e-03
-1.797865261323750019e-03
-1.107942196540534496e-03
-7.013942376943305135e-05
-2.061756560578942299e-03
-2.429964486509561539e-03
1.145879738032817841e-03
-3.054317785426974297e-03
2.118967706337571144e-03
3.012113971635699272e-03
2.416415372863411903e-03
-2.878656378015875816e-03
2.594294259324669838e-03
1.124771428294479847e-03
2.964625833556056023e-03
-5.736902821809053421e-04
-1.517184573458507657e-04
-2.429681830108165741e-03
-2.930333372205495834e-03
2.343319589272141457e-03
-2.662112936377525330e-03
3.413456957787275314e-03
6.022556917741894722e-04
-1.954373874468728900e-04
-2.023168373852968216e-03
-4.637558595277369022e-04
-2.036869525909423828e-03
1.707445597276091576e-03
1.464752567699179053e-04
3.874591784551739693e-03
8.333644364029169083e-04
3.306956263259053230e-03
1.695387996733188629e-03
-3.807722125202417374e-03
-1.566559076309204102e-04
3.305396763607859612e-03
-1.482153427787125111e-03
5.505478475242853165e-05
-2.823773538693785667e-03
5.223862244747579098e-04
-1.995544647797942162e-03
2.152260713046416640e-04
2.292737131938338280e-03
-8.214303525164723396e-04
1.361621893011033535e-03
1.369167439406737685e-04
-2.739936579018831253e-03
-3.293321002274751663e-03
-9.271391318179666996e-04
2.777037210762500763e-03
-3.584027523174881935e-03
1.171817770227789879e-03
2.868191106244921684e-03
-2.203109579568263143e-05
-2.114857081323862076e-03
-1.760276034474372864e-03
-4.889729898422956467e-04
-1.569091924466192722e-03
-1.144439796917140484e-03
-2.927190857008099556e-03
-2.086911350488662720e-03
1.448369934223592281e-03
3.054284956306219101e-03
3.854108275845646858e-03
-1.226631808094680309e-03
-6.074216216802597046e-04
-3.008230589330196381e-03
-3.001502715051174164e-03
2.431960543617606163e-03
-8.157913689501583576e-04
1.294284738833084702e-04
-1.481798943132162094e-03
-1.178538892418146133e-03
2.269342512590810657e-04
2.046932699158787727e-03
-5.083214491605758667e-04
1.289968728087842464e-03
1.390380202792584896e-03
3.317597554996609688e-03
