2.602260559797286987e-03
-2.352383919060230255e-03
2.536416752263903618e-03
-5.948796751908957958e-04
-3.010684624314308167e-03
-4.073198360856622458e-04
-1.766027184203267097e-03
-3.238874021917581558e-03
1.397546613588929176e-03
-2.275522128911688924e-04
-5.126709002070128918e-04
3.824010491371154785e-03
3.279137425124645233e-03
2.768863458186388016e-03
2.858647843822836876e-03
9.948140941560268402e-04
-1.354936161078512669e-03
3.555708797648549080e-03
2.175398170948028564e-03
-3.536219708621501923e-03
-1.292815431952476501e-03
1.571570057421922684e-03
-1.674308325164020061e-03
-6.919100414961576462e-04
2.647674176841974258e-03
6.207965197972953320e-04
-2.330526243895292282e-03
7.028229883871972561e-04
6.239375215955078602e-04
1.599317300133407116e-03
-3.544206498190760612e-03
-2.299573272466659546e-03
-3.768053138628602028e-03
-1.702498877421021461e-03
3.645744640380144119e-03
2.881786320358514786e-03
-2.340298611670732498e-03
3.559034550562500954e-03
-3.227738197892904282e-03
1.356983440928161144e-03
-3.557052463293075562e-03
1.492667826823890209e-03
-2.848861040547490120e-03
-3.434935119003057480e-03
-2.470287494361400604e-03
-3.384558483958244324e-03
-1.813843846321105957e-03
-3.395202220417559147e-04
-3.291469765827059746e-03
1.246962056029587984e-04
-1.660013105720281601e-03
9.185634553432464600e-04
3.817640244960784912e-03
7.795696728862822056e-05
-3.413523780182003975e-03
3.701941343024373055e-03
1.928797108121216297e-03
3.849629312753677368e-03
-3.501182945910841227e-04
4.966708947904407978e-04
1.915919478051364422e-03
1.034263754263520241e-03
-3.703889204189181328e-03
1.805349253118038177e-03
-1.316283596679568291e-03
3.867497434839606285e-03
-2.824502764269709587e-03
-9.795537916943430901e-04
-5.672894767485558987e-04
-3.188423113897442818e-03
-2.616613055579364300e-04
3.185544162988662720e-03
-3.505542641505599022e-03
-3.108329547103494406e-04
3.630765713751316071e-03
2.574558136984705925e-03
1.756653509801253676e-04
2.223086776211857796e-03
-1.613538130186498165e-03
1.723474822938442230e-03
-3.712706500664353371e-03
1.387627446092665195e-03
2.213959116488695145e-03
3.620123956352472305e-03
1.053205458447337151e-03
1.016280657495371997e-04
3.830371657386422157e-03
-2.902440726757049561e-03
-6.288378499448299408e-04
-9.421537979505956173e-04
-7.978890789672732353e-04
1.410665427101776004e-04
-3.244309918954968452e-03
6.493817782029509544e-04
3.406306961551308632e-03
-3.855600487440824509e-03
2.792497165501117706e-03
5.181785090826451778e-04
-2.858656458556652069e-03
-3.322499396745115519e-04
2.240699395770207047e-04
1.446048845537006855e-03
-2.702908124774694443e-03
-3.481839550659060478e-03
2.381878904998302460e-03
7.250762428157031536e-04
-4.925500834360718727e-04
6.338339298963546753e-04
-4.189011233393102884e-04
-1.329769263975322247e-03
2.386777894571423531e-03
2.228226279839873314e-03
-3.767629852518439293e-03
9.620230994187295437e-04
3.612276865169405937e-03
2.377911237999796867e-03
-3.579135984182357788e-03
-2.053872740361839533e-04
3.236749442294239998e-03
3.338680835440754890e-03
3.183373017236590385e-03
-3.082234412431716919e-03
-3.480936400592327118e-03
1.547680003568530083e-03
8.184615289792418480e-04
2.236291300505399704e-03
1.918769325129687786e-03
3.367998637259006500e-03
-2.826756564900279045e-03
-1.642872230149805546e-03
-1.013841945677995682e-03
-1.085017458535730839e-03
-6.806269520893692970e-04
-9.437716216780245304e-04
1.498230500146746635e-03
-7.255019736476242542e-04
-3.283378202468156815e-03
3.354431362822651863e-03
-1.778114346961956471e-05
1.768339425325393677e-03
7.176832295954227448e-04
-3.175088437274098396e-03
-2.646316774189472198e-03
1.879995106719434261e-03
1.333837397396564484e-03
-2.609236165881156921e-03
3.252566792070865631e-03
3.043452743440866470e-03
2.080901991575956345e-03
3.783790627494454384e-03
-5.662213661707937717e-04
1.086651580408215523e-03
3.148548072203993797e-03
-9.028099593706429005e-04
1.718465588055551052e-03
-1.020292518660426140e-03
-1.231337315402925014e-03
2.147000515833497047e-03
-3.263164777308702469e-03
-2.965626306831836700e-03
1.653909217566251755e-03
-5.715266452170908451e-04
-1.668480806984007359e-03
-3.092806320637464523e-03
1.898120506666600704e-03
2.129145432263612747e-04
7.301495643332600594e-04
3.282834222773090005e-05
8.283175411634147167e-04
1.587430131621658802e-03
-2.959531499072909355e-03
-2.595772966742515564e-03
-1.572078559547662735e-03
-2.355538774281740189e-03
2.175895031541585922e-03
-2.416344126686453819e-03
6.362629355862736702e-04
3.809136105701327324e-03
-1.690404838882386684e-03
6.882068701088428497e-04
-3.832426620647311211e-03
-7.000838522799313068e-04
3.023718600161373615e-04
1.605729572474956512e-03
1.995254773646593094e-03
2.135242248186841607e-04
3.166219685226678848e-03
2.979099750518798828e-03
9.575057629263028502e-05
2.404480474069714546e-03
-3.229498397558927536e-03
3.606164595112204552e-03
6.518842419609427452e-04
-4.761493182741105556e-04
1.684511429630219936e-03
7.577089854748919606e-05
3.288221545517444611e-03
2.171950036427006125e-04
2.067723078653216362e-03
3.611874999478459358e-04
-1.156494487076997757e-03
2.984552644193172455e-03
-2.471290528774261475e-03
2.191405743360519409e-03
-5.552265793085098267e-04
8.785038371570408344e-04
7.735845283605158329e-04
3.499757964164018631e-03
3.047336125746369362e-03
-1.809860114008188248e-03
5.283577484078705311e-04
-6.461290759034454823e-04
-2.553629456087946892e-03
-1.085877534933388233e-03
-1.212948816828429699e-03
-2.246327931061387062e-03
-2.780379494652152061e-03
-2.219810383394360542e-03
1.571730594150722027e-03
3.723321715369820595e-03
5.357551272027194500e-04
2.281008986756205559e-03
2.402417594566941261e-03
-1.386540010571479797e-03
3.225183114409446716e-03
-1.384765608236193657e-03
-2.875328296795487404e-03
1.516873831860721111e-03
1.296328031457960606e-03
3.347170772030949593e-03
2.649697707965970039e-03
-8.022625697776675224e-04
-2.402374520897865295e-03
-2.837591106072068214e-03
-4.760599113069474697e-04
1.580428914166986942e-03
2.012419514358043671e-03
3.179505234584212303e-03
2.922567364294081926e-04
-1.093356870114803314e-03
-2.019865904003381729e-03
5.059863906353712082e-04
-1.925928983837366104e-03
5.462549743242561817e-04
2.595292171463370323e-03
-2.323177177459001541e-03
-1.841764780692756176e-03
3.529721579980105162e-04
-3.086130833253264427e-03
-1.336392597295343876e-03
1.686220988631248474e-03
1.797855948098003864e-03
2.273452701047062874e-03
1.853119931183755398e-03
2.937055891379714012e-03
-2.681393641978502274e-03
