-2.129087923094630241e-03
7.169253076426684856e-04
9.490579250268638134e-04
2.860028063878417015e-03
1.592484302818775177e-03
-1.889495062641799450e-03
2.513561630621552467e-03
5.866832725587300956e-05
1.082958304323256016e-03
3.831997746601700783e-03
6.729674059897661209e-04
-2.605992776807397604e-04
-1.612823107279837132e-03
2.928809728473424911e-03
2.617885824292898178e-03
3.526649670675396919e-03
3.663828596472740173e-03
3.127840347588062286e-03
-1.050246297381818295e-03
2.209062920883297920e-03
-3.853640053421258926e-03
-3.781704872380942106e-04
-3.495518583804368973e-03
3.267466789111495018e-03
2.924420172348618507e-03
-1.476016244851052761e-03
-1.194759737700223923e-03
1.932470360770821571e-03
3.820173675194382668e-03
-1.262682024389505386e-03
4.758173890877515078e-04
3.207429545000195503e-03
2.038896782323718071e-03
3.160961670801043510e-03
-5.691479891538619995e-04
-2.573474310338497162e-03
-1.177419442683458328e-03
-1.749984920024871826e-03
2.072107512503862381e-03
2.128246473148465157e-03
5.391595768742263317e-04
-1.134163234382867813e-03
1.192998115584487095e-05
-2.299468498677015305e-03
2.140048658475279808e-03
-1.786984154023230076e-03
3.371139522641897202e-03
5.015956121496856213e-04
3.440697910264134407e-03
2.612535143271088600e-03
7.575588533654808998e-04
3.792769275605678558e-03
3.846049541607499123e-03
-2.114978851750493050e-03
-1.613110769540071487e-03
3.076147986575961113e-03
2.240644767880439758e-03
-3.410444594919681549e-03
-3.366086502865073271e-07
-2.190638799220323563e-03
2.476438530720770359e-04
-2.004814334213733673e-03
3.601487493142485619e-03
2.359197940677404404e-03
1.566891325637698174e-03
-2.468070713803172112e-03
-1.649170415475964546e-03
2.627049339935183525e-03
-3.620112780481576920e-03
-3.737860126420855522e-03
1.839521690271794796e-03
3.314678091555833817e-03
-2.067980356514453888e-03
-8.007460855878889561e-04
-2.101574325934052467e-03
-7.256304379552602768e-04
2.702404977753758430e-03
-2.135664457455277443e-03
-3.808884182944893837e-03
3.132120706140995026e-03
-4.158031370025128126e-04
-2.500696340575814247e-03
-8.765604579821228981e-04
-7.661515846848487854e-04
2.025990979745984077e-03
2.048985799774527550e-03
-6.002911832183599472e-04
-9.796273661777377129e-04
-2.598610706627368927e-03
-3.286109073087573051e-03
3.149190451949834824e-03
-2.455284353345632553e-03
1.356727210804820061e-03
-1.972699101315811276e-04
1.253941678442060947e-03
-1.892636646516621113e-03
3.470028284937143326e-03
6.706196581944823265e-04
-2.807093085721135139e-03
-2.753800246864557266e-03
-1.177517464384436607e-03
1.643948256969451904e-03
3.808862762525677681e-03
1.021433155983686447e-03
-2.124128630384802818e-03
3.250724868848919868e-03
-9.936803253367543221e-04
1.789448899216949940e-03
2.960492158308625221e-03
2.318519400432705879e-03
2.976698335260152817e-03
-2.768881386145949364e-03
-1.449736533686518669e-03
-2.604320645332336426e-03
-7.989794248715043068e-04
2.707251813262701035e-03
-1.505168387666344643e-03
1.668855402385815978e-04
1.175065990537405014e-03
-3.595559392124414444e-03
3.552719252184033394e-03
1.942913862876594067e-03
-1.544951228424906731e-04
1.984721980988979340e-03
3.859425662085413933e-03
-9.867162443697452545e-04
1.503715157014084980e-05
-2.903782995417714119e-03
-2.146260812878608704e-03
1.738092978484928608e-03
2.088258974254131317e-03
-1.256626448594033718e-03
6.389858317561447620e-04
2.947178902104496956e-03
1.288526691496372223e-03
-1.966042909771203995e-03
1.265633909497410059e-04
-3.896921407431364059e-03
2.428376581519842148e-03
3.818188095465302467e-03
1.293148845434188843e-03
1.730031915940344334e-03
-2.527471864596009254e-03
2.023805631324648857e-03
-2.643370069563388824e-03
2.312167547643184662e-03
2.101232763379812241e-03
1.357259228825569153e-03
-3.414435312151908875e-03
-4.758582217618823051e-04
-3.599473042413592339e-03
-2.551671641413122416e-04
4.991927416995167732e-04
-3.049056278541684151e-03
1.059904694557189941e-03
3.881931770592927933e-03
4.946083645336329937e-04
8.637330611236393452e-04
-1.085624215193092823e-03
8.787545375525951385e-04
-5.747658433392643929e-04
7.683270378038287163e-04
2.768337435554713011e-04
2.309884876012802124e-03
1.834437367506325245e-03
-5.854307673871517181e-04
2.514031715691089630e-03
-1.049208338372409344e-03
-6.309381569735705853e-04
6.557173765031620860e-05
2.872331766411662102e-03
-2.573487814515829086e-03
-6.755288923159241676e-04
2.575683407485485077e-03
6.006447947584092617e-04
3.638315247371792793e-03
2.338720019906759262e-03
-1.916544977575540543e-03
3.439359134063124657e-03
-1.327955833403393626e-04
6.063828914193436503e-05
-1.687329146079719067e-03
-7.953912718221545219e-04
-3.380986861884593964e-03
1.193975214846432209e-03
2.195491921156644821e-03
-1.913066371344029903e-03
-3.361316630616784096e-03
2.276496728882193565e-03
-3.506802255287766457e-03
2.803361741825938225e-03
2.190538682043552399e-03
-5.323424702510237694e-04
-7.874445873312652111e-04
3.810828784480690956e-03
3.864739555865526199e-04
-3.262436483055353165e-03
-3.241032361984252930e-03
-1.993487967411056161e-04
1.643560011871159077e-03
3.681906266137957573e-03
2.724670339375734329e-03
-2.927085384726524353e-03
-1.873836154118180275e-03
3.190071438439190388e-04
-3.552426118403673172e-03
-3.377333283424377441e-03
-2.018643543124198914e-03
-3.317214781418442726e-03
-7.872089918237179518e-05
2.357119694352149963e-03
-3.588286926969885826e-04
-1.217704964801669121e-03
-1.794053358025848866e-03
-5.962907453067600727e-04
7.201787666417658329e-04
-3.259114222601056099e-03
7.501310901716351509e-04
-1.232351292856037617e-03
-2.954572119051590562e-05
-3.278126241639256477e-03
3.038706490769982338e-03
3.811257891356945038e-03
1.681677531450986862e-03
1.092214719392359257e-03
-2.097233664244413376e-03
4.214105138089507818e-05
-1.154846395365893841e-03
1.445070083718746901e-04
1.020148396492004395e-03
3.837149357423186302e-03
6.915273843333125114e-04
-3.204063745215535164e-03
-2.334630116820335388e-03
1.215924392454326153e-03
1.567256520502269268e-03
-1.932724262587726116e-03
-2.301015425473451614e-03
-1.115512568503618240e-03
3.103050636127591133e-03
2.406954998150467873e-03
1.184071064926683903e-03
-2.839389198925346136e-04
-1.054351218044757843e-03
-4.767931532114744186e-04
1.441610394977033138e-03
6.464847247116267681e-04
2.189295366406440735e-03
-8.166730403900146484e-04
-4.925634129904210567e-04
-1.893314416520297527e-03
-3.448284929618239403e-03
2.783305011689662933e-03
3.273074282333254814e-03
6.450915243476629257e-04
3.409228753298521042e-03
