1.348068704828619957e-03
4.351989773567765951e-04
1.876108464784920216e-03
-2.876715967431664467e-03
8.599722059443593025e-04
4.025371745228767395e-04
7.539921352872624993e-05
-1.024600700475275517e-03
-3.563615493476390839e-03
1.554481335915625095e-03
-2.639739541336894035e-03
8.906435105018317699e-04
3.524151397868990898e-03
2.970562782138586044e-03
-3.262624144554138184e-03
6.732049514539539814e-04
-1.578832016093656421e-04
3.162750741466879845e-03
3.288527252152562141e-03
8.138031698763370514e-04
2.616713056340813637e-03
2.270111814141273499e-03
-2.596638631075620651e-03
1.908293343149125576e-03
2.270891098305583000e-03
2.905983012169599533e-03
-1.686913776211440563e-03
3.103671828284859657e-03
-7.802018662914633751e-04
1.696045626886188984e-03
-5.038471426814794540e-04
-9.984879288822412491e-04
4.834751016460359097e-04
-3.407236654311418533e-03
2.713752444833517075e-03
-4.198246169835329056e-04
-6.784702418372035027e-04
1.270669745281338692e-04
2.054493175819516182e-03
3.403602400794625282e-03
1.594674395164474845e-04
6.067319773137569427e-04
-5.549889174290001392e-04
-1.590109663084149361e-03
-3.690530080348253250e-03
2.415593015030026436e-03
-3.157221712172031403e-03
-7.740197470411658287e-04
2.212283201515674591e-03
4.383026389405131340e-04
2.862809691578149796e-03
2.795582404360175133e-03
9.847697801887989044e-04
-2.072086092084646225e-03
-3.620215225964784622e-03
3.719234140589833260e-03
2.923650899901986122e-03
-8.976521203294396400e-04
6.108346042310586199e-06
-1.708575990051031113e-03
-1.914564636535942554e-03
-2.118922770023345947e-03
-1.397152082063257694e-03
-3.339835675433278084e-03
2.703284146264195442e-03
-3.421954577788710594e-03
-3.031067084521055222e-03
1.541630830615758896e-03
2.603167667984962463e-03
2.282494446262717247e-03
3.154338628519326448e-04
-1.051077386364340782e-03
9.786731097847223282e-04
2.914416836574673653e-03
3.275813069194555283e-03
-9.469432407058775425e-04
-4.793429980054497719e-04
-3.549454268068075180e-03
9.037008858285844326e-04
-3.236128715798258781e-03
-3.111398546025156975e-03
-3.725591581314802170e-03
2.362775616347789764e-03
-1.897003734484314919e-03
-1.440730062313377857e-03
-2.042816922767087817e-04
1.333027030341327190e-03
-2.856797771528363228e-03
9.746260475367307663e-04
-2.175911562517285347e-03
3.724369220435619354e-03
4.149676533415913582e-04
-7.653256761841475964e-04
-2.488049911335110664e-03
-3.684593830257654190e-03
-2.038535196334123611e-03
-1.090379548259079456e-03
3.330510575324296951e-03
3.242278937250375748e-03
-1.273056841455399990e-03
-3.882882185280323029e-03
-2.927332883700728416e-03
1.599449198693037033e-03
2.225348725914955139e-03
-1.256633549928665161e-03
-2.429179148748517036e-03
3.678043140098452568e-04
2.703886711969971657e-03
2.083757193759083748e-03
-2.683016471564769745e-03
-6.948513910174369812e-04
-1.818618271499872208e-03
-2.589334500953555107e-03
1.204500091262161732e-03
2.881065709516406059e-03
-3.727340954355895519e-04
4.086550907231867313e-04
-2.926460700109601021e-03
-4.120986850466579199e-04
-2.507450524717569351e-03
-2.534972038120031357e-03
2.729356056079268456e-03
-2.006296417675912380e-04
-2.932327101007103920e-03
1.553792972117662430e-03
3.005019156262278557e-03
4.447865358088165522e-04
2.627373440191149712e-03
-8.409034344367682934e-04
-9.875610703602433205e-04
3.362462855875492096e-03
2.056067809462547302e-03
-1.676518819294869900e-03
5.114124505780637264e-04
9.038722491823136806e-04
1.761132967658340931e-03
2.330058021470904350e-03
-2.227032324299216270e-03
2.117018448188900948e-03
-3.329045604914426804e-03
-3.080734750255942345e-03
-7.622460834681987762e-04
2.678237506188452244e-04
-2.151209395378828049e-03
-1.166985253803431988e-03
-7.802756153978407383e-04
1.970920857274904847e-04
-9.647823026170954108e-05
-1.735621946863830090e-03
1.745491405017673969e-03
-2.022499684244394302e-03
-3.233542898669838905e-03
1.167171285487711430e-04
3.594907000660896301e-03
2.787877107039093971e-03
-2.353771822527050972e-03
2.043381333351135254e-03
-1.686396426521241665e-03
2.863222267478704453e-03
-1.883906894363462925e-03
1.353376428596675396e-03
2.791644539684057236e-03
-1.001619617454707623e-03
2.982631325721740723e-03
1.016970199998468161e-04
3.129472024738788605e-03
-3.913168329745531082e-03
1.688116695731878281e-03
3.540381323546171188e-03
3.637777874246239662e-03
1.995566301047801971e-03
-3.191826166585087776e-03
2.185158664360642433e-03
-3.686976153403520584e-03
-8.225045166909694672e-04
9.388975013280287385e-05
-1.431560027413070202e-03
-3.405370283871889114e-03
7.169654127210378647e-04
-2.758408430963754654e-03
1.048995414748787880e-03
2.859548898413777351e-03
1.085552852600812912e-03
-3.794547170400619507e-03
8.139476412907242775e-04
-3.633533371612429619e-03
1.800662139430642128e-03
-3.606842597946524620e-03
-2.105428371578454971e-03
2.516991458833217621e-03
-3.179292252752929926e-04
1.296085887588560581e-03
-1.968047115951776505e-03
-3.331629093736410141e-03
3.105527954176068306e-03
2.510396065190434456e-03
1.990010496228933334e-03
2.076591597869992256e-03
2.022651955485343933e-03
2.009864430874586105e-03
2.601738087832927704e-04
-4.134769260417670012e-04
-1.181279891170561314e-03
1.710107899270951748e-03
-3.183697583153843880e-03
2.148933243006467819e-03
2.141338773071765900e-03
-3.136759914923459291e-04
3.402455011382699013e-03
3.282588906586170197e-03
-1.893796579679474235e-04
9.645537356846034527e-04
-2.826951676979660988e-03
-5.800561630167067051e-04
2.336197532713413239e-03
-2.961058402433991432e-03
5.876244176761247218e-05
3.476507728919386864e-03
1.368049765005707741e-03
2.267927164211869240e-03
3.495514392852783203e-03
2.185894176363945007e-03
-2.928750822320580482e-03
9.993392741307616234e-04
-3.816148964688181877e-03
-4.172164190094918013e-04
-1.970377750694751740e-03
3.714916529133915901e-03
-1.959868706762790680e-03
2.222506562247872353e-03
3.903509816154837608e-03
-2.675542840734124184e-03
-1.568649662658572197e-03
1.740188919939100742e-03
-6.786630547139793634e-05
3.354405285790562630e-03
3.682452719658613205e-03
-1.595903420820832253e-03
9.791062911972403526e-04
-2.274791710078716278e-03
-2.734927926212549210e-03
2.016666810959577560e-03
2.760939765721559525e-03
-2.069951966404914856e-03
-3.537659766152501106e-03
1.301046577282249928e-04
-1.863229554146528244e-03
2.681362209841609001e-03
2.765699522569775581e-03
-5.274309078231453896e-04
-3.612877626437693834e-04
1.854151953011751175e-03
3.086578100919723511e-03
2.501227660104632378e-03
2.907537622377276421e-03
-3.812179667875170708e-03
