-3.803610568866133690e-03
-1.555181079311296344e-04
1.825733459554612637e-03
2.975228708237409592e-03
2.621119376271963120e-03
-1.456249854527413845e-03
-3.502782899886369705e-03
3.117043524980545044e-04
2.242917194962501526e-03
9.422507137060165405e-04
-1.562617137096822262e-03
-1.413892488926649094e-03
-2.215378219261765480e-03
-1.842733705416321754e-03
-3.367198863998055458e-03
1.966449432075023651e-03
-1.184410881251096725e-03
-2.002865774556994438e-03
-3.737742779776453972e-03
2.848846139386296272e-03
-3.057352267205715179e-03
-2.652198774740099907e-03
-1.797501114197075367e-03
3.889639629051089287e-04
3.369729733094573021e-03
-2.453816123306751251e-03
5.477406375575810671e-05
-3.305347636342048645e-03
-1.929441816173493862e-03
1.566682825796306133e-03
-1.316594076342880726e-03
1.197250792756676674e-03
3.844903316348791122e-03
2.861065091565251350e-03
-3.320986870676279068e-03
-7.068279082886874676e-04
-3.489851485937833786e-03
-3.733623016159981489e-04
7.002061465755105019e-04
-1.495739866186340805e-06
3.515365300700068474e-03
1.012744731269776821e-03
7.052638102322816849e-04
-1.906184130348265171e-03
-2.887439681217074394e-03
3.546457970514893532e-03
7.880940684117376804e-04
2.282849745824933052e-03
3.512556198984384537e-03
-7.964050382724963129e-06
-3.281778423115611076e-03
-9.504222543910145760e-04
-3.171753836795687675e-03
2.279918873682618141e-03
7.070279098115861416e-04
1.323706586845219135e-03
3.819449571892619133e-03
-7.457759929820895195e-04
-1.081406022422015667e-03
-2.228625118732452393e-03
-8.866022690199315548e-04
1.780668855644762516e-03
3.550048277247697115e-04
-1.736194826662540436e-03
1.880373922176659107e-03
-1.412622397765517235e-03
1.466214423999190331e-03
2.965937601402401924e-03
-3.256307216361165047e-03
2.951735863462090492e-03
-3.833273658528923988e-04
-2.723145298659801483e-04
2.812759717926383018e-03
-5.131575744599103928e-04
2.208451507613062859e-03
2.751474967226386070e-03
-8.225331548601388931e-04
-1.352416584268212318e-03
2.613415941596031189e-03
-1.973446458578109741e-03
2.091860398650169373e-03
2.762481104582548141e-03
3.230929840356111526e-03
-2.138705225661396980e-03
1.015210873447358608e-04
2.861698623746633530e-03
3.110744990408420563e-03
3.521193051710724831e-03
-9.071164531633257866e-04
-1.804771949537098408e-03
3.852228168398141861e-03
8.890241151675581932e-04
2.479987218976020813e-03
1.116534578613936901e-03
8.692417759448289871e-05
-2.375128446146845818e-03
-2.838320797309279442e-03
1.944916948559693992e-05
9.016169933602213860e-04
3.582718083634972572e-03
-1.851032022386789322e-03
-2.020749961957335472e-03
2.519310684874653816e-03
-2.050620532827451825e-04
-5.950786871835589409e-04
6.440428551286458969e-04
1.726214773952960968e-03
-1.523214159533381462e-03
2.851500874385237694e-03
1.245606574229896069e-03
-3.625319804996252060e-03
1.306260237470269203e-03
-3.289559390395879745e-03
-1.602451084181666374e-03
-1.317658228799700737e-03
1.658329507336020470e-03
3.767665708437561989e-03
3.570805536583065987e-03
-2.240113448351621628e-03
-2.201348775997757912e-03
-1.580206560902297497e-03
3.302489873021841049e-03
1.151969656348228455e-03
-2.173919056076556444e-04
3.733946476131677628e-03
-4.827763186767697334e-04
2.761215437203645706e-03
2.598584862425923347e-03
-1.309326617047190666e-03
-1.517682452686131001e-03
-2.586833899840712547e-03
2.240278292447328568e-03
-3.660154528915882111e-03
-2.634180418681353331e-04
-3.751605749130249023e-03
-2.450372790917754173e-03
-3.225288121029734612e-03
-3.720388747751712799e-03
2.109302673488855362e-03
-5.177971906960010529e-04
9.402205614605918527e-05
3.898870898410677910e-03
-2.466872567310929298e-03
2.719931304454803467e-03
-1.887482067104429007e-04
-3.004908794537186623e-03
-2.148167230188846588e-03
-7.705843891017138958e-04
-3.660708433017134666e-03
2.902174601331353188e-03
-7.972516468726098537e-04
-1.349571510218083858e-03
1.641067443415522575e-03
-2.363500418141484261e-03
-1.855857670307159424e-03
-2.281187800690531731e-03
2.518834080547094345e-03
-1.326676108874380589e-03
3.532792834448628128e-05
1.805048523237928748e-04
-3.834110917523503304e-03
-2.499340102076530457e-03
-3.428873373195528984e-03
-7.688723271712660789e-04
-2.617698162794113159e-03
-1.292205997742712498e-03
1.916187233291566372e-03
1.685828086920082569e-03
2.784617478027939796e-03
-2.689955290406942368e-03
-1.700985128991305828e-03
-3.762879350688308477e-04
2.801009977702051401e-04
-2.074190881103277206e-03
3.624018281698226929e-03
1.339234178885817528e-03
-2.029158174991607666e-03
1.417432096786797047e-03
3.663079580292105675e-03
-2.342326100915670395e-03
-3.151816054014489055e-05
1.688775257207453251e-03
-3.700291039422154427e-03
1.162204076535999775e-03
6.648274720646440983e-04
2.746123354882001877e-03
-2.388980239629745483e-03
2.679263707250356674e-03
-1.468898262828588486e-03
-2.302083885297179222e-03
-6.523958290927112103e-04
2.380291000008583069e-03
-1.933015766553580761e-03
-3.273606533184647560e-03
-4.252049548085778952e-04
8.544299053028225899e-04
3.736580256372690201e-03
6.512368563562631607e-04
1.666989293880760670e-03
-1.706980401650071144e-03
2.708337851800024509e-04
3.798964200541377068e-03
-2.772578271105885506e-03
-3.890589578077197075e-03
2.233953680843114853e-03
5.670352256856858730e-04
-2.905589062720537186e-04
-2.794975880533456802e-03
2.284427406266331673e-03
2.375255804508924484e-03
-3.268089611083269119e-03
-1.363538554869592190e-03
1.686040428467094898e-03
-2.751857973635196686e-03
-3.448688657954335213e-04
7.600624230690300465e-04
2.177760237827897072e-03
-3.588748397305607796e-03
3.806654131039977074e-04
-2.425137907266616821e-03
-3.784118918702006340e-03
-3.612538333982229233e-03
-3.529418027028441429e-03
-2.151524415239691734e-03
-3.488874761387705803e-03
1.468427944928407669e-03
1.736690639518201351e-03
1.506042201071977615e-03
-1.704117981716990471e-03
-3.642512951046228409e-03
1.943413168191909790e-03
-1.753373187966644764e-03
1.642769668251276016e-03
2.787694800645112991e-03
3.006824059411883354e-03
-3.289832733571529388e-03
1.710148528218269348e-03
3.716452978551387787e-03
3.414054634049534798e-03
-2.682980382815003395e-03
-3.334327135235071182e-03
-7.015708833932876587e-04
1.665194286033511162e-03
-1.369712757878005505e-03
1.119934138841927052e-03
-1.855807378888130188e-03
-3.697830252349376678e-04
2.706234809011220932e-03
-1.179026789031922817e-03
-1.623172778636217117e-03
-1.252905116416513920e-03
-2.588124480098485947e-03
-2.818810287863016129e-03
-1.021137693896889687e-03
2.951681381091475487e-03
-3.672385064419358969e-04
