2.995607210323214531e-04
3.096043132245540619e-03
-2.262427704408764839e-03
-2.673494396731257439e-03
-6.708543514832854271e-05
4.108495195396244526e-04
-6.922820466570556164e-04
3.583818906918168068e-03
2.304734429344534874e-03
-9.740582900121808052e-04
2.943895058706402779e-03
1.643388997763395309e-03
2.489038277417421341e-03
1.394468476064503193e-03
1.265003462322056293e-03
2.883032662793993950e-03
1.225621206685900688e-03
-5.956572713330388069e-04
-2.763752592727541924e-03
2.023413107963278890e-04
2.868148498237133026e-03
1.328137936070561409e-03
1.434402074664831161e-03
-2.070538932457566261e-03
1.799083314836025238e-03
5.615365807898342609e-04
7.776952115818858147e-04
6.649005226790904999e-04
-2.969333436340093613e-03
3.297498216852545738e-03
-6.782832206226885319e-04
-3.262167738284915686e-04
3.603165037930011749e-03
-9.521816973574459553e-04
2.974614966660737991e-03
2.301529282703995705e-03
-9.604456718079745770e-04
1.653967046877369285e-04
2.607028465718030930e-03
4.896902246400713921e-04
2.507759258151054382e-03
2.243171446025371552e-03
-2.197221154347062111e-03
1.309687620960175991e-03
2.648856258019804955e-03
8.721324265934526920e-04
-1.875918009318411350e-03
-3.783559193834662437e-03
3.736262675374746323e-03
-2.818984445184469223e-03
-2.825128380209207535e-03
-1.818414311856031418e-04
1.788818393833935261e-03
-2.574719255790114403e-03
-2.376811578869819641e-03
3.131740493699908257e-03
-2.685286162886768579e-04
4.574160811898764223e-06
9.702910901978611946e-04
3.117213491350412369e-04
-1.602615811862051487e-03
3.671430051326751709e-03
3.515194111969321966e-04
4.753933462779968977e-04
2.480426803231239319e-03
1.557027571834623814e-03
3.297470277175307274e-03
3.172604599967598915e-03
1.279135321965441108e-04
2.411491470411419868e-03
1.667311182245612144e-03
-1.171663752757012844e-03
2.739114686846733093e-03
-1.157541526481509209e-03
-5.110279307700693607e-04
2.059440361335873604e-03
-5.986638134345412254e-04
-1.361347152851521969e-03
-1.299246679991483688e-03
-7.485112873837351799e-04
-1.494994387030601501e-03
-1.261751167476177216e-03
1.278887852095067501e-03
-3.866763086989521980e-03
3.778090002015233040e-03
4.509346763370558619e-05
3.183155553415417671e-03
3.490572096779942513e-03
-2.568553900346159935e-03
2.120666205883026123e-03
3.068270161747932434e-03
-2.234743908047676086e-03
-1.914363936521112919e-03
1.031008665449917316e-03
-2.728059887886047363e-03
-2.374328440055251122e-03
-2.199360635131597519e-03
5.768712144345045090e-04
-3.550903173163533211e-03
-3.006184473633766174e-03
1.549711334519088268e-03
-1.668269862420856953e-03
-2.985377563163638115e-03
2.995668444782495499e-03
2.075433498248457909e-03
2.569692209362983704e-03
-1.445667119696736336e-03
3.370997961610555649e-03
-2.720357850193977356e-03
-3.805438289418816566e-03
1.523316488601267338e-03
-1.292637665756046772e-03
3.322003176435828209e-03
-3.257359378039836884e-03
3.957164590246975422e-04
-1.769660622812807560e-03
-2.454073633998632431e-03
1.270911772735416889e-03
-4.346300556790083647e-04
-4.630689218174666166e-04
1.066568802343681455e-04
-1.598184229806065559e-03
3.708416596055030823e-03
-2.606746973469853401e-03
-7.884885999374091625e-04
-2.934189978986978531e-03
3.279659431427717209e-03
3.560634562745690346e-03
2.053604926913976669e-03
1.698084670351818204e-04
-2.837293548509478569e-03
-5.658514564856886864e-04
3.540131263434886932e-03
-2.055178163573145866e-03
2.485219622030854225e-03
-3.164567169733345509e-04
3.026341320946812630e-03
2.617085818201303482e-03
-2.069251611828804016e-03
3.471893025562167168e-03
1.505983644165098667e-03
1.104119000956416130e-03
-7.334616966545581818e-04
1.912260660901665688e-03
-1.996937440708279610e-03
-2.320755273103713989e-03
-2.016398590058088303e-03
-2.820907859131693840e-03
2.881755819544196129e-03
3.184118075296282768e-03
-3.089169971644878387e-03
1.460325438529253006e-03
-2.213872969150543213e-03
2.103582723066210747e-03
2.629559894558042288e-04
-2.217317931354045868e-03
-3.747552633285522461e-03
-3.823766950517892838e-03
-3.201106563210487366e-03
2.707297680899500847e-03
3.015826689079403877e-03
2.387074986472725868e-03
1.098488457500934601e-03
-3.552280366420745850e-03
3.843344282358884811e-03
-5.434675258584320545e-04
-2.595228143036365509e-03
-2.256726147606968880e-03
1.629126840271055698e-03
-3.602957120165228844e-03
5.444597918540239334e-04
2.239804482087492943e-03
-4.294471291359513998e-04
-2.902048872783780098e-03
-2.854554331861436367e-04
8.196264971047639847e-04
9.209376730723306537e-05
2.606234920676797628e-04
-1.380872854497283697e-04
-2.712630433961749077e-03
-2.470607403665781021e-03
-1.645829877816140652e-03
-6.267642602324485779e-04
2.460564486682415009e-03
-1.929578866111114621e-04
-2.023917157202959061e-03
3.190028481185436249e-03
2.778228372335433960e-03
-9.387686150148510933e-04
-2.075012074783444405e-03
1.364200958050787449e-03
-2.923742169514298439e-03
2.492635510861873627e-03
2.683222061023116112e-03
-3.154604928568005562e-03
2.044021151959896088e-03
7.282943697646260262e-04
3.013418754562735558e-03
-1.051090541295707226e-03
1.303249388001859188e-03
3.839664161205291748e-03
2.492157182132359594e-05
-1.791605609469115734e-03
-2.707684878259897232e-03
-1.806022366508841515e-03
2.348377835005521774e-03
5.971282371319830418e-04
4.056694742757827044e-04
2.487191930413246155e-03
3.608903149142861366e-03
-3.959051391575485468e-04
1.689290744252502918e-03
-3.075540880672633648e-04
-1.622195122763514519e-03
9.277503704652190208e-04
5.846528219990432262e-04
-8.692179835634306073e-05
-3.187161637470126152e-03
-2.553706755861639977e-03
-8.287731907330453396e-04
-1.907307887449860573e-03
3.639623522758483887e-03
2.900995546951889992e-03
1.883457298390567303e-03
5.067148013040423393e-04
-1.473189797252416611e-03
-2.968147862702608109e-03
2.591101219877600670e-03
-3.064880846068263054e-03
-1.729219104163348675e-03
2.196783898398280144e-03
-1.739673607517033815e-04
1.204281696118414402e-03
1.136591192334890366e-03
-1.451747259125113487e-03
-5.366214318200945854e-04
-2.448736224323511124e-03
-8.356077014468610287e-04
-6.798407994210720062e-04
-1.805078471079468727e-03
2.648622728884220123e-03
1.106016105040907860e-03
-1.119299209676682949e-03
-3.732409561052918434e-03
1.835889765061438084e-03
-1.139104831963777542e-03
3.702417248860001564e-03
-3.317770315334200859e-03
4.588576557580381632e-04
3.836724907159805298e-03
-3.178093116730451584e-03
-1.319925417192280293e-03
1.397929270751774311e-03
3.090249141678214073e-03
-2.232625149190425873e-03
-3.647639416158199310e-03
