-3.369015408679842949e-03
2.266094554215669632e-03
-1.660436682868748903e-04
3.897783579304814339e-03
-2.087244065478444099e-03
-1.922325755003839731e-04
3.040436189621686935e-03
-1.586979837156832218e-03
-1.958444947376847267e-03
6.145603838376700878e-04
1.040631788782775402e-03
-1.005058875307440758e-03
2.517211250960826874e-03
-2.991495421156287193e-03
1.321736490353941917e-03
1.906649413285776973e-04
3.415527986362576485e-03
2.342110499739646912e-03
2.669821027666330338e-03
3.056444227695465088e-03
-3.709646407514810562e-03
3.733120160177350044e-03
-3.039295319467782974e-03
-1.028474187478423119e-03
-1.920509617775678635e-03
-1.940425601787865162e-03
-3.138420637696981430e-03
-3.037476679310202599e-03
-1.776816905476152897e-03
-4.963987157680094242e-04
-1.993612619116902351e-03
2.398111158981919289e-03
-3.720771521329879761e-03
-2.077980665490031242e-03
3.687234595417976379e-03
2.739020623266696930e-03
2.996820956468582153e-03
1.659610075876116753e-03
2.026013971772044897e-04
-2.338895108550786972e-03
2.354536205530166626e-03
1.036300905980169773e-03
3.005755599588155746e-03
2.498608781024813652e-03
3.108099102973937988e-03
3.383158473297953606e-03
-3.866665763780474663e-03
-2.652449533343315125e-03
5.216954159550368786e-04
2.514362335205078125e-03
2.878959989175200462e-03
2.160564763471484184e-03
2.989626722410321236e-03
-2.001226181164383888e-03
2.569244941696524620e-03
-1.606182544492185116e-03
-3.541546873748302460e-03
3.578070783987641335e-03
5.199915030971169472e-04
-1.078732078894972801e-03
-9.612500434741377831e-04
-1.653041224926710129e-03
1.884303521364927292e-03
1.718352083116769791e-03
-1.030931598506867886e-03
-2.872060984373092651e-03
-1.397271291352808475e-03
-1.283484307350590825e-04
2.387471497058868408e-03
-1.112648751586675644e-03
-4.772007014253176749e-05
3.429334901738911867e-04
-2.778748748824000359e-03
8.012381149455904961e-04
-5.647906800732016563e-04
1.102181733585894108e-03
1.887703198008239269e-03
-5.267944070510566235e-04
-1.087700482457876205e-03
3.019483759999275208e-03
1.973600126802921295e-03
2.627335954457521439e-03
1.774974633008241653e-03
3.381079062819480896e-03
2.922285348176956177e-03
-4.200233670417219400e-04
3.425457281991839409e-03
1.796027761884033680e-03
2.129154046997427940e-03
-5.476088263094425201e-04
-7.917525945231318474e-04
-1.736905425786972046e-03
-3.326714504510164261e-03
1.185425906442105770e-03
3.471538191661238670e-03
3.488668240606784821e-03
-7.656270172446966171e-04
2.378822537139058113e-03
1.479433150961995125e-03
-1.675304374657571316e-03
8.007349679246544838e-04
-2.125163329765200615e-03
3.204801585525274277e-03
2.120456658303737640e-03
1.240422949194908142e-03
1.596322399564087391e-03
3.380716079846024513e-03
2.840510103851556778e-03
-3.187338588759303093e-04
-2.768831560388207436e-03
3.281035460531711578e-03
2.823440823704004288e-03
6.718113436363637447e-04
-5.296128802001476288e-04
-2.306567505002021790e-03
-1.769251772202551365e-03
3.376403357833623886e-03
-1.217839890159666538e-03
-2.466380596160888672e-03
3.855508752167224884e-03
3.008486470207571983e-03
3.563849721103906631e-03
4.457850300241261721e-04
-3.255015937611460686e-03
3.291933331638574600e-03
-1.447067246772348881e-03
2.237014938145875931e-03
1.715626218356192112e-03
3.787026973441243172e-03
-3.633526386693120003e-03
3.596937516704201698e-03
-3.632090287283062935e-03
-2.699821721762418747e-03
-3.562316996976733208e-03
-2.167983679100871086e-03
2.877842402085661888e-03
3.580005606636404991e-03
-1.292326487600803375e-03
1.450219657272100449e-03
-1.411355100572109222e-03
3.085901727899909019e-03
2.296372316777706146e-03
-5.883734502276638523e-06
-1.412323326803743839e-03
-2.831724239513278008e-03
1.868381514213979244e-03
5.635439883917570114e-04
-1.013671979308128357e-03
3.067952347919344902e-03
-1.585141289979219437e-03
-3.576986957341432571e-03
-8.808394777588546276e-04
4.921386789646930993e-05
-2.595411380752921104e-03
-2.138027222827076912e-03
-3.328683320432901382e-03
3.608682425692677498e-03
2.900287276133894920e-03
-1.171109761344268918e-04
2.874429337680339813e-03
3.100529778748750687e-03
-3.101241891272366047e-04
2.583514666184782982e-03
1.481367624364793301e-03
1.984020229429006577e-03
2.832199214026331902e-03
-1.852845656685531139e-03
-8.623694302514195442e-04
3.440348664298653603e-04
1.654940191656351089e-03
1.294514862820506096e-03
1.990574644878506660e-03
1.792113645933568478e-03
-3.298342227935791016e-03
-1.249452703632414341e-03
-2.828565659001469612e-03
3.782252082601189613e-03
1.962318783625960350e-03
7.561923848697915673e-05
1.609987695701420307e-03
-2.996916649863123894e-03
-2.460326999425888062e-03
1.202479004859924316e-03
2.553539117798209190e-03
1.541156205348670483e-03
2.353263320401310921e-03
-7.742329034954309464e-04
-1.307516009546816349e-03
8.562906441511586308e-05
-1.255020266398787498e-03
-2.155839465558528900e-03
-3.049860941246151924e-03
2.556141698732972145e-03
-4.298585117794573307e-04
-7.359607843682169914e-04
-3.049185266718268394e-03
3.644846146926283836e-03
3.369820478837937117e-04
6.887867348268628120e-04
9.720509988255798817e-04
-2.886065980419516563e-03
6.447412888519465923e-04
1.162049826234579086e-03
-3.348713275045156479e-03
1.936607295647263527e-03
9.540113969705998898e-04
2.938031218945980072e-03
1.972249010577797890e-03
-1.182763604447245598e-03
-2.806138712912797928e-03
2.774966182187199593e-03
7.544610416516661644e-04
2.032516989856958389e-03
2.496129833161830902e-03
7.493722951039671898e-04
-2.391018904745578766e-03
-5.738373147323727608e-06
3.233723342418670654e-03
-2.386267296969890594e-03
3.693012520670890808e-03
-2.808565041050314903e-03
1.655699219554662704e-03
8.450618479400873184e-04
2.910927636548876762e-03
-1.907605328597128391e-03
-1.783219049684703350e-03
-2.383778337389230728e-03
1.287774299271404743e-03
-1.762677798978984356e-03
3.332873573526740074e-03
-1.677868538536131382e-03
-3.554474795237183571e-03
-1.883997581899166107e-03
2.514571184292435646e-03
-2.497071400284767151e-03
-2.052330877631902695e-03
-2.857963088899850845e-03
2.355847973376512527e-03
1.305745798163115978e-03
1.115593477152287960e-03
-1.228974433615803719e-03
2.361498540267348289e-03
-2.404735190793871880e-03
-7.700038840994238853e-04
-2.333130454644560814e-03
-3.967260417994111776e-04
-7.884227670729160309e-04
3.316168673336505890e-03
3.456442573224194348e-05
-3.353062551468610764e-03
-2.121424069628119469e-03
-2.685644896700978279e-03
1.058078720234334469e-03
3.693963633850216866e-03
-2.270305296406149864e-03
3.229752881452441216e-03
