2.243528608232736588e-03
3.340878756716847420e-03
-3.473794087767601013e-03
2.040154300630092621e-03
3.184524364769458771e-03
-9.841280989348888397e-04
1.004361081868410110e-03
-3.160709049552679062e-03
3.642394673079252243e-03
1.796568511053919792e-03
3.595690242946147919e-03
-1.747948699630796909e-03
-3.724848618730902672e-03
1.329317456111311913e-04
-2.070905873551964760e-03
-3.779825987294316292e-03
4.771362291648983955e-04
-2.519195433706045151e-03
-7.848967215977609158e-04
-3.625780809670686722e-03
1.778698875568807125e-03
-1.612287713214755058e-03
-2.344990149140357971e-03
-1.885255216620862484e-03
-1.602980773895978928e-03
1.828137552365660667e-03
2.542196540161967278e-03
2.942580962553620338e-03
3.365405835211277008e-03
1.795271644368767738e-03
1.417662249878048897e-03
-9.058073628693819046e-04
3.340836381539702415e-03
3.328103804960846901e-03
1.222960883751511574e-03
-3.567173611372709274e-03
-3.909511025995016098e-03
-1.432437798939645290e-03
3.165587550029158592e-03
3.447772003710269928e-03
-2.567549934610724449e-03
-1.836714218370616436e-03
1.253088703379034996e-04
2.976996591314673424e-03
3.967876182287000120e-05
-3.871134947985410690e-03
3.250444715376943350e-04
-2.385081461397930980e-04
-1.474079326726496220e-03
1.466413727030158043e-03
3.634790424257516861e-03
-6.413927621906623244e-05
-3.408292541280388832e-04
2.404911792837083340e-04
-3.998388128820806742e-04
-2.620226470753550529e-03
-1.237383461557328701e-03
-5.441107787191867828e-04
1.783879473805427551e-03
2.916157012805342674e-03
-9.116278961300849915e-04
1.669738441705703735e-03
1.434430130757391453e-03
-5.035265930928289890e-04
-3.486524103209376335e-03
1.078338013030588627e-03
-2.484642202034592628e-03
-1.492023817263543606e-03
-2.227968536317348480e-03
1.439142215531319380e-04
-2.908031921833753586e-03
-3.727329196408390999e-03
1.030930550768971443e-03
-3.652945160865783691e-03
-5.860547535121440887e-04
-3.053887281566858292e-03
-1.117865554988384247e-03
-8.709404501132667065e-04
1.030292711220681667e-03
-6.499253213405609131e-04
-3.883221885189414024e-03
1.722274755593389273e-04
1.747292815707623959e-03
-1.617262372747063637e-03
-1.693474943749606609e-03
2.666415879502892494e-03
-2.998454030603170395e-03
-3.592822235077619553e-03
1.015018438920378685e-03
-1.830844121286645532e-04
1.597285969182848930e-03
1.290412503294646740e-03
-1.434381701983511448e-03
8.078164537437260151e-04
-2.868082607164978981e-03
1.712402212433516979e-03
-6.919904262758791447e-04
-3.384039271622896194e-03
-1.836344017647206783e-03
-3.511359915137290955e-03
2.348007168620824814e-03
-1.162452506832778454e-03
2.915401419159024954e-04
3.242097795009613037e-03
1.928362762555480003e-03
3.611354157328605652e-03
-3.750574542209506035e-04
-2.645331434905529022e-03
-3.202008316293358803e-03
5.001891986466944218e-04
5.957057583145797253e-04
1.841007848270237446e-03
-1.695930724963545799e-03
2.261318266391754150e-03
1.143463188782334328e-03
-3.166596870869398117e-03
-1.818557793740183115e-04
-1.559752621687948704e-03
1.724508358165621758e-03
-3.068914404138922691e-03
2.408501924946904182e-03
-3.303237608633935452e-04
-1.385554438456892967e-03
-1.745649031363427639e-03
2.582434797659516335e-03
3.103204071521759033e-03
2.856529783457517624e-03
-2.876614686101675034e-03
-1.084651376004330814e-04
1.808304688893258572e-03
-2.448819344863295555e-03
-3.251271089538931847e-03
-4.454514128156006336e-04
1.905506593175232410e-03
-1.825762446969747543e-03
3.124977229163050652e-03
3.327133599668741226e-03
5.030555767007172108e-04
-5.049385363236069679e-04
-3.051874693483114243e-03
1.196040539070963860e-03
-1.840421697124838829e-03
3.186690388247370720e-03
2.957452088594436646e-03
3.034009365364909172e-03
2.337813610211014748e-03
-4.963965038768947124e-04
-2.884592395275831223e-03
-9.251300361938774586e-04
3.010824788361787796e-03
-2.586856717243790627e-03
3.811297006905078888e-03
8.299152250401675701e-04
9.281505481339991093e-05
-2.186950296163558960e-03
-1.525040483102202415e-03
3.210409777238965034e-03
-2.411216264590620995e-03
3.082751762121915817e-03
-2.228673081845045090e-03
3.546914085745811462e-04
-4.793927073478698730e-04
-2.170762047171592712e-03
6.082357140257954597e-04
3.805669257417321205e-03
-9.625531383790075779e-04
-3.627282567322254181e-03
-3.779966151341795921e-03
-1.546837389469146729e-03
-1.919850707054138184e-03
-6.818337715230882168e-04
-1.816245261579751968e-03
-3.373191226273775101e-03
-2.797954250127077103e-03
3.562208265066146851e-03
-1.213844050653278828e-03
3.059263806790113449e-03
-2.646270673722028732e-03
2.871168078854680061e-03
3.878281917423009872e-03
-1.901296083815395832e-03
3.145902650430798531e-03
2.102434169501066208e-03
2.717129886150360107e-03
-4.981474194210022688e-05
1.373512204736471176e-03
4.861234046984463930e-04
2.583147492259740829e-03
-2.902188571169972420e-04
-1.941557420650497079e-04
-1.852565677836537361e-03
1.152857556007802486e-03
-9.647182305343449116e-04
-1.209016423672437668e-03
-1.443264074623584747e-03
2.230676356703042984e-03
2.974718110635876656e-03
-2.975734882056713104e-03
-2.388221677392721176e-03
-6.168441032059490681e-04
3.737277118489146233e-03
2.741161966696381569e-03
-3.327048383653163910e-03
-2.033066004514694214e-03
-9.960840689018368721e-04
-8.595127146691083908e-04
-4.048101254738867283e-04
3.278867807239294052e-03
1.975744031369686127e-03
5.991813377477228642e-04
-1.608307589776813984e-03
3.625845070928335190e-03
9.434078237973153591e-04
-2.849783981218934059e-03
1.449709176085889339e-03
-1.360801863484084606e-03
3.710133314598351717e-04
-2.632184652611613274e-03
2.234722254797816277e-03
3.652078448794782162e-04
3.862959332764148712e-03
4.745537298731505871e-04
1.112839090637862682e-03
-2.386950654909014702e-03
1.723038847558200359e-03
3.780593164265155792e-03
-2.083034720271825790e-03
2.498185262084007263e-03
-2.266389783471822739e-03
-2.012612530961632729e-03
2.416013303445652127e-04
-3.462845925241708755e-03
-4.508715937845408916e-04
2.455222886055707932e-03
2.454832894727587700e-03
3.860022174194455147e-03
2.768655773252248764e-03
2.065058564767241478e-03
3.296326845884323120e-03
-1.399098429828882217e-03
-2.877866383641958237e-03
1.232210546731948853e-03
-1.588729646755382419e-04
9.663784876465797424e-04
-3.290083725005388260e-03
-1.478098914958536625e-03
2.584559661045204848e-05
3.547165310010313988e-03
3.313608467578887939e-03
-2.532609039917588234e-03
-3.644576761871576309e-03
-3.243879415094852448e-03
2.567207673564553261e-03
-3.561303950846195221e-03
2.561093540862202644e-03
-2.376570191700011492e-04
