-5.161761655472218990e-04
-2.436477690935134888e-03
-7.932606968097388744e-04
-2.634746488183736801e-04
5.623021861538290977e-04
-3.793550888076424599e-03
-2.511907834559679031e-03
-1.213712734170258045e-03
3.504331689327955246e-03
-2.177131595090031624e-03
2.156860195100307465e-03
-3.385054180398583412e-03
7.726925541646778584e-04
-3.674501087516546249e-03
-2.475379733368754387e-03
-3.613487817347049713e-03
-3.551749279722571373e-03
-3.462428227066993713e-03
-2.448103041388094425e-04
-1.798210549168288708e-03
3.896861802786588669e-03
-7.238750695250928402e-04
-8.693197742104530334e-04
2.881500637158751488e-03
-8.578610722906887531e-04
2.767897909507155418e-03
4.352988617029041052e-04
-3.842027392238378525e-03
2.380489604547619820e-03
-3.686110954731702805e-03
-9.480073931626975536e-04
1.221499871462583542e-03
-2.122142352163791656e-03
1.526236417703330517e-03
-6.607748800888657570e-04
1.729668350890278816e-03
6.130025722086429596e-04
-3.312012180685997009e-03
-3.579006996005773544e-03
-1.699230284430086613e-03
-8.558912086300551891e-04
-3.131984500214457512e-03
3.134733298793435097e-03
-8.371229632757604122e-04
2.903088461607694626e-03
1.264017773792147636e-03
3.475946141406893730e-03
2.739422256126999855e-03
7.262517465278506279e-04
3.268043277785181999e-03
-4.676454700529575348e-04
-8.809014107100665569e-04
-1.716198050417006016e-03
7.222942076623439789e-04
-1.847201026976108551e-03
-2.672815695405006409e-03
9.442073060199618340e-04
3.033596090972423553e-03
-2.640955150127410889e-03
1.432190998457372189e-03
3.725609276443719864e-03
3.149142023175954819e-03
2.814513631165027618e-03
-2.587600843980908394e-03
-3.334823122713714838e-04
3.788476460613310337e-04
-3.195539815351366997e-03
-2.634210744872689247e-03
-6.735438364557921886e-04
1.247813779627904296e-04
3.591964952647686005e-03
1.627492485567927361e-03
2.820580964908003807e-03
8.228971855714917183e-04
-1.390661927871406078e-03
2.922275103628635406e-03
-1.441594678908586502e-03
2.659060060977935791e-03
1.920767012052237988e-03
2.014842815697193146e-03
-3.745064139366149902e-03
-9.256706835003569722e-05
1.686992589384317398e-03
-3.114819992333650589e-04
-3.122651542071253061e-04
1.810448360629379749e-03
-1.073605963028967381e-03
7.740883738733828068e-04
-3.187859896570444107e-03
1.585696241818368435e-03
2.933184849098324776e-03
3.001533215865492821e-03
-1.810682471841573715e-03
-3.719065571203827858e-03
5.919137038290500641e-04
1.872451277449727058e-03
-3.595659276470541954e-03
-5.786147667095065117e-04
3.650899743661284447e-03
-1.197562902234494686e-03
-1.642827177420258522e-03
2.265367074869573116e-04
-2.349325222894549370e-03
1.281745964661240578e-03
-2.375648124143481255e-03
9.559990139678120613e-04
1.402735128067433834e-03
-9.069448569789528847e-04
1.985858834814280272e-04
-8.627570932731032372e-04
3.765539964661002159e-03
3.218715544790029526e-03
1.392680132994428277e-04
1.803612452931702137e-03
-2.099688863381743431e-03
1.395780360326170921e-03
2.118275966495275497e-03
3.488159971311688423e-03
2.516077598556876183e-03
-3.912555519491434097e-03
2.778886584565043449e-03
-1.707339688437059522e-04
-3.366209566593170166e-04
-3.752001794055104256e-04
-1.952203223481774330e-03
3.844514954835176468e-03
-3.046259516850113869e-03
-2.367057604715228081e-03
-7.291008369065821171e-04
-7.972070015966892242e-04
8.963966974988579750e-04
-1.256835064850747585e-03
-3.242845181375741959e-03
1.953810686245560646e-03
5.779098719358444214e-04
1.990451419260352850e-04
4.553102189674973488e-04
1.129349693655967712e-03
-9.679899667389690876e-04
-1.938501256518065929e-03
-3.730838652700185776e-03
-3.516126424074172974e-03
3.299875417724251747e-03
2.156212925910949707e-03
2.921837149187922478e-03
-2.883953275159001350e-03
1.668890006840229034e-03
-7.472953293472528458e-04
2.403931925073266029e-03
-3.188835456967353821e-03
-3.096298314630985260e-04
-1.281335949897766113e-03
1.180329010821878910e-03
-1.802319078706204891e-03
8.719019824638962746e-04
-2.252820413559675217e-03
-6.910787196829915047e-04
-2.667608438059687614e-03
1.269955420866608620e-03
-7.074035820551216602e-04
1.158589730039238930e-03
1.178072299808263779e-03
2.230564830824732780e-03
1.028126571327447891e-03
-2.648626687005162239e-03
4.077368648722767830e-04
3.276452189311385155e-03
4.448126128409057856e-04
1.489339396357536316e-03
1.268554013222455978e-03
-3.730533411726355553e-03
-1.183295156806707382e-03
-1.994275720790028572e-03
9.075538255274295807e-04
1.155966660007834435e-03
-2.462502103298902512e-03
1.580461161211133003e-03
-3.537117037922143936e-03
-1.941430964507162571e-03
-1.848916523158550262e-03
-3.077543107792735100e-03
2.494313521310687065e-03
-1.582658034749329090e-03
3.506501438096165657e-03
1.471729017794132233e-03
3.300451207906007767e-03
1.420404878444969654e-03
-1.258457778021693230e-03
-5.398815847001969814e-04
1.447174930945038795e-03
6.206807447597384453e-04
-6.503862678073346615e-04
3.515264485031366348e-03
-3.437123261392116547e-03
-3.344927099533379078e-04
-1.412070589140057564e-03
-2.108204935211688280e-04
-8.118709229165688157e-05
-3.796011209487915039e-03
-9.526242502033710480e-04
-3.537367156241089106e-04
2.871453296393156052e-03
-3.518881741911172867e-03
-2.575435210019350052e-04
-1.049440121278166771e-03
1.141338958404958248e-03
-1.804233412258327007e-03
1.602737931534647942e-03
1.716402126476168633e-03
2.744025783613324165e-03
-1.038389862515032291e-03
-1.458962680771946907e-03
-3.855893621221184731e-03
2.802171744406223297e-03
1.988804666325449944e-03
2.512868959456682205e-03
-3.091423306614160538e-03
-1.921575516462326050e-03
7.701051654294133186e-04
-9.718886576592922211e-04
-2.198559959651902318e-04
-1.865773927420377731e-03
3.590530948713421822e-03
-1.939951675012707710e-03
3.802077146247029305e-03
-3.758299397304654121e-03
-2.373303053900599480e-03
-6.533038686029613018e-04
1.195081640616990626e-04
9.650455322116613388e-04
1.340267248451709747e-03
-2.865575253963470459e-03
-1.443712972104549408e-04
-5.827550776302814484e-04
-7.745424518361687660e-04
3.509012749418616295e-03
-6.439414573833346367e-04
-1.851610839366912842e-03
-2.139744814485311508e-03
-3.368424251675605774e-03
-2.814794890582561493e-03
-1.634839456528425217e-03
6.612545112147927284e-04
3.825508523732423782e-03
-2.900715451687574387e-03
1.706209266558289528e-03
-5.577624324359931052e-05
-2.896573394536972046e-03
2.484055294189602137e-04
3.057725029066205025e-03
-1.449290721211582422e-04
-1.888907980173826218e-03
7.559838704764842987e-04
3.627018770202994347e-03
1.230858033522963524e-03
3.454508958384394646e-03
