-5.079569527879357338e-04
-3.452904988080263138e-03
-3.838576842099428177e-03
1.743645523674786091e-03
1.581115415319800377e-03
2.163527766242623329e-03
-1.436570193618535995e-03
1.233545015566051006e-03
2.253139857202768326e-03
-2.781713148579001427e-03
2.768528182059526443e-03
1.499979640357196331e-03
-2.688904758542776108e-03
-3.162486711516976357e-03
1.285216538235545158e-03
-2.693472895771265030e-03
-1.181077910587191582e-03
-2.861833490896970034e-04
3.862909041345119476e-03
-1.092966529540717602e-03
1.396898413076996803e-03
2.428548323223367333e-04
-2.786876284517347813e-04
1.647070515900850296e-03
-2.824864583089947701e-03
-1.118700485676527023e-03
1.723346649669110775e-04
-2.548649208620190620e-03
3.032443637493997812e-04
2.259309112560003996e-04
3.244991879910230637e-03
-1.834886381402611732e-03
-1.847095321863889694e-03
8.527051541022956371e-04
-1.423494191840291023e-03
-2.252043224871158600e-03
3.461618674919009209e-03
9.783712448552250862e-04
-2.165924757719039917e-03
3.034251043573021889e-03
-1.628070604056119919e-03
1.150362775661051273e-03
1.205835957080125809e-03
-3.155556041747331619e-03
-3.264073980972170830e-03
-3.594502341002225876e-03
-8.662109612487256527e-04
3.112729871645569801e-03
1.533823902718722820e-03
-1.027084770612418652e-03
-2.323881024494767189e-03
3.031948115676641464e-03
1.293078385060653090e-04
-1.251495908945798874e-03
3.082277020439505577e-03
1.674608327448368073e-03
2.483039163053035736e-03
-2.188161714002490044e-03
4.386630025692284107e-04
1.483106403611600399e-03
2.384765772148966789e-03
-3.875853260979056358e-03
3.635718254372477531e-03
6.067384383641183376e-04
2.259250031784176826e-03
3.858807031065225601e-03
2.883805718738585711e-04
-1.075768028385937214e-03
1.217280048877000809e-03
2.318380167707800865e-03
-2.130476059392094612e-03
-4.672552313422784209e-05
-1.936211134307086468e-03
3.470086492598056793e-03
1.273291185498237610e-03
3.222380997613072395e-03
3.705682698637247086e-03
3.533552633598446846e-03
8.518158574588596821e-04
3.565941238775849342e-03
1.433038734830915928e-03
2.119833137840032578e-03
-1.952329184859991074e-03
-1.470809220336377621e-03
1.541293895570561290e-04
-1.934789703227579594e-03
3.445610927883535624e-04
1.666261232458055019e-03
-2.222519367933273315e-03
3.689557313919067383e-03
1.230107969604432583e-03
-7.132075261324644089e-04
1.151775009930133820e-03
-2.411434426903724670e-03
-1.924974378198385239e-03
-2.988060005009174347e-03
-5.773511948063969612e-04
3.556220792233943939e-03
-2.552394522354006767e-03
3.420070046558976173e-03
2.741029602475464344e-04
1.826862717280164361e-04
-2.055403543636202812e-03
3.727248986251652241e-04
-8.943545981310307980e-04
-1.082688468159176409e-04
-4.884527297690510750e-04
-4.595482314471155405e-04
-8.461357792839407921e-04
-3.760235616937279701e-03
1.448700553737580776e-03
-2.673143520951271057e-03
3.637386485934257507e-03
2.617337042465806007e-03
-1.516644959338009357e-03
3.790548536926507950e-03
8.488615276291966438e-04
-3.073106985539197922e-03
3.051752224564552307e-03
-2.346548251807689667e-03
-5.613240646198391914e-04
3.753245808184146881e-03
3.427339484915137291e-03
-8.252569823525846004e-04
-3.356557805091142654e-03
7.033593283267691731e-05
-3.824988147243857384e-03
-2.663158113136887550e-03
-1.108696567825973034e-03
1.924089156091213226e-03
8.171989466063678265e-04
1.134585938416421413e-03
1.534820650704205036e-03
1.325030345469713211e-03
-2.195618348196148872e-03
2.817819127812981606e-03
2.972922287881374359e-03
3.757413709536194801e-03
-3.711945842951536179e-03
2.423613797873258591e-03
-3.457484068349003792e-03
-2.954741707071661949e-03
2.746580401435494423e-03
-1.996713224798440933e-03
-5.940281553193926811e-04
-1.656857202760875225e-03
-2.126794075593352318e-03
-2.248301636427640915e-03
-1.598056696821004152e-04
-2.965935738757252693e-03
-3.798331890720874071e-04
-3.579465672373771667e-03
-3.485137131065130234e-03
-3.127637784928083420e-03
-5.522313294932246208e-04
-3.775914665311574936e-03
-1.297713373787701130e-03
-1.707364688627421856e-03
-1.914299209602177143e-03
-2.508905949071049690e-03
2.570701064541935921e-03
-7.236017263494431973e-04
2.543690614402294159e-03
-3.247749060392379761e-03
2.983638783916831017e-03
3.592977067455649376e-03
7.815174176357686520e-04
1.212578266859054565e-03
2.170942258089780807e-03
-3.443743800744414330e-03
3.782256273552775383e-03
-2.469408558681607246e-03
-3.128967713564634323e-03
-1.262323930859565735e-03
-2.827984513714909554e-03
3.614531597122550011e-03
9.180815541185438633e-04
-1.616549678146839142e-03
1.241939142346382141e-03
-4.363998596090823412e-04
1.413630205206573009e-03
3.606233047321438789e-03
1.532713649794459343e-04
-3.055296372622251511e-03
-2.639952348545193672e-03
-9.586005471646785736e-04
2.913763746619224548e-03
-2.416283357888460159e-03
1.900825765915215015e-03
-1.052029663696885109e-03
1.390067511238157749e-03
2.196250570705160499e-04
3.835559822618961334e-03
-1.908729318529367447e-03
-2.619585953652858734e-03
3.381146118044853210e-03
-2.841335488483309746e-03
2.786683617159724236e-03
-1.684998278506100178e-03
-3.655715147033333778e-03
2.438740339130163193e-04
2.006827387958765030e-03
7.075203757267445326e-05
-1.448663417249917984e-03
1.408619689755141735e-03
-2.131954999640583992e-03
2.568355528637766838e-03
-2.164576668292284012e-03
1.790622365660965443e-03
2.784069220069795847e-04
-1.512553310021758080e-03
-3.645201679319143295e-03
1.271549263037741184e-04
8.231258107116445899e-05
2.697056334000080824e-04
2.509555546566843987e-03
1.562112593092024326e-03
-1.614105072803795338e-03
-3.684431081637740135e-03
-1.517515047453343868e-03
2.880966290831565857e-03
-2.546121831983327866e-03
1.167657901532948017e-03
2.240610308945178986e-03
3.811575705185532570e-03
1.148248906247317791e-03
-1.894548884592950344e-03
-4.152761539444327354e-04
1.818496733903884888e-03
2.716103801503777504e-03
3.241543890908360481e-03
8.660494931973516941e-04
1.960007473826408386e-03
2.407894004136323929e-03
-2.054165961453691125e-04
-1.903481082990765572e-03
-1.319998176768422127e-03
2.321739215403795242e-03
2.754356246441602707e-03
-2.202785341069102287e-03
-3.317008493468165398e-03
-1.186063745990395546e-03
-1.137546729296445847e-03
-2.625713124871253967e-03
1.658047782257199287e-03
8.560568094253540039e-04
3.570321947336196899e-03
-9.044004254974424839e-04
-3.027055179700255394e-03
-2.685296349227428436e-03
-4.184565623290836811e-04
-6.656642071902751923e-04
1.331120030954480171e-03
-6.374569056788459420e-05
-1.070858677849173546e-03
3.649995429441332817e-03
