-1.766881759976968169e-04
3.395795938558876514e-04
-3.170575480908155441e-03
-2.397258533164858818e-03
1.412739045917987823e-03
2.971316454932093620e-03
1.774279284290969372e-03
4.160752578172832727e-04
-3.425431787036359310e-04
1.906397752463817596e-03
-3.564178710803389549e-03
-7.857311866246163845e-04
2.568160649389028549e-03
2.886695787310600281e-03
-2.584908623248338699e-03
6.675309850834310055e-05
-1.266000675968825817e-03
-8.533343789167702198e-04
2.164992969483137131e-03
-1.183099462650716305e-03
-1.580891199409961700e-03
3.200375242158770561e-03
1.822865568101406097e-03
3.870725166052579880e-03
-3.455458208918571472e-03
1.074911910109221935e-03
2.047203015536069870e-03
-1.768798101693391800e-03
-1.056864392012357712e-03
-2.841695444658398628e-03
3.851788118481636047e-03
-1.581826247274875641e-03
6.682455477857729420e-08
2.927067223936319351e-03
-3.637634916231036186e-03
-3.471666248515248299e-03
-3.489093389362096786e-03
3.052784013561904430e-04
1.293204608373343945e-03
-3.572199959307909012e-03
-7.628338644281029701e-04
3.703939262777566910e-03
3.863011719658970833e-03
1.557415351271629333e-03
-3.493364434689283371e-03
-3.213664749637246132e-03
3.814223920926451683e-03
6.484283949248492718e-04
-2.027362352237105370e-03
1.027890830300748348e-03
3.746633185073733330e-03
-2.482850570231676102e-03
-8.051665499806404114e-04
3.860502270981669426e-03
1.815317897126078606e-03
2.998747630044817924e-03
4.509074205998331308e-04
-2.975165843963623047e-03
-1.686825649812817574e-03
2.682386664673686028e-03
-2.602280816063284874e-03
3.263885620981454849e-03
-6.205828394740819931e-04
-5.779205239377915859e-04
1.779527286998927593e-03
2.479719929397106171e-03
9.420907008461654186e-05
1.845632446929812431e-03
3.655326552689075470e-03
-3.424352733418345451e-03
-2.678739372640848160e-03
-3.885384881868958473e-03
-2.968125510960817337e-03
-2.683130325749516487e-03
6.885156617499887943e-04
3.816264215856790543e-03
-1.622109906747937202e-03
2.135799964889883995e-03
-1.243817037902772427e-03
2.966294065117835999e-03
-3.521370934322476387e-03
-9.804642759263515472e-04
-1.893225271487608552e-04
-8.174275862984359264e-04
-3.646683413535356522e-03
2.896750811487436295e-03
2.760389121249318123e-03
-5.533134026336483657e-05
-1.969196135178208351e-03
-3.409392898902297020e-03
-6.501196185126900673e-04
2.460903720930218697e-03
2.212480409070849419e-03
-3.838791279122233391e-03
-5.805144319310784340e-04
8.987374603748321533e-04
2.293841680511832237e-03
1.501936116255819798e-03
3.854033420793712139e-04
-3.197684651240706444e-03
3.193640382960438728e-03
-5.867535946890711784e-04
4.968725843355059624e-04
-2.543951384723186493e-03
1.064779120497405529e-03
-2.174045890569686890e-03
2.488465281203389168e-03
-2.326496178284287453e-03
-1.554920221678912640e-03
-2.408221364021301270e-03
2.744820900261402130e-03
-2.206862205639481544e-03
2.800702815875411034e-03
3.753635799512267113e-03
-7.602287805639207363e-04
-1.923073199577629566e-03
3.165164729580283165e-03
-2.834125654771924019e-03
-2.592633012682199478e-03
2.138720825314521790e-03
8.744998485781252384e-04
-4.513175226747989655e-04
-3.866313258185982704e-03
-2.927661174908280373e-03
-2.027283888310194016e-03
2.885741880163550377e-03
-2.684271661564707756e-03
-3.205209970474243164e-03
-6.855505635030567646e-04
-2.103074220940470695e-03
6.689472356811165810e-04
-7.292570808203890920e-05
-3.251889022067189217e-03
3.649093909189105034e-03
-4.607461451087146997e-04
-4.646410161512903869e-05
1.072064507752656937e-03
-1.394260791130363941e-03
-1.594161847606301308e-03
2.099108649417757988e-03
3.061837283894419670e-03
-3.493247088044881821e-03
3.850469831377267838e-03
3.146709641441702843e-03
1.945604220964014530e-03
-3.806135500781238079e-04
7.157786749303340912e-04
-1.656997599638998508e-03
1.048563790391199291e-04
-1.033261651173233986e-03
-1.288139173993840814e-04
2.042635343968868256e-03
-2.037584781646728516e-03
-1.966093434020876884e-03
-2.515110187232494354e-03
8.376999176107347012e-04
-6.372962379828095436e-04
1.628741971217095852e-03
3.895777510479092598e-03
-3.855782793834805489e-03
2.329611452296376228e-03
-3.653927240520715714e-03
-2.345939865335822105e-03
3.170965646859258413e-04
-1.935677602887153625e-03
5.652956315316259861e-04
-5.868407315574586391e-04
2.754269866272807121e-03
3.101168433204293251e-03
1.195651129819452763e-03
1.849728869274258614e-03
-3.699887776747345924e-03
2.417739015072584152e-03
-3.828780259937047958e-03
1.152304932475090027e-03
1.410006661899387836e-04
1.854798756539821625e-03
3.404257819056510925e-03
-2.509313635528087616e-03
6.292747566476464272e-04
-4.264845629222691059e-04
-3.758445382118225098e-03
3.068666672334074974e-03
4.053911834489554167e-04
-2.910399052780121565e-04
3.603461198508739471e-03
5.371793522499501705e-04
-3.892722306773066521e-03
3.857175121083855629e-03
8.681032923050224781e-04
-2.471248153597116470e-03
2.371892565861344337e-03
3.901849733665585518e-03
-3.723755653481930494e-04
-2.462903270497918129e-03
-3.643662203103303909e-03
-2.447915729135274887e-03
-2.848374657332897186e-03
-2.328072907403111458e-03
8.135286625474691391e-04
2.570002106949687004e-03
-2.011082367971539497e-03
1.943370909430086613e-03
-9.915675036609172821e-04
-4.900492494925856590e-04
-2.530247904360294342e-03
1.493474352173507214e-03
-1.409057877026498318e-04
-2.664009109139442444e-03
3.082731505855917931e-03
-3.485369728878140450e-03
2.810479607433080673e-03
1.698285457678139210e-03
-5.843765684403479099e-04
2.893316559493541718e-03
2.208258491009473801e-03
-1.161092193797230721e-03
1.631375198485329747e-04
1.227888045832514763e-03
1.057137851603329182e-03
2.543383197917137295e-05
2.548372372984886169e-03
4.158173032919876277e-05
-1.074401778168976307e-03
3.365826094523072243e-03
3.924516786355525255e-04
-2.788060228340327740e-04
1.551459426991641521e-04
3.839474171400070190e-03
-2.638287609443068504e-03
-2.123669255524873734e-03
3.431677352637052536e-03
-2.862288383767008781e-03
-1.800217898562550545e-03
-2.713073743507266045e-03
2.373002469539642334e-03
2.225633012130856514e-03
-2.443603239953517914e-03
-3.208852838724851608e-03
-5.591158405877649784e-04
3.356358269229531288e-03
-1.404401380568742752e-03
-2.404903061687946320e-03
-5.911572952754795551e-05
-4.586676950566470623e-04
-5.968529148958623409e-05
1.279785297811031342e-03
-3.992048732470721006e-04
3.482480067759752274e-03
2.341781044378876686e-03
-2.921909792348742485e-03
2.604600274935364723e-03
3.695332212373614311e-03
2.506754593923687935e-03
9.749059099704027176e-04
-5.298922187648713589e-04
