-3.222461673431098461e-04
-2.154253190383315086e-03
-2.771964995190501213e-03
2.172787906602025032e-03
2.756668720394372940e-03
-2.894749923143535852e-04
-1.898084767162799835e-03
-1.060069072991609573e-03
9.863875311566516757e-05
3.579220268875360489e-03
-5.138281849212944508e-04
-3.291300963610410690e-03
2.593953395262360573e-04
2.869603224098682404e-03
1.373959705233573914e-03
2.578469226136803627e-03
-8.464237325824797153e-04
3.339233342558145523e-03
-1.239038538187742233e-03
2.651657268870621920e-04
-1.735409256070852280e-03
-2.271626144647598267e-03
-2.965191146358847618e-03
-3.299202304333448410e-03
3.465034998953342438e-03
-8.103884756565093994e-04
7.367786020040512085e-04
-3.303492441773414612e-03
-1.767725101672112942e-03
-2.345127984881401062e-03
-2.589242067188024521e-03
-3.856621333397924900e-04
2.559914253652095795e-03
3.692371305078268051e-03
-6.610751152038574219e-04
-1.694060338195413351e-04
1.117703621275722980e-03
3.081051167100667953e-03
3.536727745085954666e-03
-3.559595672413706779e-03
-1.654756022617220879e-03
1.526066334918141365e-03
3.445530077442526817e-03
-1.568019157275557518e-03
-1.569893938722088933e-04
1.426190487109124660e-03
1.547747888253070414e-05
-1.627190154977142811e-03
1.738674007356166840e-03
-6.028460920788347721e-04
1.136602018959820271e-03
-2.882084809243679047e-03
-1.999999163672327995e-03
-3.521646140143275261e-03
3.748109331354498863e-03
-1.473208656534552574e-03
2.869033021852374077e-03
-5.023065605200827122e-04
2.216727007180452347e-03
3.653534688055515289e-03
-3.182921791449189186e-04
1.034338143654167652e-03
-2.522045979276299477e-03
1.692872843705117702e-03
3.163742134347558022e-03
3.470372641459107399e-03
3.192869713529944420e-03
-2.063198015093803406e-03
3.424998372793197632e-03
-1.336707267910242081e-03
-3.076485518249683082e-05
-2.040625317022204399e-03
-1.881430041976273060e-03
1.969411037862300873e-03
3.173812525346875191e-03
-1.560155302286148071e-03
-1.586791011504828930e-03
-1.215514261275529861e-03
3.260883269831538200e-03
-3.264818806201219559e-03
-2.887877868488430977e-03
-3.869017353281378746e-03
-3.804082050919532776e-03
3.054047236219048500e-03
2.007221104577183723e-03
3.174902172759175301e-03
-8.381132502108812332e-04
2.072870731353759766e-03
-1.793427160009741783e-03
-2.506908960640430450e-03
1.995716709643602371e-03
-3.563537029549479485e-03
1.336525892838835716e-03
-2.361732767894864082e-03
-1.355988788418471813e-03
-4.778148431796580553e-04
1.026544137857854366e-03
3.040439216420054436e-03
1.512737595476210117e-03
3.237596247345209122e-03
-2.958560362458229065e-03
3.368570702150464058e-03
-2.882518572732806206e-03
3.651113482192158699e-03
-2.788594458252191544e-03
3.774692770093679428e-03
-2.136913128197193146e-03
3.880384378135204315e-03
2.821440808475017548e-03
-2.951534464955329895e-03
3.681732807308435440e-03
2.695698756724596024e-03
1.481351442635059357e-03
-1.916164765134453773e-03
-3.897618502378463745e-03
3.567761974409222603e-03
3.207196015864610672e-03
3.702875925227999687e-03
2.845739945769309998e-03
-1.887128339149057865e-03
3.848730586469173431e-03
-2.430984517559409142e-03
3.708677599206566811e-03
1.598654664121568203e-03
-2.040458377450704575e-03
1.088213408365845680e-03
-1.572108361870050430e-03
-7.768132491037249565e-04
-1.218718709424138069e-03
-2.009855583310127258e-03
-3.053558466490358114e-04
-9.978401940315961838e-04
-3.500120947137475014e-04
-2.870816970244050026e-03
2.708936110138893127e-03
2.754383953288197517e-03
-3.547320840880274773e-03
-8.701200713403522968e-04
2.181502990424633026e-03
-1.315668108873069286e-03
2.593965735286474228e-03
3.682494163513183594e-03
-7.417472079396247864e-04
2.351534087210893631e-03
5.408818833529949188e-05
-2.230360172688961029e-03
7.658821414224803448e-04
1.408431708114221692e-04
-3.628795500844717026e-03
3.394732950255274773e-03
-2.554487902671098709e-03
-2.181043528253212571e-04
-1.971508376300334930e-03
-2.514943713322281837e-03
3.813890973106026649e-03
3.130995202809572220e-03
-2.052193973213434219e-03
3.455144120380282402e-03
1.845208229497075081e-03
-1.617749512661248446e-05
6.672336603514850140e-04
-5.913339555263519287e-04
-1.849922700785100460e-04
1.087748911231756210e-03
1.651360536925494671e-03
9.284685365855693817e-04
3.432689933106303215e-03
-3.406673786230385303e-04
-5.196954007260501385e-04
-2.241205191239714622e-03
-2.056678291410207748e-03
-8.064121939241886139e-04
-3.863176563754677773e-03
1.755706034600734711e-03
3.017376409843564034e-03
2.976157993543893099e-04
8.143001468852162361e-04
-3.540868870913982391e-03
-3.854285692796111107e-03
-3.125749761238694191e-03
9.337640949524939060e-04
-3.827920416370034218e-03
9.469133510719984770e-05
8.852795581333339214e-04
9.638646733947098255e-04
3.815738717094063759e-03
2.841326873749494553e-03
4.222735151415690780e-05
-2.094882074743509293e-03
8.505748119205236435e-04
-1.640636124648153782e-03
-2.595881931483745575e-03
-4.583129193633794785e-04
3.636164590716362000e-03
-1.534183138574007899e-05
2.296996768563985825e-03
5.664419149979948997e-04
2.972209360450506210e-03
-3.206373949069529772e-04
-1.708730269456282258e-05
-3.720362670719623566e-03
1.502665807493031025e-03
1.806779066100716591e-03
-3.042879747226834297e-03
3.203105181455612183e-03
2.709335647523403168e-03
2.690081251785159111e-03
-3.101318608969449997e-03
2.938263118267059326e-03
-3.515918506309390068e-03
1.340349554084241390e-03
-2.385843778029084206e-03
-2.898094709962606430e-03
-8.762662764638662338e-04
-3.040212141058873385e-05
-1.610831823199987411e-03
3.432487603276968002e-03
2.963681705296039581e-03
8.733745780773460865e-04
9.870706126093864441e-04
-1.886279671452939510e-03
2.719520591199398041e-03
-1.633042236790060997e-03
-1.029505627229809761e-03
-2.542678965255618095e-03
-3.298969939351081848e-03
3.367038210853934288e-03
1.345874159596860409e-03
-7.953268359415233135e-04
-3.490500384941697121e-03
-5.242942133918404579e-04
-3.693901700899004936e-03
-1.770281931385397911e-03
2.503026509657502174e-03
-6.281824316829442978e-04
-1.317118527367711067e-03
-3.847733372822403908e-03
6.800887640565633774e-04
-1.157438964582979679e-03
2.864875132218003273e-03
-1.664691488258540630e-03
1.552914181957021356e-04
5.568264750763773918e-04
2.233186271041631699e-03
6.911045638844370842e-04
2.563458401709794998e-03
-6.284373812377452850e-04
1.644878502702340484e-04
-2.064113272354006767e-03
-3.756395773962140083e-03
-3.472159150987863541e-03
1.911982195451855659e-03
2.659144112840294838e-03
-3.589722909964621067e-04
-2.396143507212400436e-03
-1.714831683784723282e-03
