-2.841769717633724213e-03
-1.143296598456799984e-03
3.880722913891077042e-03
-2.410482615232467651e-03
3.751746146008372307e-03
-3.868792438879609108e-03
-3.481066087260842323e-03
1.262153265997767448e-03
-3.699755063280463219e-03
-1.232835114933550358e-03
2.513935556635260582e-03
-3.238705918192863464e-03
-3.568585496395826340e-03
1.246904139406979084e-04
9.220559149980545044e-04
-3.554374445229768753e-03
-1.332358107902109623e-03
-2.783608157187700272e-03
2.478654263541102409e-03
7.982806419022381306e-04
-1.862470177002251148e-03
-1.594361965544521809e-03
-1.550860004499554634e-03
-2.387892687693238258e-03
3.676715714391320944e-04
2.382677048444747925e-03
-5.003580008633434772e-04
-2.502038609236478806e-03
-8.918311796151101589e-04
2.708025276660919189e-04
-3.401168854907155037e-03
-2.038771286606788635e-03
-1.531968358904123306e-03
8.057206287048757076e-04
-2.415875205770134926e-03
2.733540022745728493e-03
5.044632125645875931e-04
1.606224977876991034e-04
2.397127973381429911e-04
-2.225703326985239983e-03
-1.838610041886568069e-03
-1.750662224367260933e-03
-4.265992902219295502e-04
1.040368573740124702e-03
1.698540872894227505e-03
-3.257673000916838646e-03
-2.512782346457242966e-03
2.899104263633489609e-03
-1.852421788498759270e-03
2.281578024849295616e-03
1.957183005288243294e-03
3.744086250662803650e-03
-1.557694049552083015e-03
5.346207399270497262e-05
2.813398605212569237e-03
-3.424908965826034546e-03
-9.443518938496708870e-04
-2.457568887621164322e-03
3.324988298118114471e-03
3.487833775579929352e-03
1.959359273314476013e-03
4.771747990162111819e-05
1.725863781757652760e-03
-2.519499743357300758e-03
-1.547281513921916485e-03
1.184993743663653731e-04
-2.327206777408719063e-03
-3.057686146348714828e-03
1.754176802933216095e-03
-3.582994220778346062e-03
-2.790765371173620224e-03
1.413038000464439392e-03
-9.156673331744968891e-05
1.256795134395360947e-03
1.298161922022700310e-03
-2.680116565898060799e-03
-1.958055421710014343e-03
3.703098511323332787e-03
-3.224607557058334351e-03
3.636862849816679955e-03
-1.896740985102951527e-03
2.844172297045588493e-03
-1.917188172228634357e-03
-1.814269227907061577e-03
3.742454806342720985e-03
-2.647278830409049988e-03
-2.625704219099134207e-04
-2.478112000972032547e-03
2.215411746874451637e-03
-2.672843867912888527e-03
-3.036272944882512093e-03
-9.582806378602981567e-04
-1.972846686840057373e-03
-3.633552696555852890e-04
3.180584171786904335e-03
-1.116606406867504120e-03
-1.567485276609659195e-03
1.248927292181178927e-04
1.889650593511760235e-03
2.974160015583038330e-04
-7.256538956426084042e-04
2.638076897710561752e-03
-9.443404269404709339e-05
-3.816843731328845024e-03
1.299415831454098225e-03
-2.472804859280586243e-03
-2.640560735017061234e-03
-2.906818874180316925e-03
-1.688523101620376110e-03
1.785303698852658272e-03
1.500121084973216057e-03
-3.378650639206171036e-03
-2.436710288748145103e-03
-3.510270500555634499e-03
-3.366777207702398300e-03
-6.753145135007798672e-04
-2.427049214020371437e-03
-5.518016405403614044e-04
-3.479705192148685455e-03
1.759562990628182888e-03
7.180231041274964809e-04
3.385109361261129379e-03
-1.225272426381707191e-03
2.732839202508330345e-03
-1.573256449773907661e-03
2.651380607858300209e-03
1.958520733751356602e-04
4.614001081790775061e-04
-2.674803137779235840e-03
2.924118598457425833e-04
-3.174301004037261009e-03
-2.309555420652031898e-03
2.704887418076395988e-03
8.938362007029354572e-04
-1.433906290913000703e-04
1.889610779471695423e-03
-2.224914496764540672e-03
-1.423284877091646194e-03
-2.239564899355173111e-03
-2.775593427941203117e-03
2.221068367362022400e-03
-2.161730546504259109e-03
2.340053906664252281e-04
3.582139499485492706e-03
-2.650619717314839363e-03
-2.263360191136598587e-03
1.795156131265684962e-04
-1.987360417842864990e-03
-2.428143750876188278e-03
-2.264469629153609276e-03
-3.532079979777336121e-03
3.126720432192087173e-03
-2.450289204716682434e-03
-2.546379342675209045e-03
2.973673399537801743e-03
3.469135845080018044e-03
-2.216485096141695976e-03
-1.966608688235282898e-03
-6.234293687157332897e-04
-1.552738132886588573e-03
6.058634608052670956e-04
-4.935195902362465858e-04
-1.570606371387839317e-03
-1.308945473283529282e-03
-3.607210703194141388e-03
-3.828962799161672592e-03
-1.791405607946217060e-03
-2.148749626940116286e-04
-3.056860761716961861e-03
3.418540116399526596e-03
1.021123025566339493e-03
-1.101056623156182468e-04
1.067968201823532581e-03
-3.359638387337327003e-03
2.464300487190485001e-04
5.982699804008007050e-05
1.532913884148001671e-03
3.092620987445116043e-03
2.238416578620672226e-03
-3.756117308512330055e-03
-1.587395672686398029e-03
6.095098215155303478e-04
-2.038639970123767853e-03
-1.219608937390148640e-03
2.777855377644300461e-03
5.521963466890156269e-04
-2.181965392082929611e-03
2.163343131542205811e-03
2.525576157495379448e-03
2.510254969820380211e-03
2.292935270816087723e-03
-2.224157098680734634e-03
3.525467356666922569e-03
-1.379448920488357544e-03
1.006104230327764526e-05
-1.067076926119625568e-03
3.483869135379791260e-03
-1.417810330167412758e-03
-4.689539782702922821e-04
3.804149571806192398e-03
-1.039899885654449463e-03
-4.858452593907713890e-04
-5.038236849941313267e-04
2.335532568395137787e-03
1.504199695773422718e-03
-1.195020973682403564e-03
-1.729879411868751049e-03
-2.291334327310323715e-03
-2.460897434502840042e-03
9.570901165716350079e-04
2.202406525611877441e-03
-1.916392589919269085e-03
-3.310501109808683395e-03
2.170798368752002716e-03
-3.853868693113327026e-03
-1.926161930896341801e-03
-1.133932848460972309e-03
3.558456955943256617e-05
1.175640732981264591e-03
-8.105165325105190277e-04
-1.252597576240077615e-04
-2.234914805740118027e-03
5.022097029723227024e-04
4.198542737867683172e-04
-6.327768787741661072e-04
3.894476220011711121e-03
2.185863675549626350e-03
3.444922622293233871e-03
1.938063534907996655e-03
1.786008710041642189e-03
3.638324560597538948e-03
-1.095391693525016308e-03
-1.440154737792909145e-03
1.985726412385702133e-03
-1.913641928695142269e-03
1.035594497807323933e-03
-1.012066844850778580e-03
-3.035538597032427788e-03
-3.384484676644206047e-03
-3.505147760733962059e-03
-7.338224095292389393e-04
-2.065081615000963211e-03
1.335087465122342110e-03
5.761598586104810238e-04
-2.390397479757666588e-03
-1.615997636690735817e-03
-1.095513114705681801e-03
-2.144108060747385025e-03
9.116578730754554272e-04
1.025038189254701138e-03
-3.446086077019572258e-03
3.143322421237826347e-03
2.844662172719836235e-03
2.899075858294963837e-03
-3.179104765877127647e-03
-3.882060293108224869e-03
