-3.045678837224841118e-03
2.983999438583850861e-03
4.012909193988889456e-04
-2.939441008493304253e-03
-3.000001190230250359e-03
-3.332507563754916191e-03
-2.492828760296106339e-03
-5.896653747186064720e-04
3.469357267022132874e-03
3.006049664691090584e-03
-3.909298684448003769e-03
-2.148293424397706985e-03
-2.746320387814193964e-05
3.491971641778945923e-03
-3.144330345094203949e-03
1.033768523484468460e-03
-1.599126029759645462e-03
2.152481116354465485e-03
-1.908413949422538280e-03
2.248223870992660522e-03
-2.304027002537623048e-04
3.404976334422826767e-03
-1.744875451549887657e-03
1.122111454606056213e-03
-8.305951632792130113e-05
8.188338251784443855e-04
-6.120593170635402203e-04
-2.362609840929508209e-03
-1.421694760210812092e-03
-3.075865097343921661e-03
-3.201958723366260529e-03
-2.750264946371316910e-03
-7.630970794707536697e-04
1.361528760753571987e-03
-2.035329118371009827e-03
3.850406035780906677e-03
-1.644472125917673111e-03
-3.407930722460150719e-03
2.321545965969562531e-03
-3.404562594369053841e-03
2.490806160494685173e-03
-1.532226684503257275e-03
-4.476289323065429926e-04
1.625938923098146915e-03
-3.052568528801202774e-03
-2.426439459668472409e-04
2.852286677807569504e-03
-1.443753426428884268e-04
1.410107128322124481e-03
1.295540569117292762e-04
3.860200289636850357e-03
-3.032403299584984779e-03
3.137598279863595963e-03
3.790823742747306824e-03
-3.554813330993056297e-03
-3.092593047767877579e-03
-1.764225307852029800e-03
-3.110384568572044373e-03
6.514928099932149053e-05
-3.651019884273409843e-03
9.861498838290572166e-04
3.067136742174625397e-03
-2.242913004010915756e-03
1.838470598158892244e-05
1.414176891557872295e-03
1.166806323453783989e-03
-2.934748306870460510e-03
-2.086396794766187668e-03
3.703520633280277252e-03
2.527424840081948787e-05
1.180878491140902042e-03
-3.710575401782989502e-03
-3.107981989160180092e-03
-2.268599113449454308e-03
1.985399285331368446e-03
-9.627207182347774506e-04
3.242719394620507956e-04
-1.468396745622158051e-03
1.155520207248628139e-03
3.040213370695710182e-03
-2.782006515190005302e-03
3.446964314207434654e-03
-2.855620114132761955e-03
3.502096515148878098e-03
-1.328727812506258488e-03
3.446532937232404947e-04
1.323997392319142818e-03
1.254295464605093002e-03
-2.226352924481034279e-03
3.562125144526362419e-03
2.756393514573574066e-03
-3.516568103805184364e-03
-6.505716009996831417e-04
1.703451271168887615e-04
2.007641596719622612e-03
3.431169781833887100e-03
3.417693777009844780e-03
1.226757187396287918e-03
3.408958902582526207e-03
-1.269482891075313091e-03
-1.586645608767867088e-03
-2.697165124118328094e-03
1.682623755186796188e-03
2.009721240028738976e-03
3.395791631191968918e-03
3.165604546666145325e-03
3.144163172692060471e-03
-5.472924094647169113e-04
-3.696222323924303055e-03
2.106122905388474464e-03
-3.480625338852405548e-03
-1.823038095608353615e-03
-1.292600529268383980e-03
1.351256039924919605e-03
-2.848922973498702049e-03
2.074929419904947281e-03
-1.958498265594244003e-03
-2.649624599143862724e-03
3.205030458047986031e-03
-3.516902914270758629e-03
1.658428693190217018e-03
3.535730938892811537e-04
1.574446097947657108e-03
1.487535075284540653e-03
-1.273469300940632820e-03
2.842759713530540466e-03
-1.880688942037522793e-04
-3.614135086536407471e-03
6.492536631412804127e-04
-8.144527091644704342e-04
1.738119055517017841e-03
3.564203856512904167e-03
-8.996166798169724643e-06
-1.139550819061696529e-03
1.492188894189894199e-03
2.065058331936597824e-03
-2.332557691261172295e-03
1.515623880550265312e-03
1.751684816554188728e-03
-7.676719687879085541e-04
-2.606688998639583588e-03
1.750492025166749954e-03
-2.239474328234791756e-03
2.007852075621485710e-03
7.005587103776633739e-04
-2.969542285427451134e-03
3.848168998956680298e-04
3.553427988663315773e-03
2.838906366378068924e-03
8.327093673869967461e-04
3.666230244562029839e-03
-3.526763990521430969e-03
2.405165650998242199e-05
-2.271486679092049599e-03
-3.456522710621356964e-03
4.208013997413218021e-04
2.708865096792578697e-03
3.263097722083330154e-03
3.716199193149805069e-03
-3.406056901440024376e-03
-1.810880028642714024e-03
-3.148046787828207016e-03
8.625157643109560013e-04
1.814124756492674351e-03
-3.225923050194978714e-03
-3.507842775434255600e-03
1.775620854459702969e-03
3.030517604202032089e-03
-2.766420366242527962e-03
9.581705671735107899e-04
-1.769648282788693905e-03
-1.223488361574709415e-03
2.784179057925939560e-03
-3.334843553602695465e-03
-7.788863149471580982e-04
-5.075085209682583809e-04
3.755938494578003883e-03
-2.263476373627781868e-03
-3.588234074413776398e-03
-6.085275672376155853e-04
-4.022255598101764917e-04
3.520606318488717079e-03
1.160511747002601624e-03
7.161915418691933155e-04
-9.966791840270161629e-04
-3.240113612264394760e-03
-3.330733627080917358e-03
-7.474081940017640591e-04
-2.002572873607277870e-03
1.723936758935451508e-03
-1.215402968227863312e-03
1.042795920511707664e-04
-2.078792458632960916e-04
3.804515348747372627e-03
1.804114086553454399e-03
3.065881319344043732e-03
2.014555037021636963e-03
-2.138780429959297180e-03
-7.831763941794633865e-04
-6.298331427387893200e-04
1.581881428137421608e-03
1.444695517420768738e-03
3.504406777210533619e-05
-3.089646110311150551e-03
2.228681260021403432e-04
1.642987714149057865e-03
-1.261385157704353333e-03
-3.882701508700847626e-03
-1.683879527263343334e-03
-2.664462408574763685e-05
-2.139237243682146072e-03
1.384839648380875587e-03
-1.904228935018181801e-03
-4.871385463047772646e-04
3.512107999995350838e-03
2.427009632810950279e-03
-3.548021428287029266e-03
2.163032302632927895e-03
-3.655350534245371819e-03
-1.754762604832649231e-03
5.969122285023331642e-04
3.739395644515752792e-03
-1.250859699212014675e-03
-5.827977438457310200e-04
-1.229794579558074474e-03
-3.769317991100251675e-04
8.392413292312994599e-05
3.600403200834989548e-03
-1.316703390330076218e-03
2.792838960886001587e-03
-6.194371380843222141e-04
-1.696737133897840977e-03
3.191549039911478758e-04
-3.293391317129135132e-03
1.187683010357432067e-04
-5.072627682238817215e-04
-9.137660963460803032e-04
-2.234857995063066483e-03
-2.835104241967201233e-03
6.200270727276802063e-04
-2.291203243657946587e-03
-2.432898851111531258e-03
-1.029548235237598419e-03
-7.527146372012794018e-04
1.553528592921793461e-03
-3.146146656945347786e-03
3.358727553859353065e-03
-3.339317161589860916e-03
-1.984757604077458382e-03
1.514781382866203785e-03
2.765171229839324951e-03
-1.886493642814457417e-03
-3.544974140822887421e-03
1.387685071676969528e-03
2.619219943881034851e-03
-1.163016189821064472e-03
