1.675564330071210861e-03
-3.508827940095216036e-04
2.566005103290081024e-03
2.549091586843132973e-03
1.166461501270532608e-03
1.972784055396914482e-03
6.562864291481673717e-04
-2.692013047635555267e-03
-1.132809557020664215e-03
-9.562929335515946150e-05
-2.947854576632380486e-03
3.509149653837084770e-03
-4.327309143263846636e-04
-3.560909302905201912e-03
2.673384733498096466e-03
4.302245215512812138e-04
1.275208778679370880e-03
1.633375766687095165e-03
3.716123057529330254e-03
-3.465836169198155403e-03
2.897389931604266167e-03
-1.471424591727554798e-03
-1.442061853595077991e-03
-3.083773422986268997e-03
-2.457644091919064522e-03
-2.386649721302092075e-04
-2.514604944735765457e-03
-5.975088570266962051e-04
-1.874642446637153625e-03
3.352758008986711502e-03
1.454908866435289383e-03
-2.771719824522733688e-03
-3.277484793215990067e-03
-1.711208838969469070e-03
-1.385357230901718140e-03
3.269444219768047333e-03
-1.638487214222550392e-03
3.471355186775326729e-03
-3.767044050619006157e-03
1.720780157484114170e-03
-3.034733701497316360e-03
-1.546500716358423233e-04
4.683759470935910940e-05
-1.176250749267637730e-03
2.662148326635360718e-04
-1.677696243859827518e-03
1.588446553796529770e-03
-3.862757002934813499e-03
-1.424578367732465267e-03
-1.629529520869255066e-03
3.310111584141850471e-03
-3.622678574174642563e-03
-1.228582579642534256e-03
-1.696505700238049030e-03
1.365639909636229277e-04
1.512703252956271172e-03
7.273420924320816994e-04
-9.718278306536376476e-04
1.283424673601984978e-03
-1.824602019041776657e-03
-1.284751197090372443e-04
-3.568333340808749199e-03
-2.896113088354468346e-03
-2.273418242111802101e-03
1.036139088682830334e-03
2.963740844279527664e-03
-3.883335739374160767e-04
-2.929549897089600563e-03
-8.328103576786816120e-04
-2.802503295242786407e-03
-1.933998428285121918e-03
-2.155535388737916946e-03
3.035093657672405243e-03
3.896363079547882080e-03
-8.916280348785221577e-04
-3.839751007035374641e-03
-3.511766437441110611e-03
-2.813827479258179665e-03
-3.187916940078139305e-03
-2.988802734762430191e-03
-6.354121724143624306e-04
-1.268550055101513863e-03
1.991779077798128128e-03
6.804288714192807674e-04
2.368875313550233841e-03
-2.387168351560831070e-03
3.335380461066961288e-03
-9.374489309266209602e-04
9.127375669777393341e-04
1.668094424530863762e-03
1.264752703718841076e-03
8.590170764364302158e-04
-1.184574677608907223e-03
-2.908884780481457710e-03
-1.087111420929431915e-03
4.665461892727762461e-04
2.092415699735283852e-03
-9.389510960318148136e-04
2.759537601377815008e-04
-3.655007341876626015e-03
-6.442661979235708714e-04
-1.280118245631456375e-03
-1.346316537819802761e-03
9.105774224735796452e-04
-3.599378047510981560e-03
-3.367119468748569489e-03
-9.338193340227007866e-04
-1.832709531299769878e-03
-1.845757942646741867e-03
-1.075890497304499149e-03
2.189600374549627304e-03
-2.708751242607831955e-03
4.505368997342884541e-04
-1.084761577658355236e-03
-1.136034643423045054e-05
-1.657649991102516651e-04
2.549536991864442825e-03
2.428653417155146599e-03
-3.485697088763117790e-03
-2.463602926582098007e-03
-1.888541388325393200e-03
-6.239965441636741161e-04
-2.626800909638404846e-03
2.289120748173445463e-04
-3.547176253050565720e-03
-1.959494875336531550e-05
2.764262259006500244e-03
-1.521651167422533035e-03
9.496068232692778111e-04
3.735217964276671410e-03
2.905109198763966560e-03
1.802689861506223679e-03
8.670805837027728558e-04
-2.577543491497635841e-03
-2.530155703425407410e-03
5.017511430196464062e-04
-3.471468808129429817e-03
2.337411511689424515e-03
-3.814769210293889046e-03
-2.349862363189458847e-03
-3.415323095396161079e-03
-1.297012669965624809e-03
1.150927739217877388e-03
-2.613818272948265076e-03
3.899410949088633060e-04
3.827356034889817238e-03
2.799298381432890892e-03
7.631342159584164619e-04
-1.320298295468091965e-03
-2.265920862555503845e-03
-3.391396487131714821e-03
2.441566612105816603e-04
3.270008834078907967e-03
-3.389257006347179413e-03
3.125068731606006622e-03
-2.309705363586544991e-03
-3.027814673259854317e-03
-3.529571229591965675e-03
-1.466952846385538578e-03
-3.857611154671758413e-04
2.737682312726974487e-03
-1.510123838670551777e-03
3.326923586428165436e-03
-3.779170103371143341e-03
-2.501466544345021248e-03
-2.621204126626253128e-03
2.077403245493769646e-03
4.592027689795941114e-04
2.670550486072897911e-03
-1.267564948648214340e-03
9.816020028665661812e-04
6.167583051137626171e-04
3.250848269090056419e-03
1.431665965355932713e-03
-3.611851017922163010e-03
3.508434398099780083e-03
-3.667039098218083382e-03
-1.575771719217300415e-03
2.187455771490931511e-03
-1.137418672442436218e-03
-1.142960973083972931e-03
-1.264779246412217617e-03
-3.537158248946070671e-03
1.984354807063937187e-03
-2.626633970066905022e-03
3.625096753239631653e-03
-3.607767866924405098e-04
3.371877828612923622e-03
-1.286653685383498669e-03
3.625713987275958061e-03
3.889251034706830978e-03
2.447721781209111214e-03
2.858315827324986458e-03
-3.213907126337289810e-03
-1.772495801560580730e-03
-1.530166598968207836e-03
-1.154817982751410455e-05
1.354037318378686905e-03
8.438882650807499886e-04
-1.120793516747653484e-03
2.576688537374138832e-03
-3.359792986884713173e-03
6.616619793931022286e-05
-3.466182388365268707e-03
-5.860305973328649998e-04
1.133165787905454636e-03
-3.618649672716856003e-03
1.316965790465474129e-03
-3.389967372640967369e-03
8.214223635150119662e-05
2.472132211551070213e-03
-2.619292587041854858e-03
-3.303808625787496567e-04
-2.265818649902939796e-03
-2.085251326207071543e-04
-1.375932246446609497e-03
-5.796342738904058933e-04
-2.480184659361839294e-03
-3.122553694993257523e-03
-1.746133668348193169e-03
7.407012744806706905e-04
-2.265814924612641335e-03
6.664022221229970455e-04
-1.297398586757481098e-03
5.271501504466868937e-05
3.043874865397810936e-03
-2.828917466104030609e-03
-4.920794744975864887e-04
3.654084634035825729e-03
-3.671591111924499273e-04
1.443458721041679382e-03
-1.894813613034784794e-03
-2.674488350749015808e-03
2.075530122965574265e-03
-2.767736092209815979e-03
-2.032421180047094822e-04
-3.688857890665531158e-03
-2.420860619167797267e-05
8.633273537270724773e-04
5.648852675221860409e-04
1.288788742385804653e-03
-2.447908045724034309e-03
3.749863244593143463e-03
3.711554687470197678e-03
2.422975376248359680e-03
-2.788144396618008614e-03
-4.551873425953090191e-04
-1.085423049516975880e-03
-2.566836075857281685e-03
-6.810877239331603050e-04
3.290626220405101776e-03
-9.811097988858819008e-04
1.765521359629929066e-03
-2.747055608779191971e-03
-9.065348422154784203e-04
1.626430428586900234e-03
