3.996331361122429371e-04
-2.042114734649658203e-03
4.834400315303355455e-04
-2.806208249239716679e-05
-1.061734510585665703e-03
-2.213608473539352417e-03
6.092145340517163277e-04
-2.165248384699225426e-03
1.386102172546088696e-03
-1.505921012721955776e-03
2.275941893458366394e-03
2.483410935383290052e-04
3.580039134249091148e-03
-1.680420944467186928e-03
-1.847325125709176064e-03
2.011304022744297981e-03
3.662112168967723846e-03
-1.006486010737717152e-03
-2.329773269593715668e-03
-7.526927511207759380e-04
-3.023259341716766357e-03
2.675785799510776997e-04
2.265648217871785164e-03
-1.492747251177206635e-04
3.042285388801246881e-04
1.567938481457531452e-03
3.718989901244640350e-03
-3.567304229363799095e-03
-2.624731045216321945e-03
-3.745319088920950890e-03
-7.784688496030867100e-04
-4.359407757874578238e-04
-1.806856715120375156e-03
1.599111594259738922e-03
2.876163227483630180e-03
-2.685284125618636608e-04
-2.947568194940686226e-03
-3.665199968963861465e-03
2.527403645217418671e-03
2.339361235499382019e-03
-6.723836413584649563e-04
1.031514606438577175e-03
-9.082609903998672962e-04
-9.795263176783919334e-04
-1.237008487805724144e-03
-1.036533503793179989e-03
-6.917667342349886894e-04
2.803822048008441925e-03
-1.316122827120125294e-03
2.850248245522379875e-03
-3.061270108446478844e-03
3.675436368212103844e-03
3.248113207519054413e-03
1.811776310205459595e-03
1.895519206300377846e-03
-3.272061934694647789e-03
6.271766615100204945e-04
-1.043687458150088787e-03
-1.648768200539052486e-03
-3.488653455860912800e-04
-1.115701161324977875e-03
-3.278853138908743858e-03
6.804442964494228363e-04
-1.010905718430876732e-03
1.199332182295620441e-03
-2.359650796279311180e-03
5.969990743324160576e-04
-7.011957932263612747e-04
3.159933025017380714e-03
-2.421334153041243553e-03
-3.903987351804971695e-03
3.870654385536909103e-03
1.060203430824913085e-04
2.733652247115969658e-03
-7.369997183559462428e-05
1.572642358951270580e-03
-1.704247086308896542e-03
-1.413049176335334778e-03
2.633476979099214077e-04
2.631211420521140099e-03
-1.089982455596327782e-03
-2.806484699249267578e-03
2.188253914937376976e-03
-5.840578887728042901e-05
3.738086437806487083e-03
3.567902371287345886e-03
-1.499294885434210300e-03
6.623269873671233654e-04
-2.198344795033335686e-03
1.076552580343559384e-04
-1.732631353661417961e-03
2.806445350870490074e-03
-1.339135924354195595e-03
-9.814820950850844383e-04
-9.194639860652387142e-04
4.077946359757333994e-04
2.537100808694958687e-03
-2.029777737334370613e-03
1.862143049947917461e-03
2.342545660212635994e-03
-3.712959587574005127e-04
8.624080801382660866e-04
3.148694522678852081e-03
-4.654862568713724613e-04
-1.724725821986794472e-03
2.554285572841763496e-03
2.771273488178849220e-03
-2.926689572632312775e-03
3.269657026976346970e-03
2.741685835644602776e-03
1.634534448385238647e-03
1.943001290783286095e-03
-9.579456527717411518e-04
1.134155972977168858e-04
-3.384807612746953964e-03
-9.584453073330223560e-04
1.444679219275712967e-04
2.326493617147207260e-03
-1.632457831874489784e-03
1.733504701405763626e-03
3.029491985216736794e-03
-1.393686397932469845e-03
3.371043363586068153e-03
2.507702214643359184e-03
1.452898955903947353e-03
-3.608955536037683487e-03
-3.289563814178109169e-03
1.864934107288718224e-03
-2.603427041321992874e-03
1.856562914326786995e-03
1.324402866885066032e-03
5.769382114522159100e-04
-3.752057673409581184e-03
3.171923570334911346e-03
-7.025277591310441494e-04
-9.629281703382730484e-04
3.132430603727698326e-03
-3.165221423842012882e-04
-1.634285668842494488e-03
3.832318179775029421e-04
2.020738553255796432e-03
2.458376344293355942e-03
-3.741613589227199554e-03
2.790065482258796692e-04
1.670746249146759510e-03
-3.615751047618687153e-04
-1.519378973171114922e-03
1.240363344550132751e-03
1.024002176563953981e-05
3.158977488055825233e-03
-3.261756617575883865e-03
-2.055170247331261635e-03
-3.177605569362640381e-03
-1.984283095225691795e-03
-6.433291855501011014e-05
-1.564005273394286633e-03
3.591250861063599586e-03
-2.061171922832727432e-03
2.841246081516146660e-03
-1.989010022953152657e-03
2.313728909939527512e-03
-3.793448442593216896e-03
1.924848766066133976e-03
-2.818003995344042778e-03
4.918474587611854076e-04
-2.396272728219628334e-03
3.035526722669601440e-03
-3.830070374533534050e-03
3.166245529428124428e-03
2.428110223263502121e-03
-3.804384497925639153e-03
-2.882201923057436943e-03
-1.514190807938575745e-03
3.832567483186721802e-03
1.031830674037337303e-03
-5.706032388843595982e-04
2.593831857666373253e-03
1.226370106451213360e-03
1.253404188901185989e-03
-1.659316825680434704e-03
1.191984745673835278e-03
-2.393770031630992889e-03
-6.566352094523608685e-04
-2.291716402396559715e-03
-3.390261670574545860e-03
3.323895623907446861e-03
-8.926269365474581718e-04
-2.451339270919561386e-03
-1.621660660021007061e-03
-3.606583457440137863e-03
2.288293559104204178e-03
-2.557496074587106705e-03
-3.098988672718405724e-03
1.837474294006824493e-03
5.927642923779785633e-04
-1.458661747165024281e-03
2.991867484524846077e-03
-2.934579737484455109e-03
-1.223271014168858528e-03
-1.993848127312958241e-04
1.321776304394006729e-03
2.055064687738195062e-04
-3.787514753639698029e-03
2.211553743109107018e-03
3.054729313589632511e-04
-5.764843663200736046e-04
3.522265236824750900e-03
-1.470501185394823551e-03
-2.379881916567683220e-03
-1.883985474705696106e-03
-3.851689863950014114e-03
-8.852519677020609379e-04
6.601282802876085043e-05
-2.322090789675712585e-03
-3.705351380631327629e-03
2.285845810547471046e-03
3.248294582590460777e-03
-3.663242387119680643e-04
-4.088495916221290827e-04
2.507330384105443954e-03
-2.237929264083504677e-03
1.423486508429050446e-03
-1.960591413080692291e-03
3.828634798992425203e-04
3.217337885871529579e-03
-3.767468500882387161e-03
-3.651905572041869164e-03
3.740965388715267181e-03
1.136844628490507603e-03
1.659107045270502567e-03
4.933972377330064774e-04
1.999632455408573151e-03
-3.855128772556781769e-03
-3.700716188177466393e-03
-2.689132932573556900e-03
-2.577648032456636429e-03
-2.039056736975908279e-03
-3.798930207267403603e-03
-3.060990246012806892e-03
2.223338233307003975e-03
-1.629178645089268684e-03
1.478852005675435066e-03
2.444414887577295303e-03
-3.523679217323660851e-03
-2.591848839074373245e-03
2.593281678855419159e-03
2.078318502753973007e-03
3.269179491326212883e-03
7.639384130015969276e-04
6.186273531056940556e-04
2.738968702033162117e-03
3.712678793817758560e-03
1.462499029003083706e-03
3.285842714831233025e-03
7.748326170258224010e-04
2.135493559762835503e-04
