2.937669632956385612e-04
-3.721080021932721138e-03
-3.992088022641837597e-04
2.380401128903031349e-03
1.517816126579418778e-04
-6.241464870981872082e-05
-3.306055907160043716e-03
-2.411848865449428558e-03
-2.881436841562390327e-03
-1.049774931743741035e-03
-1.989770215004682541e-03
1.809295499697327614e-03
-3.161890665069222450e-03
1.293270848691463470e-03
-1.619037007912993431e-03
3.122743917629122734e-03
3.898785682395100594e-03
1.879562740214169025e-03
2.538112225010991096e-03
3.273620037361979485e-03
-3.100766334682703018e-04
3.857116214931011200e-03
-1.120917499065399170e-03
-1.823536586016416550e-04
3.229741938412189484e-03
-3.528989385813474655e-03
-3.129682270810008049e-03
-1.891560736112296581e-03
5.832625320181250572e-04
-1.537267584353685379e-03
-6.724107079207897186e-04
-1.985795097425580025e-03
6.937401485629379749e-04
-2.260599052533507347e-03
6.607574759982526302e-04
-2.540502930060029030e-03
1.867027604021131992e-04
8.397079654969274998e-04
1.857982832007110119e-03
1.273433910682797432e-03
-6.572570418938994408e-05
2.934731543064117432e-03
3.814232069998979568e-03
1.597390859387814999e-03
2.770028542727231979e-03
7.336360868066549301e-04
1.333122025243937969e-03
-3.039669245481491089e-03
-2.716801362112164497e-03
-3.636668203398585320e-03
6.645052344538271427e-04
1.146167749539017677e-03
3.690385725349187851e-03
1.940554124303162098e-03
2.466804813593626022e-03
-1.112735597416758537e-03
-2.416419796645641327e-03
3.419786458835005760e-03
6.947526708245277405e-04
-2.548575866967439651e-03
2.602553693577647209e-03
-6.036466220393776894e-04
3.610209561884403229e-03
-3.398450324311852455e-03
-1.267846440896391869e-03
-2.631174633279442787e-03
2.969079883769154549e-03
-1.138469087891280651e-03
-2.698809839785099030e-03
-2.347456524148583412e-03
3.232578746974468231e-03
-3.186616580933332443e-03
-2.702085301280021667e-03
-3.123384667560458183e-03
-2.561547327786684036e-03
1.578157884068787098e-03
9.356409427709877491e-04
-7.890856359153985977e-04
2.951899776235222816e-03
-3.338397713378071785e-03
6.500481395050883293e-04
3.675185609608888626e-03
-4.102520179003477097e-04
3.849085478577762842e-04
-3.735945560038089752e-03
-2.205725526437163353e-03
-2.538425847887992859e-03
5.287004751153290272e-04
2.414541551843285561e-03
-1.382531714625656605e-03
-1.503443112596869469e-03
1.578636118210852146e-03
-3.596449387259781361e-04
2.288226736709475517e-03
1.559433876536786556e-04
2.060989383608102798e-03
2.138203475624322891e-03
1.350086997263133526e-03
1.416537445038557053e-03
2.961524529382586479e-03
-1.858561066910624504e-03
2.220509340986609459e-03
-2.588710922282189131e-04
-2.750509302131831646e-04
9.602386271581053734e-04
3.116957377642393112e-03
-1.522295759059488773e-03
1.407928299158811569e-03
-2.433740999549627304e-03
-3.219148144125938416e-03
3.445583628490567207e-03
3.159322310239076614e-03
1.605002442374825478e-03
3.513443050906062126e-03
-2.949869260191917419e-03
-3.645671531558036804e-03
5.604054313153028488e-04
1.003107288852334023e-03
3.541668178513646126e-03
-2.452211221680045128e-03
-1.614358741790056229e-03
1.399128348566591740e-03
-2.408891450613737106e-03
6.181171629577875137e-04
-1.175381825305521488e-03
2.618083497509360313e-03
9.944038465619087219e-04
1.066946075297892094e-03
-2.819962566718459129e-03
1.069381949491798878e-03
-3.306515573058277369e-04
-3.647699486464262009e-03
1.422776724211871624e-03
-3.771796473301947117e-04
-3.157271072268486023e-03
-3.809215500950813293e-03
3.664938965812325478e-03
-2.346155466511845589e-03
-2.341305837035179138e-03
-3.289729356765747070e-03
3.141399240121245384e-03
-2.227158984169363976e-03
2.183116273954510689e-03
1.581708551384508610e-03
3.365547629073262215e-03
-8.693144191056489944e-04
-3.359403694048523903e-03
-1.725819020066410303e-04
2.443010918796062469e-03
1.308563747443258762e-03
1.356789376586675644e-03
-1.710158423520624638e-03
-3.688498632982373238e-03
-3.522709012031555176e-03
-1.824227045290172100e-03
2.166213700547814369e-03
-1.077918801456689835e-03
-1.025931211188435555e-03
3.721267858054488897e-04
-1.350681530311703682e-03
-3.074533073231577873e-03
1.112174591980874538e-03
8.748456020839512348e-04
3.862471552565693855e-03
1.540055091027170420e-04
3.250977024435997009e-03
-3.491799347102642059e-03
1.106713025365024805e-04
-1.105771283619105816e-03
1.526333508081734180e-03
6.692666211165487766e-04
-3.760859835892915726e-03
-1.531004323624074459e-03
-1.147677074186503887e-03
-1.021538118948228657e-04
2.897192025557160378e-03
3.265080275014042854e-03
3.383532632142305374e-03
9.394009248353540897e-04
-2.805131254717707634e-03
3.692700294777750969e-03
-1.117809442803263664e-03
-2.294159028679132462e-03
1.424888498149812222e-03
-5.485666333697736263e-04
1.245854422450065613e-03
3.758031874895095825e-03
-1.749946735799312592e-03
3.086424199864268303e-03
-2.119048265740275383e-03
2.256330102682113647e-03
2.030930714681744576e-03
-2.377475379034876823e-03
-2.622408093884587288e-03
-3.644538577646017075e-03
-3.538326127454638481e-03
2.962470520287752151e-03
-2.125115832313895226e-03
1.322061056271195412e-03
-7.994131883606314659e-04
3.266282845288515091e-03
-8.529583574272692204e-04
-1.819362863898277283e-03
3.347467165440320969e-03
2.936667064204812050e-03
-2.473922504577785730e-04
4.097683704458177090e-04
2.562776906415820122e-03
-2.312029711902141571e-03
3.490844042971730232e-03
-2.205440308898687363e-03
2.204419812187552452e-03
3.125304123386740685e-03
3.481709572952240705e-04
-3.777577308937907219e-03
-2.032219665125012398e-03
-2.302258741110563278e-03
-3.532024100422859192e-03
3.198423422873020172e-03
-2.559188869781792164e-04
-2.923524472862482071e-03
-2.695525530725717545e-03
-3.578935284167528152e-03
-2.603077562525868416e-03
-1.990267075598239899e-03
-1.362701412290334702e-03
-1.333145541138947010e-03
-1.321380143053829670e-03
3.310836618766188622e-03
3.885251702740788460e-03
2.167235594242811203e-03
6.001763977110385895e-04
-3.353157080709934235e-04
-1.392415724694728851e-03
2.555127954110503197e-03
-3.347963793203234673e-03
-1.859472831711173058e-03
-1.146808848716318607e-03
3.385290969163179398e-03
3.356556175276637077e-03
2.169004408642649651e-03
3.413802245631814003e-03
-3.686097217723727226e-03
2.619408769533038139e-03
-3.023827448487281799e-03
-2.284813206642866135e-03
1.914852298796176910e-03
1.503483217675238848e-04
8.573917439207434654e-04
1.462899497710168362e-03
1.780066057108342648e-03
3.714371239766478539e-03
2.159252762794494629e-03
-3.134293714538216591e-03
1.641757087782025337e-03
-3.874036949127912521e-03
