-1.514378818683326244e-03
-2.864406211301684380e-03
3.505807602778077126e-03
5.432091420516371727e-04
4.388880915939807892e-04
1.838263357058167458e-03
-6.979016470722854137e-04
-1.229755580425262451e-03
-3.350376849994063377e-03
-1.467049820348620415e-03
3.764899447560310364e-03
-3.836442017927765846e-03
2.793159335851669312e-03
-1.258138450793921947e-03
-3.548066131770610809e-03
-2.986385254189372063e-03
-1.566925784572958946e-03
1.239936333149671555e-03
-2.056722296401858330e-04
2.176975365728139877e-03
1.098677632398903370e-03
-2.469002502039074898e-03
3.210446797311306000e-03
2.902468200773000717e-03
2.839355496689677238e-03
-2.698972588405013084e-03
-2.475184155628085136e-03
-1.478981284890323877e-04
3.192875534296035767e-03
5.807598354294896126e-04
-9.843650041148066521e-04
-1.908571575768291950e-03
1.100723166018724442e-03
2.737537492066621780e-03
-2.040835679508745670e-04
-1.783498213626444340e-03
3.500130260363221169e-03
3.048785962164402008e-03
1.482854131609201431e-03
2.765120938420295715e-03
9.706680430099368095e-04
2.459888579323887825e-03
-3.174760378897190094e-03
-3.129232209175825119e-03
2.782050287351012230e-03
-7.304999744519591331e-04
-2.759575610980391502e-03
6.535982829518616199e-04
3.155038924887776375e-03
2.353807445615530014e-03
-1.932411920279264450e-03
-4.980428493581712246e-04
1.571720698848366737e-03
-3.290782449766993523e-03
-8.164306636899709702e-04
2.243290422484278679e-03
-3.792431904003024101e-03
2.471180399879813194e-03
3.296531271189451218e-03
1.316140871495008469e-03
-1.531989895738661289e-03
-1.825446961447596550e-03
-1.574199879541993141e-03
-3.812911454588174820e-04
5.967185716144740582e-04
2.321482170373201370e-03
3.357558045536279678e-03
2.679686760529875755e-03
-6.865066825412213802e-04
2.117702970281243324e-03
7.841164479032158852e-04
-6.315851351246237755e-04
2.367725595831871033e-03
3.365713171660900116e-03
-9.514488629065454006e-04
1.460020896047353745e-03
-3.480917948763817549e-04
-3.844652092084288597e-03
1.192196039482951164e-03
1.819095225073397160e-03
2.397067379206418991e-03
-2.064023632556200027e-03
1.802817452698945999e-03
-2.376286778599023819e-03
-1.170670031569898129e-03
3.767308953683823347e-04
-6.281758396653458476e-05
4.569577286019921303e-04
2.691298257559537888e-03
-3.560070646926760674e-03
-8.783043595030903816e-04
-2.913065487518906593e-03
-2.828699070960283279e-03
3.783257212489843369e-03
-1.596228219568729401e-03
-7.009311229921877384e-04
1.798396115191280842e-03
3.751276293769478798e-03
-2.463899436406791210e-04
3.708720672875642776e-03
3.013898385688662529e-03
-2.460843883454799652e-03
-3.485389985144138336e-03
3.765820292755961418e-03
-1.485329936258494854e-03
-3.702125046402215958e-03
-1.032277010381221771e-03
2.073175739496946335e-03
1.780261751264333725e-03
2.238599350675940514e-03
7.169889286160469055e-04
-5.333252483978867531e-04
-2.275091828778386116e-03
2.062484854832291603e-03
2.878165803849697113e-03
3.396467305719852448e-03
-3.490935545414686203e-03
1.437789760529994965e-03
2.275042235851287842e-03
1.273624831810593605e-03
2.377812052145600319e-03
2.337697427719831467e-03
2.970331814140081406e-03
1.756693120114505291e-03
-1.231828704476356506e-03
6.903252215124666691e-04
1.656617037951946259e-03
-2.740655094385147095e-03
-2.022721571847796440e-03
-3.704115049913525581e-03
-5.498873069882392883e-04
-1.166268793895142153e-05
-2.632427262142300606e-03
1.048426711349748075e-04
-3.631899366155266762e-03
-1.935104839503765106e-03
3.836745629087090492e-03
2.534290775656700134e-03
1.799557707272469997e-03
-1.858354080468416214e-03
2.845864975824952126e-03
1.999649452045559883e-03
-2.645729575306177139e-03
-1.983289606869220734e-03
-1.898810442071408033e-04
3.168419003486633301e-03
-3.524800296872854233e-03
2.933071460574865341e-03
-2.087464323267340660e-03
-2.398175885900855064e-03
-1.915797358378767967e-03
2.903427928686141968e-03
-2.575789694674313068e-04
-3.163389628753066063e-03
-2.048798371106386185e-03
3.597370814532041550e-03
3.344605502206832170e-04
2.510464750230312347e-03
-1.070004072971642017e-03
-1.211322261951863766e-03
3.198258345946669579e-03
-2.747618360444903374e-03
1.013060566037893295e-03
2.535457490012049675e-03
-2.148699713870882988e-03
1.933131134137511253e-03
-2.665606793016195297e-03
-3.775282064452767372e-03
9.317368967458605766e-04
2.249209210276603699e-03
3.800506470724940300e-03
-3.723491216078400612e-03
8.894671918824315071e-04
1.123045221902430058e-03
-1.537332311272621155e-03
-3.723236150108277798e-04
1.213746145367622375e-03
-3.384006442502140999e-03
3.484231187030673027e-03
-1.046431716531515121e-03
3.514474024996161461e-03
-2.946837339550256729e-03
2.308191964402794838e-03
1.117113788495771587e-04
-1.208007015520706773e-04
3.603617893531918526e-03
1.829454675316810608e-03
1.318409456871449947e-03
-9.578554308973252773e-04
-1.607936457730829716e-03
-3.902984099113382399e-05
-1.873403904028236866e-03
-3.386247903108596802e-03
3.579822834581136703e-03
-2.581071108579635620e-03
-2.931624418124556541e-03
3.386974101886153221e-03
-4.701470024883747101e-04
-3.725653979927301407e-03
2.811474259942770004e-03
-2.738917712122201920e-03
-3.662849077954888344e-03
1.771990093402564526e-03
1.780740967660676688e-05
2.762367483228445053e-03
-1.278881914913654327e-03
2.999298274517059326e-03
-1.114246551878750324e-03
1.370941463392227888e-04
3.145537339150905609e-03
6.064969056751579046e-05
-2.865098416805267334e-03
7.884055958129465580e-04
1.950049540027976036e-03
-1.810957095585763454e-03
2.442481927573680878e-03
2.510264857846777886e-05
-2.207288052886724472e-03
2.121785189956426620e-03
-6.933267577551305294e-04
1.905820216052234173e-03
-2.905732486397027969e-03
-2.476916415616869926e-03
-1.591020845808088779e-03
-7.838014280423521996e-04
2.077424200251698494e-03
4.009479598607867956e-04
3.077963599935173988e-03
-2.232572995126247406e-03
-5.973188090138137341e-04
-2.183112781494855881e-03
1.476508448831737041e-03
-2.933969488367438316e-03
-2.272886922582983971e-04
2.708185464143753052e-03
-8.044173591770231724e-04
2.517092740163207054e-03
9.469442302361130714e-04
-1.081560913007706404e-04
1.263795275008305907e-04
1.551692956127226353e-03
2.566296607255935669e-03
-2.115071984007954597e-03
-2.974011003971099854e-03
2.708952175453305244e-03
-3.147234441712498665e-03
1.477563171647489071e-03
-3.632184583693742752e-03
-2.751960419118404388e-03
-1.386204035952687263e-03
9.292671165894716978e-05
1.613489468581974506e-03
1.674941857345402241e-03
-1.973230857402086258e-03
3.122975118458271027e-03
-2.542651258409023285e-03
