-2.012710087001323700e-03
-2.559955464676022530e-04
3.030416322872042656e-03
-3.443643916398286819e-03
-2.717100549489259720e-03
-2.907821908593177795e-03
-2.784512471407651901e-03
5.523142172023653984e-04
1.180893857963383198e-03
8.467892184853553772e-04
2.207432640716433525e-03
-1.134580001235008240e-03
3.230373142287135124e-03
2.649603644385933876e-03
2.056153753073886037e-04
1.608156482689082623e-03
-1.735265599563717842e-03
-1.651039929129183292e-03
3.593278117477893829e-03
2.217255067080259323e-03
8.450298337265849113e-04
2.482373500242829323e-03
6.436607800424098969e-04
1.667545991949737072e-03
-8.044930291362106800e-04
-1.553256530314683914e-03
1.736548379994928837e-03
8.016720530577003956e-04
-3.298436058685183525e-03
-1.388206146657466888e-03
-1.468957634642720222e-03
3.286899765953421593e-03
2.927484223619103432e-03
-9.052936802618205547e-04
2.654302865266799927e-03
-2.005980582907795906e-03
-4.636045196093618870e-04
3.014935180544853210e-03
3.129556775093078613e-03
1.937740715220570564e-03
-1.248580869287252426e-03
1.919525675475597382e-03
-2.935456112027168274e-03
3.795504162553697824e-04
-3.626902122050523758e-03
2.957159886136651039e-03
1.936493790708482265e-03
1.038433751091361046e-03
-1.156358746811747551e-03
2.031842945143580437e-03
-6.913150427863001823e-04
-1.007548999041318893e-03
2.238824265077710152e-03
3.089032368734478951e-03
-1.793564995750784874e-03
-2.568800002336502075e-03
4.258698900230228901e-04
2.877872611861675978e-04
2.535483101382851601e-03
-3.145506838336586952e-03
2.667193533852696419e-03
-6.535770371556282043e-04
-1.474652090109884739e-04
3.264574566856026649e-03
3.749445895664393902e-04
1.106262556277215481e-03
-3.377484623342752457e-03
2.951188478618860245e-03
-3.133974038064479828e-03
-2.492949366569519043e-03
3.342187497764825821e-03
5.180584266781806946e-04
-3.284714184701442719e-03
-4.706663021352142096e-04
1.483501517213881016e-03
-3.860850818455219269e-03
-1.334964414127171040e-03
3.742324188351631165e-04
1.025890087476000190e-04
-4.588162701111286879e-04
-8.436094503849744797e-04
3.824273589998483658e-03
-8.696200093254446983e-04
3.333455417305231094e-03
1.094559906050562859e-03
3.883602796122431755e-03
2.669229637831449509e-03
1.493500079959630966e-03
2.198398113250732422e-03
1.952200778760015965e-03
-1.653007115237414837e-03
-2.761953277513384819e-03
2.120123710483312607e-03
2.969870402012020350e-04
2.559709828346967697e-03
2.005144488066434860e-03
9.201893699355423450e-04
3.776446450501680374e-03
-1.106855925172567368e-03
-2.221792237833142281e-03
-3.235898213461041451e-03
-3.072907915338873863e-03
-1.247851760126650333e-03
2.280172426253557205e-03
-2.278042724356055260e-03
-2.505863376427441835e-04
-2.193169784732162952e-04
2.432430861517786980e-03
-3.544591832906007767e-03
-2.654823474586009979e-03
-1.110336859710514545e-03
-2.393200993537902832e-03
-3.443616675212979317e-03
-3.100515576079487801e-03
-2.877605613321065903e-03
-1.758610480464994907e-03
2.315484685823321342e-03
-1.931556384079158306e-03
-3.411686047911643982e-03
3.798479214310646057e-03
3.984725917689502239e-04
-2.881900174543261528e-03
3.893632907420396805e-03
3.666371572762727737e-03
3.617305774241685867e-03
1.780363032594323158e-03
2.862739609554409981e-03
-1.930238911882042885e-03
-3.036607056856155396e-03
2.275948179885745049e-03
-1.971973106265068054e-03
2.796459477394819260e-03
3.483756445348262787e-03
-3.755873069167137146e-03
1.262595527805387974e-03
2.836625790223479271e-03
2.694638213142752647e-03
4.266252217348664999e-04
1.309131854213774204e-03
7.130807498469948769e-04
3.401873400434851646e-04
-3.438921412453055382e-03
3.876639995723962784e-03
2.847154857590794563e-03
-1.228586625074967742e-04
-3.622423391789197922e-04
3.249604487791657448e-03
-3.332458436489105225e-03
-3.413442056626081467e-03
2.734921406954526901e-03
1.755185425281524658e-03
-1.600285060703754425e-03
2.884390298277139664e-03
3.604315454140305519e-03
-4.478475311771035194e-04
-3.818624420091509819e-03
1.772846444509923458e-03
-1.893728767754510045e-04
-1.509756257291883230e-04
-1.400790759362280369e-03
-3.893501707352697849e-05
4.224416625220328569e-04
1.568618929013609886e-03
-2.815817249938845634e-03
-1.150821219198405743e-03
1.307692262344062328e-03
-1.678631524555385113e-03
-1.751176198013126850e-03
-1.168746151961386204e-03
-1.690967823378741741e-03
-2.139959018677473068e-03
-3.753423923626542091e-03
-5.334653178579173982e-05
-2.642610343173146248e-03
-1.589867984876036644e-03
3.553189744707196951e-04
-6.482208118541166186e-05
3.794208867475390434e-03
-1.931349397636950016e-03
3.297536866739392281e-03
8.946039015427231789e-04
-2.285162219777703285e-03
1.212294329889118671e-03
1.628591446205973625e-03
-1.058142283000051975e-03
2.200543181970715523e-03
3.155358353978954256e-05
-2.402691898168995976e-04
9.574962314218282700e-04
-2.267440780997276306e-03
-9.443528251722455025e-04
2.483633346855640411e-03
1.474444870837032795e-03
3.485410008579492569e-03
2.891344483941793442e-03
-1.815229305066168308e-03
-1.575027359649538994e-03
-2.337962156161665916e-03
-9.520932217128574848e-04
2.591703785583376884e-03
2.072682604193687439e-03
2.572634490206837654e-03
-3.152333898469805717e-03
-3.210184397175908089e-03
-1.413688063621520996e-03
-1.689097029156982899e-03
1.247921027243137360e-03
-3.244499443098902702e-03
3.359982743859291077e-03
2.430849708616733551e-03
2.995002781972289085e-03
-3.308543702587485313e-03
-5.138280102983117104e-04
-3.275589318946003914e-03
-3.266559680923819542e-03
3.505016211420297623e-03
3.897916292771697044e-03
-2.045929431915283203e-03
2.002550754696130753e-03
3.677115018945187330e-04
-2.690175082534551620e-03
-1.229651505127549171e-03
-3.550206776708364487e-03
-6.956885335966944695e-04
2.039737300947308540e-03
1.791783841326832771e-03
-1.076720887795090675e-03
2.966003026813268661e-03
1.952119055204093456e-03
-3.711694618687033653e-03
-4.768107610289007425e-04
-1.495326054282486439e-03
2.257229498354718089e-04
1.189402537420392036e-03
1.916770008392632008e-03
-1.762862666510045528e-03
-3.340118564665317535e-03
2.340364735573530197e-03
2.874770434573292732e-03
-3.757577855139970779e-03
3.572140820324420929e-03
2.317720092833042145e-03
-3.691002028062939644e-03
3.637690795585513115e-03
-1.939876470714807510e-03
-3.164584282785654068e-03
-4.062919106218032539e-05
1.469342969357967377e-03
-3.678313223645091057e-03
7.284761522896587849e-04
-1.195416669361293316e-03
-3.398739965632557869e-03
3.620667383074760437e-03
-2.733223605901002884e-03
-3.084294730797410011e-03
1.205306616611778736e-03
