1.540380995720624924e-03
7.460926426574587822e-04
-1.441057538613677025e-03
3.489393740892410278e-03
-1.985721290111541748e-03
-2.327222609892487526e-03
2.092623151838779449e-03
6.450997898355126381e-04
-3.734565572813153267e-03
-3.842453239485621452e-03
-1.323506003245711327e-03
5.497836391441524029e-04
2.234964165836572647e-03
-3.350374987348914146e-03
5.487932357937097549e-04
2.070660470053553581e-03
3.712921403348445892e-03
1.766434987075626850e-03
-7.433504215441644192e-04
2.330156276002526283e-03
-3.903239557985216379e-04
-3.584695747122168541e-03
8.666715002618730068e-04
8.372085867449641228e-04
-1.166062778793275356e-03
9.105321805691346526e-05
2.176051260903477669e-03
2.795000793412327766e-03
-7.745924522168934345e-04
-2.353289397433400154e-03
6.068277289159595966e-04
-1.148707815445959568e-03
3.354524727910757065e-03
-8.964323933469131589e-05
-2.295983955264091492e-03
-3.854630514979362488e-03
-8.723706741875503212e-06
1.135348924435675144e-03
3.584417048841714859e-03
1.498327474109828472e-03
-2.650285838171839714e-03
-2.538185333833098412e-03
-2.715203678235411644e-03
2.171477070078253746e-03
1.001633238047361374e-03
1.105577568523585796e-03
-2.523569855839014053e-03
9.949101367965340614e-04
3.524347674101591110e-03
-3.200329083483666182e-04
1.469407114200294018e-03
-6.148230113467434421e-06
5.044150748290121555e-04
-1.443349290639162064e-03
-2.973308321088552475e-03
-1.325023127719759941e-03
9.632451838115230203e-05
-1.821532961912453175e-03
-1.530854031443595886e-03
-2.528361277654767036e-03
2.217267174273729324e-03
-8.770319400355219841e-04
-2.159808529540896416e-03
1.106199459172785282e-03
3.855027956888079643e-03
-2.720348536968231201e-03
-1.547379535622894764e-03
-3.762505948543548584e-03
-2.060550497844815254e-03
3.274823538959026337e-03
1.062849885784089565e-03
1.282661105506122112e-03
-1.829733257181942463e-03
-1.608584425412118435e-03
-2.514607040211558342e-03
-2.770525170490145683e-03
-3.154340665787458420e-03
3.248574212193489075e-03
-1.313551794737577438e-03
3.301056567579507828e-03
3.841876285150647163e-03
-3.852220252156257629e-03
-3.716893028467893600e-03
-1.806066255085170269e-03
-3.075243439525365829e-04
1.448470982722938061e-03
5.503986612893640995e-04
-2.203518291935324669e-03
3.693411126732826233e-03
-1.715549384243786335e-03
5.556065589189529419e-04
-9.445203468203544617e-04
-3.663292853161692619e-03
1.444606808945536613e-03
-2.342020161449909210e-03
2.484748139977455139e-03
-2.538822358474135399e-03
-8.438383229076862335e-04
-2.016393700614571571e-03
6.208759150467813015e-04
2.453230787068605423e-03
-2.916550729423761368e-03
-1.447220216505229473e-03
3.091213060542941093e-03
2.832331694662570953e-03
-1.885710633359849453e-03
-1.609978964552283287e-03
-3.435585531406104565e-04
1.842814730480313301e-03
-2.024667570367455482e-03
-1.600059098564088345e-03
-1.577440998516976833e-03
-7.406354416161775589e-05
-1.503402454545721412e-04
-2.247586613520979881e-03
2.750134735833853483e-04
-1.668840297497808933e-03
2.890661126002669334e-03
1.072827103598683607e-06
-1.730673597194254398e-03
8.718530880287289619e-04
-2.013252116739749908e-03
3.269635839387774467e-03
-2.009239979088306427e-03
1.775707933120429516e-03
1.937035354785621166e-03
1.358974026516079903e-03
6.771555054001510143e-04
-2.405733102932572365e-03
-1.200604252517223358e-03
-2.721043536439538002e-03
-1.035160734318196774e-03
1.042249379679560661e-03
-2.183941658586263657e-03
1.069781137630343437e-03
-1.233101938851177692e-03
-1.967851305380463600e-03
-5.364439566619694233e-04
2.413084730505943298e-03
-1.311966188950464129e-04
-9.574494906701147556e-04
-9.272675379179418087e-04
-1.175524899736046791e-03
-1.151533331722021103e-03
-1.373015460558235645e-03
-1.971290213987231255e-03
2.379842801019549370e-03
1.233894494362175465e-03
-3.607426770031452179e-03
9.225869871443137527e-05
1.085119205527007580e-03
2.495110733434557915e-03
2.421997021883726120e-03
-1.796433585695922375e-03
4.312293822295032442e-05
2.796527696773409843e-04
-6.047813803888857365e-04
-2.319408667972311378e-04
2.187831560149788857e-03
1.246444880962371826e-03
-2.835190854966640472e-03
-1.968371449038386345e-03
-1.249346823897212744e-04
2.692694251891225576e-04
-3.566552419215440750e-03
-2.337159821763634682e-03
3.204220905900001526e-03
3.746917005628347397e-03
1.568471197970211506e-03
6.822032155469059944e-04
1.111340126954019070e-03
1.309953280724585056e-03
-2.397731179371476173e-03
2.500909613445401192e-03
-2.131121465936303139e-03
-1.066152588464319706e-03
3.544006031006574631e-03
2.094713738188147545e-03
-1.032848609611392021e-03
-9.072331886272877455e-05
2.623929176479578018e-03
-1.706851762719452381e-04
1.926225028000771999e-03
-8.795659523457288742e-04
-2.331302130187395960e-05
-3.001326927915215492e-03
2.001130254939198494e-03
5.375679756980389357e-05
1.670470461249351501e-03
-2.776187611743807793e-03
1.064062118530273438e-03
-2.800902351737022400e-03
-2.552346093580126762e-03
-9.413844090886414051e-04
-3.147430019453167915e-03
-1.349409576505422592e-03
2.610661089420318604e-03
-1.841987133957445621e-03
-3.852867055684328079e-03
-1.216978183947503567e-03
6.936981808394193649e-04
-3.601263451855629683e-04
-3.799200057983398438e-03
-2.522022696211934090e-03
-2.731841290369629860e-03
-3.132547717541456223e-03
9.535277495160698891e-04
-3.055094275623559952e-03
-3.645572112873196602e-03
-2.683593658730387688e-03
2.831495134159922600e-03
2.966712228953838348e-03
3.588994964957237244e-03
1.260183751583099365e-03
-1.401568530127406120e-03
-2.329580951482057571e-03
3.028364619240164757e-03
-2.451301086694002151e-03
5.617073620669543743e-04
1.163514098152518272e-03
1.975259510800242424e-03
-3.467906266450881958e-03
-3.857383038848638535e-03
2.479256130754947662e-03
-1.368628465570509434e-03
8.079867111518979073e-04
3.573451191186904907e-03
-3.973557031713426113e-04
3.371038241311907768e-03
-6.715079653076827526e-04
-2.666949760168790817e-03
2.368232700973749161e-03
-2.486976329237222672e-03
-2.922302344813942909e-03
1.062272698618471622e-03
-1.203925115987658501e-03
3.316921647638082504e-03
7.606843137182295322e-04
-3.477916121482849121e-03
-1.460229163058102131e-03
2.707694889977574348e-03
4.805474600289016962e-04
-1.727275550365447998e-03
1.903852913528680801e-03
-8.364350069314241409e-04
-2.134079579263925552e-03
-5.298929754644632339e-04
2.504357369616627693e-03
2.826158190146088600e-03
-3.096316009759902954e-03
2.591041848063468933e-03
-1.825153245590627193e-03
4.752189270220696926e-04
3.171565243974328041e-03
-3.356563160195946693e-03
-1.595376641489565372e-03
