2.269495045766234398e-03
-2.069986425340175629e-03
6.106101791374385357e-04
5.577026749961078167e-04
2.970360917970538139e-03
-3.799543948844075203e-03
3.528488799929618835e-03
-9.765070717548951507e-05
8.270129910670220852e-04
1.217130455188453197e-03
3.557750023901462555e-03
2.849707845598459244e-03
-1.813067938201129436e-03
1.555495313368737698e-03
-1.845644903369247913e-03
1.936856657266616821e-03
-2.412274945527315140e-03
-4.564925038721412420e-04
1.071702281478792429e-04
-1.194051816128194332e-03
-2.393643604591488838e-03
-3.563709033187478781e-04
2.513117389753460884e-03
-1.418792060576379299e-03
-2.924282336607575417e-03
-3.651850391179323196e-03
-1.924188109114766121e-03
-2.907663583755493164e-03
-3.304400015622377396e-03
2.242730697616934776e-03
3.159757237881422043e-03
-3.505951026454567909e-03
2.797169378027319908e-03
2.228222088888287544e-03
-2.229296136647462845e-03
1.589937251992523670e-03
-1.709753065370023251e-03
2.575288526713848114e-03
-2.445588470436632633e-04
-2.206706907600164413e-03
-1.329707680270075798e-03
-3.055309876799583435e-03
-1.387500436976552010e-03
-2.753922250121831894e-03
2.593771787360310555e-03
7.882623467594385147e-04
3.703798633068799973e-03
1.328711077803745866e-04
1.504779793322086334e-03
3.652188461273908615e-03
1.390329794958233833e-03
-2.833710284903645515e-03
-1.325805205851793289e-03
-2.679453929886221886e-03
-3.529874840751290321e-03
3.610500600188970566e-03
-3.646517172455787659e-03
3.131801029667258263e-03
-1.627094461582601070e-03
-1.822798396460711956e-03
2.431816188618540764e-03
2.469509374350309372e-03
-2.676438540220260620e-03
-1.057838788256049156e-03
1.397929736413061619e-03
-2.307994436705484986e-04
9.117668960243463516e-04
2.472017193213105202e-03
-3.699906170368194580e-03
6.389744230546057224e-04
3.200970822945237160e-03
-3.218469209969043732e-03
-3.453932236880064011e-03
-3.057073103263974190e-03
-2.757775830104947090e-03
-2.804578514769673347e-03
-4.300525179132819176e-04
3.592933528125286102e-03
-3.408448537811636925e-03
1.016838243231177330e-03
-3.754939185455441475e-03
3.053178312256932259e-03
3.867857158184051514e-03
-2.124185441061854362e-03
2.034072997048497200e-03
1.097212196327745914e-03
-1.860965858213603497e-03
-2.736590337008237839e-03
-3.527004737406969070e-03
-2.585838083177804947e-03
-2.513361861929297447e-03
-3.167739836499094963e-03
-1.468999980716034770e-04
4.421820922289043665e-04
-3.247200278565287590e-03
3.768798196688294411e-03
-3.311379346996545792e-03
3.835064591839909554e-03
3.364942967891693115e-03
-3.255760064348578453e-03
-1.116010127589106560e-03
3.149196505546569824e-03
3.047225065529346466e-03
-1.245303312316536903e-03
-2.833558246493339539e-03
5.100529524497687817e-04
-9.297879296354949474e-04
-3.116425359621644020e-03
9.694673935882747173e-04
4.303213499952107668e-04
-1.980588771402835846e-03
1.886656973510980606e-03
3.109877463430166245e-03
2.478679176419973373e-03
-9.472321253269910812e-04
8.274477440863847733e-04
-2.482627518475055695e-03
1.207812456414103508e-03
1.704146503470838070e-03
-5.133496597409248352e-04
1.104591530747711658e-03
1.516457996331155300e-03
2.863993868231773376e-03
1.945644849911332130e-03
2.643343526870012283e-03
-3.006862010806798935e-03
3.300344804301857948e-03
-2.037115162238478661e-03
9.242079686373472214e-04
-1.823102822527289391e-03
-3.183220513164997101e-03
-1.688607851974666119e-03
-3.794893156737089157e-03
2.800852060317993164e-03
-2.319576451554894447e-03
-3.684799186885356903e-03
-9.773090714588761330e-04
-1.431911485269665718e-03
3.406880714464932680e-04
-2.685170387849211693e-03
-2.960497280582785606e-03
-8.233666303567588329e-04
-1.668942742981016636e-03
2.604962792247533798e-03
-2.559666289016604424e-03
3.611442400142550468e-03
3.178594168275594711e-03
2.445777412503957748e-03
-4.147441650275141001e-04
-4.545328556559979916e-04
3.384589683264493942e-03
2.059230580925941467e-03
1.474662683904170990e-03
2.650084672495722771e-03
4.870647098869085312e-04
-2.131273970007896423e-03
1.045345212332904339e-03
2.357501070946455002e-03
-1.942132716067135334e-03
1.772123854607343674e-03
3.047526115551590919e-03
-3.144461195915937424e-03
-3.615778405219316483e-03
-3.457681450527161360e-04
3.921210009139031172e-04
-2.838328015059232712e-03
3.679274348542094231e-03
1.637806883081793785e-03
2.054490847513079643e-03
-1.507687848061323166e-03
2.562074456363916397e-03
1.284804311580955982e-03
2.567766001448035240e-03
3.399295732378959656e-03
2.457384252920746803e-03
-1.065964344888925552e-03
3.201393643394112587e-03
-1.617358881048858166e-03
-1.872377470135688782e-03
2.662149490788578987e-04
3.589733038097620010e-03
-3.399958834052085876e-03
-1.667866017669439316e-03
1.464033382944762707e-03
-1.185017172247171402e-03
8.441134123131632805e-04
2.705770311877131462e-03
2.924545900896191597e-03
3.504148917272686958e-03
-1.603098586201667786e-03
-3.525504609569907188e-03
-2.380563644692301750e-03
-2.541452879086136818e-03
7.798437727615237236e-04
3.850715467706322670e-03
1.444876310415565968e-03
-2.201514551416039467e-03
2.583906287327408791e-03
3.516688477247953415e-03
3.182411659508943558e-03
4.417069430928677320e-04
1.685489434748888016e-03
1.061669900082051754e-03
3.761319210752844810e-03
3.075463464483618736e-03
1.890864805318415165e-03
-1.188916852697730064e-03
9.362888522446155548e-04
2.353841206058859825e-03
-8.608913776697590947e-05
-2.916524186730384827e-03
-7.240427657961845398e-04
-1.664397655986249447e-03
-1.729982439428567886e-03
-2.024388231802731752e-04
4.757027490995824337e-04
-2.697953954339027405e-03
2.659182064235210419e-03
3.619808005169034004e-03
-2.083292929455637932e-03
-1.190439797937870026e-03
-2.047179965302348137e-03
-5.566422478295862675e-04
3.686404088512063026e-03
-2.334509976208209991e-03
-9.177661850117146969e-04
1.081488677300512791e-03
3.626058809459209442e-03
-8.445845451205968857e-04
5.264325300231575966e-04
-2.308467868715524673e-03
-3.613272449001669884e-03
-3.449453739449381828e-03
-3.215676406398415565e-03
3.482363885268568993e-03
1.266553997993469238e-03
1.790169626474380493e-03
-4.954524920322000980e-04
2.629369031637907028e-03
-2.832752186805009842e-03
-2.651949645951390266e-03
5.573099479079246521e-04
2.880831598304212093e-04
1.237161690369248390e-03
-3.607914783060550690e-03
-1.608545309863984585e-03
-2.105877065332606435e-04
-3.370228689163923264e-03
-1.464826520532369614e-03
-9.733124752528965473e-04
3.269688459113240242e-03
-2.833227044902741909e-04
-2.553091617301106453e-04
3.315876005217432976e-03
2.999866846948862076e-03
1.182072330266237259e-03
