3.243090119212865829e-03
-2.488318365067243576e-03
1.272876048460602760e-03
1.255074632354080677e-03
2.174981636926531792e-03
-1.518435601610690355e-04
-1.377494656480848789e-03
-3.451965982094407082e-03
2.939527330454438925e-04
1.582715078257024288e-03
8.722915663383901119e-05
1.729039591737091541e-03
3.680899972096085548e-03
3.751549636945128441e-03
-2.881591441109776497e-03
3.123870352283120155e-03
-3.029916551895439625e-04
9.196837781928479671e-04
-8.544680895283818245e-04
-2.827167045325040817e-04
2.636466640979051590e-03
6.877675186842679977e-04
-2.684188773855566978e-03
4.914970486424863338e-04
-2.525731906644068658e-05
-2.971803769469261169e-04
-1.277574338018894196e-03
-3.731623990461230278e-03
5.863392652827315032e-05
-2.479654503986239433e-03
-1.709863310679793358e-03
-1.935684413183480501e-04
3.728088224306702614e-03
1.484184875153005123e-03
1.895199646241962910e-03
-9.019880671985447407e-04
-1.927447854541242123e-03
2.962465398013591766e-03
3.422535024583339691e-03
2.816293155774474144e-03
8.211710955947637558e-04
-2.832439960911870003e-03
3.537121927365660667e-03
3.864440368488430977e-03
4.319948784541338682e-04
-2.342341758776456118e-04
-1.078225672245025635e-03
3.053270280361175537e-03
2.098327968269586563e-03
2.629694063216447830e-03
-2.693776506930589676e-03
-3.610657295212149620e-03
2.418647054582834244e-03
-1.206654938869178295e-03
9.810986230149865150e-04
9.105671197175979614e-04
-2.436078153550624847e-03
-2.372935647144913673e-03
-3.319110022857785225e-03
-4.856317536905407906e-04
-3.316694870591163635e-03
-8.904227870516479015e-04
-2.429929794743657112e-03
-3.603531746193766594e-03
-1.266277395188808441e-03
3.084386000409722328e-03
1.032875501550734043e-03
1.493187155574560165e-04
6.459932192228734493e-04
3.258030395954847336e-03
-1.485941465944051743e-03
-2.587785711511969566e-03
8.724162471480667591e-04
-1.456170430174097419e-04
-2.370219444856047630e-03
1.233402523212134838e-03
2.774498425424098969e-03
-1.589380204677581787e-03
-1.689319149591028690e-03
6.181743810884654522e-04
1.768509508110582829e-03
5.486359586939215660e-04
-1.353986444883048534e-03
6.074181874282658100e-04
3.746077185496687889e-03
-2.106516622006893158e-03
-2.846401650458574295e-03
3.112931502982974052e-03
3.583312034606933594e-03
2.529815305024385452e-03
-1.205660286359488964e-03
2.989055821672081947e-03
3.091573948040604591e-03
1.399541273713111877e-03
-6.508548976853489876e-04
-3.207024419680237770e-03
-2.428977517411112785e-03
3.334140870720148087e-03
-1.625521836103871465e-04
-3.070102073252201080e-03
-2.667831489816308022e-03
3.228135174140334129e-03
1.590015017427504063e-03
-3.137905150651931763e-03
1.082642120309174061e-03
2.768157515674829483e-03
2.587437862530350685e-03
-1.181516796350479126e-03
1.590990344993770123e-03
1.455625519156455994e-03
-2.628492948133498430e-04
2.837411593645811081e-03
2.811968326568603516e-03
-5.743894507759250700e-05
6.501906318590044975e-04
-9.245674591511487961e-04
-1.375977415591478348e-03
1.046556048095226288e-03
-5.824215477332472801e-04
2.994166919961571693e-03
1.556949573568999767e-03
1.788434339687228203e-03
2.313429489731788635e-03
2.335042227059602737e-03
3.896010108292102814e-03
-8.629733347333967686e-04
-9.193173027597367764e-04
-3.588103456422686577e-03
-2.659106859937310219e-03
6.106698419898748398e-04
-2.337858313694596291e-03
-6.570064579136669636e-04
-2.005842979997396469e-03
-1.392305712215602398e-04
-3.788579022511839867e-03
-2.248983597382903099e-03
-1.011307933367788792e-03
-1.896766480058431625e-03
-3.055101027712225914e-03
-2.747683087363839149e-03
-2.378660487011075020e-03
-1.888667815364897251e-03
1.526794862002134323e-03
-1.216926844790577888e-03
2.192704007029533386e-03
-1.147892442531883717e-03
2.673282520845532417e-03
3.015297930687665939e-03
3.341540228575468063e-03
-1.149253570474684238e-03
-1.737654674798250198e-03
2.408497268334031105e-03
-1.558593125082552433e-03
1.662821159698069096e-04
6.481239688582718372e-04
1.579499454237520695e-03
-1.449472183594480157e-04
4.753566463477909565e-04
8.633717079646885395e-04
-5.589724751189351082e-04
2.398490440100431442e-03
-2.180348848924040794e-03
9.105383069254457951e-04
-6.855832762084901333e-04
2.898238832131028175e-03
2.875717589631676674e-03
-3.593760076910257339e-03
-2.793056191876530647e-03
-1.561407581903040409e-03
3.812729381024837494e-03
2.117324620485305786e-03
3.202435327693820000e-03
-1.474159187637269497e-03
1.249821973033249378e-03
9.976121364161372185e-04
2.105250954627990723e-03
3.485385794192552567e-03
-2.700466662645339966e-03
1.672161277383565903e-03
2.552442310843616724e-04
3.175462596118450165e-03
5.683685885742306709e-04
2.184545388445258141e-03
-1.610759994946420193e-03
3.671800252050161362e-03
8.313882863149046898e-04
2.250551246106624603e-03
-1.808155211620032787e-03
-3.303680103272199631e-03
-5.171506782062351704e-04
-2.479177201166749001e-03
2.329625189304351807e-03
1.610512699699029326e-04
-6.359043181873857975e-04
1.070616417564451694e-03
2.245781011879444122e-03
-2.324128290638327599e-03
3.901805728673934937e-03
-3.434394966461695731e-05
-6.728337612003087997e-04
3.539091441780328751e-03
-2.311415271833539009e-03
3.645529737696051598e-03
4.571789177134633064e-04
-1.818044460378587246e-03
-5.360436625778675079e-04
-1.398474443703889847e-03
-3.839271143078804016e-03
-4.452104330994188786e-04
-1.144979498349130154e-03
3.038786351680755615e-03
-3.558593452908098698e-04
-1.942701637744903564e-03
1.813901006244122982e-03
-3.232603659853339195e-03
-1.412166981026530266e-03
-1.419266336597502232e-03
3.648782614618539810e-03
-2.742097480222582817e-03
-2.751387655735015869e-03
-7.046680548228323460e-04
-2.918618032708764076e-03
2.091386588290333748e-03
3.112038364633917809e-03
-3.580598160624504089e-03
-2.205327851697802544e-03
-3.905277699232101440e-03
1.206909073516726494e-03
-2.246260875836014748e-03
9.455924155190587044e-04
-2.015886362642049789e-03
6.726598949171602726e-04
-1.981637440621852875e-03
-7.525314576923847198e-04
1.554433489218354225e-03
-2.310860902070999146e-03
1.763695152476429939e-03
3.423726186156272888e-03
2.686766674742102623e-05
-3.106398042291402817e-03
3.711052704602479935e-03
1.871505810413509607e-04
1.859987154603004456e-03
-3.753732424229383469e-03
3.198810154572129250e-03
1.409588381648063660e-03
-3.040356561541557312e-03
2.997483126819133759e-03
-1.394669408909976482e-03
2.447009319439530373e-03
-2.170024672523140907e-03
-2.220548689365386963e-03
-3.309273626655340195e-03
-3.026331309229135513e-03
2.878163068089634180e-04
-3.674440376926213503e-04
