-1.714185578748583794e-03
1.271640998311340809e-03
-2.913100644946098328e-03
2.467227866873145103e-03
-1.637932844460010529e-03
2.118241507560014725e-03
-2.580335596576333046e-03
-1.324289478361606598e-03
-1.165271503850817680e-03
-6.735085626132786274e-04
2.345626009628176689e-03
1.383251626975834370e-03
1.632437692023813725e-03
-1.064756535924971104e-03
-1.818075194023549557e-03
-2.151363994926214218e-03
-3.317961702123284340e-03
-1.628111815080046654e-03
-1.597719150595366955e-03
-3.773010685108602047e-04
-1.631467835977673531e-03
-2.821572124958038330e-03
3.752025775611400604e-03
2.159915631636977196e-03
-1.866535167209804058e-04
-3.299336414784193039e-03
-6.664874381385743618e-04
3.676055930554866791e-03
3.650821046903729439e-03
4.549466539174318314e-04
-1.173691543954191729e-05
3.121583024039864540e-03
1.413086894899606705e-03
1.854953705333173275e-03
7.277900585904717445e-04
2.006539376452565193e-03
-1.842187775764614344e-04
1.283471821807324886e-03
-5.933842039667069912e-04
2.983467886224389076e-03
1.410890021361410618e-03
6.419495330192148685e-04
1.397177693434059620e-03
-3.286069724708795547e-03
-3.408663440495729446e-03
1.081843278370797634e-03
-7.046136306598782539e-04
-1.936374581418931484e-03
-6.361448322422802448e-04
3.838883480057120323e-03
3.376432927325367928e-03
-2.776507521048188210e-03
-2.247489901492372155e-04
-2.355074044317007065e-03
-3.630269551649689674e-03
-4.629592585843056440e-04
1.848896965384483337e-03
-5.610371008515357971e-04
2.816794905811548233e-03
1.422860310412943363e-03
-2.883678534999489784e-03
-1.282371813431382179e-03
-1.678543630987405777e-03
1.731227966956794262e-04
1.446134294383227825e-03
-8.179440046660602093e-04
1.751362578943371773e-03
2.316792728379368782e-03
-2.349164802581071854e-03
1.154414843767881393e-03
3.803231753408908844e-03
-1.199746504426002502e-03
-2.326402318431064487e-04
-3.978055901825428009e-04
7.281476282514631748e-04
1.785192762326914817e-05
-1.352893887087702751e-03
-8.666723733767867088e-04
2.674376883078366518e-04
7.143826805986464024e-04
-1.140845823101699352e-03
-3.889009123668074608e-03
-1.324607292190194130e-03
1.788714900612831116e-03
-3.495965851470828056e-03
1.776697114109992981e-03
4.635207878891378641e-04
-8.051293116295710206e-05
-2.767751691862940788e-03
-2.670477842912077904e-03
2.844328992068767548e-03
-3.662331029772758484e-03
1.283092540688812733e-03
-4.923178494209423661e-05
3.252011723816394806e-03
-1.159770763479173183e-03
2.013655146583914757e-03
3.091086982749402523e-04
-2.504600211977958679e-03
2.590231364592909813e-03
-2.476264955475926399e-03
-1.087075914256274700e-03
3.109676064923405647e-03
1.668375807639677078e-05
-3.853425441775470972e-04
2.608311595395207405e-03
-9.316401556134223938e-04
2.734023379161953926e-03
2.400875091552734375e-03
4.156689683441072702e-04
-2.857185900211334229e-03
1.109755365177989006e-03
-1.158807077445089817e-03
3.286157967522740364e-03
-1.800118712708353996e-03
1.203642576001584530e-03
5.175199476070702076e-04
1.496906741522252560e-03
-3.476145677268505096e-03
7.156897918321192265e-04
3.464895533397793770e-03
-1.892726751975715160e-03
1.657784567214548588e-03
-5.719184409826993942e-04
-4.630760813597589731e-04
-1.186593202874064445e-03
-1.193972420878708363e-03
7.704902964178472757e-05
1.242813537828624249e-03
2.945579821243882179e-03
3.296711016446352005e-03
2.744208904914557934e-04
3.536927746608853340e-03
-6.771453190594911575e-04
8.172729285433888435e-04
3.069161204621195793e-03
3.850604174658656120e-03
8.663636981509625912e-04
-9.020859724842011929e-04
-1.612968393601477146e-03
-1.386354677379131317e-03
-2.764470875263214111e-03
1.695607672445476055e-03
4.876838647760450840e-04
2.594409277662634850e-03
3.868697676807641983e-03
-3.124556504189968109e-03
-1.822669990360736847e-03
3.635487053543329239e-03
-3.406497184187173843e-03
3.186440328136086464e-03
-9.858969133347272873e-04
-1.239161239936947823e-03
-3.448609495535492897e-04
3.174737328663468361e-03
2.516789361834526062e-03
-1.159254461526870728e-03
2.862093970179557800e-03
-6.647142581641674042e-04
-1.446553505957126617e-03
1.164078013971447945e-03
2.314014593139290810e-03
-6.230397266335785389e-04
-3.643962787464261055e-03
3.491606330499053001e-03
-2.747253281995654106e-03
1.172744436189532280e-03
-9.885289473459124565e-04
2.425079699605703354e-03
1.632139668799936771e-03
-6.687068962492048740e-04
-3.420385066419839859e-03
-2.539693377912044525e-03
-3.128674812614917755e-03
-3.384268609806895256e-03
-9.315728093497455120e-04
-3.236182965338230133e-03
-9.946842910721898079e-04
-3.887555561959743500e-03
1.072235521860420704e-03
-3.267024178057909012e-03
-3.061415394768118858e-03
7.147991564124822617e-04
-1.467368681915104389e-03
3.431357443332672119e-03
-4.314496181905269623e-04
-2.257379674119874835e-05
-3.053998574614524841e-03
1.805363106541335583e-03
1.874798443168401718e-03
3.627359867095947266e-03
-2.917886711657047272e-03
-3.288264386355876923e-03
3.833362832665443420e-03
7.228464819490909576e-04
-1.259528449736535549e-03
7.439894252456724644e-04
-8.689091191627085209e-04
-1.952626858837902546e-03
6.284124101512134075e-04
-3.792323637753725052e-03
5.895264912396669388e-04
6.686955457553267479e-04
-1.181233092211186886e-03
-5.146481562405824661e-04
-4.963394603691995144e-04
1.799897407181560993e-03
9.742382098920643330e-04
-3.493108320981264114e-03
-1.853951602242887020e-03
1.121953362599015236e-03
-2.374295843765139580e-03
3.336425637826323509e-03
-2.559764543548226357e-03
-2.346624853089451790e-03
-5.171240190975368023e-04
1.665009767748415470e-05
3.756075864657759666e-03
3.054732223972678185e-03
-2.923101128544658422e-04
1.239078235812485218e-03
-3.676440566778182983e-03
-6.699578079860657454e-05
-1.837870455347001553e-03
-3.072523744776844978e-03
-1.730401418171823025e-03
3.811628557741641998e-03
-1.592648768564686179e-04
3.614111104980111122e-03
-4.587306757457554340e-04
-9.048020001500844955e-05
-2.676606178283691406e-03
-2.542377216741442680e-03
3.209633985534310341e-03
-9.102288750000298023e-04
3.509529167786240578e-03
1.578261610120534897e-03
-2.295672660693526268e-03
-3.834933042526245117e-03
2.264338545501232147e-03
-3.526977729052305222e-03
-2.454616595059633255e-03
-1.495040633017197251e-04
-3.655172884464263916e-03
-1.892460277304053307e-03
-3.371800994500517845e-03
3.847884945571422577e-03
-3.059402341023087502e-03
-2.821675268933176994e-03
1.195080345496535301e-03
-2.582791028544306755e-03
3.704480361193418503e-03
1.928314566612243652e-03
-8.635360863991081715e-04
-1.801690552383661270e-03
1.927175908349454403e-03
