-2.038798062130808830e-03
-8.660281891934573650e-04
2.040605060756206512e-03
-1.648769830353558064e-03
3.116735257208347321e-03
-9.523018379695713520e-04
-3.486263332888484001e-03
-2.983852755278348923e-04
3.821802325546741486e-03
-1.154383411630988121e-03
8.629635558463633060e-04
1.039510592818260193e-03
-1.415218925103545189e-03
2.365055494010448456e-03
-1.041858573444187641e-03
-2.879163715988397598e-03
1.403099158778786659e-03
-1.225720276124775410e-03
-2.403541002422571182e-03
-2.254502847790718079e-03
-2.699109259992837906e-03
2.595877507701516151e-03
1.855509122833609581e-03
3.542348276823759079e-03
3.719094675034284592e-03
-3.840024815872311592e-03
-9.179295157082378864e-04
-9.994052816182374954e-04
1.594585482962429523e-03
-3.213451476767659187e-03
-3.838438540697097778e-03
1.011381158605217934e-03
2.501542679965496063e-03
3.506859939079731703e-04
1.685830502538010478e-04
-1.609915052540600300e-03
-5.886631552129983902e-04
-9.274128824472427368e-04
3.514460055157542229e-03
3.505548462271690369e-03
3.302008612081408501e-03
1.269075670279562473e-03
1.506082247942686081e-03
-1.626832992769777775e-03
3.062871517613530159e-03
-2.500533824786543846e-03
-3.279280208516865969e-04
-2.771040890365839005e-03
3.850255161523818970e-03
6.497130962088704109e-04
-1.913942163810133934e-03
3.508582711219787598e-03
7.731024379609152675e-05
1.458180020563304424e-03
-7.549708243459463120e-04
-1.318585360422730446e-03
9.760425891727209091e-04
-3.837896045297384262e-03
-3.048533573746681213e-03
-6.535951397381722927e-04
3.021553624421358109e-03
-3.625013167038559914e-03
-3.723015310242772102e-03
-9.795979131013154984e-04
2.117641502991318703e-03
-1.536810421384871006e-03
-2.521989634260535240e-03
2.927244640886783600e-03
-2.963888691738247871e-03
2.995822869706898928e-04
-3.091479651629924774e-03
-5.366335608414374292e-05
2.084677340462803841e-03
3.294273512437939644e-03
2.141995355486869812e-03
3.291541070211678743e-04
-3.762150183320045471e-03
-3.893463639542460442e-03
3.290201711934059858e-04
3.498873673379421234e-03
-1.151966629549860954e-03
-3.683071350678801537e-03
-2.450508298352360725e-03
-2.215136541053652763e-03
-2.116531599313020706e-03
-3.861608682200312614e-03
1.700428692856803536e-04
3.829140216112136841e-03
2.166433027014136314e-03
-1.938326749950647354e-03
3.569725435227155685e-03
2.330313902348279953e-03
-1.427149167284369469e-03
-3.843239508569240570e-03
-1.717140548862516880e-03
-3.015015972778201103e-03
-7.832194678485393524e-04
3.065788187086582184e-03
-2.947306260466575623e-03
3.813507733866572380e-03
1.886620651930570602e-03
3.242223756387829781e-03
-1.380713889375329018e-03
6.550156394951045513e-04
-2.903779037296772003e-03
1.947096083313226700e-03
-1.488383742980659008e-03
-1.085338648408651352e-03
5.744254449382424355e-04
-1.574450405314564705e-03
8.070873445831239223e-05
-2.415005350485444069e-03
-5.289214896038174629e-04
1.885106554254889488e-03
8.940252009779214859e-04
1.794904354028403759e-03
-3.282687102910131216e-04
-1.878657727502286434e-03
-2.302656881511211395e-03
1.284565427340567112e-03
-2.050483133643865585e-03
-2.972918096929788589e-03
-3.840793855488300323e-03
3.749858355149626732e-03
2.248742152005434036e-03
3.857225878164172173e-03
2.052520430879667401e-04
3.720922395586967468e-03
-2.327730879187583923e-03
-1.966813812032341957e-03
-8.689058595336973667e-04
-3.001813893206417561e-04
-2.097533782944083214e-03
2.817738801240921021e-03
-2.471621613949537277e-03
-1.070731901563704014e-03
1.045611919835209846e-03
2.073413692414760590e-03
3.902390366420149803e-03
2.987370360642671585e-03
3.030455845873802900e-04
-1.886752201244235039e-03
-2.437539165839552879e-03
1.170597854070365429e-03
2.056064084172248840e-03
-3.493519034236669540e-03
-1.900814822874963284e-04
9.579117759130895138e-04
6.440644501708447933e-04
1.784265507012605667e-03
-2.633971627801656723e-03
1.710193319013342261e-04
1.588150043971836567e-03
5.433835322037339211e-04
1.176473102532327175e-03
-1.050660619512200356e-03
-2.438655821606516838e-03
-3.887233790010213852e-03
2.715825568884611130e-03
3.433422883972525597e-03
2.776604378595948219e-03
2.308457158505916595e-03
-6.244669202715158463e-04
-1.740004168823361397e-03
1.474777003750205040e-03
2.594486111775040627e-03
3.041382879018783569e-03
-3.111384110525250435e-03
2.190818078815937042e-03
1.876305672340095043e-03
3.258205484598875046e-03
6.877878913655877113e-04
-2.875331556424498558e-03
-3.810950089246034622e-03
-2.380913974775467068e-05
-1.832686393754556775e-04
3.068933263421058655e-03
9.272864554077386856e-04
-2.994704758748412132e-03
-1.875660847872495651e-03
-2.541896654292941093e-03
-3.605066449381411076e-04
7.247909670695662498e-04
2.446673344820737839e-03
-1.854898990131914616e-03
5.476020160131156445e-04
-2.508467296138405800e-03
9.464225731790065765e-04
-2.054864075034856796e-03
-3.743911394849419594e-03
4.044646339025348425e-04
-2.796632470563054085e-03
-2.818220760673284531e-03
1.357956207357347012e-03
-1.281525124795734882e-03
3.300316748209297657e-04
1.511416980065405369e-03
1.724250963889062405e-03
-2.138819545507431030e-03
-1.397417654516175389e-04
-2.822576789185404778e-03
1.280035707168281078e-03
1.815193449147045612e-03
3.002579556778073311e-03
3.712899284437298775e-03
-3.465587040409445763e-03
8.079304243437945843e-04
3.752375720068812370e-03
1.910402206704020500e-03
-3.916614223271608353e-04
-1.910772174596786499e-03
-3.678792156279087067e-03
3.418433247134089470e-03
1.917949644848704338e-03
1.872567925602197647e-03
-8.580325520597398281e-04
-3.744683228433132172e-03
3.517931560054421425e-03
5.635565030388534069e-04
-5.506766610778868198e-04
-3.572836052626371384e-03
2.976179821416735649e-03
-1.787094748578965664e-03
-3.414093051105737686e-03
1.173016033135354519e-03
3.529683686792850494e-03
3.682202193886041641e-03
-1.689138240180909634e-03
-6.371939525706693530e-05
3.085517790168523788e-03
2.814792795106768608e-03
6.255324115045368671e-04
2.369168912991881371e-03
-2.149155596271157265e-03
-2.150499261915683746e-03
2.554488601163029671e-03
1.606767764315009117e-04
2.321208594366908073e-03
2.525944728404283524e-03
-1.260390621609985828e-03
9.510456584393978119e-04
1.033114735037088394e-03
1.801690901629626751e-03
-1.752748386934399605e-03
1.252732006832957268e-03
1.352331833913922310e-03
1.692558405920863152e-03
1.489458372816443443e-03
-1.882605720311403275e-03
-9.595979354344308376e-04
-2.847972558811306953e-03
3.741321386769413948e-03
-1.771948067471385002e-03
-3.245792817324399948e-03
1.379416789859533310e-03
-2.111937152221798897e-03
