3.564830869436264038e-03
1.461078762076795101e-03
3.767255984712392092e-04
1.549502718262374401e-03
-2.455706242471933365e-03
8.805489051155745983e-04
3.102920309174805880e-04
3.311612177640199661e-03
5.124738090671598911e-04
6.395806558430194855e-04
3.618312533944845200e-03
2.117936965078115463e-03
2.688425360247492790e-03
7.379702874459326267e-04
-3.160208463668823242e-03
3.162474138662219048e-03
-1.472033676691353321e-03
-4.415131697896867990e-04
1.735586905851960182e-03
-1.723530236631631851e-03
-9.873681701719760895e-04
-9.419522393727675080e-05
2.288281684741377831e-03
-1.882905839011073112e-03
5.560552817769348621e-04
3.452835080679506063e-04
1.982967602089047432e-03
-7.292053778655827045e-04
1.236192183569073677e-03
1.755237928591668606e-03
-1.012347871437668800e-03
-1.835075905546545982e-03
-2.311355900019407272e-03
3.151870565488934517e-03
3.126375144347548485e-03
-3.565688151866197586e-03
3.569810884073376656e-03
-1.789759495295584202e-03
-4.072650044690817595e-04
-4.457953327801078558e-04
-1.041719340719282627e-03
-4.640498664230108261e-04
-2.841097768396139145e-03
3.826438449323177338e-03
2.530480036512017250e-03
1.031768333632498980e-04
-3.765201428905129433e-03
2.738284456427209079e-05
1.987480325624346733e-03
3.313180990517139435e-03
2.018015598878264427e-03
-1.522038364782929420e-03
-1.328929327428340912e-03
-2.950920315925031900e-04
1.848512678407132626e-03
-2.474658656865358353e-03
-2.623473294079303741e-03
-9.177479078061878681e-04
1.299850759096443653e-03
-3.634116379544138908e-03
-1.155998674221336842e-03
1.637914101593196392e-03
3.360194154083728790e-03
1.172860967926681042e-03
-1.034395419992506504e-03
2.727272454649209976e-03
-3.292059060186147690e-03
2.753065433353185654e-03
3.841242752969264984e-03
-2.168105682358145714e-03
1.826336258091032505e-03
-2.991919405758380890e-03
9.146482334472239017e-04
2.125968749169260263e-04
-9.855788666754961014e-04
2.216955879703164101e-03
2.152512548491358757e-03
-2.291420707479119301e-03
3.849836066365242004e-03
2.684034639969468117e-03
2.622043713927268982e-03
-2.113117603585124016e-03
3.187126945704221725e-03
8.149364730343222618e-04
-1.097413623938336968e-04
2.965188585221767426e-03
-3.033396496903151274e-04
1.972755882889032364e-03
3.321873024106025696e-03
-2.636600984260439873e-03
1.926631550304591656e-03
3.638173220679163933e-04
-2.563196234405040741e-03
2.655902178958058357e-03
3.188135335221886635e-03
-3.519482677802443504e-03
-2.267157426103949547e-03
3.271811874583363533e-03
-1.104475348256528378e-03
3.350845072418451309e-03
-8.197352872230112553e-04
3.233725205063819885e-03
-1.597469556145370007e-03
1.914303284138441086e-04
-1.481570187024772167e-03
-1.979744061827659607e-03
1.529748697066679597e-04
-2.487883903086185455e-03
-5.788846174255013466e-04
4.648295580409467220e-04
-2.379543613642454147e-03
-3.108098870143294334e-03
-3.090028883889317513e-03
2.334258053451776505e-03
2.424855483695864677e-03
7.034872542135417461e-04
-2.273808233439922333e-03
3.518072189763188362e-03
-3.483229782432317734e-03
-3.019808558747172356e-03
2.864779962692409754e-04
-1.361996633931994438e-03
2.289145253598690033e-03
-2.864841604605317116e-03
-1.532953232526779175e-03
-2.500741509720683098e-03
-2.579256892204284668e-03
-3.539495402947068214e-03
-2.727690152823925018e-04
-2.129916567355394363e-03
9.507210343144834042e-04
-1.994393300265073776e-03
-1.390034449286758900e-04
1.805857522413134575e-03
3.574678208678960800e-03
2.151411259546875954e-03
-7.232034022308653221e-06
-1.197518431581556797e-03
5.127062322571873665e-04
-2.109086839482188225e-03
1.248012646101415157e-03
2.741580596193671227e-03
2.866677939891815186e-03
2.815136918798089027e-03
2.521219896152615547e-03
3.445412148721516132e-04
3.780625527724623680e-03
2.336939563974738121e-03
-1.292608096264302731e-03
3.116837469860911369e-03
-3.422755748033523560e-03
-3.637698013335466385e-03
-1.305670884903520346e-04
3.873123321682214737e-03
-5.066873854957520962e-04
2.805349067784845829e-04
-2.343343570828437805e-03
1.679695851635187864e-04
2.942500635981559753e-03
-2.663040300831198692e-03
3.504558000713586807e-03
-2.037876052781939507e-03
4.608238814398646355e-04
-1.652975333854556084e-03
-1.311165979132056236e-03
-6.658025085926055908e-05
2.478911308571696281e-03
1.903321477584540844e-03
3.730705007910728455e-03
-2.672741888090968132e-03
1.742810592986643314e-03
-3.697216277942061424e-03
-1.979344291612505913e-03
-2.938264282420277596e-03
-2.140501979738473892e-03
3.179748775437474251e-03
-7.352018728852272034e-04
-1.613227068446576595e-03
-1.358652370981872082e-04
3.449736628681421280e-03
3.839718410745263100e-04
-1.221532467752695084e-03
1.197603414766490459e-03
1.606541918590664864e-03
1.487979898229241371e-03
-8.923464920371770859e-04
-7.560946687590330839e-05
-6.326506845653057098e-04
-1.565424143336713314e-03
-2.059099962934851646e-03
1.784064457751810551e-03
3.738435450941324234e-03
2.287647919729351997e-03
2.438111230731010437e-03
1.715214748401194811e-04
-2.976347459480166435e-03
1.614085631445050240e-03
2.411004388704895973e-03
1.279280986636877060e-03
-2.719943644478917122e-03
-2.905043773353099823e-03
-3.641295945271849632e-03
2.500126371160149574e-03
1.108030206523835659e-03
-2.305822679772973061e-03
-1.591534004546701908e-03
1.338146743364632130e-03
-1.791307819075882435e-03
1.336222485406324267e-04
-2.058920654235407710e-04
1.691009238129481673e-04
-3.140454180538654327e-03
6.528531084768474102e-04
1.742646680213510990e-03
-2.909847069531679153e-03
-1.385109266266226768e-03
-2.890712581574916840e-03
-3.392583690583705902e-03
-1.856280956417322159e-03
-1.443701446987688541e-03
-1.902014249935746193e-03
-1.207775785587728024e-04
2.383417217060923576e-03
3.632754553109407425e-03
-2.999220741912722588e-03
-1.164733082987368107e-03
1.644358853809535503e-03
2.603097353130578995e-03
2.076699165627360344e-03
-3.573844442144036293e-03
2.311725402250885963e-04
-2.282760338857769966e-03
-3.781371284276247025e-03
2.522890688851475716e-03
-1.577781978994607925e-03
1.751148374751210213e-03
7.689881385886110365e-06
1.017970498651266098e-03
3.556830808520317078e-03
-2.301293890923261642e-03
7.672284846194088459e-04
2.200447488576173782e-03
9.202901856042444706e-04
-3.142592497169971466e-03
-2.110270783305168152e-03
1.405270188115537167e-03
2.521616872400045395e-03
9.140585316345095634e-04
3.571557812392711639e-03
2.379731507971882820e-03
-9.221053333021700382e-04
-2.626971341669559479e-03
-3.752046497538685799e-03
3.394990693777799606e-03
-1.836866140365600586e-03
-3.011900000274181366e-03
