9.408291080035269260e-04
-3.650179831311106682e-03
8.213866967707872391e-04
1.823781349230557680e-04
-2.777242101728916168e-03
-1.955108717083930969e-03
7.614148780703544617e-04
-1.151581876911222935e-03
1.428521587513387203e-03
9.183969232253730297e-04
-2.259424887597560883e-03
-3.274336922913789749e-03
-2.122813566529657692e-05
-2.995016984641551971e-03
-3.549269458744674921e-04
8.299804758280515671e-04
5.941786803305149078e-04
9.269835427403450012e-04
1.266704523004591465e-03
2.776299603283405304e-03
-3.773485310375690460e-03
1.580887823365628719e-03
-7.346453494392335415e-04
-1.084798946976661682e-03
-1.381111564114689827e-03
1.180599210783839226e-03
4.128960717935115099e-04
-4.249738121870905161e-04
-1.659967703744769096e-03
-3.716151462867856026e-03
-3.222611849196255207e-04
1.868060557171702385e-03
-1.588980667293071747e-03
2.798315137624740601e-03
1.309398910962045193e-03
3.555684816092252731e-03
-2.102452097460627556e-03
1.416385639458894730e-03
2.736437818384729326e-05
2.489758422598242760e-03
1.345530617982149124e-03
2.789890160784125328e-03
7.270821952261030674e-04
-3.623307216912508011e-03
3.348431549966335297e-03
-2.181426534662023187e-04
-2.367971232160925865e-03
-2.041673986241221428e-03
-2.489033620804548264e-03
-3.739908570423722267e-03
1.806276035495102406e-03
-3.382680471986532211e-03
-1.901050563901662827e-03
-1.577423419803380966e-03
1.509857102064415812e-04
-1.240381534444168210e-04
1.561061944812536240e-03
7.958995411172509193e-04
3.432675031945109367e-03
3.287245519459247589e-03
-1.520063378848135471e-03
-2.200335002271458507e-04
-2.230784622952342033e-03
-7.387465448118746281e-04
2.571279415860772133e-03
-3.053469583392143250e-03
-2.262556226924061775e-03
2.369211753830313683e-03
2.896535443142056465e-03
3.552128328010439873e-03
2.173705259338021278e-03
-3.050483530387282372e-03
1.272780587896704674e-03
-2.755893161520361900e-03
-6.337244412861764431e-04
-3.177693346515297890e-03
4.922692896798253059e-04
-2.421883633360266685e-03
3.840171732008457184e-03
-2.364307874813675880e-03
2.663588616997003555e-03
-1.230013323947787285e-03
-1.652008504606783390e-03
3.691602731123566628e-03
-1.620455528609454632e-03
-8.646271890029311180e-04
5.303802900016307831e-04
-4.808809899259358644e-04
1.411388744600117207e-03
2.346636756556108594e-04
2.946715569123625755e-03
2.937956014648079872e-03
-2.049073809757828712e-03
-3.819100093096494675e-03
-3.029995132237672806e-03
1.165262889117002487e-03
3.283669240772724152e-03
-3.678899665828794241e-04
3.873882582411170006e-03
-2.361626829952001572e-03
2.171874744817614555e-03
8.873808546923100948e-04
3.661795562948100269e-05
2.816313412040472031e-03
-2.517012180760502815e-03
9.853002848103642464e-04
-3.685917938128113747e-03
3.067099489271640778e-03
2.473888685926795006e-03
-3.463557732175104320e-05
-1.751492731273174286e-03
-3.067084355279803276e-03
8.041451801545917988e-04
-8.375669131055474281e-04
2.533209277316927910e-03
-3.885433310642838478e-03
1.199685269966721535e-03
3.404733724892139435e-03
3.717299085110425949e-03
3.333521075546741486e-03
-6.084054475650191307e-04
2.466480247676372528e-03
-3.614006098359823227e-03
3.837899770587682724e-03
1.357639557681977749e-03
-3.730795346200466156e-03
-1.152871060185134411e-03
-2.707927720621228218e-03
3.448119619861245155e-03
1.384548610076308250e-03
-1.842490892158821225e-04
-3.337671980261802673e-03
-2.606476424261927605e-03
1.183184911496937275e-03
1.195220276713371277e-03
3.684867173433303833e-03
-3.018203657120466232e-03
3.003513673320412636e-03
-1.283174147829413414e-03
2.609518822282552719e-03
2.509200712665915489e-04
2.452297136187553406e-03
2.439772477373480797e-03
-3.037574235349893570e-03
2.923488791566342115e-04
-1.170817995443940163e-03
3.403760725632309914e-03
-1.342431292869150639e-03
-1.643543248064815998e-03
3.839775919914245605e-03
-3.356883767992258072e-03
-3.883795114234089851e-03
2.008151262998580933e-03
1.937685650773346424e-03
1.540449215099215508e-03
1.524536055512726307e-03
1.896771718747913837e-03
-2.500284695997834206e-03
2.237396780401468277e-03
2.985028550028800964e-03
9.220970096066594124e-04
3.221033257432281971e-04
2.232867991551756859e-03
-3.890279913321137428e-04
-3.765190253034234047e-03
-2.521642483770847321e-03
-1.332310959696769714e-03
-9.456410771235823631e-04
-1.844619750045239925e-03
4.550818412099033594e-04
9.698980720713734627e-04
5.616605048999190331e-04
1.433532685041427612e-03
-3.470279334578663111e-04
-2.166876802220940590e-03
8.333097794093191624e-04
-3.878215793520212173e-03
3.231717040762305260e-03
-3.308927873149514198e-03
1.889951061457395554e-03
3.511760616675019264e-03
1.241202931851148605e-03
2.060687169432640076e-03
-1.781119965016841888e-03
1.930583734065294266e-03
5.050229956395924091e-04
-3.335322253406047821e-03
5.514264921657741070e-04
-9.806475136429071426e-04
-8.642000611871480942e-04
6.292878242675215006e-05
-2.913299249485135078e-03
1.572263427078723907e-03
-7.217203383333981037e-04
2.531709906179457903e-04
1.347031677141785622e-03
1.002500648610293865e-04
4.129005537834018469e-04
1.012443244690075517e-04
8.597043051850050688e-05
-1.742098829708993435e-03
-8.339862688444554806e-04
8.211306412704288960e-04
-2.396126510575413704e-03
9.212970617227256298e-04
-3.749873489141464233e-03
2.604888053610920906e-03
-2.357148565351963043e-03
-1.383402966894209385e-03
5.684764473699033260e-04
-3.723031142726540565e-03
2.498444169759750366e-03
2.294647973030805588e-03
1.645148266106843948e-03
3.570220666006207466e-03
3.302883123978972435e-04
-5.577515694312751293e-04
2.991869405377656221e-04
4.827759694308042526e-04
-3.464220790192484856e-03
9.490232332609593868e-04
2.654704963788390160e-03
9.411005303263664246e-04
3.597008530050516129e-03
1.653672079555690289e-04
9.990915423259139061e-04
-3.780073951929807663e-03
1.348921679891645908e-03
-1.882481272332370281e-03
3.003661986440420151e-03
2.239549998193979263e-03
2.492150997568387538e-06
7.675451925024390221e-04
-1.545514096505939960e-04
8.736993186175823212e-04
-3.572133602574467659e-03
-1.910976832732558250e-03
2.299529500305652618e-03
-1.598342321813106537e-03
-3.817337565124034882e-03
-1.315295114181935787e-03
-4.187220474705100060e-04
-1.173791126348078251e-03
2.330045681446790695e-03
-1.043681637383997440e-03
-1.527044340036809444e-03
-2.975958341266959906e-04
2.013605553656816483e-03
2.674143761396408081e-04
-1.436645747162401676e-03
3.613109001889824867e-03
3.405472962185740471e-03
-2.694249153137207031e-03
1.294673886150121689e-03
-6.140543264336884022e-04
3.021722659468650818e-03
