-2.935362048447132111e-03
2.786427037790417671e-03
2.417308278381824493e-03
-3.387080738320946693e-03
-5.196934798732399940e-04
2.974276198074221611e-03
-3.370197722688317299e-03
2.590072806924581528e-03
3.114477498456835747e-03
-3.210694994777441025e-03
5.351802101358771324e-04
3.159687155857682228e-03
2.573551377281546593e-03
3.711896715685725212e-03
3.353248815983533859e-03
3.279532073065638542e-03
2.181435236707329750e-03
-3.448019037023186684e-03
1.207146327942609787e-03
-6.638650083914399147e-04
5.492569180205464363e-04
1.263677375391125679e-03
-1.985727809369564056e-03
3.560080658644437790e-04
-2.321094041690230370e-03
1.000156975351274014e-03
3.551134606823325157e-03
-2.061825711280107498e-03
3.683034097775816917e-03
1.124366302974522114e-03
8.068082388490438461e-04
-3.127186791971325874e-03
3.072815714403986931e-03
-1.928128651343286037e-03
-3.484514309093356133e-03
-2.273036399856209755e-03
-4.693891678471118212e-04
2.678673947229981422e-03
3.619128547143191099e-04
-2.642044855747371912e-04
1.234274124726653099e-03
-3.732213284820318222e-03
-1.687216223217546940e-03
2.575804712250828743e-03
3.798829158768057823e-03
-9.081081952899694443e-04
3.593516768887639046e-03
-4.984503611922264099e-04
-3.901157528162002563e-03
3.745851572602987289e-04
1.595928450115025043e-03
-2.143565332517027855e-03
3.538451856002211571e-03
3.287370782345533371e-03
-3.096370259299874306e-03
-9.981605689972639084e-04
3.771999385207891464e-03
-3.742272267118096352e-03
-2.658302837517112494e-04
1.394967897795140743e-03
2.598404651507735252e-03
2.252095378935337067e-03
1.842499012127518654e-03
-6.081494502723217010e-04
4.204686556477099657e-04
-2.499654074199497700e-04
-1.284780446439981461e-04
1.125494134612381458e-03
-5.412212340161204338e-04
3.034797729924321175e-03
-3.521836188156157732e-04
3.862750309053808451e-04
3.645711345598101616e-03
3.716454375535249710e-03
-1.404901384375989437e-03
2.195760142058134079e-03
-1.006918493658304214e-03
1.697135274298489094e-03
1.850102446042001247e-03
1.622326439246535301e-03
-2.088402397930622101e-03
-9.062541066668927670e-04
1.141990069299936295e-03
3.592051565647125244e-03
-1.308545935899019241e-03
-1.856887829490005970e-03
1.915568020194768906e-03
-2.563555957749485970e-03
1.931036473251879215e-03
2.768976846709847450e-03
-1.884246303234249353e-04
-2.580858767032623291e-03
1.672966754995286465e-03
2.972346264868974686e-04
2.015764475800096989e-04
2.085218438878655434e-03
-3.066298319026827812e-03
8.062878623604774475e-04
-4.555771593004465103e-04
-1.926607335917651653e-03
-3.855631686747074127e-03
3.850388107821345329e-03
-2.714129863306879997e-03
-9.062547469511628151e-04
-3.480473067611455917e-03
3.218928351998329163e-03
5.363738746382296085e-04
3.108264645561575890e-03
9.783422574400901794e-04
-4.322088789194822311e-04
5.038216477259993553e-04
2.612468553707003593e-03
-3.042458556592464447e-04
-1.234738738276064396e-03
6.927417125552892685e-04
-2.460480900481343269e-03
-2.879690146073698997e-03
-4.200118128210306168e-04
1.530754496343433857e-03
-2.906928304582834244e-03
-2.741594100371003151e-03
5.165350157767534256e-04
-3.770752809941768646e-03
-2.003146102651953697e-03
3.790937364101409912e-03
2.500218572095036507e-03
-3.313096705824136734e-03
-2.816017484292387962e-03
-8.236201247200369835e-04
7.233071373775601387e-04
9.963217889890074730e-04
-6.462567398557439446e-05
3.229024587199091911e-03
1.669120276346802711e-03
-1.886437763459980488e-03
-1.542870537377893925e-03
-9.806334273889660835e-04
2.064967993646860123e-03
2.436422277241945267e-03
-1.712606055662035942e-03
-3.701997455209493637e-03
1.784496475011110306e-03
-3.854595997836440802e-04
-1.568910898640751839e-03
-3.836170304566621780e-03
-3.280948614701628685e-03
1.144682755693793297e-03
-2.377863274887204170e-03
1.658694469369947910e-03
-1.531560206785798073e-03
-7.483977824449539185e-04
3.658674191683530807e-03
8.450855239061638713e-05
-1.536749332444742322e-04
-4.644826985895633698e-04
-2.242449438199400902e-03
7.202491542557254434e-05
-3.831980051472783089e-03
-3.236543620005249977e-03
3.706604707986116409e-03
-3.381791524589061737e-03
7.934314198791980743e-04
-1.555810449644923210e-03
3.605105739552527666e-04
-3.541882382705807686e-03
-3.318969160318374634e-03
2.082550432533025742e-03
-3.843364771455526352e-03
-2.172189531847834587e-03
-3.261202946305274963e-03
-2.847868483513593674e-03
-4.154348862357437611e-04
2.948817273136228323e-04
3.690934390760958195e-04
3.875167109072208405e-03
-1.671333215199410915e-03
5.872310139238834381e-04
-1.315299770794808865e-03
3.756660968065261841e-03
2.748445374891161919e-03
1.802680082619190216e-03
4.068250709678977728e-04
1.692936755716800690e-03
1.195844728499650955e-03
4.679654957726597786e-04
-1.029941835440695286e-03
2.618117490783333778e-03
2.586964285001158714e-03
-3.314241301268339157e-03
-2.129898872226476669e-03
1.427279668860137463e-03
-3.885748563334345818e-03
2.191437873989343643e-03
7.963880780152976513e-04
-2.806354546919465065e-03
2.713117981329560280e-03
4.582566034514456987e-04
-2.260071458294987679e-03
2.759152557700872421e-03
-3.648046171292662621e-03
-3.352470463141798973e-03
-8.313396829180419445e-04
1.848363201133906841e-03
1.062280032783746719e-03
3.586884122341871262e-03
-2.185365417972207069e-03
-2.138098934665322304e-03
4.684646846726536751e-04
-3.341513220220804214e-03
4.909847630187869072e-04
-2.846291055902838707e-03
-1.264901366084814072e-04
2.501699840649962425e-03
4.098018980585038662e-04
-2.221725881099700928e-03
5.418941145762801170e-04
-3.379251575097441673e-03
3.688882337883114815e-03
1.721868524327874184e-03
-3.184488741680979729e-03
-1.240742392838001251e-03
1.949991448782384396e-03
-3.476072102785110474e-03
2.597216516733169556e-03
1.249785418622195721e-03
1.563192927278578281e-03
3.148008137941360474e-03
3.934217384085059166e-04
7.511292933486402035e-04
-2.532285405322909355e-03
3.505947068333625793e-03
-1.894088345579802990e-03
-2.217291388660669327e-03
1.702125184237957001e-03
3.620856441557407379e-03
3.731288947165012360e-03
-4.127381253056228161e-04
-3.203710308298468590e-03
-3.586278064176440239e-03
2.435822505503892899e-03
3.376544918864965439e-03
-1.728222414385527372e-04
2.855503233149647713e-03
1.715909806080162525e-03
2.073048846796154976e-03
2.246904885396361351e-03
1.440208172425627708e-03
-3.603525692597031593e-03
-2.065674634650349617e-03
-3.335614921525120735e-03
-6.943122571101412177e-05
-3.630800172686576843e-03
-3.038209397345781326e-03
2.685206709429621696e-03
-5.731523197027854621e-05
-8.772438741289079189e-04
