3.779842751100659370e-03
-1.428952789865434170e-03
-3.859348653350025415e-04
-8.290442638099193573e-04
-1.617410685867071152e-03
-2.179095055907964706e-03
-2.895774552598595619e-03
2.860964043065905571e-03
-1.787316054105758667e-03
3.806906286627054214e-03
-1.166178262792527676e-03
-3.634582739323377609e-03
2.181800082325935364e-03
-7.335914997383952141e-04
-1.777411089278757572e-03
3.656673012301325798e-03
-1.142085180617868900e-03
-3.125255228951573372e-03
-2.670973539352416992e-03
1.319680362939834595e-03
-2.940868958830833435e-03
-1.771355397067964077e-03
-1.142067369073629379e-03
1.640793750993907452e-03
-2.981032710522413254e-03
-1.764201908372342587e-03
3.327519167214632034e-03
1.707840827293694019e-03
-4.955208278261125088e-04
8.164722239598631859e-04
1.585853518918156624e-03
-3.898144699633121490e-03
-2.516375156119465828e-03
1.969317905604839325e-03
-3.608604427427053452e-03
3.610625863075256348e-03
3.654550993815064430e-03
1.263603800907731056e-03
2.674354007467627525e-03
-2.805237891152501106e-03
-3.564328653737902641e-03
-1.661411719396710396e-03
1.960993977263569832e-03
-3.816829994320869446e-03
1.959869638085365295e-03
-2.159885130822658539e-03
-3.452117787674069405e-03
2.646326320245862007e-03
-2.605087123811244965e-03
2.062641782686114311e-03
1.008342136628925800e-03
-1.066950266249477863e-03
9.971461258828639984e-04
2.065970795229077339e-03
-2.940325532108545303e-03
2.249061362817883492e-03
2.999488729983568192e-03
-1.006326405331492424e-03
-3.462416585534811020e-03
-2.217781031504273415e-03
-4.734371323138475418e-04
-1.015774672850966454e-03
1.918334979563951492e-03
-1.578181167133152485e-03
-3.035324858501553535e-03
-2.918073907494544983e-03
2.182681113481521606e-03
-2.897498197853565216e-03
-1.675066654570400715e-03
1.064129872247576714e-03
2.343498868867754936e-03
3.686311189085245132e-03
-1.831197994761168957e-03
-9.458341082790866494e-05
1.166518428362905979e-03
-3.479337552562355995e-03
-1.271649962291121483e-03
2.047121757641434669e-03
1.165157184004783630e-03
1.096740597859025002e-03
-5.321075441315770149e-04
1.636450062505900860e-03
-4.578340449370443821e-04
-1.194797456264495850e-03
-1.254165777936577797e-03
-1.351546030491590500e-03
2.859335625544190407e-03
3.032312262803316116e-03
-4.776808200404047966e-04
3.191849216818809509e-03
-3.215186297893524170e-03
1.904202974401414394e-03
4.475973546504974365e-04
3.895886708050966263e-03
-2.553843194618821144e-03
1.166660455055534840e-03
5.075864028185606003e-04
-1.815373310819268227e-03
3.817775985226035118e-03
-1.677493215538561344e-03
-3.472678828984498978e-03
-2.609470393508672714e-03
3.437706734985113144e-03
3.727427916601300240e-03
1.913615036755800247e-03
-3.025668906047940254e-03
-4.656731616705656052e-04
-3.341223928146064281e-04
3.123622387647628784e-03
2.041559200733900070e-03
-3.398067783564329147e-04
1.183902495540678501e-03
-2.693053334951400757e-03
3.720293520018458366e-03
-3.180599305778741837e-03
-2.036671154201030731e-03
-1.804218627512454987e-03
-9.016336407512426376e-04
2.866181079298257828e-03
1.945945405168458819e-04
-2.827798947691917419e-03
-1.155905774794518948e-03
-2.409560605883598328e-03
-3.279651748016476631e-03
3.483218373730778694e-03
2.933966461569070816e-04
2.766482997685670853e-03
8.312080753967165947e-04
-1.932114944793283939e-03
-3.874628804624080658e-03
2.216370543465018272e-03
1.764362910762429237e-03
-1.305926474742591381e-03
3.067100420594215393e-03
-7.278774282895028591e-04
-2.591273980215191841e-03
-1.711514312773942947e-03
-4.806516808457672596e-04
-5.498868995346128941e-05
-6.417874246835708618e-04
3.520315513014793396e-03
-1.043752301484346390e-03
-2.633810508996248245e-03
1.133699668571352959e-03
1.507351407781243324e-03
1.581224612891674042e-03
-1.555711380206048489e-03
-3.785308450460433960e-03
3.544882871210575104e-03
-1.833053771406412125e-03
-3.316774731501936913e-03
-2.492309315130114555e-03
-3.154993057250976562e-03
-1.458313781768083572e-03
1.670234138146042824e-03
2.523508155718445778e-03
-2.562119916547089815e-04
-1.433283556252717972e-03
-7.545188418589532375e-04
-3.889790037646889687e-03
-7.393039995804429054e-04
-3.601021366193890572e-03
-2.606872702017426491e-03
3.617465263232588768e-03
-6.730926688760519028e-04
5.706851952709257603e-04
-3.311435226351022720e-03
2.775201341137290001e-03
-1.698712352663278580e-03
1.587340841069817543e-03
-3.373802406713366508e-03
-2.504878211766481400e-03
-3.561980091035366058e-03
-4.935059696435928345e-04
-5.228719091974198818e-04
3.227530978620052338e-04
-1.197183970361948013e-03
-3.743204288184642792e-03
3.611584194004535675e-03
-3.324357094243168831e-04
2.746143145486712456e-03
-2.494277665391564369e-03
-3.133299527689814568e-03
1.423603971488773823e-03
4.974363255314528942e-04
3.013405483216047287e-03
-1.190719776786863804e-03
-3.378380555659532547e-03
-1.995649654418230057e-03
2.342681400477886200e-03
1.810287125408649445e-03
9.424335439689457417e-04
-1.397767220623791218e-03
-2.428177976980805397e-03
2.204514807090163231e-03
1.316440291702747345e-03
2.047482557827606797e-04
-1.992040080949664116e-03
1.570948050357401371e-03
2.182941185310482979e-03
1.265040249563753605e-03
2.417225769022479653e-04
-5.102413706481456757e-04
6.656792829744517803e-04
-2.207245677709579468e-03
5.320851341821253300e-04
-2.336234785616397858e-03
1.199495745822787285e-03
2.011429751291871071e-03
-2.782590687274932861e-03
-1.279524061828851700e-03
1.013918430544435978e-03
-8.336019236594438553e-04
3.882155288010835648e-03
-1.342837116681039333e-03
2.439590636640787125e-03
4.180287360213696957e-04
-3.302708792034536600e-04
-1.262180041521787643e-03
-8.474658243358135223e-04
3.694100887514650822e-04
1.741474028676748276e-03
1.318644150160253048e-03
2.018985105678439140e-03
3.011883236467838287e-03
-2.065626671537756920e-03
-8.560199057683348656e-04
2.956480020657181740e-03
9.704965632408857346e-04
2.439712407067418098e-03
7.192376651801168919e-04
2.516737673431634903e-03
2.568518044427037239e-03
3.234344068914651871e-03
-2.397857606410980225e-03
-1.232973183505237103e-03
7.349006045842543244e-05
-7.956170011311769485e-04
-3.314473724458366632e-04
2.755456604063510895e-03
3.621233394369482994e-03
8.393270545639097691e-04
2.905021887272596359e-03
-1.667351461946964264e-03
-1.166060217656195164e-03
-1.564318226883187890e-04
5.395269836299121380e-04
2.502955729141831398e-03
-2.370551228523254395e-03
2.224128227680921555e-03
-7.506096153520047665e-04
-2.531998790800571442e-03
1.148992683738470078e-03
4.246383032295852900e-04
-2.536680083721876144e-03
3.332457970827817917e-03
