2.876447280868887901e-03
3.367933677509427071e-03
2.699879929423332214e-03
-2.551165642216801643e-03
-3.370526712387800217e-03
1.806250307708978653e-03
-2.961411373689770699e-03
1.099426415748894215e-03
-1.745840883813798428e-03
-2.505886135622859001e-03
-1.941208145581185818e-03
-1.102141570299863815e-03
-1.041924697346985340e-03
-2.527935430407524109e-03
6.899731815792620182e-04
3.439497901126742363e-03
-2.005319111049175262e-03
3.074434353038668633e-03
1.786175562301650643e-04
-2.919557446148246527e-04
-2.363485516980290413e-03
-1.510622096247971058e-03
3.130621509626507759e-03
3.181896754540503025e-04
-2.389071596553549170e-04
3.841324069071561098e-04
3.748921444639563560e-03
-2.695716684684157372e-03
2.346491906791925430e-03
-3.698460568557493389e-05
3.463393077254295349e-03
1.840646029449999332e-03
2.340023493161424994e-04
3.551085013896226883e-03
1.724851434119045734e-03
1.241163350641727448e-03
3.122718771919608116e-03
4.108677676413208246e-04
-1.424521906301379204e-04
-2.645810134708881378e-03
2.859903324861079454e-04
-1.004252932034432888e-03
3.295899368822574615e-03
-1.852905726991593838e-03
2.237398177385330200e-03
-2.831469988450407982e-03
3.248730208724737167e-03
-1.780123682692646980e-03
-6.718214135617017746e-04
3.389006596989929676e-04
-2.372191054746508598e-03
-6.245312979444861412e-04
-1.064821190084330738e-04
1.186146633699536324e-03
1.335040666162967682e-03
-4.123397229705005884e-04
2.351711504161357880e-03
-4.475010209716856480e-04
3.498169360682368279e-03
2.158964052796363831e-03
-3.030083607882261276e-03
3.530590096488595009e-03
1.468374859541654587e-03
1.657368382439017296e-03
2.852318109944462776e-03
-5.650189123116433620e-04
2.612742246128618717e-04
-1.393278245814144611e-03
3.563157282769680023e-03
9.214036399498581886e-04
-3.301850985735654831e-03
3.339719958603382111e-03
-3.820264013484120369e-03
-1.218115910887718201e-03
-3.881472512148320675e-04
2.479543443769216537e-03
1.922369352541863918e-03
2.344740642001852393e-04
6.250422447919845581e-04
-3.762424457818269730e-03
1.042261254042387009e-03
-1.513716182671487331e-03
3.603976452723145485e-03
4.249895209795795381e-05
-3.523372346535325050e-03
-2.870759926736354828e-03
1.600480289198458195e-03
-3.345984965562820435e-03
7.427146774716675282e-04
1.594944507814943790e-03
-3.314192290417850018e-04
-3.862952347844839096e-03
2.682374091818928719e-03
3.646962344646453857e-03
3.229704685509204865e-03
-2.039260463789105415e-03
-1.717100269161164761e-03
-3.770404262468218803e-03
3.419312881305813789e-03
2.991074929013848305e-03
1.009803730994462967e-03
2.282149856910109520e-03
-6.024586036801338196e-04
3.317225724458694458e-03
8.164368337020277977e-04
-2.842790214344859123e-03
-1.654082210734486580e-03
1.757442019879817963e-03
-1.394144259393215179e-03
3.651902778074145317e-03
-3.627316094934940338e-03
-3.772351483348757029e-04
-3.633239306509494781e-03
-1.274164533242583275e-03
-2.646979875862598419e-03
6.400351412594318390e-04
-3.054506378248333931e-03
-1.668134937062859535e-03
1.805163919925689697e-03
-1.592103857547044754e-03
-3.032163251191377640e-03
-6.654683384113013744e-04
1.242266269400715828e-03
3.373086219653487206e-04
1.594590838067233562e-03
1.548409782117232680e-04
2.506698947399854660e-03
-3.670194128062576056e-04
2.574567915871739388e-03
2.847980707883834839e-03
5.303703364916145802e-04
-5.269493558444082737e-04
2.408643020316958427e-03
-8.049870375543832779e-04
-3.082823706790804863e-03
-4.463954246602952480e-05
1.343140378594398499e-03
-1.638619112782180309e-03
8.401433005928993225e-04
-4.218394678900949657e-05
-2.354640280827879906e-03
1.124081900343298912e-03
-3.587211249396204948e-03
3.528431756421923637e-03
9.729759185574948788e-04
-1.266568899154663086e-03
-8.811664883978664875e-04
1.675997162237763405e-03
1.124048023484647274e-03
-3.625949146226048470e-03
-1.872288063168525696e-03
6.374915246851742268e-04
-2.471061190590262413e-03
7.803371408954262733e-04
-6.422651931643486023e-04
-1.612120540812611580e-03
1.043891068547964096e-03
3.449699375778436661e-03
3.574679605662822723e-03
3.097622888162732124e-03
2.246533753350377083e-03
1.393044134601950645e-03
-2.557643456384539604e-03
-5.998144042678177357e-04
-1.960488269105553627e-03
-2.429142827168107033e-03
-2.468367456458508968e-04
1.511084381490945816e-03
-2.787625184282660484e-03
1.594629022292792797e-03
3.295169677585363388e-03
-6.956146680749952793e-04
3.318608738481998444e-03
-7.255073287524282932e-04
2.759914845228195190e-03
3.898623399436473846e-03
1.900589442811906338e-03
1.142610446549952030e-03
1.039113616570830345e-03
-1.349293044768273830e-03
-7.785774650983512402e-04
-1.652992214076220989e-03
-9.403350413776934147e-04
9.244582033716142178e-04
6.886206683702766895e-04
2.544496674090623856e-03
5.906418664380908012e-04
3.111429745331406593e-03
-2.805529511533677578e-04
8.760120836086571217e-04
2.307736622242373414e-06
3.144209040328860283e-03
3.395134350284934044e-03
-2.749863080680370331e-03
3.810554742813110352e-03
-1.617615460418164730e-03
9.021456935442984104e-04
3.442228538915514946e-03
-8.464107522740960121e-04
3.366374177858233452e-03
-3.136018291115760803e-03
2.956160111352801323e-03
2.800690243020653725e-03
3.269565058872103691e-04
1.991978613659739494e-03
-4.652686475310474634e-04
-3.588161198422312737e-03
5.880241515114903450e-04
3.035075962543487549e-03
3.020321018993854523e-03
2.325623761862516403e-03
3.488138900138437748e-04
3.009569132700562477e-03
2.551729790866374969e-03
2.713218564167618752e-04
9.999398607760667801e-04
-3.309841733425855637e-03
1.645686919800937176e-03
-3.563985694199800491e-03
-3.104874340351670980e-04
-1.450050389394164085e-03
1.509850146248936653e-03
2.923281164839863777e-03
-3.731085962499491870e-05
2.291577635332942009e-03
3.190308110788464546e-03
2.726296661421656609e-04
4.178015806246548891e-04
3.059480339288711548e-03
-2.458352828398346901e-03
1.289810636080801487e-03
-3.285765647888183594e-03
2.482287352904677391e-03
-3.336403751745820045e-04
-3.872066445183008909e-04
-2.091014757752418518e-03
-2.854294842109084129e-03
-6.411817739717662334e-04
-2.684663282707333565e-03
-3.618153743445873260e-03
1.075942534953355789e-03
-6.148876273073256016e-04
3.694906190503388643e-04
1.440007705241441727e-03
-1.315604778937995434e-03
-9.340464748675003648e-05
7.456244202330708504e-04
2.499868161976337433e-03
-1.599666313268244267e-03
7.061288342811167240e-04
3.088973462581634521e-03
-1.389307319186627865e-03
-1.153568271547555923e-03
8.261497714556753635e-04
-3.165774978697299957e-03
-2.842384856194257736e-03
