1.378059852868318558e-03
-1.391428289934992790e-03
-6.837641121819615364e-04
-1.328752725385129452e-03
-3.115545026957988739e-03
-2.187294885516166687e-03
-2.639100188389420509e-03
3.813456278294324875e-03
-2.514215884730219841e-03
-4.254716623108834028e-04
3.178929211571812630e-03
5.978620611131191254e-04
1.474887365475296974e-03
-2.083588857203722000e-03
3.059019101783633232e-03
-2.811042359098792076e-03
3.491792129352688789e-03
2.504133619368076324e-03
1.250476576387882233e-03
-2.150495303794741631e-03
-7.408794481307268143e-04
-2.381261903792619705e-03
-1.258373842574656010e-03
1.058494206517934799e-03
5.141824949532747269e-04
-9.269425063394010067e-04
-2.344585489481687546e-03
3.275944385677576065e-03
2.163223223760724068e-03
2.349296817556023598e-03
2.771985949948430061e-03
-1.039121532812714577e-03
-1.834876136854290962e-03
-6.987171364016830921e-04
1.113543170504271984e-03
2.306118141859769821e-03
3.858214942738413811e-03
-1.804402563720941544e-03
-1.630087499506771564e-03
1.494044088758528233e-03
1.878250273875892162e-03
3.406470641493797302e-03
-3.573366208001971245e-03
6.045472691766917706e-04
3.178311046212911606e-03
1.749008428305387497e-03
-3.167012473568320274e-03
-6.432516238419339061e-05
1.800598460249602795e-03
1.773507334291934967e-03
-1.992520177736878395e-03
3.219537436962127686e-03
-1.317652873694896698e-03
-5.761472857557237148e-04
-2.898166188970208168e-03
1.889853272587060928e-03
-2.159772120648995042e-04
8.433155599050223827e-04
3.490765346214175224e-03
-1.302084070630371571e-03
4.334519617259502411e-04
-3.304252168163657188e-03
-5.395138286985456944e-04
2.603359753265976906e-03
-1.690727542154490948e-03
2.160551812266930938e-04
1.296389615163207054e-03
-2.159192226827144623e-03
-3.579360432922840118e-03
-2.815213985741138458e-03
3.026244463399052620e-03
-2.670999849215149879e-03
-2.623733133077621460e-03
-1.279488904401659966e-03
1.129052951000630856e-03
-2.341749845072627068e-03
-3.701135981827974319e-03
-3.500414779409766197e-03
-8.874386548995971680e-04
-2.527881180867552757e-03
2.840285655111074448e-03
1.614227774553000927e-03
2.273857593536376953e-03
-3.797179786488413811e-03
8.787932456471025944e-04
2.189645078033208847e-03
3.575218608602881432e-03
1.654031453654170036e-03
5.451600882224738598e-04
1.269824337214231491e-03
-1.282880548387765884e-03
1.992099918425083160e-03
2.334185264771804214e-04
-2.119610551744699478e-03
2.316176505701150745e-05
3.861519740894436836e-03
6.831063074059784412e-04
-3.015480702742934227e-03
2.447005826979875565e-03
2.543298760429024696e-03
-1.488090027123689651e-03
-1.330664148554205894e-03
-3.166276263073086739e-03
2.084891544654965401e-03
2.026632195338606834e-03
7.033674628473818302e-04
-3.693766891956329346e-03
4.630245093721896410e-04
-8.574332605348899961e-05
2.264289418235421181e-03
-1.269844709895551205e-03
2.516449661925435066e-03
3.060085698962211609e-03
-1.438326435163617134e-03
-3.677080618217587471e-03
3.337413538247346878e-03
-1.541250036098062992e-03
-1.702472334727644920e-03
-7.552497554570436478e-04
-1.071181730367243290e-03
2.693224931135773659e-03
2.790375147014856339e-03
2.474403474479913712e-03
3.579242911655455828e-04
1.632254570722579956e-03
-1.230363384820520878e-03
3.405897179618477821e-03
-5.129107739776372910e-04
3.447035793215036392e-03
1.323450123891234398e-03
-3.098660614341497421e-03
-2.338164020329713821e-03
-3.893684595823287964e-03
3.137031570076942444e-03
2.332408679649233818e-03
-1.277788775041699409e-03
-2.844878239557147026e-03
2.919744292739778757e-04
-3.278661286458373070e-03
-1.116685103625059128e-03
2.988349879160523415e-03
-2.908085938543081284e-03
-3.470058552920818329e-03
1.245457911863923073e-03
6.407453329302370548e-04
-2.122186357155442238e-03
3.551165282260626554e-04
-2.628255868330597878e-03
-6.845159805379807949e-04
3.311505715828388929e-04
-1.901023671962320805e-03
-1.519290381111204624e-03
1.140885055065155029e-03
1.338126487098634243e-03
1.131718046963214874e-03
-3.515960881486535072e-03
-2.259365981444716454e-03
3.615398192778229713e-03
-3.426895476877689362e-03
2.832501661032438278e-03
1.515729585662484169e-03
-1.829577609896659851e-03
-5.350504070520401001e-04
-2.364903222769498825e-03
-9.690025472082197666e-04
-1.464130124077200890e-03
-1.642161514610052109e-03
2.907691668951883912e-05
-1.671085483394563198e-03
1.863441662862896919e-03
-3.589231986552476883e-03
-3.837528638541698456e-03
-3.339702263474464417e-03
-3.551218425855040550e-03
1.522210543043911457e-03
3.794699150603264570e-04
1.925015123561024666e-03
3.386918688192963600e-03
-1.623334479518234730e-03
-3.710126038640737534e-03
-2.711066743358969688e-03
-1.404528622515499592e-03
-2.670281566679477692e-03
-2.250059333164244890e-04
1.087179844034835696e-04
3.128748387098312378e-03
2.576332306489348412e-03
1.429003779776394367e-03
-1.868191466201096773e-04
-5.887285224162042141e-04
6.893395766383036971e-05
5.735123995691537857e-04
2.160539384931325912e-03
1.064264331944286823e-03
-8.234980050474405289e-04
3.162806096952408552e-04
1.660858164541423321e-03
-1.630922663025557995e-03
-1.472383853979408741e-03
-2.410890068858861923e-03
2.366625005379319191e-03
-3.225360298529267311e-03
-3.483113367110490799e-03
-1.011814689263701439e-03
-1.662843977101147175e-03
-9.433840750716626644e-04
2.496701199561357498e-03
-1.503548119217157364e-03
2.710293978452682495e-03
2.797800581902265549e-03
-1.323937089182436466e-03
6.533635314553976059e-05
3.679960267618298531e-03
-3.048966405913233757e-03
2.700477125472389162e-05
-2.209897851571440697e-03
-1.518911216408014297e-03
7.357022259384393692e-04
2.377036493271589279e-03
-2.913168165832757950e-03
8.343073423020541668e-04
-3.054724540561437607e-03
-1.686709700152277946e-03
7.158672087825834751e-04
1.437180675566196442e-03
6.340163527056574821e-04
-1.203787396661937237e-03
2.738203620538115501e-04
3.347874444443732500e-04
-1.959802815690636635e-03
3.248857567086815834e-03
-3.816541284322738647e-04
-2.275560982525348663e-03
3.832216374576091766e-03
-2.383353188633918762e-03
-8.723397040739655495e-04
1.805699313990771770e-03
-1.035084133036434650e-03
-3.478375729173421860e-03
-1.285721315070986748e-03
1.963756978511810303e-03
-2.944535110145807266e-03
2.459600334987044334e-03
-2.289674477651715279e-03
1.353487838059663773e-03
-2.875633304938673973e-03
-2.545715775340795517e-03
-2.549495548009872437e-03
-1.910967752337455750e-03
-1.704512280412018299e-03
-3.117854939773678780e-03
-1.533582806587219238e-03
7.822983898222446442e-04
-3.688386641442775726e-03
3.800002858042716980e-03
-3.985435760114341974e-04
