1.627557561732828617e-03
-1.507153152488172054e-03
-3.224716754630208015e-03
-3.155706508550792933e-04
-1.865568454377353191e-03
-3.106741234660148621e-03
-1.885529491119086742e-04
-1.270085456781089306e-03
-9.643275407142937183e-04
1.608859929547179490e-05
2.234977670013904572e-03
-4.007449897471815348e-04
-3.284601494669914246e-03
3.134802216663956642e-03
3.159011714160442352e-03
1.385637908242642879e-03
2.284099580720067024e-03
2.437533345073461533e-03
-1.830113469623029232e-03
-4.803939955309033394e-04
-8.558170520700514317e-04
-3.193953074514865875e-03
3.481447696685791016e-03
-3.603551303967833519e-03
-1.083885785192251205e-03
2.253710757941007614e-03
2.016772981733083725e-03
1.556275528855621815e-03
-1.010639360174536705e-03
-1.892057829536497593e-03
-2.636845689266920090e-03
2.647451357915997505e-03
-8.866920252330601215e-04
-1.135491183958947659e-03
3.455197729635983706e-04
2.594623016193509102e-03
-5.408433498814702034e-04
1.787838293239474297e-03
-2.794733969494700432e-03
3.465402172878384590e-03
3.641154617071151733e-04
-4.507110570557415485e-04
-2.404841594398021698e-03
2.151828957721590996e-03
-2.719149459153413773e-03
3.191001946106553078e-03
1.443002023734152317e-03
6.409670459106564522e-04
-1.090612378902733326e-03
-1.201788196340203285e-03
3.728467505425214767e-03
-1.190738985314965248e-03
-1.780369348125532269e-04
2.093248069286346436e-03
8.412097668042406440e-05
6.290836608968675137e-04
2.667367458343505859e-03
2.632857300341129303e-03
2.421052195131778717e-03
-3.675617277622222900e-03
-1.741579966619610786e-03
-3.094169544056057930e-03
3.591794054955244064e-03
-2.126754261553287506e-03
-1.733757089823484421e-03
2.806309377774596214e-03
3.799817292019724846e-03
1.683216309174895287e-03
-2.698944183066487312e-03
-1.072136918082833290e-03
-1.506040105596184731e-03
-2.384923165664076805e-03
-1.417260733433067799e-03
-3.254550741985440254e-03
-1.829110085964202881e-03
3.681326925288885832e-04
-1.420109299942851067e-03
3.733510384336113930e-03
3.404423128813505173e-03
2.063434571027755737e-03
3.122291294857859612e-03
3.586477600038051605e-03
3.254729963373392820e-04
2.858242485672235489e-03
3.494402626529335976e-03
1.120111672207713127e-03
-2.462583594024181366e-03
5.467959563247859478e-04
-3.601802978664636612e-03
-2.241633919766172767e-04
-2.383995335549116135e-03
9.650610154494643211e-04
3.267365042120218277e-03
-3.608579747378826141e-03
-1.708328607492148876e-03
-3.618478542193770409e-03
1.644790521822869778e-03
-1.638706540688872337e-03
2.383649116382002831e-03
9.662265074439346790e-04
-1.156815909780561924e-03
2.522050635889172554e-04
1.983462600037455559e-03
2.673507202416658401e-03
2.697290387004613876e-03
2.141695003956556320e-03
2.309952164068818092e-03
-1.750934286974370480e-03
1.097396831028163433e-03
-1.979865133762359619e-03
-3.552556503564119339e-03
-3.256724216043949127e-03
1.399484928697347641e-03
-2.241059119114652276e-04
-2.984858583658933640e-03
-3.403388196602463722e-03
-3.151940414682030678e-03
2.338888123631477356e-03
-6.680830847471952438e-04
-3.109047422185540199e-03
-1.039412221871316433e-03
7.559788646176457405e-04
-3.282520920038223267e-03
2.137089380994439125e-03
-6.650816067121922970e-05
1.089429482817649841e-03
-3.738036844879388809e-03
-2.955184550955891609e-03
-9.018807904794812202e-04
-2.332143951207399368e-03
-1.268189516849815845e-04
1.315403264015913010e-03
-2.086610998958349228e-03
1.562223187647759914e-03
1.406069961376488209e-03
3.899368457496166229e-03
3.551466856151819229e-03
-1.488847425207495689e-03
2.336891338927671313e-05
8.130481000989675522e-04
3.711286233738064766e-03
1.782227773219347000e-03
1.263310550712049007e-03
-2.198365284129977226e-03
6.947881774976849556e-04
3.261570818722248077e-04
9.932043030858039856e-04
3.456484060734510422e-03
2.948846668004989624e-04
-2.195306587964296341e-03
3.334044013172388077e-03
-3.083554562181234360e-03
-3.502216190099716187e-03
1.739201252348721027e-03
-2.226359676569700241e-03
3.737746970728039742e-03
-2.106126630678772926e-03
1.435670186765491962e-03
2.455802168697118759e-03
2.621308434754610062e-03
2.647909335792064667e-03
2.425400773063302040e-03
-3.184092463925480843e-03
-2.149143023416399956e-03
1.916469773277640343e-03
1.337179564870893955e-03
-2.677353040780872107e-04
-1.322484225966036320e-03
-1.948633231222629547e-03
7.142644608393311501e-04
2.025213325396180153e-03
2.443733625113964081e-03
3.302048658952116966e-03
6.519986782222986221e-04
-3.777941688895225525e-03
-2.384212100878357887e-03
-2.082684310153126717e-03
3.810005728155374527e-03
2.450732979923486710e-03
1.369704958051443100e-03
1.963369315490126610e-03
2.551980316638946533e-03
-1.551055349409580231e-03
-3.249156055971980095e-03
1.945443451404571533e-03
3.184902248904109001e-03
3.527330409269779921e-04
3.182743093930184841e-04
-1.276469673030078411e-03
2.436041366308927536e-03
1.277679926715791225e-03
-2.750718733295798302e-03
-1.825463725253939629e-03
-3.391047241166234016e-03
3.246312262490391731e-03
2.167317143175750971e-04
-1.526059000752866268e-03
-2.510078251361846924e-03
-1.430021366104483604e-03
1.199259306304156780e-03
2.574152778834104538e-03
-2.682302147150039673e-03
2.245556795969605446e-03
-2.648293739184737206e-03
-6.206540856510400772e-04
3.667757380753755569e-03
-1.020840136334300041e-03
-2.883462002500891685e-03
4.244487499818205833e-04
2.901424653828144073e-03
1.759859733283519745e-03
-1.174710807390511036e-03
1.060732174664735794e-03
-1.888455124571919441e-03
1.472573145292699337e-03
-1.779561280272901058e-03
-2.698304131627082825e-03
-4.600020183715969324e-04
-2.357145305722951889e-03
2.270659897476434708e-03
-3.660175483673810959e-03
-3.057509195059537888e-03
-1.698440755717456341e-03
1.581340096890926361e-03
-3.215842181816697121e-03
2.520960522815585136e-03
-3.196592675521969795e-03
1.279025600524619222e-04
-2.477094065397977829e-03
-1.088831340894103050e-03
3.447216935455799103e-03
-2.721009310334920883e-03
2.310956362634897232e-03
6.632534204982221127e-04
-1.287236344069242477e-03
-1.564288279041647911e-03
1.379718189127743244e-03
-7.805866189301013947e-04
-1.198748592287302017e-03
1.793957082554697990e-03
-2.841325011104345322e-03
8.278368040919303894e-04
-2.447204897180199623e-03
2.957855118438601494e-03
1.451152260415256023e-03
1.629097387194633484e-03
-2.922092564404010773e-03
2.065485808998346329e-03
1.059986418113112450e-03
-6.769531755708158016e-04
2.391143701970577240e-03
-1.207838999107480049e-03
2.009080635616555810e-04
1.782584469765424728e-03
-1.994984457269310951e-03
-1.670299796387553215e-03
