2.335576806217432022e-03
4.306496994104236364e-04
-1.844565616920590401e-03
5.541290738619863987e-04
-2.733063651248812675e-03
-2.392464550212025642e-03
2.545275026932358742e-03
1.642957213334739208e-03
-1.980873523280024529e-03
-3.145741065964102745e-03
-3.413727390579879284e-04
-2.526058116927742958e-03
3.656681394204497337e-03
-1.509303576312959194e-03
-6.452162633650004864e-04
-1.903165713883936405e-03
6.367233581840991974e-04
-1.607847167178988457e-03
1.705675036646425724e-03
5.578751442953944206e-04
-8.614129037596285343e-04
3.115956671535968781e-03
1.856377930380403996e-03
3.098965156823396683e-03
1.168503775261342525e-03
-2.329843584448099136e-03
-1.915490487590432167e-03
-3.670598845928907394e-03
-2.516588428989052773e-03
2.326431684195995331e-03
2.412970643490552902e-03
2.925154520198702812e-03
3.098894376307725906e-03
1.196427270770072937e-03
-1.213586656376719475e-03
-1.250407774932682514e-03
-4.690294736064970493e-04
-1.581506570801138878e-03
1.430173986591398716e-03
-3.128330688923597336e-03
2.767863916233181953e-03
-1.144302659668028355e-03
1.762803643941879272e-03
-7.423728238791227341e-04
-1.849991822382435203e-04
2.301323227584362030e-03
-1.933437073603272438e-03
3.322706790640950203e-03
-8.869933080859482288e-04
3.066932084038853645e-03
-2.103690756484866142e-03
2.541000954806804657e-03
2.468618098646402359e-03
1.804471248760819435e-03
1.953499391674995422e-03
5.978115950711071491e-04
3.938199079129844904e-04
-2.507133176550269127e-03
3.689409350045025349e-04
6.140343612059950829e-04
-1.637700246647000313e-03
-3.811199218034744263e-03
2.275607082992792130e-03
2.330931369215250015e-03
1.548591884784400463e-03
2.510886988602578640e-04
-2.167543163523077965e-03
8.266665827250108123e-05
1.949824858456850052e-03
-2.634736010804772377e-03
1.494762254878878593e-03
-5.804114043712615967e-04
3.013066714629530907e-03
6.063957116566598415e-04
-2.905530855059623718e-03
2.575870370492339134e-03
-2.125344239175319672e-03
1.497879857197403908e-03
-2.160786651074886322e-03
-2.119009150192141533e-03
1.061057206243276596e-03
-2.620188752189278603e-03
3.858597949147224426e-03
-1.961403992027044296e-03
3.192995674908161163e-03
-3.581722732633352280e-03
-2.403096063062548637e-03
-2.901971340179443359e-03
-2.088919281959533691e-03
1.810170942917466164e-03
1.480294973589479923e-03
-1.153749064542353153e-03
-2.695258939638733864e-03
1.014894107356667519e-03
6.583466310985386372e-04
3.172838478349149227e-04
1.648270757868885994e-03
-1.269386732019484043e-03
1.803776103770360351e-04
-3.171218093484640121e-03
2.078892895951867104e-03
3.134549828246235847e-03
2.190791536122560501e-03
3.617887618020176888e-03
-7.025922532193362713e-04
6.340284598991274834e-04
-4.282469162717461586e-04
3.433361649513244629e-03
3.273863345384597778e-03
1.782013801857829094e-03
3.378344466909766197e-03
-2.781291492283344269e-03
1.100723384297452867e-04
-9.449014905840158463e-04
-3.362666582688689232e-03
1.031406223773956299e-03
3.093027975410223007e-03
-1.135785641963593662e-04
2.869656775146722794e-03
3.793903626501560211e-03
-1.466421177610754967e-03
3.508917288854718208e-03
1.829826505854725838e-03
-1.406228147970978171e-05
7.955311448313295841e-04
3.061163937672972679e-03
-1.688300399109721184e-03
1.779213198460638523e-04
-5.663298070430755615e-04
-3.103870199993252754e-03
-2.220698166638612747e-03
-1.646083896048367023e-03
-3.513626055791974068e-03
-2.204800723120570183e-03
2.616882324218750000e-03
3.586171660572290421e-03
-2.265577204525470734e-03
2.375553129240870476e-03
7.111669983714818954e-04
-2.244343981146812439e-03
5.939461407251656055e-04
3.691960126161575317e-03
9.581843914929777384e-05
-2.235790016129612923e-03
-3.034591209143400192e-03
-2.908405847847461700e-03
-4.612546472344547510e-04
3.707204945385456085e-03
2.463081618770956993e-03
-5.035540671087801456e-04
7.521191728301346302e-04
-6.209760322235524654e-04
-2.938925987109541893e-03
1.861901953816413879e-03
-2.424722770228981972e-03
-2.787024015560746193e-03
2.477630972862243652e-03
3.048885380849242210e-03
-1.975872553884983063e-03
8.749550324864685535e-04
1.206317683681845665e-03
8.693451527506113052e-04
1.072717423085123301e-04
-1.320290844887495041e-03
-3.065450116991996765e-03
1.878609764389693737e-03
7.409472018480300903e-04
4.036774043925106525e-04
-1.746945898048579693e-03
-2.172293461626395583e-04
2.856385195627808571e-03
3.047400619834661484e-03
-3.162842476740479469e-03
-1.350866863504052162e-03
-1.808409870136529207e-04
-8.765083621256053448e-04
-7.872799178585410118e-04
-5.488356691785156727e-04
2.947125118225812912e-03
-8.202737080864608288e-04
-3.323737997561693192e-03
-2.758229617029428482e-03
1.634062384255230427e-03
3.292960813269019127e-03
-2.330255694687366486e-03
2.393547678366303444e-03
-1.307644764892756939e-03
2.415885217487812042e-03
-3.878447925671935081e-03
3.016090951859951019e-03
-9.310381719842553139e-04
3.767924383282661438e-03
-1.211444498039782047e-03
3.812748473137617111e-03
-6.759619573131203651e-04
2.847354393452405930e-03
7.899169577285647392e-04
1.349798985756933689e-03
8.217079448513686657e-04
3.234469331800937653e-03
-2.762401243671774864e-03
-9.727355209179222584e-04
-3.642781637609004974e-03
3.118422115221619606e-03
-3.007106017321348190e-03
2.784964395686984062e-03
-6.423851591534912586e-04
-1.100387889891862869e-03
-1.793128554709255695e-03
2.838502405211329460e-04
-8.352705626748502254e-04
-1.388263044646009803e-04
-3.826929256319999695e-03
3.334558568894863129e-03
2.015759935602545738e-03
-1.100448891520500183e-03
9.801822016015648842e-04
-2.466493984684348106e-03
5.608859282801859081e-05
-1.065493212081491947e-03
-3.543650032952427864e-03
3.676042193546891212e-03
1.368113211356103420e-03
-1.430689007975161076e-03
3.191468305885791779e-03
-1.643614028580486774e-03
1.204922329634428024e-03
3.150246047880500555e-04
8.298116154037415981e-04
7.932339940452948213e-05
2.237991429865360260e-04
2.004754962399601936e-03
-8.624428301118314266e-04
3.138457424938678741e-03
-3.247680375352501869e-03
-1.926504075527191162e-03
-2.976290183141827583e-03
-1.547929830849170685e-03
1.911064842715859413e-03
-1.966865602298639715e-05
4.247526521794497967e-04
-2.379448851570487022e-03
-2.373167313635349274e-03
3.495684359222650528e-03
-1.747012487612664700e-03
2.031628275290131569e-03
8.652122342027723789e-04
-2.951930742710828781e-03
-7.779930601827800274e-04
3.866949118673801422e-03
-1.761569175869226456e-03
3.683869726955890656e-03
1.874015142675489187e-04
-3.298954572528600693e-03
5.202503962209448218e-05
1.502140890806913376e-03
