-8.212921093218028545e-04
2.555106766521930695e-03
-3.490362782031297684e-03
2.736578928306698799e-03
-2.379062585532665253e-03
-2.003073459491133690e-03
2.014497527852654457e-03
1.523187500424683094e-03
6.942129111848771572e-04
-6.620759959332644939e-04
1.092192833311855793e-03
1.083971350453794003e-03
-1.830871100537478924e-03
2.014677971601486206e-03
2.113395370543003082e-03
-2.788060810416936874e-03
-3.577555762603878975e-03
1.230827881954610348e-03
3.810090245679020882e-03
-9.467401541769504547e-04
3.721941495314240456e-03
2.999060787260532379e-03
-4.978636861778795719e-04
3.261646255850791931e-03
6.848831544630229473e-04
-1.316552050411701202e-03
-1.415395643562078476e-03
2.284823451191186905e-03
2.012421609833836555e-03
-7.752103265374898911e-04
-2.151995664462447166e-03
1.173810684122145176e-03
-3.683881135657429695e-03
-2.409161534160375595e-03
-7.187050650827586651e-04
3.170719835907220840e-03
-3.587900195270776749e-03
4.970653026248328388e-05
3.017216688022017479e-03
3.068376099690794945e-03
1.764638815075159073e-03
-2.113914117217063904e-03
-3.460755804553627968e-03
-5.036168731749057770e-04
1.953808823600411415e-03
-1.835382194258272648e-03
7.687119068577885628e-04
-8.043356938287615776e-04
-2.172133885324001312e-03
-9.340930264443159103e-04
-2.572062890976667404e-03
9.001590660773217678e-04
3.148173447698354721e-03
2.545074559748172760e-03
-3.716822713613510132e-03
8.968711481429636478e-04
1.472444273531436920e-03
1.320539391599595547e-03
2.856344450265169144e-03
1.945898402482271194e-04
1.872754190117120743e-03
2.272746525704860687e-03
1.818035729229450226e-03
3.369971411302685738e-03
2.748775295913219452e-03
3.561785444617271423e-03
-9.172569261863827705e-04
-9.013578528538346291e-04
-3.676314139738678932e-03
-3.632388310506939888e-03
3.669440513476729393e-03
-3.137451596558094025e-03
-1.033508568070828915e-03
9.496991406194865704e-04
-2.951810136437416077e-03
2.920033410191535950e-03
-1.514499774202704430e-03
-2.472212305292487144e-03
2.695095492526888847e-03
3.501947212498635054e-04
-3.173569915816187859e-03
2.966474508866667747e-03
-1.086154370568692684e-03
8.064165594987571239e-04
3.499890910461544991e-03
2.763853874057531357e-03
-2.068333094939589500e-03
3.496544901281595230e-03
-2.728277584537863731e-03
-3.273454494774341583e-04
3.346893005073070526e-03
3.618162823840975761e-03
-1.994063146412372589e-03
-1.199052319861948490e-03
2.758639398962259293e-03
-5.241284961812198162e-04
7.799784070812165737e-04
-5.101446295157074928e-04
3.899694420397281647e-03
-3.758792299777269363e-03
2.985675353556871414e-03
2.218011068180203438e-03
-1.938742701895534992e-03
2.705830615013837814e-03
3.901510965079069138e-03
3.115956671535968781e-03
9.418419213034212589e-04
1.299872878007590771e-03
-1.273052068427205086e-03
1.078935456462204456e-03
8.708554669283330441e-04
-2.747109625488519669e-03
-3.290895838290452957e-04
-3.243475686758756638e-03
-2.672628965228796005e-03
-2.629526657983660698e-03
1.136657883762381971e-04
-2.819816814735531807e-03
2.764834556728601456e-03
-1.835088478401303291e-03
-2.032220829278230667e-03
2.032014454016461968e-04
2.282722620293498039e-03
2.347896079299971461e-04
-8.935903897508978844e-04
1.365096773952245712e-03
-6.833440857008099556e-04
-6.149268010631203651e-04
1.615331508219242096e-03
-3.237484721466898918e-03
2.580786240287125111e-04
-2.881570253521203995e-03
-3.499154699966311455e-03
-2.615239704027771950e-03
2.669952518772333860e-04
-1.402751193381845951e-03
-2.598357852548360825e-03
1.916588749736547470e-03
1.620467170141637325e-03
6.427814951166510582e-04
3.457282902672886848e-03
1.324565964750945568e-03
-1.336203538812696934e-03
2.038596576312556863e-04
2.549234777688980103e-03
-3.210812341421842575e-03
4.611104086507111788e-04
-2.466940786689519882e-03
3.615987254306674004e-03
5.712952697649598122e-04
8.526397286914288998e-04
1.321420277236029506e-04
-1.150538446381688118e-03
-2.306578913703560829e-03
1.248204149305820465e-03
3.116520354524254799e-03
-1.516433199867606163e-03
2.710331231355667114e-03
-1.540723373182117939e-03
-1.405430521117523313e-04
-3.408747958019375801e-03
4.861745401285588741e-04
1.125589478760957718e-03
1.783854677341878414e-03
3.657730529084801674e-03
-3.146991366520524025e-03
-2.366463188081979752e-03
2.606059191748499870e-03
-4.303896857891231775e-04
2.383361570537090302e-03
1.032396801747381687e-03
-1.679474371485412121e-05
3.374612657353281975e-03
7.897806062828749418e-05
-1.051249215379357338e-03
-7.248097099363803864e-04
9.902837919071316719e-04
2.422752557322382927e-03
-3.051390405744314194e-03
-8.927295566536486149e-04
2.705032238736748695e-03
-1.726878690533339977e-03
-3.072807565331459045e-03
-3.596398280933499336e-03
1.627925317734479904e-03
-2.317968988791108131e-03
-2.219996415078639984e-03
-2.452443121001124382e-03
-2.312444616109132767e-03
-2.100614132359623909e-03
2.802195027470588684e-03
2.699531149119138718e-03
1.452457043342292309e-03
-1.848198473453521729e-03
2.051873132586479187e-03
-3.526819869875907898e-03
1.857143710367381573e-03
-9.993728017434477806e-04
2.813504775986075401e-03
3.332693129777908325e-03
-2.591739175841212273e-04
3.734811674803495407e-03
-7.388227822957560420e-05
-2.230284735560417175e-03
1.844792510382831097e-03
2.842103131115436554e-03
2.648406662046909332e-03
-5.733032012358307838e-04
1.025941572152078152e-03
2.987223677337169647e-03
-3.116037463769316673e-03
-2.513740211725234985e-03
-1.268272288143634796e-03
7.382694166153669357e-04
-1.978219224838539958e-04
3.603690769523382187e-03
-2.513448940590023994e-03
-3.105910494923591614e-03
4.040191415697336197e-04
1.860489719547331333e-03
-3.091850550845265388e-03
-9.419868001714348793e-04
-3.778294427320361137e-03
-2.370549365878105164e-03
-3.032934153452515602e-03
1.465297536924481392e-03
1.314665772952139378e-03
1.987725030630826950e-03
1.580133219249546528e-03
-1.404402079060673714e-03
-2.762830583378672600e-03
-1.260348944924771786e-03
9.523240732960402966e-04
-2.120159333571791649e-03
-5.414322367869317532e-04
-2.982607809826731682e-03
-5.941628478467464447e-04
1.748674694681540132e-04
2.482822164893150330e-03
4.625373694580048323e-04
3.228328423574566841e-03
-2.081410493701696396e-03
-1.699315500445663929e-03
-3.386657917872071266e-03
-5.978226545266807079e-04
3.740146290510892868e-03
-1.704910304397344589e-03
3.663278184831142426e-03
2.122534206137061119e-03
1.979396474780514836e-04
3.538926597684621811e-03
2.922120969742536545e-03
-3.269226057454943657e-03
4.348848888184875250e-04
3.280570032075047493e-03
3.253892762586474419e-03
