-1.468369620852172375e-03
-2.597121056169271469e-03
1.472758594900369644e-03
-3.841578960418701172e-03
3.766759997233748436e-03
-3.543694503605365753e-03
-3.220895072445273399e-03
1.645081909373402596e-03
2.598518971353769302e-03
2.516836626455187798e-03
-1.687643118202686310e-03
1.126609393395483494e-03
-2.799351001158356667e-03
3.114110324531793594e-03
-1.180971594294533134e-05
2.415089402347803116e-03
7.623998099006712437e-04
1.388259464874863625e-03
1.449381234124302864e-03
1.315286732278764248e-03
-4.576056671794503927e-04
1.266328268684446812e-03
2.532115904614329338e-03
3.574890550225973129e-03
-3.841852536424994469e-03
2.314485609531402588e-03
-2.471019513905048370e-03
7.839861791580915451e-04
-1.428000512532889843e-03
-3.114008344709873199e-03
-3.580914810299873352e-03
-5.782632506452500820e-04
2.838029060512781143e-03
-2.778842346742749214e-03
3.514078678563237190e-03
1.069444580934941769e-03
-2.309959381818771362e-03
-5.362238152883946896e-04
2.925632055848836899e-03
1.485036802478134632e-03
2.496804576367139816e-03
-1.288175582885742188e-03
6.800211267545819283e-04
8.003171533346176147e-04
-5.337634938769042492e-04
4.627119633369147778e-04
1.934992615133523941e-03
-1.945896190591156483e-03
-4.394761926960200071e-04
2.288416493684053421e-03
2.168370876461267471e-03
-1.772645628079771996e-03
1.043970230966806412e-03
-2.153785899281501770e-03
3.571115667000412941e-03
3.265131264925003052e-03
1.534309820272028446e-03
-1.162839820608496666e-03
3.512558760121464729e-03
3.863545600324869156e-03
9.899312863126397133e-04
-1.741501153446733952e-03
1.990186283364892006e-03
-2.312286058440804482e-03
3.577423281967639923e-03
6.761862314306199551e-04
3.054693806916475296e-03
-1.136274426244199276e-03
2.661651000380516052e-03
3.873756853863596916e-03
-1.451817457564175129e-03
-2.345603425055742264e-04
-3.797343932092189789e-03
2.546973293647170067e-03
5.822539096698164940e-04
1.818967866711318493e-03
-1.245591556653380394e-03
-2.287259325385093689e-03
-3.537549870088696480e-03
-3.058791393414139748e-03
-2.021644962951540947e-03
3.588225226849317551e-03
-1.863357960246503353e-03
-2.151535591110587120e-03
-2.155595924705266953e-03
-7.376271532848477364e-04
1.772096729837357998e-03
3.249216126278042793e-03
-3.048744983971118927e-03
-2.594021148979663849e-03
2.463852055370807648e-03
-1.769088208675384521e-03
8.605961338616907597e-04
-5.689684767276048660e-04
9.553494164720177650e-04
-2.983252517879009247e-03
5.282983765937387943e-04
2.380734076723456383e-03
1.178430393338203430e-03
1.666876923991367221e-04
3.271279158070683479e-03
-1.890601124614477158e-03
-2.670056186616420746e-03
-2.575747668743133545e-03
-3.622344927862286568e-03
-3.567186184227466583e-03
3.414962440729141235e-03
2.860913809854537249e-04
-7.174760103225708008e-04
7.448226679116487503e-04
-2.119343960657715797e-03
3.048546379432082176e-03
3.606513018894474953e-06
3.381458343937993050e-03
3.870289539918303490e-03
1.455727498978376389e-03
2.873841673135757446e-03
-1.005886661005206406e-04
-3.272510133683681488e-03
-3.390853991732001305e-03
-8.911992772482335567e-04
-2.887527807615697384e-04
1.700480235740542412e-03
3.271350287832319736e-04
-1.060111331753432751e-03
-1.083002774976193905e-03
-1.238468335941433907e-03
-1.337563735432922840e-03
-2.163589932024478912e-03
-2.247582655400037766e-03
1.442686188966035843e-03
-2.851975383237004280e-03
7.790268864482641220e-04
3.177396021783351898e-03
3.728210227563977242e-03
4.370692768134176731e-04
-4.989982699044048786e-04
-3.387618111446499825e-03
-6.339098908938467503e-04
-2.254309132695198059e-03
8.843150571919977665e-04
-3.180291038006544113e-03
-3.614324843510985374e-03
-3.875573398545384407e-03
2.522876253351569176e-03
-2.124165766872465611e-04
-3.160419291816651821e-04
-6.341494736261665821e-04
-1.131080207414925098e-03
2.039495011558756232e-04
1.360354362986981869e-03
3.785433014854788780e-03
3.481900552287697792e-03
1.719687599688768387e-03
-3.085410688072443008e-03
6.575413281098008156e-04
2.129475818946957588e-03
7.754474063403904438e-04
-3.642665455117821693e-03
-1.969249919056892395e-03
-3.345853649079799652e-03
-1.984759001061320305e-03
-1.464280299842357635e-03
-3.153468715026974678e-03
1.073986990377306938e-03
-3.417271189391613007e-03
1.279413467273116112e-03
3.881333395838737488e-04
3.560520010069012642e-03
-3.186529502272605896e-03
-6.965694483369588852e-04
-3.153783618472516537e-04
2.092728856950998306e-03
-1.566846854984760284e-03
3.124093636870384216e-03
2.440134529024362564e-03
1.352175255306065083e-03
-2.089557936415076256e-03
1.340054324828088284e-03
3.822682192549109459e-03
1.558949239552021027e-03
7.437260937876999378e-04
7.929250132292509079e-04
-1.265601254999637604e-03
3.803789149969816208e-05
-2.349710324779152870e-03
-5.103685543872416019e-04
1.374744024360552430e-04
1.789984875358641148e-03
-1.789294532500207424e-03
-1.631363062188029289e-03
-1.592144952155649662e-03
-3.283896250650286674e-03
-3.866163548082113266e-03
-3.585012396797537804e-03
-1.743787550367414951e-03
-3.592095570638775826e-03
1.916277222335338593e-03
7.539450889453291893e-04
2.504875184968113899e-03
-3.818841185420751572e-03
6.047915667295455933e-04
4.916284233331680298e-04
1.117732375860214233e-03
6.781767588108778000e-04
-3.329897008370608091e-04
-3.518453100696206093e-03
1.803482155082747340e-04
3.060986055061221123e-03
3.340779512654989958e-04
6.631095893681049347e-04
-3.224826185032725334e-03
1.343887415714561939e-03
1.002709148451685905e-03
-4.767666687257587910e-04
3.797945799306035042e-03
-1.353498431853950024e-03
-1.643538591451942921e-03
-1.419619307853281498e-03
-1.703638001345098019e-03
-4.327952046878635883e-04
2.808320103213191032e-03
-3.200171748176217079e-03
-2.583384281024336815e-03
-3.157959086820483208e-03
3.337132977321743965e-03
-3.840974764898419380e-03
-9.031831286847591400e-04
-4.230164340697228909e-04
-1.630189130082726479e-03
1.463819178752601147e-03
-9.649303974583745003e-04
-2.890829462558031082e-03
-2.917249687016010284e-03
-1.688784686848521233e-03
-1.122810353990644217e-04
-3.048360580578446388e-03
9.901486337184906006e-04
-3.488890593871474266e-03
9.067209903150796890e-04
2.912598138209432364e-04
2.440137090161442757e-03
-3.751597367227077484e-03
-3.362861694768071175e-03
-2.493720268830657005e-03
-1.393244718201458454e-03
2.605132991448044777e-03
-1.689580851234495640e-03
1.319982548011466861e-04
-2.603027736768126488e-03
-1.914811204187572002e-03
2.866724971681833267e-03
-1.696785620879381895e-04
-5.078867543488740921e-04
-3.384220181033015251e-04
2.899765968322753906e-03
