-1.559970900416374207e-03
1.525901374407112598e-03
-2.143298741430044174e-03
3.296302165836095810e-03
2.059395657852292061e-03
-1.454227021895349026e-03
-1.188759342767298222e-03
-1.721537904813885689e-03
-1.973710721358656883e-03
-6.850364734418690205e-04
-5.645747296512126923e-04
1.415892038494348526e-03
1.904705539345741272e-03
-1.825278624892234802e-03
2.987609244883060455e-03
-2.346676541492342949e-03
-2.929149661213159561e-03
1.430340693332254887e-03
-2.788464305922389030e-03
-1.006004982627928257e-03
-2.288314979523420334e-03
2.612562151625752449e-03
5.394810577854514122e-04
3.554522059857845306e-03
1.617346191778779030e-03
-2.279895590618252754e-03
4.407095839269459248e-04
-3.421845613047480583e-03
1.528411055915057659e-03
-1.456938334740698338e-04
8.878854569047689438e-04
-3.062201722059398890e-04
-3.238670062273740768e-03
1.053913380019366741e-03
3.070274135097861290e-03
3.325767815113067627e-03
-3.636697307229042053e-03
-3.323449636809527874e-04
-2.863456727936863899e-03
1.812213682569563389e-03
-1.778543926775455475e-03
-7.616375223733484745e-04
7.645839941687881947e-04
3.450431860983371735e-03
3.519727149978280067e-03
-4.457361355889588594e-04
-2.121624711435288191e-04
-2.327257534489035606e-03
-3.785795764997601509e-03
-3.454802324995398521e-03
1.204943750053644180e-03
2.140365540981292725e-03
1.198570826090872288e-03
-1.019885996356606483e-03
6.401730352081358433e-04
-9.591019479557871819e-04
-3.805847605690360069e-03
2.963548293337225914e-03
-2.361336257308721542e-03
1.480298000387847424e-03
-3.625217825174331665e-03
-8.822288946248590946e-04
-2.851160941645503044e-03
2.557513071224093437e-03
3.699545515701174736e-03
1.825373874453362077e-05
1.942768110893666744e-03
-3.697609645314514637e-04
-3.191951545886695385e-04
2.197559457272291183e-03
3.239389508962631226e-03
2.918910467997193336e-04
3.877938259392976761e-03
2.596450038254261017e-03
1.842183992266654968e-04
4.129565786570310593e-04
-2.675098832696676254e-03
-3.046853933483362198e-03
-1.162264845333993435e-03
-1.149792340584099293e-03
1.954677281901240349e-03
-1.913165557198226452e-03
1.628225203603506088e-03
2.544290386140346527e-03
-1.569933141581714153e-03
-9.537791484035551548e-04
1.003547105938196182e-03
-1.961871748790144920e-03
2.117101103067398071e-04
2.353208372369408607e-03
5.296671879477798939e-04
-6.831737118773162365e-04
-1.680288114584982395e-03
-2.906512236222624779e-03
-2.856804523617029190e-03
-1.673055696301162243e-03
-7.693663355894386768e-04
2.772165695205330849e-03
-3.209045389667153358e-03
-2.792247571051120758e-03
-3.015094902366399765e-03
-2.143247751519083977e-03
-4.837314772885292768e-04
3.120286623015999794e-03
-4.306190239731222391e-04
-2.460567280650138855e-03
-2.319284016266465187e-03
-4.153166810283437371e-05
-2.723617944866418839e-04
3.780723083764314651e-03
1.016437076032161713e-03
2.776541514322161674e-03
2.221064933110028505e-04
2.122091129422187805e-03
1.247359032277017832e-04
1.921426039189100266e-03
2.997793955728411674e-03
1.706913695670664310e-03
2.343324740650132298e-04
1.491308328695595264e-03
1.976803876459598541e-03
2.479459624737501144e-03
-2.812190679833292961e-03
-2.069979207590222359e-03
9.165532537735998631e-04
1.331370556727051735e-03
-3.811043221503496170e-03
-3.168976865708827972e-03
-1.211427152156829834e-03
-2.997110830619931221e-03
-3.455543890595436096e-03
-1.526218489743769169e-03
-1.435048296116292477e-03
1.607213634997606277e-03
3.229375928640365601e-03
3.327918704599142075e-03
-2.572613535448908806e-03
1.910334394779056311e-04
-2.239322056993842125e-03
-2.705021994188427925e-03
-3.224521409720182419e-03
3.324258723296225071e-04
2.355189062654972076e-04
3.060645190998911858e-03
-2.735141431912779808e-03
-9.938151342794299126e-04
-1.125110778957605362e-03
-3.292906563729047775e-03
-3.609096631407737732e-03
-1.919566537253558636e-03
3.696193220093846321e-03
-2.320193219929933548e-03
-9.502373286522924900e-04
-8.624370093457400799e-04
8.916201186366379261e-04
1.651575905270874500e-03
-3.899617586284875870e-03
-3.039357485249638557e-03
2.852959558367729187e-03
-5.529451664187945426e-05
1.334669417701661587e-03
2.686464926227927208e-03
2.471360843628644943e-03
-7.076270412653684616e-04
9.462285670451819897e-04
7.199101382866501808e-04
-3.624758974183350801e-04
1.338442205451428890e-03
2.333954675123095512e-03
2.159140771254897118e-03
2.163823461160063744e-03
-2.498157089576125145e-03
6.573403952643275261e-04
1.393930637277662754e-03
-3.236158285290002823e-03
-2.570098498836159706e-03
3.254038980230689049e-03
1.902775489725172520e-03
1.677897409535944462e-03
-3.404518123716115952e-03
2.740197815001010895e-04
-2.909147646278142929e-03
1.822696882300078869e-03
-1.226144027896225452e-03
2.046318724751472473e-03
2.385792322456836700e-03
1.404803362675011158e-03
-3.488905262202024460e-03
2.225172705948352814e-03
1.344146672636270523e-03
-1.056660621543414891e-04
7.838071323931217194e-04
4.109348228666931391e-04
3.243355313315987587e-04
-2.923719352111220360e-03
6.125222716946154833e-05
-2.501615788787603378e-03
1.334486296400427818e-04
-3.252642229199409485e-03
1.110628829337656498e-03
1.278408220969140530e-03
-1.681148889474570751e-03
-3.771308984141796827e-04
-2.498970832675695419e-03
-4.131943205720745027e-05
3.450175281614065170e-03
8.694660500623285770e-04
1.522405538707971573e-03
-8.334004087373614311e-04
-2.112522721290588379e-03
-3.468012204393744469e-03
-5.972546641714870930e-04
-2.950868336483836174e-03
-3.123433794826269150e-03
1.561049371957778931e-03
2.469554543495178223e-03
3.870564512908458710e-03
1.836645300500094891e-03
2.681076060980558395e-03
-1.766471308656036854e-03
2.547238487750291824e-03
-3.323029726743698120e-03
-3.320257877930998802e-03
-1.369060133583843708e-03
-8.336573373526334763e-04
4.694577655754983425e-04
3.687687916681170464e-03
3.733926918357610703e-03
1.198898418806493282e-03
-1.499878475442528725e-03
-3.844198537990450859e-03
3.739562118425965309e-03
-1.377838780172169209e-03
-3.596707247197628021e-04
3.680002409964799881e-03
-2.278009196743369102e-03
-2.018056256929412484e-04
3.223601088393479586e-04
3.557365853339433670e-04
2.105872117681428790e-04
-8.939771214500069618e-04
-2.289591822773218155e-03
-3.867252497002482414e-03
-2.350754104554653168e-03
-3.646119963377714157e-03
3.821048419922590256e-03
-6.379773840308189392e-04
5.599916912615299225e-04
3.748739254660904408e-04
3.724788548424839973e-03
8.055837824940681458e-04
-1.560774398967623711e-03
-1.448710216209292412e-03
-3.309601685032248497e-03
-7.038988405838608742e-04
-1.079910434782505035e-03
