3.690252080559730530e-03
1.140499720349907875e-03
-2.551465877331793308e-04
1.862178323790431023e-03
-3.738224506378173828e-03
-1.920068170875310898e-03
-1.936515443958342075e-03
3.131771227344870567e-03
1.601219526492059231e-03
-3.282755205873399973e-04
-2.328639384359121323e-03
3.591256914660334587e-03
1.670645899139344692e-03
1.942043192684650421e-03
1.570640713907778263e-03
2.072456991299986839e-03
2.512023784220218658e-03
8.757703471928834915e-04
2.851141151040792465e-03
2.675991039723157883e-03
1.901131472550332546e-03
2.094296040013432503e-03
3.831172361969947815e-03
6.127803935669362545e-04
-3.335657995194196701e-03
2.747501013800501823e-03
1.594158238731324673e-03
9.406239259988069534e-04
-3.025595331564545631e-03
-3.525719512253999710e-03
-2.490786602720618248e-03
6.105763022787868977e-04
3.234453732147812843e-03
-4.418970784172415733e-04
1.737530925311148167e-03
2.275868173455819488e-04
-3.696168540045619011e-03
-1.917608315125107765e-04
-3.342278068885207176e-03
9.832531941356137395e-05
-2.347282133996486664e-03
1.036327099427580833e-03
-1.946033677086234093e-03
-1.128085656091570854e-03
3.514711046591401100e-03
2.536894287914037704e-03
3.463012864813208580e-03
-3.099669003859162331e-03
-1.150470692664384842e-03
-3.368698526173830032e-03
-1.315861707553267479e-03
7.453465950675308704e-04
1.227534608915448189e-03
-2.527763135731220245e-03
-2.115848241373896599e-03
7.787841022945940495e-04
-8.349087147507816553e-05
2.038491657003760338e-03
5.393471801653504372e-04
1.337809022516012192e-03
1.149945659562945366e-03
9.544342756271362305e-04
7.332714158110320568e-04
2.871383214369416237e-03
-3.260134719312191010e-03
2.542664762586355209e-03
-3.121382556855678558e-03
-7.618929375894367695e-04
2.123096957802772522e-03
3.332002088427543640e-03
-3.997941093984991312e-04
-3.078281646594405174e-03
1.970845740288496017e-03
-6.009943899698555470e-04
-3.270370652899146080e-03
-2.395063173025846481e-03
2.917280653491616249e-03
-1.000375603325664997e-03
1.550444983877241611e-03
1.967100193724036217e-03
3.263524733483791351e-03
2.839708700776100159e-03
-1.159709179773926735e-03
-3.150188596919178963e-03
6.348235183395445347e-04
1.845603226684033871e-03
-2.423278521746397018e-03
-2.047176938503980637e-03
-1.668978366069495678e-03
1.102572656236588955e-03
-3.089539706707000732e-03
-3.608547383919358253e-03
6.606542156077921391e-04
3.721093526110053062e-04
-1.792003284208476543e-03
-2.277441322803497314e-03
-2.363278996199369431e-03
3.401971422135829926e-03
2.351428614929318428e-03
-7.020260673016309738e-04
1.815938740037381649e-03
-2.216445514932274818e-03
1.180498511530458927e-03
1.083888462744653225e-03
8.660201565362513065e-04
1.834526774473488331e-03
3.235647222027182579e-03
2.331579336896538734e-03
-1.652724575251340866e-03
-2.112534712068736553e-04
-1.935845008119940758e-03
1.524355728179216385e-03
2.740927156992256641e-04
3.150487784296274185e-03
-1.859865849837660789e-03
-2.784971438813954592e-04
-1.796768396161496639e-03
3.737574443221092224e-03
3.881287295371294022e-03
3.771485295146703720e-03
-1.707057585008442402e-03
-9.133527637459337711e-04
-2.742040669545531273e-03
-3.487559501081705093e-03
1.884837285615503788e-03
-2.620179438963532448e-03
3.282252233475446701e-03
-1.181027269922196865e-03
-6.570884143002331257e-04
3.423915943130850792e-03
-6.203716620802879333e-04
9.280035737901926041e-04
3.833519294857978821e-03
3.868896048516035080e-03
1.383749535307288170e-03
-2.465857891365885735e-03
-7.172478944994509220e-04
-2.250708173960447311e-03
3.091145073994994164e-03
-2.648881869390606880e-03
-1.541742589324712753e-03
-2.350911963731050491e-03
8.809595019556581974e-04
-8.155081886798143387e-04
7.679772097617387772e-04
1.396121690049767494e-03
-3.866983111947774887e-03
-1.165363006293773651e-03
1.065872842445969582e-03
3.685197327286005020e-03
3.281673183664679527e-03
2.126516308635473251e-03
3.867079271003603935e-03
3.009267617017030716e-03
-7.187781156972050667e-04
-3.124007489532232285e-03
-1.948922756128013134e-03
-1.744619105011224747e-03
1.198274199850857258e-03
-2.921973355114459991e-03
1.856191083788871765e-04
2.599246799945831299e-03
-1.928418932948261499e-04
2.333534648641943932e-03
1.319093280471861362e-03
1.760286831995472312e-04
3.696286352351307869e-03
2.465349156409502029e-03
-2.185118384659290314e-03
-1.890663523226976395e-03
-2.694353228434920311e-03
2.605061745271086693e-03
-1.717524952255189419e-03
-3.358741989359259605e-03
2.825688803568482399e-03
-1.189426402561366558e-03
-1.555992406792938709e-03
9.014998795464634895e-05
-3.590333653846755624e-05
2.859767060726881027e-03
-3.711116500198841095e-03
-1.039209542796015739e-03
2.566945506259799004e-03
1.767270499840378761e-03
-2.096333075314760208e-03
-9.874817915260791779e-04
-2.498505869880318642e-03
-6.434858369175344706e-05
-1.377991517074406147e-03
-1.324507873505353928e-03
2.991550834849476814e-03
9.215517202392220497e-04
2.694793045520782471e-03
-3.888068022206425667e-03
2.437504736008122563e-04
5.370508879423141479e-04
-1.938776695169508457e-03
-9.944891789928078651e-04
-1.080994028598070145e-03
2.578979358077049255e-03
-3.262469312176108360e-03
-9.578055469319224358e-04
-9.413179941475391388e-05
3.105271840468049049e-03
1.296411966904997826e-03
3.488390240818262100e-03
-1.659964793361723423e-03
-1.517501194030046463e-03
1.795698422938585281e-03
4.089738067705184221e-04
1.107151736505329609e-03
-3.607531543821096420e-03
1.819347264245152473e-03
-9.602307691238820553e-04
3.108128672465682030e-03
2.032354008406400681e-03
1.065246760845184326e-03
2.938052173703908920e-03
5.406388081610202789e-04
3.132325829938054085e-03
-2.679530065506696701e-03
-5.763450753875076771e-04
-2.623008564114570618e-03
-3.623672295361757278e-03
1.032594882417470217e-04
-9.020360885187983513e-04
-4.994628834538161755e-04
1.601959578692913055e-03
3.856003517284989357e-03
-1.385790412314236164e-03
3.801840124651789665e-03
2.192027401179075241e-03
-1.810061396099627018e-03
4.410331021063029766e-04
-3.160757478326559067e-04
1.762170286383479834e-04
1.694320468232035637e-03
-2.680090023204684258e-03
-2.863297238945960999e-03
2.388559980317950249e-03
-1.582285622134804726e-04
-1.496003009378910065e-03
-5.581162404268980026e-04
1.862784498371183872e-03
6.876488914713263512e-04
6.414994131773710251e-04
3.145845374092459679e-03
2.520280249882489443e-04
1.409276039339601994e-03
2.356780925765633583e-03
-1.751696108840405941e-03
1.211758353747427464e-04
-3.546980209648609161e-03
-2.013192744925618172e-03
3.893254324793815613e-03
8.837309433147311211e-04
