-1.594311092048883438e-03
-3.164704656228423119e-03
2.677578711882233620e-03
3.349022008478641510e-03
-6.757011869922280312e-04
-1.566081191413104534e-03
-5.693239509128034115e-04
-1.322675147093832493e-03
2.428075822535902262e-04
-4.781016032211482525e-04
-1.089556491933763027e-03
-7.990291342139244080e-04
2.634524833410978317e-03
3.129437565803527832e-03
1.153238117694854736e-03
-3.581768600270152092e-03
3.616535337641835213e-03
8.812971645966172218e-04
-2.170013729482889175e-03
2.087431494146585464e-03
-2.558439271524548531e-03
-2.696786774322390556e-03
-1.654226332902908325e-03
-5.648413207381963730e-05
-3.151800949126482010e-03
-6.313054473139345646e-05
-1.637497334741055965e-03
-3.580721095204353333e-03
2.339388942345976830e-03
-5.865294369868934155e-04
2.243664814159274101e-03
-3.031844506040215492e-03
-3.763437969610095024e-03
2.278999891132116318e-03
-2.720999065786600113e-03
6.341980188153684139e-04
-2.088615437969565392e-03
2.284065587446093559e-03
-2.453872002661228180e-03
3.983385686296969652e-04
3.478695405647158623e-03
1.324731623753905296e-03
-3.012053202837705612e-03
3.884902689605951309e-03
2.045466564595699310e-03
4.860680201090872288e-04
-5.485813017003238201e-04
3.090262878686189651e-03
-2.829210832715034485e-03
-2.061515813693404198e-03
2.703273785300552845e-04
3.646519035100936890e-04
-2.236862666904926300e-03
2.154172630980610847e-03
-1.424076035618782043e-03
-3.542964113876223564e-03
3.344639670103788376e-03
-3.026742720976471901e-03
1.066574943251907825e-03
-1.833706162869930267e-03
2.279815496876835823e-03
-2.498935442417860031e-03
-2.974003320559859276e-03
1.186659676022827625e-03
-1.517432974651455879e-03
3.725738031789660454e-03
5.522197461687028408e-04
-6.745720165781676769e-04
-2.510056132450699806e-03
9.853655938059091568e-04
8.442620746791362762e-04
-2.186988946050405502e-03
3.834149101749062538e-03
-2.642932115122675896e-03
-6.624541711062192917e-04
1.095437793992459774e-03
-3.875162219628691673e-03
2.594608813524246216e-04
-1.943933311849832535e-04
2.332497620955109596e-03
-3.316719550639390945e-03
-3.455935977399349213e-03
-1.532247057184576988e-03
1.676826621405780315e-03
1.557854702696204185e-03
-1.914490479975938797e-03
1.647082157433032990e-03
3.227094653993844986e-03
6.964011117815971375e-04
1.521933823823928833e-03
1.756197307258844376e-03
-2.879965817555785179e-03
-7.096732733771204948e-04
2.255307743325829506e-03
8.178775315172970295e-04
-8.731157286092638969e-04
-1.242382451891899109e-03
1.615025568753480911e-03
-2.233229111880064011e-03
1.752985408529639244e-03
3.128649201244115829e-03
-2.953049261122941971e-03
1.964791212230920792e-03
-3.621395677328109741e-03
3.742811037227511406e-03
2.256370382383465767e-03
-2.066434361040592194e-03
-1.925741904415190220e-03
7.564930710941553116e-04
1.903972355648875237e-03
-2.199012786149978638e-03
2.633857773616909981e-03
-3.338466631248593330e-03
3.527133958414196968e-03
-3.608403960242867470e-03
3.482995321974158287e-03
-4.200883267913013697e-04
1.030711806379258633e-03
1.013982619042508304e-04
3.363733645528554916e-03
-2.608169801533222198e-03
3.176956204697489738e-03
-1.869889907538890839e-03
-6.833017687313258648e-04
3.642739320639520884e-04
-1.085103722289204597e-03
-3.168011084198951721e-03
1.436932827346026897e-03
2.168684732168912888e-03
3.203019034117460251e-03
2.700075274333357811e-04
-4.070334543939679861e-04
2.862066728994250298e-03
-1.112117315642535686e-03
1.007754821330308914e-03
-5.990983918309211731e-04
1.174353179521858692e-03
3.896910930052399635e-03
-1.226243446581065655e-03
3.032954409718513489e-03
-1.814436982385814190e-04
-1.007722457870841026e-03
-1.638917747186496854e-04
2.151421067537739873e-04
-2.126320265233516693e-03
2.523191738873720169e-03
-3.467825241386890411e-03
3.872672328725457191e-03
3.235047683119773865e-03
4.978297511115670204e-04
2.734995912760496140e-03
-7.915741880424320698e-04
2.850106917321681976e-03
8.980937418527901173e-04
3.894969588145613670e-03
-3.510474460199475288e-03
-1.196087338030338287e-03
3.180316183716058731e-03
-2.131751971319317818e-03
-2.435774076730012894e-03
-8.016182109713554382e-04
-2.592265140265226364e-03
-6.925837806193158031e-05
-1.633761712582781911e-04
-2.905173925682902336e-03
-5.864800186827778816e-04
-3.348126308992505074e-03
6.133466958999633789e-04
-4.679245103034190834e-05
7.586694555357098579e-04
-1.341648476227419451e-05
-3.630400635302066803e-03
-3.504999913275241852e-03
-2.707103500142693520e-03
-1.460244995541870594e-03
1.929527847096323967e-03
7.032034918665885925e-04
-2.659941557794809341e-03
-9.450562647543847561e-04
-3.531532827764749527e-03
-3.785463515669107437e-03
-1.269442844204604626e-03
-3.248514840379357338e-04
2.521836198866367340e-03
3.326968988403677940e-03
5.094079533591866493e-04
-3.244128311052918434e-03
-9.058646974153816700e-04
1.183906715596094728e-04
5.383871612139046192e-04
1.605773344635963440e-03
-2.967183478176593781e-03
-1.406908850185573101e-03
3.621085197664797306e-04
4.257517284713685513e-04
3.507695160806179047e-03
1.922400668263435364e-03
-2.946932727354578674e-05
3.660771530121564865e-03
-2.657821401953697205e-03
3.300463082268834114e-03
3.933198458980768919e-04
3.870598273351788521e-03
1.386366551741957664e-03
-3.138681640848517418e-03
3.689194098114967346e-03
3.592238528653979301e-03
3.688307944685220718e-03
1.283821417018771172e-03
-2.862795488908886909e-03
-3.370493650436401367e-04
-1.427691313438117504e-03
3.534224582836031914e-03
3.781456500291824341e-03
-1.645632204599678516e-03
-3.533042035996913910e-03
-3.411592217162251472e-03
-1.195071381516754627e-03
-6.727385916747152805e-04
-2.052361611276865005e-03
1.528827939182519913e-03
-2.661798149347305298e-03
-1.594958244822919369e-03
2.726698527112603188e-03
7.915426976978778839e-04
3.812404582276940346e-03
5.461261607706546783e-04
-1.096998341381549835e-03
-2.229263540357351303e-03
8.492103661410510540e-04
1.057086046785116196e-03
2.844071481376886368e-03
2.914725802838802338e-03
5.780379869975149632e-04
4.364727064967155457e-04
6.843670853413641453e-04
-2.861322136595845222e-03
-3.367581171914935112e-03
-3.529759356752038002e-03
-9.481495362706482410e-04
3.795430064201354980e-03
-4.877147148363292217e-04
1.501579186879098415e-03
3.040157025679945946e-03
-3.119250526651740074e-03
-7.470111540897050872e-06
-4.972218303009867668e-04
-8.864692063070833683e-05
8.997680270113050938e-04
-2.938594203442335129e-03
-3.043394535779953003e-03
1.201279461383819580e-03
2.362723695114254951e-03
-2.538606291636824608e-03
7.752077654004096985e-04
2.009093732340261340e-04
