-2.406125655397772789e-03
-2.014498692005872726e-03
3.423073794692754745e-03
-1.193772768601775169e-03
2.986751962453126907e-03
2.792306011542677879e-03
-1.191295217722654343e-03
-4.930662689730525017e-04
-5.941669223830103874e-04
1.924768323078751564e-03
2.646153094246983528e-03
-5.350855644792318344e-04
-1.757831545546650887e-03
1.951169455423951149e-03
-9.521796018816530704e-04
2.777427434921264648e-03
3.736532060429453850e-03
-3.446516348049044609e-03
-9.489532094448804855e-04
2.116270596161484718e-03
3.041054122149944305e-03
-4.986902349628508091e-04
-2.863644622266292572e-03
-2.186887431889772415e-03
2.165550598874688148e-03
1.974305137991905212e-03
-3.723647212609648705e-03
7.730800280114635825e-05
-4.181971962680108845e-05
2.272186568006873131e-03
-5.192984099267050624e-05
9.973237756639719009e-04
3.462321357801556587e-03
-9.563556523062288761e-04
1.208668691106140614e-04
-2.456586807966232300e-03
-2.244272036477923393e-03
1.803542138077318668e-03
-3.071080194786190987e-03
2.212784020230174065e-03
-1.972172467503696680e-04
1.993127865716814995e-03
1.784721971489489079e-03
-1.885610690806061029e-04
-2.497059525921940804e-03
1.067180302925407887e-03
-3.788836998865008354e-03
3.646053839474916458e-03
-8.172977832145988941e-04
-1.126639079302549362e-03
-3.161888336762785912e-03
-5.991490907035768032e-04
5.412513273768126965e-04
1.858192961663007736e-03
3.775268560275435448e-03
-2.743617864325642586e-03
2.770333318039774895e-03
-1.929176039993762970e-03
-4.197210364509373903e-04
-1.747270463965833187e-03
1.295165042392909527e-03
-3.742000786587595940e-03
-2.956991083920001984e-03
-5.988399425405077636e-05
1.022045267745852470e-03
-2.060777740553021431e-03
-2.660643986018840224e-05
2.178693684982135892e-04
8.951597264967858791e-04
-2.700784010812640190e-03
-2.776620909571647644e-03
-1.412020414136350155e-03
1.297063892707228661e-03
1.591208158060908318e-03
-1.933358609676361084e-03
2.168670995160937309e-03
-2.188099548220634460e-03
5.408727884059771895e-05
1.669563236646354198e-03
-3.880762495100498199e-03
5.956975655863061547e-05
-1.783036161214113235e-03
2.499602036550641060e-03
-1.070021768100559711e-03
6.623151712119579315e-04
-2.586776856333017349e-03
9.999845642596483231e-04
-7.231679046526551247e-04
-1.554947928525507450e-03
1.606160221854224801e-04
1.623665099032223225e-03
-5.030659958720207214e-04
3.787775989621877670e-03
2.641096478328108788e-03
-3.666003467515110970e-03
1.872816705144941807e-03
3.883984405547380447e-03
-3.442938672378659248e-03
3.323202952742576599e-03
-1.694003585726022720e-03
-3.887995611876249313e-03
-4.756550770252943039e-04
1.788067980669438839e-03
-4.707564075943082571e-04
-3.294884460046887398e-03
-1.134835649281740189e-03
-1.043035415932536125e-03
2.854843856766819954e-03
-1.490636379458010197e-03
-1.832958427257835865e-03
3.460080362856388092e-03
5.674448329955339432e-04
-3.519894671626389027e-04
-1.339345006272196770e-03
4.236190870869904757e-04
1.775921788066625595e-03
3.380894195288419724e-03
-3.080424852669239044e-03
-1.893262960948050022e-03
-3.400130430236458778e-03
1.098121167160570621e-03
2.639796119183301926e-03
-3.897756803780794144e-03
3.111967351287603378e-03
-2.008596668019890785e-03
-1.232738955877721310e-03
-2.734361449256539345e-03
-2.251528203487396240e-04
-1.514831092208623886e-03
1.742834458127617836e-03
2.565073082223534584e-03
-3.045952646061778069e-03
7.887769606895744801e-04
1.840951154008507729e-03
-3.338115755468606949e-03
6.596146267838776112e-04
1.916331937536597252e-03
-2.380848396569490433e-03
-2.201158320531249046e-03
4.070671275258064270e-04
3.604215569794178009e-03
1.383207389153540134e-03
-1.459641352994367480e-04
3.604722674936056137e-03
-2.779451198875904083e-03
-1.409643795341253281e-03
3.045265562832355499e-03
-1.441923632228281349e-05
-1.107479911297559738e-03
-9.237412014044821262e-04
3.506943350657820702e-03
-2.155119727831333876e-04
3.196049481630325317e-03
1.554271788336336613e-03
-8.898280793800950050e-04
-2.521184505894780159e-03
-3.652002196758985519e-03
-1.777870114892721176e-03
-1.897032954730093479e-03
-1.077259774319827557e-03
-3.346600336953997612e-03
-1.212178962305188179e-03
1.817843178287148476e-03
9.359567775391042233e-04
-2.876707119867205620e-03
2.307289512827992439e-03
-2.322216052561998367e-03
-5.646705903927795589e-05
-6.296272040344774723e-04
3.595279064029455185e-03
3.779135877266526222e-04
-2.973639639094471931e-03
3.752359654754400253e-03
-2.432991750538349152e-03
3.458939259871840477e-03
1.214026473462581635e-03
2.590794116258621216e-03
-2.188203157857060432e-03
9.988180827349424362e-04
2.824826631695032120e-03
3.029532963410019875e-03
-1.431970624253153801e-03
3.544047707691788673e-03
-2.543550450354814529e-03
1.085267285816371441e-03
1.995988888666033745e-03
-3.380747511982917786e-04
-1.898820511996746063e-03
-3.490057308226823807e-03
5.573244998231530190e-04
2.450064988806843758e-03
-1.877014059573411942e-03
7.579317316412925720e-04
5.417618667706847191e-04
1.597472000867128372e-03
2.310926211066544056e-04
-3.214944154024124146e-03
2.243421273306012154e-03
-3.358261426910758018e-03
-1.598923816345632076e-03
8.698808960616588593e-04
-1.429737167200073600e-04
1.523697981610894203e-03
-1.425592810846865177e-03
1.023075776174664497e-03
-2.581172157078981400e-03
1.574456924572587013e-03
8.464616985293105245e-05
3.614148823544383049e-03
-1.792416907846927643e-03
3.707616124302148819e-03
7.394194835796952248e-04
-2.580224303528666496e-03
-2.860715147107839584e-03
-2.685138257220387459e-03
-2.654166659340262413e-03
-3.722022287547588348e-03
-9.631323628127574921e-04
1.056649605743587017e-03
2.652125549502670765e-04
1.206523040309548378e-03
-3.884861478582024574e-03
2.017750637605786324e-03
-6.909436706337146461e-06
2.212790772318840027e-03
1.477057696320116520e-03
6.747677689418196678e-04
2.009888878092169762e-03
2.049989998340606689e-03
3.542056307196617126e-03
1.697931438684463501e-03
3.914208791684359312e-04
-9.555544820614159107e-04
1.601682306500151753e-04
-1.593062421306967735e-03
1.758187194354832172e-03
-2.049354370683431625e-03
3.471241565421223640e-03
-2.360277576372027397e-03
2.669278066605329514e-03
-7.336196140386164188e-04
-2.939620520919561386e-03
6.581110064871609211e-04
-7.930047577247023582e-04
-8.718055323697626591e-04
-3.444600850343704224e-03
3.882909426465630531e-03
-3.297774121165275574e-03
-1.782633247785270214e-03
1.888702972792088985e-03
-3.552662208676338196e-03
1.825258368626236916e-03
1.055979984812438488e-03
-2.554622245952486992e-03
3.898948896676301956e-03
1.471681986004114151e-03
