-3.701025852933526039e-03
1.922826748341321945e-03
3.393221879377961159e-03
-8.279841276817023754e-04
1.180958701297640800e-03
7.435209117829799652e-04
3.364141331985592842e-03
-3.886322723701596260e-03
-1.724624540656805038e-03
7.484561647288501263e-04
-1.160302315838634968e-03
2.248263685032725334e-03
1.663119299337267876e-03
-8.781955693848431110e-04
1.203876454383134842e-03
-1.258403761312365532e-03
3.089791629463434219e-03
-2.800874877721071243e-03
-1.298412913456559181e-03
2.678067190572619438e-03
9.567332017468288541e-05
2.906823996454477310e-03
-9.251757874153554440e-04
-5.182065069675445557e-04
2.502163697499781847e-04
-1.896300935186445713e-03
-3.266627390985377133e-05
2.134732669219374657e-03
-1.724768546409904957e-03
-1.092226826585829258e-03
1.474065706133842468e-03
5.651011597365140915e-04
2.022356260567903519e-03
3.636828856542706490e-03
-3.652389859780669212e-03
-3.230269532650709152e-03
2.632817020639777184e-03
3.057684982195496559e-03
1.264850841835141182e-03
-2.712308662012219429e-03
-3.637057263404130936e-03
6.711774040013551712e-04
2.411908237263560295e-03
6.990518304519355297e-04
2.052005147561430931e-03
-2.170415828004479408e-04
1.684509217739105225e-03
2.835232531651854515e-03
2.154780318960547447e-03
-1.666977652348577976e-03
3.861362580209970474e-03
-3.345290024299174547e-04
-6.959317252039909363e-04
9.390010964125394821e-04
-2.850094344466924667e-03
-2.122038044035434723e-03
-9.846927132457494736e-04
-3.758239792659878731e-03
3.617137554101645947e-04
-1.870370935648679733e-03
-1.346461940556764603e-03
-1.675236970186233521e-03
-3.066979814320802689e-03
1.943009323440492153e-03
4.160892276559025049e-04
-6.456340779550373554e-04
-1.353390631265938282e-03
1.817360403947532177e-03
1.067099743522703648e-03
-3.602326381951570511e-03
2.709376625716686249e-03
-2.263807924464344978e-03
1.554813235998153687e-03
-2.291345037519931793e-03
2.852845471352338791e-03
-1.617683563381433487e-03
2.288802061229944229e-03
-3.842094447463750839e-03
-2.145146252587437630e-03
2.606276888400316238e-03
-2.595086349174380302e-03
2.090715679514687508e-05
3.422019537538290024e-03
-1.989193027839064598e-03
1.171422423794865608e-03
1.163151464425027370e-03
7.663186406716704369e-04
-3.483087930362671614e-04
3.291023604106158018e-04
3.280880395323038101e-03
-4.692665825132280588e-04
5.552137736231088638e-04
3.598835784941911697e-03
2.758910413831472397e-03
2.180017298087477684e-03
-3.218871308490633965e-03
-2.735303249210119247e-03
4.881256900262087584e-04
4.725632607005536556e-04
-3.008416388183832169e-03
2.338102553039789200e-03
-3.328032791614532471e-03
1.521481899544596672e-04
-3.138208121526986361e-04
-1.962530892342329025e-03
-2.192323561757802963e-03
-2.340233884751796722e-03
1.365826698020100594e-03
-2.436560578644275665e-03
-1.534106675535440445e-03
2.923792926594614983e-03
1.116795101552270353e-04
9.157315944321453571e-04
2.908050781115889549e-03
2.245158189907670021e-03
2.336235251277685165e-03
3.198946360498666763e-03
2.291078446432948112e-03
-1.596953603439033031e-03
-7.117927307263016701e-04
-3.715436439961194992e-03
2.313654869794845581e-03
-3.486661007627844810e-03
-8.710821275599300861e-04
-7.797324215061962605e-04
2.975601237267255783e-04
1.968341879546642303e-03
-2.280727960169315338e-03
1.118588144890964031e-03
-5.004296544939279556e-04
2.364124637097120285e-03
-3.711534664034843445e-03
3.542110789567232132e-03
-3.728483337908983231e-03
-2.476272638887166977e-03
2.623887965455651283e-03
1.163004199042916298e-03
2.211360493674874306e-03
-3.465662477537989616e-03
-3.383020870387554169e-03
6.098679150454699993e-04
2.768574282526969910e-03
-8.617214043624699116e-04
7.755974656902253628e-04
1.722224114928394556e-04
-6.352461641654372215e-04
2.106011612340807915e-03
-2.079445868730545044e-03
2.174308989197015762e-03
2.029374707490205765e-03
-8.649976807646453381e-04
2.696638461202383041e-03
2.714486327022314072e-03
-1.807974069379270077e-03
-1.934434985741972923e-03
1.254188828170299530e-03
-1.114051672630012035e-03
-9.059174335561692715e-04
5.535639356821775436e-04
-9.225867106579244137e-04
1.039132475852966309e-03
-5.593411624431610107e-04
-2.701518125832080841e-03
-1.517964294180274010e-03
-2.909364178776741028e-03
1.081086811609566212e-03
-1.970360521227121353e-03
8.376752957701683044e-04
1.490905880928039551e-03
3.756842343136668205e-03
3.058243077248334885e-03
-2.742663258686661720e-03
1.041980809532105923e-03
-3.189221723005175591e-03
-3.874550806358456612e-03
-3.072822291869670153e-04
-2.957847900688648224e-03
3.690699231810867786e-04
-1.945925061590969563e-03
1.991080120205879211e-03
1.219158511958085001e-04
-1.747227157466113567e-03
-6.955680873943492770e-05
2.425732556730508804e-03
3.461495041847229004e-03
4.290151409804821014e-04
2.771623665466904640e-03
-2.641438972204923630e-03
3.043394768610596657e-03
3.350604558363556862e-03
-3.696789266541600227e-03
-1.275809598155319691e-03
-8.334562880918383598e-05
1.740598934702575207e-03
1.401491928845643997e-03
-1.693047815933823586e-04
5.200576852075755596e-04
-1.463188324123620987e-03
-2.792153507471084595e-03
-8.625003974884748459e-04
1.619197311811149120e-03
1.420207903720438480e-03
-3.422012086957693100e-03
1.121112843975424767e-03
-6.971195107325911522e-04
-1.591767882928252220e-03
3.136213868856430054e-03
2.985711442306637764e-03
-1.955242129042744637e-03
3.034094348549842834e-03
1.594410510733723640e-03
4.639859544113278389e-04
2.823735121637582779e-03
-2.020403277128934860e-03
-6.450563669204711914e-04
2.037815982475876808e-03
3.487721551209688187e-03
2.517233369871973991e-03
-2.500594127923250198e-03
2.247994998469948769e-03
1.453334232792258263e-03
3.607161808758974075e-03
2.652616472914814949e-03
6.598175386898219585e-04
2.961879072245210409e-04
2.644009189680218697e-03
-2.590002957731485367e-03
2.516167936846613884e-03
-1.543583814054727554e-03
-2.669009554665535688e-04
2.088494366034865379e-03
-7.653881912119686604e-04
2.895557554438710213e-03
-1.740388834150508046e-04
1.801590697141364217e-04
-7.306569605134427547e-04
3.417911008000373840e-03
3.069147700443863869e-03
9.817291283980011940e-04
1.935339765623211861e-03
5.771312862634658813e-04
-1.821891783038154244e-04
2.072276314720511436e-03
1.947887241840362549e-03
2.153675071895122528e-03
2.786084311082959175e-03
-3.604639321565628052e-03
-7.955157198011875153e-04
-8.499907562509179115e-04
-2.130064181983470917e-03
-1.750477938912808895e-03
3.510165261104702950e-03
3.192461561411619186e-03
-5.165011389181017876e-04
-4.300487344153225422e-04
1.575962523929774761e-03
