9.604155202396214008e-04
-3.222683677449822426e-03
1.913777552545070648e-03
3.061338793486356735e-03
1.878553011920303106e-04
1.047221128828823566e-03
-4.753747198265045881e-04
2.848795615136623383e-03
-1.857431721873581409e-03
-3.317766459076665342e-05
1.269601401872932911e-03
-2.542417729273438454e-03
2.874699886888265610e-03
2.912151394411921501e-03
1.561800017952919006e-04
-3.719307016581296921e-03
-1.711561810225248337e-03
-1.259448355995118618e-03
-3.038286231458187103e-03
-1.176196732558310032e-03
1.722229761071503162e-03
1.314794208155944943e-04
-5.165224429219961166e-04
-9.856977703748270869e-05
1.161488355137407780e-03
-1.924514304846525192e-03
2.543262438848614693e-03
3.886465492541901767e-05
3.763677319511771202e-03
3.258255776017904282e-03
2.790482947602868080e-03
-4.516059416346251965e-04
3.467656672000885010e-03
1.810057903639972210e-03
-3.071412909775972366e-03
2.052433788776397705e-03
3.265876322984695435e-03
-9.204120142385363579e-04
-7.858911412768065929e-04
3.269732464104890823e-03
1.528470660559833050e-03
-2.075678668916225433e-03
-2.956385724246501923e-03
-2.517281332984566689e-03
1.828053733333945274e-03
-2.955646952614188194e-03
3.622702322900295258e-03
-3.170451847836375237e-03
3.643430303782224655e-03
3.378489287570118904e-03
2.288563409820199013e-03
2.415179973468184471e-03
-9.351836051791906357e-04
8.512265630997717381e-04
-3.896338166669011116e-04
-4.696709511335939169e-04
1.443858724087476730e-03
4.761827585753053427e-04
2.915951190516352654e-03
1.180749153718352318e-03
-3.157581202685832977e-03
-1.047962810844182968e-03
-9.661706280894577503e-04
-1.453386968933045864e-03
-2.146749058738350868e-03
3.594087902456521988e-03
2.766120946034789085e-03
2.561192493885755539e-03
-2.099359640851616859e-03
1.424674992449581623e-03
-1.959174405783414841e-03
-2.046973444521427155e-03
-3.331457264721393585e-03
1.805429928936064243e-04
-6.163861253298819065e-04
1.982396002858877182e-03
-1.064863055944442749e-03
8.265505894087255001e-04
2.725192578509449959e-03
9.514894918538630009e-04
6.972319097258150578e-04
-2.811082405969500542e-03
2.918472746387124062e-03
3.685390809550881386e-03
-1.029102830216288567e-03
2.531025325879454613e-03
-1.206385553814470768e-03
2.355897799134254456e-03
1.735349767841398716e-03
3.244645195081830025e-03
-3.335077781230211258e-03
3.140869783237576485e-03
2.717826282605528831e-03
2.426798455417156219e-03
-3.737492254003882408e-03
5.852958420291543007e-04
1.068927464075386524e-03
-8.401069208048284054e-04
3.091481281444430351e-03
-2.382503822445869446e-03
1.877353060990571976e-03
-1.926403609104454517e-03
1.834947383031249046e-03
-2.678355434909462929e-03
1.651215716265141964e-03
-2.110891742631793022e-03
-2.668633125722408295e-03
-8.664311026223003864e-04
-1.917141053127124906e-04
-1.903193886391818523e-03
-2.301573054865002632e-03
-1.131141092628240585e-03
7.067065453156828880e-04
-3.006612183526158333e-03
-1.143391709774732590e-03
-2.259616972878575325e-03
-6.607504328712821007e-04
3.463689237833023071e-03
2.686672378331422806e-04
-1.685793162323534489e-03
3.041405929252505302e-03
-2.667853375896811485e-03
-1.289709907723590732e-04
7.309142965823411942e-04
3.481885883957147598e-03
8.530110790161415935e-05
-1.369525562040507793e-03
3.252701601013541222e-03
1.568725449033081532e-03
-2.662682905793190002e-03
1.061318907886743546e-03
-3.397281048819422722e-03
3.407582407817244530e-03
-6.369635229930281639e-06
-2.970443107187747955e-03
-3.219492966309189796e-03
-3.507158719003200531e-03
-2.737669507041573524e-03
2.553310478106141090e-03
3.858368436340242624e-04
1.466809539124369621e-03
1.417338964529335499e-03
-1.230277703143656254e-03
4.443666839506477118e-04
3.829700639471411705e-03
1.629582257010042667e-03
-2.299854066222906113e-03
1.397431478835642338e-03
1.048118574544787407e-03
-4.890547716058790684e-04
-2.826530020684003830e-03
7.016347371973097324e-04
4.256418033037334681e-04
1.376998261548578739e-03
-2.123196143656969070e-03
1.696214458206668496e-04
2.396294381469488144e-03
1.327943406067788601e-03
-3.051135921850800514e-03
4.030122072435915470e-04
-3.539390163496136665e-03
-7.625473081134259701e-04
-2.627637237310409546e-03
-3.090722719207406044e-03
-1.873507979325950146e-03
-3.660160116851329803e-03
2.515427768230438232e-03
1.818287069909274578e-03
-1.118466374464333057e-03
-1.050391583703458309e-04
8.825018303468823433e-04
-3.634629305452108383e-03
2.820886671543121338e-03
-2.213927451521158218e-03
-1.900788513012230396e-03
3.546077990904450417e-03
2.795954467728734016e-03
3.367088502272963524e-04
-1.916892128065228462e-03
-2.962513593956828117e-03
-1.981753855943679810e-03
-2.791957929730415344e-03
1.996630569919943810e-03
2.455368172377347946e-03
-3.215890610590577126e-03
5.020874086767435074e-04
-9.968554368242621422e-04
1.934526721015572548e-03
-2.533637220039963722e-03
2.352357376366853714e-03
-3.445986891165375710e-03
3.382742172107100487e-03
-3.559648059308528900e-03
3.038919530808925629e-03
3.562796919140964746e-04
2.200165065005421638e-03
-2.482191193848848343e-03
-9.108200320042669773e-04
-1.478114863857626915e-03
-1.431984943337738514e-03
2.541545836720615625e-04
1.871821819804608822e-03
5.877256626263260841e-04
-2.028890739893540740e-04
-5.803964450024068356e-04
3.848882392048835754e-03
-8.896202780306339264e-04
-3.106648800894618034e-03
-1.860974356532096863e-03
1.787179149687290192e-03
1.763447071425616741e-03
1.217830809764564037e-03
-2.591249067336320877e-03
2.375750569626688957e-03
1.582458353368565440e-04
3.181204898282885551e-03
2.772196661680936813e-03
3.866015234962105751e-03
2.692437730729579926e-03
-3.650560742244124413e-03
3.155150217935442924e-03
-1.043966505676507950e-03
-2.192989049945026636e-04
1.622115611098706722e-03
8.602092857472598553e-04
1.230757916346192360e-03
-1.411703182384371758e-03
-1.764901680871844292e-04
1.240507932379841805e-03
1.267076819203794003e-03
-1.706311712041497231e-03
3.323586424812674522e-03
3.464317647740244865e-03
1.736351288855075836e-03
-3.171392949298024178e-03
3.336791123729199171e-04
-1.849516876973211765e-03
-3.479044884443283081e-03
3.201340558007359505e-03
-3.204320557415485382e-03
-1.054531545378267765e-03
-3.354440908879041672e-03
3.294878406450152397e-03
5.747579416492953897e-05
2.013086486840620637e-05
2.090491121634840965e-03
-1.454024575650691986e-03
6.739866221323609352e-04
1.209384063258767128e-03
2.496370812878012657e-03
1.329589576926082373e-04
2.381694503128528595e-03
-1.133929239585995674e-03
3.614587709307670593e-03
1.012066379189491272e-03
-1.996308332309126854e-03
