2.856229897588491440e-03
-2.065749373286962509e-03
-5.894567584618926048e-04
-1.801598700694739819e-03
-3.149283817037940025e-03
-2.480624942108988762e-03
-1.680388348177075386e-03
-1.637749257497489452e-03
-1.640452537685632706e-03
-3.447578521445393562e-03
2.508659148588776588e-03
2.577809384092688560e-03
6.144275539554655552e-04
-2.201548079028725624e-03
2.001241547986865044e-03
3.851942019537091255e-04
-1.202446990646421909e-03
4.521530354395508766e-04
2.588655566796660423e-03
-2.932918258011341095e-03
-7.467819959856569767e-04
-5.340895149856805801e-04
2.697281539440155029e-03
3.050692612305283546e-03
6.330970209091901779e-04
2.699064789339900017e-03
-5.162970046512782574e-04
-7.734763785265386105e-04
2.077121986076235771e-03
2.435025293380022049e-03
2.051242627203464508e-03
2.857252955436706543e-03
-3.567069303244352341e-03
2.462334698066115379e-03
3.159497398883104324e-03
2.987164072692394257e-03
2.133141504600644112e-03
3.417165484279394150e-03
-1.183921354822814465e-03
-1.043208641931414604e-03
2.664733212441205978e-03
-6.802647258155047894e-04
-2.555491402745246887e-03
-3.873978508636355400e-03
3.396339714527130127e-03
8.270976104540750384e-05
1.707976101897656918e-03
7.727908669039607048e-04
3.546451916918158531e-03
3.852744353935122490e-03
-2.158074174076318741e-03
-3.753184864763170481e-05
1.538112177513539791e-03
-3.641334129497408867e-03
7.446515955962240696e-04
-2.864743117243051529e-03
-2.421548822894692421e-03
4.698413977166637778e-05
3.446292830631136894e-03
-6.309017771854996681e-04
3.268829546868801117e-03
-3.716675273608416319e-04
-3.754149656742811203e-04
-4.605081267072819173e-05
2.495935885235667229e-03
1.060378272086381912e-03
3.995350270997732878e-04
-2.701481105759739876e-03
2.745053265243768692e-03
3.361706621944904327e-03
-2.308795694261789322e-03
-3.830780042335391045e-03
-1.465460751205682755e-03
3.202545922249555588e-03
2.981322119012475014e-03
-1.608772086910903454e-03
3.492885967716574669e-03
-1.211748240166343749e-04
-3.799818689003586769e-03
-2.031620824709534645e-03
-8.758683688938617706e-04
9.951677639037370682e-04
-2.568216994404792786e-03
3.869150299578905106e-03
-6.904501933604478836e-04
3.089576726779341698e-03
-3.861808683723211288e-03
3.656402928754687309e-03
-6.033781100995838642e-04
-2.560789929702877998e-03
3.047830425202846527e-03
-1.735991245368495584e-04
-8.370340219698846340e-04
-3.709594311658293009e-04
1.637471490539610386e-03
-1.962744398042559624e-03
-1.931695733219385147e-03
-3.518523648381233215e-03
-1.225854852236807346e-03
2.407342428341507912e-03
3.656923538073897362e-03
3.340066643431782722e-03
1.452302793040871620e-03
-1.558173389639705420e-04
1.082275557564571500e-04
2.008169423788785934e-03
7.692497456446290016e-04
-9.234740282408893108e-04
1.230915426276624203e-03
-1.977694453671574593e-03
2.024644752964377403e-03
-4.768522630911320448e-04
-1.687911222688853741e-03
2.550768200308084488e-03
-1.935710082761943340e-03
-3.818759694695472717e-03
-1.619347312953323126e-04
-1.447335816919803619e-03
1.491466886363923550e-03
-9.366861777380108833e-04
-1.222448074258863926e-03
-1.483733067288994789e-03
5.648469086736440659e-04
2.122740843333303928e-04
3.001304110512137413e-03
3.003619145601987839e-03
-2.248240401968359947e-03
-1.890724292024970055e-03
1.348424470052123070e-03
-1.273753587156534195e-03
3.763345885090529919e-04
3.617429407313466072e-03
2.322119893506169319e-03
1.518027624115347862e-03
1.293498062295839190e-04
-2.528484677895903587e-03
2.409884706139564514e-03
1.201970851980149746e-03
6.565929506905376911e-04
-1.177731086499989033e-03
-3.714469261467456818e-03
3.603417659178376198e-03
-1.819771714508533478e-03
2.161386888474225998e-03
2.153716282919049263e-03
1.987849595025181770e-03
-2.461223863065242767e-03
2.525355957914143801e-04
2.026899950578808784e-03
-3.872959641739726067e-03
-2.683931495994329453e-03
1.983954716706648469e-04
-2.584114903584122658e-03
2.415618160739541054e-03
3.596547758206725121e-03
3.540723584592342377e-03
2.424207195872440934e-05
1.152714539784938097e-04
1.202225219458341599e-03
1.295705791562795639e-03
1.740560284815728664e-03
-1.353224623017013073e-03
3.458580933511257172e-03
3.092633793130517006e-03
2.349628834053874016e-03
-3.823195118457078934e-03
1.956448890268802643e-03
2.133954549208283424e-04
-3.125573741272091866e-03
3.304014448076486588e-03
-2.145332517102360725e-03
3.864725120365619659e-03
2.239863853901624680e-03
-1.479436527006328106e-03
-7.763777102809399366e-05
3.016474191099405289e-03
3.568964544683694839e-03
1.236366806551814079e-03
3.590194741263985634e-03
3.113815095275640488e-03
1.816558069549500942e-03
2.479018876329064369e-04
-3.685424104332923889e-03
-3.915322304237633944e-05
-2.733557019382715225e-03
1.547054620459675789e-03
1.700301771052181721e-03
1.716098049655556679e-03
6.532552652060985565e-05
2.273969352245330811e-03
7.664551958441734314e-04
-2.716106362640857697e-03
2.398088341578841209e-03
2.002183580771088600e-03
-8.666033390909433365e-04
-3.666034608613699675e-04
-3.881027223542332649e-03
3.598031180445104837e-04
-3.018003189936280251e-03
1.857994589954614639e-03
2.873599296435713768e-03
-3.722977126017212868e-03
5.226708017289638519e-04
-2.773214364424347878e-03
-8.969237678684294224e-04
1.994126476347446442e-03
-7.277624681591987610e-04
-3.293237241450697184e-04
-2.898865146562457085e-03
-4.898761981166899204e-04
2.161158947274088860e-03
-3.336795605719089508e-03
-1.339302863925695419e-03
-3.043253207579255104e-03
-1.822543796151876450e-03
-9.925324702635407448e-04
-3.454191144555807114e-03
-3.210975322872400284e-03
1.607203157618641853e-03
-3.835132811218500137e-03
-3.388312878087162971e-03
-1.611641491763293743e-04
-1.899094088003039360e-03
3.387290751561522484e-03
8.638835279271006584e-04
2.358648926019668579e-04
-3.273328999057412148e-03
-1.466004643589258194e-03
-1.885408768430352211e-03
-3.060735762119293213e-03
5.173522513359785080e-04
2.941454062238335609e-03
-2.000653184950351715e-03
-2.807970857247710228e-03
1.422323839506134391e-04
-1.433085533790290356e-03
-2.287824172526597977e-03
3.152268473058938980e-03
-1.126945018768310547e-03
-8.164424216374754906e-04
-6.676853518001735210e-04
3.171428572386503220e-03
3.847225802019238472e-03
3.867480903863906860e-03
9.149251272901892662e-04
6.163835059851408005e-04
-1.410436583682894707e-03
-9.998107561841607094e-04
1.316091744229197502e-03
-7.937587797641754150e-04
1.880021882243454456e-04
-2.875368343666195869e-03
2.551835495978593826e-03
-1.214981777593493462e-03
1.683922950178384781e-03
9.579467587172985077e-04
