2.646923763677477837e-03
-2.652750583365559578e-03
-1.444832887500524521e-03
-2.541546127758920193e-04
2.976113464683294296e-03
2.812403487041592598e-03
-3.674547653645277023e-03
2.776282606646418571e-03
7.739879656583070755e-04
-3.628431819379329681e-03
2.044391352683305740e-03
-5.279514589346945286e-04
-1.878003240562975407e-04
-3.406624309718608856e-03
-2.120726974681019783e-03
2.468038117513060570e-03
-8.962909487308934331e-05
1.021356001729145646e-04
-3.177228849381208420e-03
-1.432094373740255833e-03
3.816992277279496193e-03
-2.753097214736044407e-04
2.455978887155652046e-03
2.050737850368022919e-03
2.604693290777504444e-04
2.206037985160946846e-03
-1.781790750101208687e-03
1.136090722866356373e-03
-2.873393008485436440e-03
2.554850187152624130e-03
3.316339571028947830e-03
2.406718675047159195e-03
1.118520085583440959e-04
-2.440438838675618172e-03
2.631411654874682426e-03
-2.099617384374141693e-03
3.735217265784740448e-03
1.052277628332376480e-03
-2.506479388102889061e-03
3.224523970857262611e-03
-6.238623172976076603e-04
2.250383840873837471e-03
6.312474724836647511e-04
-1.594602363184094429e-03
2.026662928983569145e-03
-3.101059410255402327e-04
2.660782774910330772e-03
3.613574954215437174e-04
-6.019589491188526154e-04
-2.527680248022079468e-03
-2.261861460283398628e-03
3.095381194725632668e-03
3.189191920682787895e-04
3.356375964358448982e-03
-9.999945759773254395e-04
2.968957182019948959e-03
-2.250200603157281876e-03
-1.267210172954946756e-04
-3.038786351680755615e-03
-2.804662799462676048e-03
3.484384156763553619e-03
-6.217125919647514820e-04
6.676285993307828903e-04
3.696808125823736191e-03
7.510387222282588482e-04
2.456248621456325054e-04
3.671850077807903290e-03
3.110860998276621103e-04
1.577747170813381672e-03
2.446761121973395348e-03
2.908813999965786934e-03
2.787927514873445034e-04
7.573151960968971252e-04
5.984586096019484103e-05
1.785574364475905895e-03
-1.562129007652401924e-03
7.029030821286141872e-04
2.087879460304975510e-03
1.923870528116822243e-03
7.747475756332278252e-04
2.991343848407268524e-03
3.878427436575293541e-03
1.781110186129808426e-03
2.231786958873271942e-03
-4.012732824776321650e-04
4.273357917554676533e-04
-1.371536403894424438e-03
-2.438483061268925667e-03
1.667328178882598877e-03
-3.451772034168243408e-03
1.474433112889528275e-03
3.553438931703567505e-03
3.565054386854171753e-03
2.683934755623340607e-03
-1.812806352972984314e-03
1.758817088557407260e-04
-2.447213279083371162e-03
2.246140793431550264e-04
-2.240424510091543198e-03
1.390436547808349133e-03
2.806419273838400841e-03
-3.156354185193777084e-03
-4.418229800648987293e-04
1.472845673561096191e-03
-6.072878604754805565e-04
2.342748222872614861e-03
3.561568912118673325e-03
-3.325483994558453560e-04
3.849456552416086197e-03
-3.689126111567020416e-03
-5.868553998880088329e-04
-2.380443038418889046e-03
-8.037373772822320461e-04
-5.988501361571252346e-04
-6.953970878385007381e-04
1.276522409170866013e-03
1.444550231099128723e-03
3.689520526677370071e-03
-2.314349403604865074e-03
2.631789073348045349e-03
-3.105185693129897118e-03
-1.771586481481790543e-03
2.013247227296233177e-03
-2.597255166620016098e-03
-3.145480761304497719e-03
-3.761319909244775772e-03
2.221752190962433815e-03
-2.572117606177926064e-03
-1.886128447949886322e-03
2.807350363582372665e-03
2.652891678735613823e-03
1.973195001482963562e-03
-3.798877005465328693e-04
-1.704846974462270737e-03
3.123602597042918205e-03
3.255523974075913429e-03
-6.949646049179136753e-04
1.635105232708156109e-03
-3.055327339097857475e-03
3.857753239572048187e-03
-1.647587399929761887e-03
4.762800817843526602e-04
-2.053885022178292274e-03
7.861853810027241707e-04
3.704721806570887566e-03
3.073454601690173149e-03
-1.703463029116392136e-03
-1.806209329515695572e-03
-2.643732354044914246e-03
-2.218771725893020630e-03
2.752326894551515579e-03
-1.349442172795534134e-03
-1.091158832423388958e-03
2.691113855689764023e-03
2.055281365755945444e-04
6.312034674920141697e-04
-2.984610851854085922e-03
2.610930707305669785e-03
3.180684056133031845e-03
3.184099216014146805e-03
3.709376323968172073e-03
9.716193890199065208e-04
-5.562456135521642864e-05
1.844714162871241570e-03
3.203315660357475281e-03
-2.977738622575998306e-03
1.110236975364387035e-03
1.230125082656741142e-03
1.434085308574140072e-03
-2.187918871641159058e-03
-1.101578935049474239e-03
6.009889766573905945e-04
-5.561399157159030437e-04
2.246300457045435905e-03
-2.353668678551912308e-03
2.274597529321908951e-03
-2.087938599288463593e-03
-3.623115131631493568e-03
-3.360826754942536354e-03
-1.529864151962101460e-03
-1.737336977384984493e-03
-3.497682046145200729e-03
3.214037744328379631e-03
-3.910775994881987572e-04
2.143989695468917489e-04
9.415500098839402199e-04
-2.488538157194852829e-03
3.039862262085080147e-03
1.387845608405768871e-03
-3.350442275404930115e-03
7.532294257543981075e-04
5.439457600004971027e-04
3.146767150610685349e-03
-1.679192413575947285e-03
2.151995198801159859e-03
-2.821863628923892975e-03
-3.047351958230137825e-03
2.996029099449515343e-03
2.983701182529330254e-03
2.499189693480730057e-03
-3.606129204854369164e-03
-1.766497269272804260e-03
2.908174414187669754e-03
-2.943004714325070381e-03
-9.362710989080369473e-04
1.863461337052285671e-03
1.458713668398559093e-03
-2.788620768114924431e-03
2.802876057103276253e-03
2.955494448542594910e-03
1.631363644264638424e-03
-1.570196705870330334e-03
-8.598023559898138046e-04
2.641103928908705711e-03
-2.429101150482892990e-03
2.701070858165621758e-03
-1.244120532646775246e-03
-2.428507898002862930e-03
-2.017802791669964790e-03
3.767831949517130852e-04
-3.661087946966290474e-03
-1.862534671090543270e-03
-3.473057877272367477e-03
-1.566479913890361786e-03
-1.390290795825421810e-03
-8.610446820966899395e-04
4.703828599303960800e-04
-3.862381447106599808e-03
-2.246527234092354774e-03
1.615046174265444279e-03
-3.200609469786286354e-03
1.827083760872483253e-03
5.725051742047071457e-04
-1.882617711089551449e-03
-1.398444641381502151e-03
2.606258960440754890e-03
3.594291629269719124e-04
1.796641736291348934e-03
-1.303081051446497440e-03
3.148470539599657059e-03
2.203836105763912201e-03
6.078726073610596359e-05
-2.153401263058185577e-03
1.855671638622879982e-03
1.776068471372127533e-03
-9.383255965076386929e-04
2.502631861716508865e-03
3.433295292779803276e-03
-1.182045438326895237e-03
1.677359105087816715e-03
-4.989781300537288189e-04
-1.235511736012995243e-04
1.202280633151531219e-03
-1.105845323763787746e-03
3.878626972436904907e-03
7.624248391948640347e-04
