-4.781484894920140505e-04
2.262755529955029488e-03
-3.301588585600256920e-03
5.843733742949552834e-05
-2.619773149490356445e-03
-1.671872567385435104e-03
3.743346547707915306e-03
3.666552249342203140e-03
7.327130879275500774e-04
-1.334044034592807293e-03
8.016697247512638569e-04
-1.903871889226138592e-03
1.476177596487104893e-03
3.724256297573447227e-03
3.759134560823440552e-03
1.397756277583539486e-04
-2.588608535006642342e-03
-3.838206408545374870e-03
-3.745976369827985764e-03
-3.165994072332978249e-03
-3.283081110566854477e-03
-3.461322339717298746e-04
-6.632811273448169231e-04
1.452273339964449406e-03
1.898952526971697807e-03
2.821891102939844131e-04
2.964291255921125412e-03
-2.617708640173077583e-03
4.407745436765253544e-04
6.334197823889553547e-04
-3.002613317221403122e-03
-2.637681551277637482e-03
2.852251520380377769e-03
3.262696322053670883e-03
-8.447904838249087334e-04
-4.041912688990123570e-05
-1.494879601523280144e-03
3.032244974747300148e-03
2.603470056783407927e-04
3.140681656077504158e-03
1.388040604069828987e-03
9.234849712811410427e-04
1.760943094268441200e-03
-6.013681995682418346e-04
-8.485098369419574738e-04
-1.974880462512373924e-03
1.928327954374253750e-03
-1.489097950980067253e-03
-2.589109353721141815e-03
1.711118267849087715e-03
-2.321054307685699314e-05
5.635920097120106220e-04
3.207332454621791840e-03
-3.448516828939318657e-03
1.391379628330469131e-03
-2.525420626625418663e-03
-3.908970858901739120e-03
3.460885491222143173e-03
-3.402612870559096336e-03
2.413239562883973122e-03
-1.638881862163543701e-03
2.676177769899368286e-03
3.201153595000505447e-03
-2.562925918027758598e-03
3.292835317552089691e-03
-2.321959007531404495e-03
-1.140459324233233929e-03
-1.430854317732155323e-03
6.963782361708581448e-04
1.908600330352783203e-03
1.606735866516828537e-03
1.230277819558978081e-03
-3.127217758446931839e-03
-1.859038369730114937e-03
2.103907056152820587e-03
2.802915638312697411e-03
3.267993452027440071e-03
-6.228671409189701080e-04
1.180665683932602406e-03
3.695387626066803932e-03
-2.505857730284333229e-03
-2.325287088751792908e-03
-2.922313287854194641e-03
1.170087372884154320e-03
-3.684139577671885490e-03
-9.916091803461313248e-04
1.727758499328047037e-04
2.130287932232022285e-03
-2.362522529438138008e-03
1.104910857975482941e-03
3.901498392224311829e-03
-1.907494734041392803e-03
3.555686562322080135e-04
2.157087903469800949e-03
-2.643903950229287148e-03
9.103024494834244251e-04
-2.926006447523832321e-03
-1.088717835955321789e-04
7.673471372982021421e-06
-3.654587548226118088e-03
4.343025211710482836e-04
-3.023975528776645660e-03
-2.316066384082660079e-04
3.499391488730907440e-03
-2.229101810371503234e-04
1.241571037098765373e-03
1.491578877903521061e-03
-2.512026345357298851e-03
8.446387946605682373e-04
-1.393674872815608978e-03
2.453188644722104073e-04
-2.629244932904839516e-03
2.057712525129318237e-03
-1.872106804512441158e-03
2.845291979610919952e-03
9.214163874275982380e-04
3.000475699082016945e-04
2.829548066074494272e-05
-3.312074579298496246e-03
3.232888877391815186e-03
2.214657608419656754e-03
-2.911020303145051003e-03
3.413856029510498047e-03
1.977819018065929413e-03
6.674965261481702328e-04
1.387361204251646996e-03
3.478757338598370552e-03
3.857133211567997932e-03
1.719845458865165710e-03
-4.793311818502843380e-04
3.846842097118496895e-03
1.496820186730474234e-04
2.344309352338314056e-03
-1.247870502993464470e-03
1.250731642358005047e-03
2.053207950666546822e-03
4.253049846738576889e-04
3.838322358205914497e-03
3.827964654192328453e-03
1.329447608441114426e-03
-1.658972119912505150e-03
-3.434314858168363571e-03
3.719806205481290817e-03
2.141686389222741127e-03
2.169025596231222153e-03
3.604839090257883072e-03
2.577047329396009445e-03
-5.376034532673656940e-04
3.417488653212785721e-03
-2.689936198294162750e-03
2.723683603107929230e-03
2.488406375050544739e-03
8.204907062463462353e-04
2.601559041067957878e-03
-1.160620449809357524e-04
3.545110346749424934e-03
8.301249908981844783e-05
1.834924914874136448e-04
1.198121812194585800e-03
-1.196300028823316097e-03
1.433942117728292942e-03
2.432128880172967911e-03
-2.759742550551891327e-03
1.300863106735050678e-03
-5.593290552496910095e-04
-9.760925313457846642e-04
1.123808906413614750e-03
-1.757838414050638676e-03
-7.564962725155055523e-04
-2.000354230403900146e-03
1.499183243140578270e-03
-2.328942762687802315e-03
2.151002408936619759e-03
-3.808414796367287636e-03
-1.084446790628135204e-03
-1.566703431308269501e-03
6.737996591255068779e-05
-2.891555428504943848e-03
3.563537029549479485e-03
2.253460464999079704e-03
5.475180805660784245e-04
-8.623081375844776630e-04
-8.974711527116596699e-04
-1.191537710838019848e-03
-1.686446135863661766e-03
2.207091776654124260e-03
2.312870696187019348e-03
-1.071298145689070225e-03
-3.804091596975922585e-03
-1.722260261885821819e-03
-2.651664894074201584e-03
3.432243829593062401e-03
1.900728675536811352e-03
8.619762957096099854e-04
3.598170354962348938e-03
-2.381689613685011864e-03
-3.710150776896625757e-04
-2.813277533277869225e-03
1.746522466419264674e-04
-2.395089104538783431e-04
2.079024910926818848e-03
-3.851690562441945076e-03
2.336963370908051729e-04
2.423617552267387509e-04
-4.512536906986497343e-05
3.339078510180115700e-03
-8.863511029630899429e-04
-2.419002354145050049e-03
2.484497381374239922e-03
1.905690412968397141e-03
-2.608092501759529114e-03
-2.438051160424947739e-03
1.032853964716196060e-03
2.091143047437071800e-03
2.248913049697875977e-03
2.588753122836351395e-03
1.822494523366913199e-04
3.534941701218485832e-03
1.902391901239752769e-03
2.040157560259103775e-03
5.399537039920687675e-04
6.595064187422394753e-04
-2.509267069399356842e-03
-2.704255981370806694e-03
2.980241260956972837e-04
-2.017518505454063416e-03
-3.132200101390480995e-03
-3.356356464792042971e-04
-3.605906153097748756e-03
1.485888496972620487e-04
2.508649369701743126e-03
-9.912636596709489822e-04
2.478042850270867348e-03
6.632374715991318226e-04
-3.732071723788976669e-03
2.324396278709173203e-03
-4.936506738886237144e-04
-3.437370469328016043e-04
-1.366108655929565430e-03
2.251288387924432755e-03
1.475927536375820637e-03
-6.787410238757729530e-04
-1.400634064339101315e-03
1.777344034053385258e-03
6.055149424355477095e-05
3.434119280427694321e-03
-1.955577870830893517e-03
3.719102591276168823e-03
1.807368942536413670e-03
7.834878051653504372e-04
-2.122673438861966133e-03
-1.446448615752160549e-03
1.333032123511657119e-04
-3.852351335808634758e-03
9.296388598158955574e-04
-1.480143633671104908e-03
