3.802120452746748924e-03
2.731641870923340321e-04
-2.891602693125605583e-03
-1.834354479797184467e-04
3.817252814769744873e-03
2.473955275490880013e-03
2.255508909001946449e-03
2.615042496472597122e-03
1.075903652235865593e-03
-3.478241706034168601e-05
7.007375825196504593e-04
-7.618770468980073929e-04
6.351977353915572166e-04
-5.679387249983847141e-04
-2.435521455481648445e-03
5.597709096036851406e-04
-1.428491668775677681e-03
3.826310625299811363e-03
-9.463337482884526253e-04
-1.821471727453172207e-03
-3.002183977514505386e-03
2.012393437325954437e-03
2.791099250316619873e-04
-8.374290191568434238e-04
2.708410844206809998e-03
4.794633423443883657e-04
3.632662119343876839e-03
-1.078509259968996048e-03
1.381512265652418137e-03
6.018786807544529438e-04
-3.280632430687546730e-03
5.133331287652254105e-04
-2.557729836553335190e-03
-1.833511516451835632e-03
1.428990159183740616e-03
-8.406013366766273975e-04
-2.198385540395975113e-03
9.340748656541109085e-04
-2.208707592217251658e-04
1.160613261163234711e-03
-5.192664102651178837e-04
1.892280066385865211e-03
5.141147994436323643e-04
1.972747268155217171e-03
1.000404241494834423e-03
2.331146504729986191e-03
3.193540964275598526e-03
1.717278850264847279e-03
-3.511417657136917114e-03
-2.759946510195732117e-03
3.245972562581300735e-03
-3.074291162192821503e-04
3.659425536170601845e-03
-1.768426853232085705e-03
2.015135018154978752e-03
2.604028442874550819e-03
-2.777877263724803925e-03
1.593504450283944607e-03
2.180897630751132965e-03
4.689542693085968494e-04
-1.530043431557714939e-03
1.978847198188304901e-03
-2.817942760884761810e-03
2.738031558692455292e-03
-3.872116329148411751e-03
-9.925793856382369995e-04
2.178129740059375763e-03
1.737143611535429955e-03
-1.991991186514496803e-03
8.482917328365147114e-04
-1.921409508213400841e-03
-6.211539584910497069e-06
-1.175873403553850949e-04
6.387719768099486828e-04
-3.213800489902496338e-03
-2.004635753110051155e-03
-1.900051254779100418e-03
9.986504446715116501e-04
2.958149882033467293e-03
2.458325587213039398e-03
-5.301517085172235966e-04
-3.166714450344443321e-03
1.583703444339334965e-03
2.559072338044643402e-03
-1.821812475100159645e-03
1.510062022134661674e-03
-3.737221937626600266e-03
2.235630759969353676e-03
-2.113966504111886024e-03
-1.226047868840396404e-03
3.722463734447956085e-03
1.854292931966483593e-03
2.700534649193286896e-03
-1.160782179795205593e-03
9.619299089536070824e-04
-3.579625161364674568e-03
2.730481792241334915e-03
-3.602520562708377838e-03
3.749778727069497108e-03
-9.230308933183550835e-05
3.586709732189774513e-03
1.593571156263351440e-03
3.233990166336297989e-03
2.613598480820655823e-03
2.111993730068206787e-03
-3.546628868207335472e-03
-3.400970716029405594e-03
3.529171925038099289e-03
-1.583653734996914864e-03
-1.193895121105015278e-03
-1.476785051636397839e-03
3.160944906994700432e-03
-3.686264622956514359e-03
7.433639257214963436e-04
2.123086480423808098e-03
1.130090677179396152e-03
1.156020793132483959e-03
-2.254427177831530571e-03
2.731370273977518082e-03
1.240808865986764431e-03
2.138088690117001534e-03
-3.322585253044962883e-03
3.617769805714488029e-03
1.792376046068966389e-03
-1.622445182874798775e-03
-3.467567730695009232e-03
1.898588729090988636e-03
1.293185596296098083e-05
-7.410852704197168350e-04
-3.648294368758797646e-03
2.940036065410822630e-04
-3.868859203066676855e-04
3.093386534601449966e-03
1.624202559469267726e-04
-3.196414327248930931e-03
2.133509842678904533e-03
-3.533188719302415848e-03
-3.637495217844843864e-03
2.759448019787669182e-03
-1.340635353699326515e-03
-3.396962536498904228e-03
-1.119542750529944897e-03
7.173790945671498775e-04
3.720378503203392029e-03
-4.027262621093541384e-04
3.384320996701717377e-03
-2.693702466785907745e-03
-1.587796374224126339e-03
-2.838736167177557945e-03
-1.844500424340367317e-03
9.116355795413255692e-04
3.514072392135858536e-03
-3.235891927033662796e-03
-2.083462662994861603e-03
3.030942054465413094e-03
-1.603796263225376606e-03
1.889869105070829391e-03
-1.653342624194920063e-03
3.680021734908223152e-03
3.022694494575262070e-03
1.284465659409761429e-03
-3.579905896913260221e-04
1.732639793772250414e-05
-1.040428760461509228e-03
-9.477261482970789075e-05
-2.061259234324097633e-03
-3.524494590237736702e-03
7.498231570934876800e-05
2.689350862056016922e-03
3.008711850270628929e-03
1.195742297568358481e-04
-2.082483144477009773e-03
3.461127344053238630e-04
-3.238967619836330414e-04
-1.833226531744003296e-03
5.355097819119691849e-04
-3.739141626283526421e-03
-3.616053611040115356e-03
2.668676199391484261e-03
2.378217410296201706e-03
-1.233160495758056641e-03
3.479695413261651993e-03
-1.759518403559923172e-03
3.265140810981392860e-03
-2.023146516876295209e-04
1.168566523119807243e-03
-4.793140687979757786e-04
-6.224141106940805912e-04
-2.165929181501269341e-03
-3.653115592896938324e-03
-7.144346018321812153e-04
1.972382888197898865e-03
9.336224175058305264e-04
-6.925140623934566975e-04
2.880438696593046188e-03
-1.132474935729987919e-04
-1.824950217269361019e-03
-3.387059259694069624e-04
-3.213041694834828377e-03
8.508497267030179501e-04
-3.684768686071038246e-03
8.930683834478259087e-04
-3.752314718440175056e-03
-4.518344940152019262e-04
3.326017176732420921e-03
-1.476244535297155380e-03
6.711739115417003632e-04
-5.759762716479599476e-04
-4.694962990470230579e-04
-2.692889247555285692e-04
1.584635581821203232e-03
-1.215272699482738972e-03
4.100442456547170877e-04
2.032799646258354187e-03
-3.578115487471222878e-03
2.521357033401727676e-03
2.457470633089542389e-03
2.261955058202147484e-03
3.338337643072009087e-03
3.152256133034825325e-03
3.248394001275300980e-03
1.613877480849623680e-03
1.452238066121935844e-03
-1.923449686728417873e-03
-3.721127286553382874e-03
-8.147774497047066689e-04
-4.303675959818065166e-04
-1.657807151786983013e-03
-2.341357292607426643e-03
-1.986542483791708946e-03
3.490953939035534859e-03
1.733319251798093319e-03
-3.073871834203600883e-03
1.695240032859146595e-03
1.499509198765736073e-05
-3.290010383352637291e-03
-2.461425727233290672e-03
-1.445603440515697002e-03
-2.031293697655200958e-03
2.427481813356280327e-03
-1.006613601930439472e-03
1.519172568805515766e-03
-1.030426821671426296e-03
-2.103101927787065506e-03
2.611674601212143898e-03
2.837551059201359749e-03
-2.206547418609261513e-03
-2.308152383193373680e-03
-3.173742443323135376e-03
1.525841187685728073e-03
-5.377188208512961864e-04
2.378453966230154037e-03
3.305444959551095963e-03
-3.343916730955243111e-03
-2.841865643858909607e-03
-5.093332729302346706e-04
