4.927638292429037392e-05
3.741925116628408432e-03
-3.156834747642278671e-03
3.898811293765902519e-03
3.247577697038650513e-03
-1.823501312173902988e-03
2.320320578292012215e-03
3.072129329666495323e-03
-1.739866915158927441e-03
7.490587886422872543e-04
1.655588741414248943e-03
-7.237116806209087372e-04
3.606885904446244240e-03
-1.049374579451978207e-03
-3.339294577017426491e-03
-9.092235704883933067e-04
-1.133091936935670674e-04
3.711575409397482872e-03
3.532220842316746712e-03
1.187940652016550303e-04
2.435569418594241142e-03
3.093628678470849991e-03
-1.938957837410271168e-03
2.318588318303227425e-03
2.318489365279674530e-03
-3.130040131509304047e-03
2.260748064145445824e-03
-1.064488315023481846e-03
1.236228970810770988e-03
3.676499472931027412e-03
2.137339673936367035e-03
-1.715370686724781990e-03
-2.020623534917831421e-03
-3.179292660206556320e-03
1.024592667818069458e-03
9.908245410770177841e-04
2.283083740621805191e-03
-1.055771368555724621e-03
-2.921786857768893242e-03
-2.314288169145584106e-03
-9.446235490031540394e-04
-4.333370306994765997e-04
-1.143630594015121460e-03
1.446560490876436234e-03
4.495533357840031385e-04
-1.053424202837049961e-03
2.893570344895124435e-04
3.250133886467665434e-04
-1.476440113037824631e-03
3.200006904080510139e-03
-3.153068246319890022e-03
-3.814985975623130798e-03
-1.477395300753414631e-03
2.397145843133330345e-03
-3.523982377373613417e-05
-7.384939817711710930e-04
-2.422958612442016602e-03
3.559976816177368164e-03
-3.532480914145708084e-03
1.105444040149450302e-03
3.326875623315572739e-03
-2.660994883626699448e-03
-2.133694943040609360e-03
5.830490263178944588e-04
3.589020110666751862e-03
1.070839003659784794e-03
-3.511648159474134445e-03
3.183595370501279831e-03
5.897070514038205147e-04
2.959413453936576843e-03
-7.924561214167624712e-05
-3.469210583716630936e-03
-9.712025057524442673e-04
1.048361067660152912e-03
-8.618693100288510323e-04
2.405521227046847343e-03
-5.830415757372975349e-04
3.586977021768689156e-03
-2.142502460628747940e-03
-8.661884348839521408e-04
2.443157834932208061e-03
-3.745634341612458229e-03
3.260693512856960297e-03
1.234497642144560814e-03
3.555703908205032349e-03
1.534274430014193058e-03
2.508481848053634167e-04
-2.306095324456691742e-03
4.001865745522081852e-04
-2.922424813732504845e-03
1.600460673216730356e-04
3.599385672714561224e-04
-3.363013034686446190e-03
3.846300824079662561e-04
-1.755595672875642776e-03
-2.007972449064254761e-03
-2.677895245142281055e-04
-2.403809456154704094e-03
1.227962085977196693e-03
-2.549727214500308037e-04
-1.008113264106214046e-03
-1.424841815605759621e-03
-7.296923286048695445e-05
-3.424575319513678551e-03
-3.288522595539689064e-03
1.091561745852231979e-03
-2.458629431203007698e-03
-2.274586004205048084e-04
-3.274297574535012245e-03
-3.201087005436420441e-03
-3.874398302286863327e-03
2.769007813185453415e-03
1.646379707381129265e-03
1.596504880581051111e-04
3.459861734881997108e-03
-2.155156806111335754e-03
-3.702939953655004501e-03
2.703937003389000893e-03
-2.789592836052179337e-03
-9.622946963645517826e-04
-2.252251375466585159e-03
-1.477129990234971046e-03
-8.367266273126006126e-04
2.427754690870642662e-03
-2.344653476029634476e-03
-5.648869555443525314e-04
-2.515390515327453613e-03
1.294045243412256241e-03
1.790198381058871746e-03
-2.883055480197072029e-03
-2.080490521620959044e-04
-8.025139686651527882e-04
3.002418670803308487e-03
-1.645617652684450150e-03
-1.935321372002363205e-03
2.871026052162051201e-03
-2.872625598683953285e-03
1.091283396817743778e-03
-2.270647557452321053e-03
2.538736443966627121e-03
-3.444071160629391670e-03
-1.765580818755552173e-04
-3.181328531354665756e-03
3.484241198748350143e-03
-2.071765775326639414e-04
-3.585958154872059822e-03
1.344019547104835510e-03
-3.169569652527570724e-03
4.274231614544987679e-04
-1.783950137905776501e-03
-1.178034115582704544e-03
-1.640922739170491695e-03
-3.709360957145690918e-03
-3.889443178195506334e-04
2.578946063295006752e-03
1.013402710668742657e-03
-3.163204062730073929e-03
3.405220340937376022e-03
-1.852018642239272594e-03
3.879246767610311508e-03
1.644573872908949852e-03
-3.211204661056399345e-03
-2.510152757167816162e-03
1.065943273715674877e-03
1.618826296180486679e-03
3.117084736004471779e-03
1.040847040712833405e-03
-3.560064826160669327e-03
1.397707615979015827e-03
7.478795014321804047e-04
2.580521395429968834e-03
3.139205276966094971e-03
-8.530459599569439888e-04
-3.664565505459904671e-03
1.427866169251501560e-03
3.468309063464403152e-03
3.365238429978489876e-03
-3.175227175233885646e-05
5.602031014859676361e-04
3.626744030043482780e-03
1.968941185623407364e-03
2.317316597327589989e-03
-4.393558992887847126e-05
-2.480169059708714485e-03
-2.196756424382328987e-03
3.140527522191405296e-03
2.980202203616499901e-03
1.383163500577211380e-03
5.235559074208140373e-04
-7.660565897822380066e-04
-2.164277480915188789e-03
2.641958650201559067e-03
-3.886155027430504560e-04
-1.029910170473158360e-03
-1.681139343418180943e-03
8.475681534036993980e-04
1.827200409024953842e-03
1.490732422098517418e-03
-3.348849480971693993e-03
-3.452840493991971016e-03
3.025171579793095589e-03
1.131418976001441479e-03
2.893941244110465050e-03
-1.073813182301819324e-03
-4.750620864797383547e-04
4.011558194179087877e-04
-7.631104672327637672e-04
-3.059511072933673859e-03
1.073310733772814274e-03
1.487940200604498386e-03
-1.294999849051237106e-03
2.564701717346906662e-03
1.034223125316202641e-03
-2.794729545712471008e-03
-1.629335223697125912e-03
-1.956699648872017860e-03
2.440325915813446045e-03
-6.536462460644543171e-04
-3.359663998708128929e-03
-3.604175522923469543e-03
-1.742273685522377491e-03
-2.484701341018080711e-03
2.454946050420403481e-03
2.810271456837654114e-03
-1.757330610416829586e-03
-2.742495853453874588e-04
-1.322751166298985481e-03
-2.896980382502079010e-03
-1.665970426984131336e-03
-3.663082839921116829e-03
2.381974809395615011e-05
-3.352806670591235161e-03
-2.183149917982518673e-04
5.655372515320777893e-04
-3.306172555312514305e-03
4.567190480884164572e-04
-4.786440404132008553e-04
7.674016524106264114e-04
-1.975209219381213188e-03
6.687383802272961475e-07
-2.758926479145884514e-03
-1.090078381821513176e-03
1.333172316662967205e-03
-3.232864197343587875e-03
1.001364318653941154e-03
1.143940258771181107e-03
-1.483030850067734718e-03
8.207805803976953030e-04
1.134555321186780930e-03
-3.769665025174617767e-03
1.386390649713575840e-03
-1.279110205359756947e-03
3.624284407123923302e-03
-2.642600797116756439e-03
-4.587485746014863253e-04
2.738192561082541943e-04
