-2.927008317783474922e-03
-1.298992894589900970e-03
-3.825566731393337250e-03
-2.557419356890022755e-04
1.621410017833113670e-03
-1.968960044905543327e-03
-3.107962431386113167e-03
2.366445958614349365e-03
3.628964535892009735e-03
3.418643726035952568e-03
1.578945229994133115e-04
-2.626772969961166382e-03
6.973182898946106434e-04
3.246937878429889679e-03
8.318171021528542042e-04
1.654848223552107811e-03
3.743377979844808578e-03
-3.708693198859691620e-03
-7.141691166907548904e-04
-3.192738164216279984e-03
-1.595852896571159363e-03
4.287523624952882528e-04
3.632980631664395332e-03
6.202802760526537895e-04
-1.640871400013566017e-03
3.158145584166049957e-03
3.313359804451465607e-03
-2.274592407047748566e-03
1.585751073434948921e-03
-3.354411106556653976e-03
1.198117737658321857e-03
-3.507973859086632729e-03
-2.242936985567212105e-03
-3.374326741322875023e-03
4.630239563994109631e-04
-1.739644445478916168e-03
-2.224804135039448738e-03
3.693036502227187157e-03
-9.586750529706478119e-04
-1.939614885486662388e-03
3.476422047242522240e-03
-5.566433537751436234e-04
2.386219101026654243e-03
8.313676225952804089e-04
6.727257859893143177e-04
1.882771146483719349e-03
2.905440283939242363e-03
3.020770614966750145e-03
1.470129354856908321e-03
8.493674977216869593e-05
-6.974593852646648884e-04
1.581478747539222240e-03
2.031461102887988091e-03
2.225405070930719376e-03
3.524595871567726135e-03
-1.099860528483986855e-03
-8.673554984852671623e-04
-1.499156467616558075e-03
-2.229662146419286728e-03
3.845623228698968887e-03
-1.049524988047778606e-03
1.963437069207429886e-03
1.602105767233297229e-04
-9.628802072256803513e-04
7.877997995819896460e-05
-2.899144310504198074e-03
2.448018640279769897e-03
-3.032875247299671173e-03
2.329900162294507027e-03
1.741235493682324886e-03
-3.278360236436128616e-03
6.402250146493315697e-04
3.394335974007844925e-03
1.010775682516396046e-03
-4.932802403345704079e-04
-1.191332004964351654e-03
1.653825864195823669e-03
-1.726171816699206829e-03
-2.086259191855788231e-03
1.908948761411011219e-03
3.563557052984833717e-03
-3.205233952030539513e-03
4.444221849553287029e-04
-7.435282459482550621e-04
2.909379312768578529e-03
2.119788667187094688e-03
3.740401007235050201e-03
8.818409696687012911e-05
-2.737887669354677200e-03
-1.394088845700025558e-03
2.554044112912379205e-05
-2.395187504589557648e-03
-2.802796429023146629e-03
8.352602017112076283e-04
-2.068564994260668755e-03
2.556128660216927528e-03
1.653194776736199856e-03
2.132183872163295746e-03
1.946771517395973206e-03
-3.022341988980770111e-03
2.080670790746808052e-03
3.603145247325301170e-03
2.824642928317189217e-03
-2.023345790803432465e-03
-1.652818289585411549e-03
-2.339729573577642441e-03
6.819911050115479156e-06
4.957744386047124863e-04
-2.000820357352495193e-03
4.414008290041238070e-04
2.857061568647623062e-03
-1.775208162143826485e-03
2.807516604661941528e-03
3.228311659768223763e-03
1.409077085554599762e-03
3.011165244970470667e-04
-3.207532456144690514e-03
-1.376481726765632629e-03
3.503639949485659599e-03
-3.284616861492395401e-03
3.615761175751686096e-03
3.539452329277992249e-03
-5.076789529994130135e-04
9.474345715716481209e-04
2.494301181286573410e-03
-1.353682135231792927e-03
2.285039983689785004e-03
-3.067469224333763123e-03
6.359744584187865257e-04
1.020516792777925730e-04
2.467564539983868599e-03
6.718888471368700266e-05
-3.858749987557530403e-03
-6.731739267706871033e-05
1.347344834357500076e-03
-6.526070064865052700e-04
8.404309046454727650e-04
-2.020661253482103348e-03
3.216026118025183678e-03
-5.250228568911552429e-04
-9.798691608011722565e-04
-6.703683175146579742e-04
5.592307425104081631e-04
-2.060693223029375076e-03
-6.812415085732936859e-04
-4.129952576477080584e-04
2.262411406263709068e-03
-5.634389526676386595e-05
-3.444800153374671936e-03
3.606796031817793846e-03
-3.439189167693257332e-03
-3.016520291566848755e-03
7.225434092106297612e-05
3.709760960191488266e-03
3.520456084515899420e-04
-1.894865854410454631e-04
3.279035910964012146e-03
1.608439371921122074e-03
-2.633406780660152435e-03
9.413623483851552010e-04
3.447224153205752373e-03
2.480247523635625839e-03
3.440346335992217064e-03
-2.800335874781012535e-03
4.326941852923482656e-04
-5.641577299684286118e-04
1.218725112266838551e-03
3.192118601873517036e-03
-2.563271205872297287e-03
1.223338535055518150e-03
2.793404564727097750e-04
-6.474760593846440315e-04
-2.820794703438878059e-03
-1.799913472495973110e-03
-1.333095366135239601e-03
-3.905395511537790298e-03
-1.042928313836455345e-03
-6.813199725002050400e-04
-2.194399479776620865e-03
3.484887070953845978e-03
-1.887261751107871532e-03
1.760524581186473370e-03
4.532721068244427443e-04
3.826770465821027756e-03
4.069814749527722597e-04
1.267613988602533937e-04
2.508471254259347916e-03
-2.816545777022838593e-03
3.466666443273425102e-03
3.174972487613558769e-03
-1.777682104147970676e-03
2.687049563974142075e-03
1.380073139443993568e-03
-5.393633546191267669e-05
3.312922315672039986e-03
-2.896002493798732758e-03
2.772315405309200287e-03
-3.798923222348093987e-03
2.000819426029920578e-03
1.952143386006355286e-03
3.041433403268456459e-03
-3.656076733022928238e-03
-2.871830249205231667e-03
-1.778110163286328316e-03
2.240739064291119576e-03
-1.457922859117388725e-03
-2.526826923713088036e-03
1.399765460519120097e-04
-3.788872389122843742e-03
-5.586519546341150999e-05
1.732307951897382736e-03
3.210416296496987343e-03
-2.914493903517723083e-03
3.139164764434099197e-03
1.628609723411500454e-03
-2.231120131909847260e-03
5.870393943041563034e-04
1.445661764591932297e-03
3.440907457843422890e-03
-9.853895753622055054e-04
-1.506754080764949322e-03
-2.432842506095767021e-03
1.044759759679436684e-03
-2.295349491760134697e-03
-2.134221722371876240e-04
1.991215394809842110e-03
1.150225871242582798e-03
-2.768906531855463982e-03
-9.298961376771330833e-04
-4.897925537079572678e-04
-3.579708049073815346e-03
-1.732119853841140866e-04
2.309920432708167937e-07
-1.975918887183070183e-03
-3.165900474414229393e-03
-3.062878735363483429e-03
-1.043528784066438675e-03
-6.511155515909194946e-04
1.915221509989351034e-04
7.878323085606098175e-04
-3.077818779274821281e-03
7.267916807904839516e-04
3.792975039687007666e-04
1.116719096899032593e-03
3.253865055739879608e-03
2.744920784607529640e-03
-2.927507739514112473e-04
1.719963620416820049e-03
-2.883310080505907536e-04
-4.621895495802164078e-04
3.333102911710739136e-03
-7.613236666657030582e-04
1.726588117890059948e-03
2.422869903966784477e-03
1.996047096326947212e-03
-3.614630782976746559e-03
