1.001931377686560154e-03
-2.062475541606545448e-03
-3.862043842673301697e-03
1.441941596567630768e-03
-1.106010167859494686e-03
-3.140186658129096031e-03
-2.891350013669580221e-04
1.462849206291139126e-03
-9.237969061359763145e-04
-2.852922771126031876e-04
-2.380691003054380417e-03
-2.791749313473701477e-03
3.611563006415963173e-03
3.790956921875476837e-03
-3.461714368313550949e-03
-3.341817995533347130e-03
1.417719293385744095e-03
3.236281452700495720e-03
-2.728757390286773443e-04
1.388497417792677879e-03
-1.423349720425903797e-03
2.547429408878087997e-03
8.108181646093726158e-04
-3.692996222525835037e-03
1.348699559457600117e-03
4.431624547578394413e-04
3.498555859550833702e-03
-1.753736170940101147e-03
1.439130748622119427e-03
3.228512126952409744e-03
2.555543091148138046e-03
2.219084650278091431e-03
-1.889643841423094273e-03
3.791285678744316101e-03
-2.812803024426102638e-03
6.584465154446661472e-04
2.115700393915176392e-03
3.595432266592979431e-03
-2.560929162427783012e-03
-2.828304190188646317e-03
-1.106670242734253407e-03
1.717602834105491638e-03
3.285073617007583380e-04
1.567988329043146223e-05
3.565561259165406227e-03
2.927346387878060341e-03
4.264057497493922710e-04
1.103283022530376911e-03
3.887520171701908112e-03
-3.627997823059558868e-03
2.993243047967553139e-03
3.239533398300409317e-03
-8.696891018189489841e-04
3.484233049675822258e-03
-2.702337689697742462e-03
-1.290971529670059681e-03
3.393655642867088318e-03
1.639629132114350796e-03
-3.137593375868164003e-05
2.382973470957949758e-04
3.745996626093983650e-03
3.663846291601657867e-03
-1.882872311398386955e-03
-8.224369375966489315e-04
7.593858172185719013e-04
-1.748503884300589561e-03
-4.968282883055508137e-05
-3.904772223904728889e-03
-3.377817338332533836e-03
-2.832392929121851921e-03
-1.329523161984980106e-03
1.255217648576945066e-04
3.676351159811019897e-03
-1.657135086134076118e-03
1.835074741393327713e-03
-1.897867332445457578e-04
-3.589640604332089424e-03
-7.197552477009594440e-04
1.248939544893801212e-03
-2.853034529834985733e-03
-2.267876407131552696e-03
-3.669040161184966564e-04
-1.464534783735871315e-03
-2.971105510368943214e-03
1.513016293756663799e-03
3.836350806523114443e-04
-1.919631613418459892e-03
-1.264358055777847767e-03
-3.046530997380614281e-03
4.496660258155316114e-04
2.341129584237933159e-03
2.713277703151106834e-03
-1.465402776375412941e-03
-3.229253343306481838e-04
1.676541520282626152e-03
2.094607334583997726e-03
1.855179580161347985e-04
4.383682389743626118e-04
-2.394787967205047607e-03
-6.786399171687662601e-04
-1.865121535956859589e-03
-3.889060113579034805e-03
1.634997781366109848e-03
-1.470177317969501019e-03
-9.277174831368029118e-04
-3.206430701538920403e-03
3.443445544689893723e-03
-3.166288603097200394e-03
3.571489360183477402e-03
1.395093859173357487e-04
-1.012093154713511467e-03
3.501293715089559555e-03
-9.485432528890669346e-04
3.219603793695569038e-03
-3.686490934342145920e-03
-2.901204163208603859e-03
-1.681454887147992849e-04
9.193892474286258221e-04
3.501985222101211548e-03
1.672523445449769497e-03
-2.507937140762805939e-03
-7.099664653651416302e-04
-4.614257486537098885e-04
3.783819731324911118e-03
-1.200620463350787759e-04
1.129363197833299637e-03
1.019843388348817825e-03
6.190044805407524109e-04
2.029473660513758659e-03
1.362378709018230438e-03
1.060437061823904514e-03
-1.657985383644700050e-03
1.811152556911110878e-03
6.146028754301369190e-04
-1.613129861652851105e-03
1.100271241739392281e-03
6.646346300840377808e-04
-8.999697747640311718e-04
-2.899889659602195024e-04
1.307710073888301849e-03
1.865675207227468491e-03
-2.874171361327171326e-03
-2.932222327217459679e-03
2.542001660913228989e-03
1.551749533973634243e-03
-1.002300414256751537e-03
2.850880846381187439e-03
-6.269859150052070618e-04
5.470140604302287102e-04
1.992113655433058739e-03
-2.362324157729744911e-03
1.967002870514988899e-03
-3.020217875018715858e-03
-2.583169611170887947e-03
1.733651384711265564e-03
-9.481228771619498730e-04
-3.008524887263774872e-03
-1.891987747512757778e-03
9.797370876185595989e-05
3.313148044981062412e-04
3.546745749190449715e-03
-3.700549481436610222e-03
-3.677903907373547554e-03
1.497481251135468483e-03
3.003887366503477097e-03
-2.921443898230791092e-03
1.930695376358926296e-03
-2.009270945563912392e-03
-5.318457260727882385e-04
-3.437570063397288322e-03
-2.748088911175727844e-03
-2.560653490945696831e-03
2.571449840615969151e-05
-2.065457403659820557e-03
1.375349966110661626e-04
2.113706897944211960e-03
3.727555449586361647e-04
1.753284828737378120e-03
-3.796859178692102432e-03
1.963605871424078941e-03
-4.979161312803626060e-04
-2.182381227612495422e-03
-1.920695649459958076e-03
-3.397210035473108292e-03
2.341366605833172798e-03
1.609342754818499088e-03
3.091401187703013420e-03
-3.193995682522654533e-03
-7.912663277238607407e-04
3.575782291591167450e-03
-1.042733434587717056e-03
-2.749223029240965843e-03
2.020842657657340169e-04
1.716058235615491867e-03
-2.363838488236069679e-03
1.986871007829904556e-03
1.797573640942573547e-03
1.969275763258337975e-03
6.124395295046269894e-04
-2.517708810046315193e-03
3.650645026937127113e-03
1.011173473671078682e-03
2.431162865832448006e-04
3.822143422439694405e-03
2.354749478399753571e-03
1.543579855933785439e-03
4.634874931070953608e-04
-1.867961953394114971e-03
1.541963079944252968e-03
2.006607130169868469e-03
-2.667361870408058167e-03
-3.691020188853144646e-03
-8.721188642084598541e-04
8.193846442736685276e-04
3.280343022197484970e-03
-2.555181039497256279e-03
3.066945646423846483e-04
3.826818428933620453e-03
-2.594422083348035812e-03
-2.284031361341476440e-03
-3.133264603093266487e-03
3.000217257067561150e-03
-2.505540614947676659e-03
6.814903463236987591e-04
1.167785841971635818e-03
2.965788124129176140e-03
-2.815965097397565842e-03
-3.331757849082350731e-03
3.639149479568004608e-03
1.839661737903952599e-03
2.273747697472572327e-03
-2.943806583061814308e-03
-3.654161235317587852e-03
2.218736190116032958e-04
3.809325164183974266e-03
-6.975753349252045155e-04
-1.306256162934005260e-03
2.907145535573363304e-04
-3.948048688471317291e-04
2.489036996848881245e-04
-3.836775067611597478e-05
-5.322538199834525585e-04
1.546448562294244766e-03
-3.889281069859862328e-03
-3.673000261187553406e-03
-6.241555092856287956e-05
-3.075519576668739319e-03
3.392704529687762260e-04
1.575145055539906025e-03
2.876840531826019287e-03
3.023302648216485977e-03
3.106664633378386497e-03
2.503278665244579315e-03
1.120070810429751873e-03
1.932905404828488827e-03
-1.573074114276096225e-04
