-3.661568509414792061e-03
9.255087934434413910e-04
3.816208103671669960e-03
-2.427852014079689980e-03
1.736735226586461067e-03
2.322701504454016685e-03
-7.185232825577259064e-04
1.085076946765184402e-03
-2.772956213448196650e-05
3.164919326081871986e-03
-7.910039275884628296e-04
-3.832198446616530418e-03
-3.896934213116765022e-03
-1.755221397615969181e-03
1.341494149528443813e-03
1.325971330516040325e-03
1.791917718946933746e-03
-3.571994602680206299e-03
2.997241914272308350e-03
-3.864537226036190987e-03
8.460484968964010477e-05
-3.100114641711115837e-03
-1.412035053363069892e-04
9.370063780806958675e-04
-2.652265597134828568e-03
1.659910660237073898e-03
-2.672757487744092941e-03
8.930487092584371567e-04
9.503756882622838020e-05
-7.823810447007417679e-04
-3.212897339835762978e-03
1.573321409523487091e-03
-2.478056354448199272e-03
3.983295173384249210e-04
-3.271601453889161348e-04
2.506616292521357536e-03
1.590790925547480583e-03
-2.604736015200614929e-03
3.869220847263932228e-03
-2.389899018453434110e-04
1.096715684980154037e-03
-2.123953308910131454e-03
2.402208046987652779e-03
-8.285670191980898380e-04
2.331864554435014725e-03
1.113473204895853996e-03
1.911663101054728031e-03
-7.746759220026433468e-04
2.685755025595426559e-03
-2.133835339918732643e-03
3.350923769176006317e-03
-1.911690924316644669e-03
1.168137183412909508e-03
1.214112038724124432e-03
1.038668095134198666e-03
2.403210150077939034e-03
-2.806850243359804153e-03
-1.985067501664161682e-03
1.072219572961330414e-03
2.963350620120763779e-03
-4.039508930873125792e-04
-7.244067382998764515e-04
-6.774903740733861923e-04
2.167374594137072563e-03
2.773522166535258293e-03
-3.641958581283688545e-03
-3.807361470535397530e-03
-9.593889990355819464e-05
3.318786853924393654e-03
-2.195153851062059402e-03
-1.568100415170192719e-03
-1.616113353520631790e-03
-2.963134087622165680e-03
1.061640330590307713e-03
9.090328821912407875e-04
7.655808585695922375e-04
1.388089731335639954e-03
-5.421440582722425461e-04
-3.382243681699037552e-03
-1.019506948068737984e-03
-8.455198258161544800e-04
-2.977114403620362282e-03
2.685026964172720909e-03
1.054927706718444824e-03
7.857680902816355228e-04
1.555774942971765995e-03
2.651368267834186554e-03
3.061566501855850220e-03
-2.048004185780882835e-03
-7.110149017535150051e-04
3.289305139333009720e-03
2.090336289256811142e-03
2.384355291724205017e-03
2.361250575631856918e-03
3.146014409139752388e-03
7.373394910246133804e-04
3.686857409775257111e-03
-1.211551832966506481e-03
6.183172808960080147e-04
1.942901406437158585e-03
-3.255418268963694572e-03
2.588446950539946556e-03
-2.203104551881551743e-03
-1.698748907074332237e-03
-3.604643745347857475e-03
-2.080958569422364235e-03
-2.100152894854545593e-03
6.150206318125128746e-04
-3.580288321245461702e-04
3.439056221395730972e-03
3.154634265229105949e-03
1.887018093839287758e-03
5.309045664034783840e-04
-2.256170846521854401e-03
-3.066377714276313782e-03
-3.733944613486528397e-03
3.241986851207911968e-04
-2.324542962014675140e-03
-2.813325496390461922e-03
-2.586667425930500031e-03
-1.494707656092941761e-03
-5.963793373666703701e-04
-2.492223866283893585e-03
-2.497249079169705510e-05
1.041356357745826244e-03
3.447112103458493948e-04
-3.785538952797651291e-03
1.332044601440429688e-03
-3.639481496065855026e-03
-2.154995221644639969e-03
3.076524706557393074e-03
7.168926531448960304e-04
-1.133430167101323605e-03
-2.532129001338034868e-04
-4.625207511708140373e-04
2.725637750700116158e-03
2.378238597884774208e-03
3.765081521123647690e-03
2.754791872575879097e-03
3.619532333686947823e-03
3.188671078532934189e-03
-2.256197622045874596e-03
1.511458889581263065e-03
3.699631895869970322e-03
3.532038070261478424e-03
3.863079240545630455e-03
-2.616053679957985878e-03
-3.192600095644593239e-03
1.182005857117474079e-03
-9.035858674906194210e-04
2.739328192546963692e-03
3.152618184685707092e-03
3.850766457617282867e-03
3.285540500655770302e-03
-3.838495467789471149e-04
3.028773004189133644e-03
-1.550520188175141811e-03
-3.125970717519521713e-03
-1.634339103475213051e-03
-1.002305798465386033e-04
3.523960572238138411e-07
2.093213610351085663e-03
2.849773271009325981e-03
-3.450222313404083252e-03
1.002639648504555225e-03
-1.090143923647701740e-03
1.104602823033928871e-03
5.135666579008102417e-04
-2.767741214483976364e-03
3.511266317218542099e-03
-3.775809658691287041e-03
-1.089298282749950886e-03
-3.385138930752873421e-03
-3.232332877814769745e-03
-1.158101833425462246e-03
4.957194905728101730e-04
5.864928825758397579e-04
-9.924676269292831421e-04
-1.467875408707186580e-04
-2.315857855137437582e-04
-3.056759014725685120e-03
4.160415264777839184e-04
1.644450123421847820e-03
4.334499826654791832e-04
-6.152654532343149185e-04
3.512223018333315849e-03
8.521432755514979362e-04
2.137232339009642601e-03
-1.014410168863832951e-03
4.759907606057822704e-04
-1.442819600924849510e-03
2.278491389006376266e-03
-1.265747123397886753e-03
-7.344361074501648545e-05
-1.526510692201554775e-03
1.108529759221710265e-04
3.536732401698827744e-03
3.358087735250592232e-03
-1.168446615338325500e-03
-1.784973661415278912e-03
2.557863015681505203e-03
2.269068965688347816e-03
2.161084441468119621e-03
-1.960971858352422714e-03
-3.613518783822655678e-03
-1.770690316334366798e-03
-2.062155166640877724e-03
9.725991549203172326e-05
2.462873002514243126e-03
-1.095490879379212856e-03
1.332489424385130405e-03
1.270913868211209774e-03
3.660529153421521187e-03
-8.627692586742341518e-04
2.346349792787805200e-04
-3.514207433909177780e-03
-1.363076386041939259e-03
2.503878669813275337e-03
8.423682302236557007e-04
2.308113733306527138e-03
-2.012787852436304092e-03
8.370823343284428120e-04
7.159278029575943947e-04
-6.996656884439289570e-04
-3.637922927737236023e-03
2.747798804193735123e-03
-1.109196338802576065e-03
-1.727665774524211884e-03
1.646771328523755074e-03
-1.471190917072817683e-04
1.212648465298116207e-03
3.846993669867515564e-03
-3.120549488812685013e-03
-3.735269187018275261e-03
-2.307850867509841919e-03
3.626248799264431000e-03
4.163210396654903889e-04
1.362109556794166565e-03
7.660296396352350712e-04
-1.142161199823021889e-03
-5.841218517161905766e-04
-4.090493021067231894e-04
2.195549197494983673e-03
1.138568157330155373e-03
-1.011062297038733959e-03
3.554497146978974342e-03
1.701564062386751175e-03
-3.740171436220407486e-03
2.290605334565043449e-03
6.384381558746099472e-04
-6.757013034075498581e-04
2.182709053158760071e-03
2.077954588457942009e-03
1.350823557004332542e-03
1.150278840214014053e-04
-2.271946519613265991e-03
