-2.114851260557770729e-03
-3.835496725514531136e-03
-2.592866541817784309e-03
1.652733539231121540e-03
3.148437477648258209e-03
1.595483394339680672e-03
2.286898437887430191e-03
-1.148590934462845325e-03
2.995484275743365288e-03
2.674093702808022499e-03
-2.982022240757942200e-03
2.124042948707938194e-03
-2.075715456157922745e-03
-1.645040232688188553e-03
-2.026228699833154678e-03
-1.496261334978044033e-03
1.185967237688601017e-03
-1.058177556842565536e-03
2.534873317927122116e-03
1.398688036715611815e-04
1.393924700096249580e-03
-1.439246232621371746e-03
-1.045593380695208907e-04
-6.354010547511279583e-04
1.260464079678058624e-03
1.215962460264563560e-03
-3.410289296880364418e-03
-3.099713940173387527e-03
-3.802406834438443184e-03
-1.338921487331390381e-03
-4.564800474327057600e-04
-2.601827436592429876e-04
-3.675512969493865967e-03
-8.239018497988581657e-04
-3.066369798034429550e-03
2.887395210564136505e-03
-3.847037209197878838e-03
-1.286233309656381607e-03
-2.075108233839273453e-03
3.226377768442034721e-03
-3.682238049805164337e-03
1.510487520135939121e-03
-2.538456581532955170e-03
-2.483293937984853983e-04
1.437678001821041107e-03
9.172111167572438717e-04
-2.875626320019364357e-03
-3.604079363867640495e-03
-9.292938630096614361e-04
-2.304834313690662384e-03
-2.399179153144359589e-03
3.098228946328163147e-03
-4.959973739460110664e-04
1.884466037154197693e-03
-3.885787911713123322e-03
-2.773564308881759644e-03
1.393141690641641617e-03
2.757303882390260696e-03
-3.286333521828055382e-03
4.292112134862691164e-04
-3.660121234133839607e-03
1.234683091752231121e-03
-2.380043733865022659e-03
1.068293699063360691e-03
1.288288738578557968e-03
1.927666249684989452e-03
-2.888411283493041992e-03
2.496717032045125961e-03
1.602230244316160679e-03
2.670826157554984093e-03
-2.825318370014429092e-03
-2.020483407250139862e-05
3.372525563463568687e-03
3.387607866898179054e-03
9.109858656302094460e-04
-4.761345335282385349e-04
-3.019461000803858042e-04
-2.709107007831335068e-03
3.494397271424531937e-03
-3.855352522805333138e-03
1.090750563889741898e-03
3.415771061554551125e-03
2.615540986880660057e-03
3.309016115963459015e-03
3.694545885082334280e-04
-3.481196239590644836e-03
-1.456754631362855434e-03
2.533060498535633087e-03
-1.949282886926084757e-04
-1.905238139443099499e-03
-1.900808128993958235e-04
3.318411763757467270e-04
8.818574133329093456e-04
-1.653244020417332649e-03
-3.268100321292877197e-03
-3.511252347379922867e-03
1.267962943529710174e-04
1.137585146352648735e-03
1.651977538131177425e-03
-9.602683130651712418e-04
-2.556273248046636581e-03
1.430406584404408932e-03
-1.438336097635328770e-03
4.699389683082699776e-04
2.703528618440032005e-03
2.963704057037830353e-03
-1.162169035524129868e-03
-1.294852932915091515e-03
-4.657782264985144138e-04
1.404278445988893509e-03
1.369509496726095676e-03
3.259533317759633064e-03
-3.479007282294332981e-04
1.993708079680800438e-03
4.555230552796274424e-04
-3.088730620220303535e-03
-7.864624494686722755e-04
3.540357574820518494e-03
8.953445940278470516e-04
-4.183145065326243639e-04
9.389806073158979416e-04
2.075309399515390396e-03
-1.799781923182308674e-03
7.703586597926914692e-04
5.420219968073070049e-04
3.644163720309734344e-03
2.141780452802777290e-03
3.300136420875787735e-03
2.297976054251194000e-03
2.006415976211428642e-03
-2.787306439131498337e-03
-3.408070420846343040e-03
2.890848787501454353e-03
2.338505350053310394e-03
-2.412617439404129982e-03
-3.424093592911958694e-03
-3.647194011136889458e-03
-8.707355591468513012e-04
1.685659844952169806e-05
2.993059810250997543e-03
-2.221278846263885498e-03
-3.509818343445658684e-04
-2.838463988155126572e-03
2.040167571976780891e-03
2.190395724028348923e-03
2.441125223413109779e-03
-1.153035322204232216e-03
-3.632662992458790541e-04
3.718015039339661598e-03
3.831280046142637730e-04
-2.577474107965826988e-03
1.040957053191959858e-03
3.049060469493269920e-03
4.744680190924555063e-04
2.140758588211610913e-04
1.929284189827740192e-04
-7.083376403898000717e-04
1.439993386156857014e-03
-2.863027155399322510e-03
2.354713855311274529e-03
-1.004050602205097675e-03
-2.729096217080950737e-03
9.136387379840016365e-04
-2.615407342091202736e-03
1.871783984825015068e-03
-4.346223722677677870e-04
-1.061585498973727226e-03
-2.940843347460031509e-03
-3.090746002271771431e-03
-3.858341835439205170e-03
1.015197718515992165e-03
8.401084342040121555e-04
7.517437916249036789e-04
-1.585821883054450154e-05
1.573972520418465137e-03
2.563466317951679230e-03
-3.354300744831562042e-03
-1.338789472356438637e-03
1.706258743070065975e-03
-2.176738344132900238e-03
2.593338955193758011e-03
-3.734435420483350754e-03
2.036588033661246300e-03
1.900133094750344753e-03
3.370104823261499405e-03
-2.211387269198894501e-03
-3.410233883187174797e-03
-3.803006839007139206e-03
6.445504259318113327e-04
2.925199689343571663e-03
-3.456282429397106171e-03
2.670798217877745628e-03
-1.350358477793633938e-03
2.928747795522212982e-03
-9.331963956356048584e-04
-2.684444421902298927e-03
-2.338521415367722511e-03
1.626835000934079289e-04
-9.360933327116072178e-04
-2.647449728101491928e-03
3.854943439364433289e-03
-6.956831784918904305e-04
2.127781044691801071e-03
-2.624778775498270988e-03
-8.750499691814184189e-04
3.751176642253994942e-03
-3.267704159952700138e-04
-1.759854145348072052e-03
2.741124480962753296e-03
-3.703128779307007790e-03
-2.111734123900532722e-03
-2.220719819888472557e-03
-1.257090130820870399e-03
1.432518329238519073e-04
-2.653621137142181396e-03
-1.347097335383296013e-03
2.615989884361624718e-03
-1.918277586810290813e-03
-1.522161765024065971e-03
-2.400803146883845329e-03
-1.133908634074032307e-03
1.948456047102808952e-03
2.341059036552906036e-03
-3.561769146472215652e-03
3.525510895997285843e-03
2.965542254969477654e-03
8.345259702764451504e-04
-6.270832382142543793e-04
-1.913420506753027439e-03
2.126092091202735901e-03
-1.959581422852352262e-04
2.791887614876031876e-03
2.212307415902614594e-03
-3.124264767393469810e-03
2.836303552612662315e-03
-2.524635056033730507e-03
-3.146862727589905262e-04
-1.823561251512728631e-05
3.048815531656146049e-03
-2.502747578546404839e-03
3.769914037548005581e-04
3.767825895920395851e-03
3.368428675457835197e-03
1.480396720580756664e-03
-3.496550954878330231e-03
-2.678279299288988113e-03
-3.643101663328707218e-04
2.184608718380331993e-03
5.925412988290190697e-04
-3.567388979718089104e-03
-7.664309232495725155e-04
1.681461581028997898e-03
3.746571019291877747e-03
-8.777098264545202255e-04
8.724092040210962296e-04
-2.403083024546504021e-03
