-2.844111295416951180e-04
-8.432959439232945442e-04
-2.512359293177723885e-03
2.843784168362617493e-03
-2.351494738832116127e-03
-1.480471226386725903e-03
3.805385669693350792e-03
-3.028845647349953651e-03
-2.281917724758386612e-03
-2.232612809166312218e-03
2.561735745985060930e-04
3.508084220811724663e-03
2.962342696264386177e-03
-2.734880894422531128e-03
-2.213074825704097748e-03
1.742193475365638733e-03
3.862308105453848839e-03
1.656668959185481071e-03
1.880454597994685173e-03
-9.248786373063921928e-04
-3.306034952402114868e-03
-2.433980582281947136e-03
8.583595626987516880e-05
8.671801770105957985e-04
7.982633542269468307e-05
1.501392805948853493e-03
-3.339820308610796928e-03
2.164491917937994003e-03
2.955884847324341536e-04
1.901841955259442329e-03
-2.595304278656840324e-03
3.532045986503362656e-03
-2.958838595077395439e-03
-1.638027140870690346e-03
-1.065266318619251251e-03
3.543436178006231785e-04
-2.711974782869219780e-03
-1.019390183500945568e-03
3.242708742618560791e-03
3.251087618991732597e-03
1.206473563797771931e-03
-2.456628950312733650e-03
-3.538744291290640831e-03
1.006392179988324642e-03
-3.498589852824807167e-03
-2.353873802348971367e-03
-1.940055401064455509e-03
-3.468884983703901526e-07
2.653274917975068092e-03
1.216448377817869186e-03
1.564960228279232979e-03
-3.064742311835289001e-03
-5.143773159943521023e-04
3.847014391794800758e-03
6.559862522408366203e-04
-8.709806716069579124e-04
3.909050137735903263e-04
-5.458517698571085930e-04
3.376050619408488274e-03
1.650292775593698025e-03
2.327741356566548347e-03
-3.103498602285981178e-03
-3.025059122592210770e-03
-3.468478797003626823e-03
2.139359712600708008e-03
-3.061968367546796799e-03
3.896191250532865524e-03
3.144477086607366800e-04
-1.897129579447209835e-03
-2.136842813342809677e-03
2.067425753921270370e-03
2.943308325484395027e-03
-3.237364348024129868e-03
-1.041236682794988155e-03
6.816236418671905994e-04
7.262204890139400959e-04
2.008679322898387909e-03
-3.665863536298274994e-03
3.696104045957326889e-03
3.627333091571927071e-03
-1.066526747308671474e-03
-2.750815823674201965e-03
-2.186822239309549332e-03
1.765346270985901356e-03
2.904143184423446655e-03
-8.860417292453348637e-04
1.305256773775909096e-05
-5.451588658615946770e-04
6.294408813118934631e-04
-3.367637749761343002e-03
-3.729032818228006363e-03
3.371356287971138954e-03
3.730862867087125778e-03
1.995779806748032570e-03
2.032933291047811508e-03
-2.767839469015598297e-03
-9.090921957977116108e-04
3.714248305186629295e-03
6.183979567140340805e-04
-2.132493769749999046e-03
2.559298009146004915e-04
-1.015576068311929703e-03
3.222539788112044334e-03
3.168648108839988708e-03
-3.901268355548381805e-03
3.256291674915701151e-04
-3.761973057407885790e-04
-2.563581336289644241e-03
3.413105383515357971e-03
2.207692712545394897e-03
-1.731796888634562492e-03
-2.194836735725402832e-03
-5.435231141746044159e-04
1.581947901286184788e-03
-2.545902272686362267e-03
3.556272946298122406e-03
-3.454193240031599998e-03
-3.940063179470598698e-04
-1.803777762688696384e-03
4.789030354004353285e-04
-1.168669434264302254e-03
-1.058919122442603111e-03
-2.924701257143169641e-04
7.998982327990233898e-04
-3.374614519998431206e-03
-3.820069367066025734e-03
-5.910556646995246410e-04
-1.537117990665137768e-03
3.882844233885407448e-03
-3.915695473551750183e-03
-8.430965681327506900e-05
-3.459398634731769562e-03
2.574927173554897308e-03
3.347284393385052681e-03
-2.622940344735980034e-03
-2.244938630610704422e-03
-2.164835343137383461e-03
-4.829334502574056387e-04
-2.363889710977673531e-03
2.904940629377961159e-03
1.080696238204836845e-03
3.152515273541212082e-03
1.173539320006966591e-03
-3.052953165024518967e-03
-3.108562086708843708e-04
3.738272003829479218e-03
2.639190061017870903e-03
1.868408173322677612e-03
-1.908752310555428267e-04
-1.317622140049934387e-03
-2.328846603631973267e-03
-2.961084246635437012e-03
3.816966433078050613e-03
-3.087605116888880730e-03
-2.722148085013031960e-03
-2.623532433062791824e-03
2.213783795014023781e-03
-3.676692256703972816e-03
1.128164469264447689e-03
-1.881744101410731673e-04
2.554240636527538300e-03
-8.188223000615835190e-04
2.820053370669484138e-03
-3.128827083855867386e-04
2.305378206074237823e-03
3.224386600777506828e-03
3.831342328339815140e-03
-7.951097213663160801e-04
-1.652176841162145138e-03
2.632625633850693703e-03
-1.971198711544275284e-03
-4.319190920796245337e-04
9.475079132243990898e-04
-1.889765379019081593e-03
1.760253217071294785e-03
-2.567558549344539642e-03
9.313664631918072701e-04
1.557726413011550903e-03
-3.546018560882657766e-04
-3.770686918869614601e-03
1.750160125084221363e-03
-3.243856830522418022e-03
1.026020268909633160e-03
1.368121011182665825e-03
3.556211304385215044e-04
-2.454159315675497055e-03
2.877830993384122849e-03
-2.277485094964504242e-03
-9.720786474645137787e-04
1.342242932878434658e-03
2.021110383793711662e-03
-1.242354046553373337e-03
-1.959965797141194344e-03
1.797334873117506504e-03
-1.532240654341876507e-03
3.607851685956120491e-03
-2.601119340397417545e-04
-3.215787932276725769e-03
2.653084462508559227e-03
1.186580630019307137e-03
2.778089838102459908e-03
-3.183715161867439747e-04
2.511358819901943207e-03
2.843329682946205139e-03
-2.230151556432247162e-03
3.819156670942902565e-03
2.601437503471970558e-03
1.931356731802225113e-03
-2.129117958247661591e-03
2.577080624178051949e-03
-2.723607001826167107e-03
1.276406808756291866e-03
5.341985961422324181e-04
1.612498308531939983e-03
2.112442161887884140e-04
-8.396599441766738892e-04
3.068557707592844963e-03
1.821294863475486636e-04
-1.937297871336340904e-03
2.209264319390058517e-03
-2.033066237345337868e-03
-2.560541965067386627e-03
2.296642167493700981e-03
-1.564171747304499149e-03
5.822108942084014416e-04
1.061422866769134998e-03
-3.752125659957528114e-03
-1.225745887495577335e-03
1.166973030194640160e-03
-1.476783072575926781e-03
-1.570390886627137661e-03
-2.681287704035639763e-03
-3.761263098567724228e-03
-5.536327371373772621e-04
-3.334741340950131416e-04
1.583131495863199234e-03
7.415716536343097687e-04
-7.107687997631728649e-04
-3.246058942750096321e-03
-1.709906035102903843e-03
-3.439486259594559669e-03
4.246938915457576513e-04
3.591731889173388481e-03
3.121585818007588387e-03
-4.517765773925930262e-04
-3.287165891379117966e-03
-3.671386511996388435e-04
-1.208221001434139907e-04
-1.500330516137182713e-03
-3.675840096548199654e-03
1.327811274677515030e-03
-3.173000412061810493e-03
1.363341463729739189e-03
1.838881522417068481e-03
3.694435115903615952e-03
-3.223503241315484047e-03
