2.186334691941738129e-03
-6.158316973596811295e-04
-2.664227038621902466e-03
-3.076365450397133827e-03
2.920708619058132172e-03
-3.662166185677051544e-03
1.704058726318180561e-03
-2.256495412439107895e-03
-2.374569419771432877e-03
2.397818490862846375e-03
3.297773655503988266e-04
-1.630755374208092690e-03
-1.093196100555360317e-03
-2.316733123734593391e-03
3.788721980527043343e-03
-1.869716215878725052e-03
1.349366619251668453e-03
3.568314714357256889e-03
1.320505281910300255e-03
-2.494519110769033432e-03
-2.061499049887061119e-03
-3.549404675140976906e-03
-2.817453118041157722e-03
2.296267542988061905e-03
-2.757645852398127317e-04
1.746585359796881676e-03
7.399813621304929256e-04
2.859934465959668159e-03
3.364808158949017525e-03
2.371812734054401517e-04
6.588914402527734637e-05
1.929154037497937679e-03
2.969328546896576881e-03
1.824623323045670986e-04
9.700788650661706924e-04
-2.357329940423369408e-03
1.772940857335925102e-03
3.253089031204581261e-03
2.704128855839371681e-03
2.970238274428993464e-04
-3.888156963512301445e-03
-1.956442603841423988e-03
-9.054406546056270599e-04
-2.520278096199035645e-03
9.240589570254087448e-04
-6.286418647505342960e-05
2.428387524560093880e-03
9.656507172621786594e-04
1.467799651436507702e-03
1.632741419598460197e-03
-3.093641484156250954e-03
-3.798371646553277969e-03
2.133402274921536446e-03
-3.591098124161362648e-03
2.018273808062076569e-03
1.038065296597778797e-03
3.056659596040844917e-03
-2.539934357628226280e-04
1.890323823317885399e-03
-2.762930234894156456e-03
5.028537707403302193e-04
-1.426844857633113861e-03
2.330996561795473099e-03
2.699520904570817947e-03
2.185085322707891464e-03
-2.283280249685049057e-03
-3.904119948856532574e-04
2.257032552734017372e-03
-1.959776738658547401e-03
1.263879821635782719e-03
-1.176797086372971535e-03
9.576528682373464108e-04
2.471052575856447220e-03
2.689084969460964203e-03
1.302618067711591721e-03
2.325025387108325958e-03
2.439347328618168831e-03
-1.975580584257841110e-03
3.189541399478912354e-03
-1.141496584750711918e-03
2.511560451239347458e-03
-9.393391082994639874e-04
5.042024422436952591e-04
2.557647414505481720e-03
-2.226217329734936357e-04
6.103870109654963017e-04
-2.848597709089517593e-03
7.733097299933433533e-04
2.371432958170771599e-03
2.204611198976635933e-03
2.677222713828086853e-03
-1.398237887769937515e-03
-2.605010289698839188e-03
-1.594394212588667870e-03
-1.769508118741214275e-03
3.452115925028920174e-03
2.216671826317906380e-03
7.441455963999032974e-04
1.143364468589425087e-03
-5.540765414480119944e-05
1.075089676305651665e-03
-3.843812039121985435e-03
4.479914205148816109e-04
-1.731627387925982475e-03
3.708071308210492134e-03
-3.281415905803442001e-03
-2.641799161210656166e-03
-4.094248870387673378e-04
-1.446809154003858566e-03
3.890279214829206467e-03
-2.045977627858519554e-03
-1.506076776422560215e-03
-6.542020128108561039e-04
-2.215577522292733192e-03
-3.807786270044744015e-04
1.433381228707730770e-03
5.052174674347043037e-04
1.637393608689308167e-03
-1.015275716781616211e-03
3.211476840078830719e-03
-6.742135738022625446e-04
8.028266165638342500e-05
6.164563237689435482e-04
1.016380148939788342e-03
3.904416691511869431e-03
-1.683184644207358360e-03
-5.667243385687470436e-04
-9.810237679630517960e-04
-3.779482329264283180e-03
3.719506552442908287e-03
-3.229510970413684845e-03
7.161055691540241241e-04
3.752239514142274857e-03
3.639982081949710846e-03
1.909478101879358292e-03
2.110808854922652245e-03
-3.062071511521935463e-03
2.925215987488627434e-03
2.839564331225119531e-05
-3.799270140007138252e-03
8.281090995296835899e-04
8.115273085422813892e-04
-2.251226687803864479e-03
1.220065285451710224e-03
1.470532384701073170e-03
8.413564646616578102e-04
8.804962271824479103e-04
8.286866941489279270e-04
1.154094468802213669e-03
8.517039241269230843e-04
3.596832102630287409e-04
3.232409479096531868e-03
3.809473244473338127e-03
-3.254031063988804817e-03
-3.728338633663952351e-04
-1.242836704477667809e-03
3.024316392838954926e-03
-2.738861367106437683e-03
3.240222577005624771e-03
-3.691226011142134666e-03
-2.783525502309203148e-03
3.469994990155100822e-03
2.061237755697220564e-04
-2.591875148937106133e-03
-1.254791044630110264e-03
-9.796108352020382881e-04
3.807827830314636230e-03
-3.352772444486618042e-03
1.235246425494551659e-03
3.242326900362968445e-03
-1.549143344163894653e-03
2.939892001450061798e-03
3.835919080302119255e-03
3.415363607928156853e-03
2.943365368992090225e-03
-9.711131569929420948e-04
2.095069503411650658e-03
-3.493696858640760183e-04
7.309031789191067219e-04
1.826543593779206276e-03
-3.661810187622904778e-03
2.447632141411304474e-03
-9.947252692654728889e-04
-1.150108058936893940e-03
1.702445093542337418e-03
5.563722879742272198e-05
-4.465384117793291807e-04
-4.544562834780663252e-04
1.001581316813826561e-03
-4.674950275784794940e-07
1.299766823649406433e-03
2.102816244587302208e-03
1.127870753407478333e-03
6.293421611189842224e-04
1.576678245328366756e-03
-1.342473551630973816e-03
6.800129194743931293e-04
3.894005902111530304e-03
1.186248919111676514e-04
-2.006373733820510097e-06
1.876719528809189796e-03
3.505097236484289169e-03
1.881527365185320377e-03
-2.395069226622581482e-03
2.591016236692667007e-03
1.299994328292086720e-04
-1.676245592534542084e-03
2.935582306236028671e-03
1.544563099741935730e-03
2.514746738597750664e-03
3.750341711565852165e-03
-3.759687067940831184e-03
3.864058759063482285e-03
8.739355253055691719e-04
2.329922048375010490e-03
-3.132125595584511757e-03
1.131661003455519676e-03
2.036787569522857666e-03
-1.376018743030726910e-03
2.254319610074162483e-03
-2.961973426863551140e-03
1.093064551241695881e-03
-2.977345837280154228e-03
-1.991339959204196930e-03
1.493848394602537155e-03
3.522310173138976097e-03
-1.883527263998985291e-03
3.680136520415544510e-03
-1.944347168318927288e-03
-2.638691337779164314e-03
1.683092676103115082e-03
3.349321661517024040e-03
-3.890520660206675529e-03
7.864843355491757393e-04
3.186627582181245089e-04
-1.006762846373021603e-03
7.578915683552622795e-04
3.411871381103992462e-03
2.533137099817395210e-03
-3.174130339175462723e-03
5.522034480236470699e-04
9.632533765397965908e-04
-1.654420280829071999e-03
-2.420751843601465225e-03
-1.140693668276071548e-03
4.255241947248578072e-04
-1.051593790180049837e-04
-3.361183917149901390e-03
6.381020648404955864e-05
5.780322826467454433e-04
-9.380992269143462181e-04
4.788938167621381581e-05
-1.558925257995724678e-03
9.504148620180785656e-04
-3.497903700917959213e-03
-2.849575132131576538e-03
