2.772786421701312065e-03
3.563230158761143684e-03
-1.769909285940229893e-03
2.353972289711236954e-03
2.525367774069309235e-03
2.254712162539362907e-03
3.109518205747008324e-03
3.589092753827571869e-03
5.353972082957625389e-04
4.163369594607502222e-04
1.967032905668020248e-03
3.891268512234091759e-03
1.938997069373726845e-03
1.902990043163299561e-04
-4.338581056799739599e-04
5.495769437402486801e-04
3.373111831024289131e-03
-1.125240814872086048e-03
2.930695889517664909e-03
3.167125163599848747e-03
-1.645208685658872128e-03
-5.498676910065114498e-04
2.743432763963937759e-03
-1.535588642582297325e-03
3.759902436286211014e-03
1.713135716272518039e-04
3.427738789469003677e-03
-3.838164033368229866e-03
3.296731738373637199e-03
-2.849602373316884041e-03
-3.059075912460684776e-03
1.352941966615617275e-03
3.253781236708164215e-03
1.557898940518498421e-03
2.612730488181114197e-03
3.395393257960677147e-03
2.682483289390802383e-03
-4.289787611924111843e-04
2.700966782867908478e-03
-3.644872922450304031e-03
-9.879103163257241249e-04
-1.685334136709570885e-03
-2.412865636870265007e-03
-1.320461626164615154e-03
-2.550564939156174660e-03
3.456025151535868645e-03
2.978495089337229729e-03
-1.499618985690176487e-03
2.557749627158045769e-03
-1.700555905699729919e-03
-6.742989062331616879e-04
3.506456268951296806e-03
-5.624050390906631947e-04
3.467734437435865402e-03
2.314250450581312180e-03
-1.501930295489728451e-03
-5.978474509902298450e-04
1.671301433816552162e-03
-1.839373027905821800e-03
-3.894438035786151886e-03
-2.850057557225227356e-03
-6.989982211962342262e-04
-1.519400510005652905e-03
1.118611660785973072e-03
-1.961792586371302605e-03
-1.349030761048197746e-03
1.605710713192820549e-03
-3.637970658019185066e-03
8.896804647520184517e-04
-1.672114245593547821e-03
-1.941617578268051147e-03
2.901393687352538109e-03
3.530467394739389420e-03
3.167516260873526335e-04
-6.687166751362383366e-04
-4.685445746872574091e-04
1.748005277477204800e-03
-4.769373481394723058e-05
-2.385978586971759796e-03
-3.099953988566994667e-03
-2.048515016213059425e-04
1.208944828249514103e-03
-3.378725843504071236e-03
2.390318550169467926e-03
3.616615664213895798e-03
1.573935151100158691e-04
-2.531379228457808495e-03
-2.960892394185066223e-03
-3.471255535259842873e-03
-3.392362734302878380e-03
-2.754092449322342873e-03
-1.656290725804865360e-03
-1.865113619714975357e-03
-2.779375994578003883e-03
-1.313720596954226494e-03
-3.802249440923333168e-03
-1.229876652359962463e-03
-3.136717714369297028e-03
8.857686189003288746e-04
-3.660078160464763641e-03
-2.910532057285308838e-03
-1.965937437489628792e-03
1.982459565624594688e-03
-2.859142143279314041e-03
-5.099726258777081966e-04
1.887662452645599842e-03
-2.440572017803788185e-03
-2.435603877529501915e-03
7.484844445571070537e-06
1.690089702606201172e-03
-1.286453916691243649e-03
1.459076069295406342e-03
-1.978539163246750832e-03
3.309773514047265053e-03
9.818081744015216827e-04
-8.371818694286048412e-05
3.111089579761028290e-03
9.868951747193932533e-04
1.979940803721547127e-03
1.062897848896682262e-03
-1.364559167996048927e-03
1.629834878258407116e-03
2.226869342848658562e-03
1.418376108631491661e-03
-2.044573659077286720e-03
-2.377212746068835258e-03
-1.003226730972528458e-03
5.334028974175453186e-04
-1.091839396394789219e-03
7.205519941635429859e-04
3.280358621850609779e-03
-3.343934658914804459e-03
-2.022685715928673744e-03
-2.851355820894241333e-03
1.517273136414587498e-03
-3.901472315192222595e-03
-3.363217925652861595e-03
-3.623429220169782639e-03
-2.484271535649895668e-03
-7.097384659573435783e-04
-3.672547172755002975e-03
-6.364749860949814320e-04
-5.965062300674617290e-04
3.924964985344558954e-04
-2.735607093200087547e-03
4.147264990024268627e-04
-3.415597137063741684e-03
-4.167583829257637262e-04
-1.924102311022579670e-03
-3.078466514125466347e-03
-1.869459520094096661e-03
1.543011894682422280e-04
2.626999281346797943e-03
-3.135010600090026855e-03
7.382553303614258766e-04
-3.251920454204082489e-03
-8.027857984416186810e-05
3.139343112707138062e-03
1.725212670862674713e-03
-3.939075686503201723e-04
-3.022978315129876137e-03
-3.780427156016230583e-03
2.955688687507063150e-04
-2.874305937439203262e-03
1.023177290335297585e-03
-2.999881980940699577e-03
-2.283346373587846756e-03
1.868694205768406391e-03
-2.602832159027457237e-03
1.406662398949265480e-03
-2.492832485586404800e-03
-2.972586080431938171e-03
2.370944013819098473e-03
-3.749898634850978851e-03
3.444466507062315941e-03
5.061111878603696823e-04
-1.192824565805494785e-04
-1.568060601130127907e-03
1.149843679741024971e-03
3.199661616235971451e-03
1.347933546639978886e-03
-1.805077656172215939e-03
1.432559918612241745e-03
2.171189291402697563e-03
6.131536210887134075e-04
1.233463641256093979e-03
3.321967087686061859e-03
3.831458743661642075e-03
-1.375199761241674423e-03
-2.752315485849976540e-03
3.230524249374866486e-03
2.308392431586980820e-03
-5.734382648370228708e-05
1.491442788392305374e-03
-1.828830339945852757e-03
-2.906986745074391365e-03
-3.550208406522870064e-03
1.286810380406677723e-03
-3.619785420596599579e-03
1.507061067968606949e-03
2.201286144554615021e-03
-2.817029599100351334e-03
-3.444888163357973099e-03
-2.382657257840037346e-03
-2.767394995316863060e-03
-7.052100263535976410e-04
1.533220871351659298e-03
-1.544008729979395866e-03
3.767539514228701591e-03
3.421469125896692276e-03
1.439231913536787033e-03
2.298162085935473442e-03
3.339377231895923615e-03
-1.727493363432586193e-03
-3.425611881539225578e-03
3.883873345330357552e-03
-3.075000829994678497e-03
3.393588354811072350e-03
-1.666786731220781803e-03
2.600361593067646027e-03
-2.054837532341480255e-03
2.079779049381613731e-03
-2.657982055097818375e-03
-1.228355220519006252e-03
1.216811506310477853e-04
-1.433144207112491131e-03
-5.066825542598962784e-04
-3.505990142002701759e-03
-8.833840838633477688e-04
1.070060650818049908e-03
2.969824476167559624e-03
2.439093077555298805e-04
5.497031379491090775e-04
1.948826480656862259e-03
-1.014966634102165699e-03
3.473000833764672279e-03
-3.482891479507088661e-03
7.934246241347864270e-05
3.462877823039889336e-03
-3.209751099348068237e-03
1.528882770799100399e-03
-9.593314607627689838e-04
-2.135884482413530350e-03
-8.472258923575282097e-05
1.948832534253597260e-03
2.093607094138860703e-03
-2.532356418669223785e-03
-2.643319778144359589e-03
4.041242355015128851e-04
1.733070123009383678e-03
-2.828676486387848854e-03
2.322013257071375847e-03
2.332932315766811371e-03
-3.273294074460864067e-03
1.234715164173394442e-04
-3.438293235376477242e-03
