3.528472036123275757e-03
-2.287289593368768692e-03
-7.157013751566410065e-04
-2.542178845033049583e-03
-1.999939559027552605e-03
-3.215401666238903999e-03
9.576890734024345875e-04
2.705912105739116669e-03
-2.722750417888164520e-03
3.064757445827126503e-03
-2.149937208741903305e-03
1.770335366018116474e-03
2.633694384712725878e-04
-1.703617163002490997e-03
-3.209256799891591072e-03
-3.964108764193952084e-04
4.279182758182287216e-04
2.985415514558553696e-03
-3.816446987912058830e-03
1.433011726476252079e-03
1.388803939335048199e-03
-2.700537210330367088e-03
2.339086495339870453e-03
3.640884533524513245e-03
9.596452000550925732e-04
3.150339762214571238e-04
-3.858072916045784950e-03
-1.074201194569468498e-03
-3.267638094257563353e-04
3.382468363270163536e-03
-2.102285157889127731e-03
-3.822231199592351913e-03
1.351917977444827557e-03
3.086714772507548332e-03
1.663830713368952274e-03
-1.951748621650040150e-03
-2.011317061260342598e-03
-2.003865083679556847e-03
-2.489430364221334457e-03
-3.264721017330884933e-03
-1.320544979535043240e-03
1.931624719873070717e-03
2.122219651937484741e-03
-8.041675318963825703e-04
1.188552356325089931e-03
-3.381333081051707268e-03
-1.538508338853716850e-03
-1.587016391567885876e-03
3.290005261078476906e-03
-1.990746008232235909e-03
1.346631906926631927e-03
2.820515306666493416e-03
-1.740777865052223206e-03
1.991363707929849625e-03
-9.571798727847635746e-05
3.378330264240503311e-03
1.994259189814329147e-03
6.084304768592119217e-04
-3.660270944237709045e-03
-1.184927183203399181e-03
3.331957850605249405e-03
2.845414564944803715e-04
9.247142588719725609e-04
3.452294913586229086e-04
3.200336650479584932e-04
-1.520906691439449787e-03
-1.863194978795945644e-03
-1.377970445901155472e-03
-1.616856199689209461e-03
-1.426475791959092021e-04
-2.977001015096902847e-03
-3.315118374302983284e-03
3.782789455726742744e-03
-3.828127868473529816e-03
-1.772745861671864986e-03
2.744029043242335320e-03
-3.296934301033616066e-03
1.902108429931104183e-03
3.760297084227204323e-03
2.161693526431918144e-03
3.225586609914898872e-03
-8.578334236517548561e-04
1.744733657687902451e-03
-2.853209851309657097e-03
2.749283798038959503e-03
-1.470134127885103226e-03
-9.137274464592337608e-04
2.268759533762931824e-03
-2.388423541560769081e-03
-2.825789386406540871e-03
1.268888008780777454e-03
1.520480378530919552e-03
1.644503325223922729e-03
-3.002344397827982903e-03
-2.933230949565768242e-03
-6.841184804216027260e-04
-7.027977844700217247e-04
-3.154723672196269035e-03
-2.134661190211772919e-03
2.352399984374642372e-03
3.023375058546662331e-03
2.259396016597747803e-03
2.197592984884977341e-03
-1.130811520852148533e-03
2.317083533853292465e-03
5.839006043970584869e-04
2.845781389623880386e-03
2.553171012550592422e-03
-1.675475970841944218e-03
-4.627187736332416534e-04
5.007943254895508289e-04
3.926909703295677900e-04
-1.198970014229416847e-03
2.186898142099380493e-03
1.886287791421636939e-04
6.112967967055737972e-04
-2.817717147991061211e-03
2.308244816958904266e-03
3.881860175170004368e-04
3.063253127038478851e-03
-6.243204697966575623e-04
-5.861432873643934727e-04
-3.536379430443048477e-03
-3.422868205234408379e-03
1.673427876085042953e-03
-1.749697607010602951e-03
-3.639728063717484474e-03
-3.658054163679480553e-03
6.755797949153929949e-05
9.651490254327654839e-04
-1.492115086875855923e-03
2.830897574312984943e-04
3.654616011772304773e-04
-3.305682330392301083e-04
-3.321991069242358208e-03
3.734475001692771912e-03
1.059947651810944080e-03
-9.473647223785519600e-04
-2.084665233269333839e-03
2.563126618042588234e-03
-1.698739244602620602e-03
-3.140052431263029575e-04
-6.196661852300167084e-04
1.470159390009939671e-03
-2.629380673170089722e-03
-5.812647577840834856e-05
-1.389529206790030003e-03
2.403332473477348685e-04
1.195558812469244003e-03
1.543682534247636795e-03
3.567420062609016895e-04
-1.505627995356917381e-03
3.777185920625925064e-04
1.235560979694128036e-03
-1.937240478582680225e-03
4.783022450283169746e-04
-8.248894009739160538e-04
6.608643889194354415e-05
1.697830040939152241e-03
-1.164937857538461685e-03
-1.295260153710842133e-03
3.461639629676938057e-03
2.402181504294276237e-03
-2.450095489621162415e-03
3.536691889166831970e-03
-9.314817725680768490e-04
7.219243561848998070e-04
2.865528687834739685e-03
-1.236551906913518906e-04
3.292950103059411049e-03
1.282621873542666435e-03
-2.062316052615642548e-03
3.154985839501023293e-03
-6.684914114885032177e-04
6.624503876082599163e-04
-2.888151677325367928e-03
-3.853369038552045822e-03
-3.035410773009061813e-03
-1.634778454899787903e-03
-2.778844907879829407e-03
-1.167518435977399349e-03
9.708103607408702374e-04
-3.453790908679366112e-03
-2.365892520174384117e-03
-3.714585211127996445e-03
2.402757294476032257e-03
-3.785840701311826706e-03
3.542070044204592705e-03
3.703638911247253418e-03
-3.352875355631113052e-03
-1.833390560932457447e-03
-9.266241686418652534e-04
-1.336520654149353504e-03
6.017812993377447128e-04
6.064222543500363827e-04
-1.719670370221138000e-03
-1.189084214274771512e-04
-1.411077682860195637e-03
-7.280997233465313911e-04
3.073446219787001610e-03
3.469033865258097649e-03
1.024036464514210820e-04
2.195263514295220375e-03
3.718795720487833023e-03
-3.861766541376709938e-03
-1.263087033294141293e-03
3.824556013569235802e-03
-3.408041084185242653e-03
3.337910631671547890e-03
2.138216979801654816e-03
-1.616126275621354580e-03
3.502974053844809532e-03
2.644409192726016045e-03
9.107132209464907646e-04
2.598794642835855484e-03
3.044175449758768082e-03
-1.105427509173750877e-03
1.671083853580057621e-03
-3.665762720629572868e-03
7.683871081098914146e-04
-2.103952923789620399e-03
-3.507075598463416100e-03
2.229396719485521317e-03
-1.082302303984761238e-03
-2.934752963483333588e-03
3.816378011833876371e-04
-3.289067419245839119e-03
2.516913460567593575e-03
-2.331730211153626442e-03
-1.250569857802474871e-05
2.536815358325839043e-03
-3.637006506323814392e-03
-2.716373652219772339e-03
-3.895042696967720985e-03
1.653901999816298485e-03
1.538992277346551418e-03
7.677477551624178886e-04
-2.619148581288754940e-04
1.341344206593930721e-03
1.619702903553843498e-03
2.859734813682734966e-04
-7.377531728707253933e-04
-3.547665430232882500e-03
2.017955295741558075e-03
2.421098062768578529e-03
1.980358967557549477e-03
-2.136192517355084419e-03
3.766375361010432243e-03
2.161548007279634476e-03
8.688525995239615440e-04
3.491993295028805733e-03
-7.518304628320038319e-04
1.528813852928578854e-03
-1.317853690125048161e-03
-3.871582157444208860e-04
-9.607833344489336014e-04
