1.598221831955015659e-03
2.158572431653738022e-03
1.477698679082095623e-04
3.702154615893959999e-03
-2.437580842524766922e-03
-2.211870159953832626e-03
2.397738397121429443e-03
4.814212443307042122e-04
-6.179219344630837440e-04
1.293200301006436348e-03
2.602164167910814285e-04
-1.162201166152954102e-03
-1.677250489592552185e-03
-3.426197916269302368e-03
3.022782504558563232e-03
1.498609315603971481e-03
-2.173506421968340874e-03
-3.022236924152821302e-04
-1.861875178292393684e-03
2.462427946738898754e-04
-1.720454427413642406e-03
-1.795877702534198761e-03
3.538938239216804504e-03
-1.190965063869953156e-03
-1.256809453479945660e-03
1.596366637386381626e-03
-1.475384808145463467e-03
-2.158422255888581276e-03
-2.479565737303346395e-04
-3.905666526407003403e-03
1.772639225237071514e-03
1.421265071257948875e-03
-7.106476696208119392e-04
-1.912957523018121719e-03
2.490169426891952753e-04
1.672755810432136059e-03
-2.703587233554571867e-04
-4.003703361377120018e-04
2.881044754758477211e-03
-2.265179529786109924e-03
1.082637580111622810e-03
-6.960026221349835396e-04
-2.184497890993952751e-03
-1.721749780699610710e-03
1.440222607925534248e-03
-6.617839098908007145e-04
2.860691165551543236e-03
3.182513406500220299e-03
-2.252119593322277069e-03
-8.284986251965165138e-04
3.580566262826323509e-03
-8.583460003137588501e-04
-1.106574200093746185e-03
-9.163605864159762859e-04
3.442692395765334368e-04
2.933591837063431740e-03
7.022255449555814266e-04
2.508742967620491982e-03
1.127082156017422676e-03
1.359125832095742226e-03
-3.042413387447595596e-03
-1.344885793514549732e-03
3.144978079944849014e-03
-2.732580469455569983e-04
-3.412288846448063850e-03
3.878383431583642960e-03
1.643537892960011959e-03
-2.501985291019082069e-03
2.214274369180202484e-03
1.062466180883347988e-03
-5.720231565646827221e-04
6.303141708485782146e-05
-2.160625066608190536e-03
-9.980351896956562996e-04
3.568274551071226597e-04
9.956857684301212430e-05
1.549497595988214016e-03
-2.193596214056015015e-03
-1.091413781978189945e-03
-3.313577733933925629e-03
6.757104420103132725e-04
-2.317428123205900192e-03
2.872426295652985573e-03
3.132579382508993149e-03
1.723569235764443874e-03
-1.100681372918188572e-03
1.865991041995584965e-03
-2.741391537711024284e-03
-1.341472030617296696e-03
-1.782804960384964943e-03
-3.502061881590634584e-04
-3.023701254278421402e-03
-1.582327648065984249e-03
2.683280967175960541e-03
2.471981337293982506e-03
-1.463065040297806263e-03
-3.605094272643327713e-03
1.318514114245772362e-03
1.609922386705875397e-03
-4.231196071486920118e-04
-8.959373808465898037e-04
3.173697041347622871e-03
3.488508751615881920e-03
1.469065435230731964e-03
-3.451256081461906433e-03
-3.600696567445993423e-03
2.192648360505700111e-03
2.448627958074212074e-03
-1.270454027689993382e-03
-3.794928779825568199e-03
1.383109367452561855e-03
5.858523072674870491e-04
-1.760880579240620136e-03
7.428623503074049950e-04
-1.541453297249972820e-03
2.583543304353952408e-03
3.599929157644510269e-03
-1.289051026105880737e-03
2.452586079016327858e-03
3.010859480127692223e-03
8.288164826808497310e-05
-1.317986520007252693e-03
1.000808915705420077e-04
2.108382526785135269e-03
-1.145615824498236179e-03
9.257543133571743965e-04
3.346837591379880905e-03
2.263042610138654709e-03
-2.493620151653885841e-03
7.327796774916350842e-04
5.302267381921410561e-04
3.340200288221240044e-03
1.070117345079779625e-03
1.221216632984578609e-03
-1.549827982671558857e-03
-9.348224266432225704e-04
2.071246504783630371e-03
3.280115779489278793e-03
2.486967947334051132e-03
2.610136521980166435e-03
2.366835484281182289e-03
-7.594483904540538788e-04
-1.962302718311548233e-03
-4.331347299739718437e-04
3.674105275422334671e-03
1.354726497083902359e-03
8.349627023562788963e-04
-3.105384297668933868e-03
-3.470463212579488754e-03
1.086816191673278809e-03
2.447166662022937089e-05
1.255950308404862881e-03
-3.128171432763338089e-03
2.112792135449126363e-04
-1.266827224753797054e-03
1.657958491705358028e-03
1.030450919643044472e-03
-1.770756498444825411e-04
3.755538491532206535e-03
2.714636735618114471e-03
9.591910638846457005e-04
8.137975237332284451e-04
1.315967529080808163e-03
2.197398804128170013e-03
-3.881191601976752281e-03
-2.915839664638042450e-03
-3.663814859464764595e-03
-1.648383564315736294e-03
2.455010311678051949e-03
3.642829600721597672e-03
-3.255328629165887833e-03
-2.295566257089376450e-03
-2.538101980462670326e-03
2.606239402666687965e-03
1.364433905109763145e-03
-1.049907645210623741e-03
-3.507223213091492653e-03
3.245215630158782005e-03
2.582953544333577156e-03
2.965253312140703201e-03
9.471900993958115578e-04
1.321735791862010956e-03
1.082474132999777794e-03
-1.161112566478550434e-03
2.029631432378664613e-04
-3.616448258981108665e-03
1.992361852899193764e-03
1.599653391167521477e-03
-1.272386754862964153e-03
9.282439714297652245e-04
1.316983834840357304e-03
1.936032669618725777e-03
1.294438960030674934e-03
2.840407192707061768e-03
3.139862557873129845e-03
2.868358511477708817e-03
-2.470607636496424675e-03
-3.148474963381886482e-03
-3.031021915376186371e-03
-1.216496340930461884e-03
-3.479079809039831161e-03
3.114185295999050140e-03
-8.587433840148150921e-04
-4.303115420043468475e-04
3.987999516539275646e-04
2.465682802721858025e-03
-2.308590337634086609e-03
1.052004983648657799e-03
3.881077747792005539e-03
1.396585605107247829e-03
2.116310643032193184e-03
-3.625513054430484772e-03
-2.945167478173971176e-03
1.027125050313770771e-03
5.165783222764730453e-04
3.521348582580685616e-03
2.849238924682140350e-03
1.396418665535748005e-03
2.381392521783709526e-03
-5.010309978388249874e-04
-2.957341785077005625e-04
3.585324855521321297e-03
2.212489955127239227e-03
-3.505418542772531509e-03
1.267638290300965309e-03
3.594706533476710320e-03
3.530007321387529373e-03
2.888765186071395874e-03
2.680896781384944916e-03
-2.239609602838754654e-03
1.446745358407497406e-03
2.244483679533004761e-03
1.243962440639734268e-03
-2.790471189655363560e-04
-3.656886750832200050e-03
-5.397433051257394254e-05
1.671207137405872345e-04
3.851932706311345100e-03
3.594245295971632004e-03
8.990388014353811741e-04
-1.256790477782487869e-03
2.395167481154203415e-03
-3.935796848963946104e-04
2.391535323113203049e-03
-2.380292164161801338e-03
2.177408197894692421e-03
-3.485063323751091957e-03
2.422573510557413101e-03
-3.442378249019384384e-03
3.080695169046521187e-03
-1.236654585227370262e-03
1.289349398575723171e-03
3.792649367824196815e-03
-2.038261387497186661e-03
-1.793068484403192997e-03
-2.655702177435159683e-03
