-4.893341101706027985e-04
1.129231997765600681e-03
-3.465382382273674011e-03
3.240023273974657059e-03
-1.128339208662509918e-03
3.725704038515686989e-03
-2.382176695391535759e-03
3.318724920973181725e-03
-5.509220063686370850e-04
-1.623566146008670330e-03
-3.162010107189416885e-03
-1.384424103889614344e-04
-7.365237106569111347e-04
6.181386997923254967e-04
-8.126943430397659540e-05
-1.925208605825901031e-03
-2.138736424967646599e-03
3.594317473471164703e-03
1.864393008872866631e-03
-2.564424648880958557e-03
-1.286418875679373741e-03
1.945186231750994921e-04
-2.827260759659111500e-04
9.781140834093093872e-04
-1.832974143326282501e-03
2.803019713610410690e-03
3.653374442365020514e-04
-3.344454802572727203e-03
6.361246341839432716e-04
2.733243629336357117e-03
-1.947049400769174099e-03
2.819462446495890617e-03
1.145022572018206120e-03
1.722805609460920095e-04
-3.410409204661846161e-03
-3.655028063803911209e-03
1.130842370912432671e-03
1.313092070631682873e-03
-3.275574184954166412e-03
2.046335488557815552e-03
3.506345674395561218e-04
1.565701444633305073e-03
1.947728218510746956e-03
-2.872132929041981697e-03
2.402553102001547813e-03
-1.408023294061422348e-03
-3.371861530467867851e-03
2.556546824052929878e-03
-3.844221821054816246e-03
-2.051905961707234383e-03
2.001027110964059830e-03
2.402470447123050690e-03
-6.716865755151957273e-05
3.239542013034224510e-03
-1.523602404631674290e-03
-9.977462468668818474e-04
-3.878817893564701080e-03
-2.020662650465965271e-03
-3.383190138265490532e-03
-2.309936797246336937e-03
-2.873721765354275703e-03
2.715847687795758247e-03
-2.763502707239240408e-04
2.443269127979874611e-03
6.071766838431358337e-04
-6.517001747852191329e-05
3.573978552594780922e-03
4.028827825095504522e-04
-2.820090157911181450e-03
-3.434664569795131683e-03
1.747557078488171101e-03
1.223539235070347786e-03
-3.297376912087202072e-03
3.295456990599632263e-03
1.717938343062996864e-03
-1.073454623110592365e-03
1.086978125385940075e-03
-3.552015637978911400e-03
1.212801202200353146e-03
8.860051166266202927e-04
3.152408171445131302e-03
3.424010705202817917e-03
-2.185937715694308281e-03
1.250220375368371606e-04
1.444090856239199638e-03
-7.469781558029353619e-04
-1.185435336083173752e-03
2.007440925808623433e-04
3.407530719414353371e-03
1.305163488723337650e-03
9.155624429695308208e-04
3.122119698673486710e-03
-1.013429209706373513e-04
-2.878873609006404877e-03
3.512809053063392639e-03
1.259082811884582043e-03
-1.763998297974467278e-04
1.194093958474695683e-03
8.321769419126212597e-04
-3.386895172297954559e-03
1.111322198994457722e-03
-2.458761213347315788e-03
2.661228878423571587e-03
1.205023028887808323e-03
-3.181092441082000732e-03
6.881327135488390923e-04
-3.761685686185956001e-03
-4.585605638567358255e-04
-3.441756707616150379e-04
-3.480527549982070923e-03
-2.765187295153737068e-03
1.986662158742547035e-03
2.785975113511085510e-03
-9.589668479748070240e-04
-6.150762201286852360e-04
-2.899338956922292709e-03
2.391827758401632309e-03
-9.179858607240021229e-04
-1.926648896187543869e-03
5.043282872065901756e-04
1.081853522919118404e-03
-2.240523463115096092e-03
4.380348400445654988e-06
2.057745819911360741e-03
3.263855585828423500e-03
7.404576172120869160e-04
-1.202789135277271271e-03
-1.629856298677623272e-03
-2.698503900319337845e-03
-5.110400961712002754e-04
1.028747414238750935e-03
-1.823521568439900875e-03
2.831700956448912621e-03
-1.382791320793330669e-03
-1.597685972228646278e-03
7.837295997887849808e-04
-3.592655761167407036e-03
-2.651975955814123154e-03
1.361257513053715229e-03
-2.819532819557934999e-04
1.900533388834446669e-04
-1.076319837011396885e-03
-1.895741326734423637e-03
-6.751385517418384552e-04
1.970141427591443062e-03
-3.474363824352622032e-03
2.511632395908236504e-03
2.371442504227161407e-03
-1.629800302907824516e-03
-1.630120095796883106e-03
-7.256302342284470797e-05
3.742198925465345383e-03
7.864144863560795784e-04
2.896824618801474571e-03
3.814837255049496889e-04
2.907666610553860664e-03
-1.016535796225070953e-03
3.788474481552839279e-03
-1.061632210621610284e-04
-2.253737533465027809e-03
-1.590659958310425282e-03
-7.041460485197603703e-04
-8.316392195411026478e-04
-2.606195397675037384e-03
3.091711318120360374e-03
3.085544100031256676e-03
-9.331666515208780766e-04
3.000174183398485184e-03
2.471089828759431839e-04
-3.856431867461651564e-04
4.486042598728090525e-04
2.665303647518157959e-03
1.118955551646649837e-03
2.122339326888322830e-03
-3.426886978559195995e-04
2.174058230593800545e-03
8.150474604917690158e-05
-2.734712325036525726e-03
6.067986032576300204e-05
-2.115463837981224060e-03
-2.006476745009422302e-03
-2.758357441052794456e-03
-6.133381393738090992e-04
-1.437312312191352248e-04
3.178552491590380669e-03
-1.327177509665489197e-03
-2.702917438000440598e-03
1.787671353667974472e-03
-2.635849406942725182e-03
-8.299281471408903599e-04
1.520483172498643398e-03
-1.035495311953127384e-03
-1.809244626201689243e-03
8.216765127144753933e-04
-3.574657253921031952e-03
-3.895516972988843918e-03
-3.501363680697977543e-04
-3.500139340758323669e-03
-1.114826300181448460e-03
3.882005577906966209e-03
-4.614741192199289799e-04
3.520807949826121330e-03
-3.324002027511596680e-03
-2.001011976972222328e-03
-1.926307333633303642e-03
3.563089994713664055e-03
-2.493886975571513176e-03
3.555367700755596161e-03
2.131366869434714317e-03
-1.092845690436661243e-03
2.469383412972092628e-03
3.761266998481005430e-04
-4.264791787136346102e-04
3.856416558846831322e-03
-2.241319976747035980e-03
1.384491333737969398e-04
-1.997263170778751373e-03
3.456510370597243309e-03
3.640658222138881683e-03
-3.100538393482565880e-03
8.281207992695271969e-04
-3.165475325658917427e-03
-9.758749511092901230e-04
-1.875352347269654274e-03
-5.391151644289493561e-04
-3.727303701452910900e-04
-8.818689384497702122e-04
-1.677180640399456024e-03
-2.152991946786642075e-03
3.823203733190894127e-04
3.455740632489323616e-03
-1.831639208830893040e-03
1.114117680117487907e-03
-1.149768126197159290e-03
-3.525600302964448929e-03
-2.099710050970315933e-03
3.935771237593144178e-04
-1.881759148091077805e-03
-2.596863079816102982e-03
3.721425542607903481e-03
2.166397869586944580e-03
2.549156080931425095e-03
5.223192856647074223e-04
-3.796129021793603897e-03
-2.940702019259333611e-03
1.798887387849390507e-03
-2.275347243994474411e-03
5.143458838574588299e-04
-1.759365550242364407e-03
2.122907200828194618e-03
-1.923879957757890224e-03
-3.397420048713684082e-03
8.347540278919041157e-04
-1.086734700947999954e-03
-2.218252047896385193e-03
3.016042988747358322e-03
