-2.141912234947085381e-03
-2.193194581195712090e-03
-1.466225483454763889e-03
9.519966552034020424e-04
-2.222168492153286934e-03
-2.848696894943714142e-03
-3.623461583629250526e-03
2.771858591586351395e-03
-3.123316215351223946e-03
-1.695417216978967190e-03
-3.847739193588495255e-03
3.460920881479978561e-03
2.014666795730590820e-03
-2.088868059217929840e-03
-1.615406945347785950e-03
1.275515765883028507e-03
1.990156015381217003e-03
-2.525051590055227280e-03
2.530710538849234581e-03
-1.502236467786133289e-03
3.106088843196630478e-03
1.155944308266043663e-03
-6.321091786958277225e-04
-2.193868625909090042e-03
5.736039602197706699e-04
-2.410907531157135963e-03
-2.506972523406147957e-03
1.569958985783159733e-03
-9.570480324327945709e-04
-2.281706692883744836e-04
2.885214518755674362e-03
2.361393067985773087e-03
-1.576944836415350437e-03
-1.627907040528953075e-03
-1.769512658938765526e-03
5.577151896432042122e-04
3.556002397090196609e-03
1.087433192878961563e-03
3.612251719459891319e-03
-1.784269581548869610e-03
-3.670186270028352737e-03
2.547684591263532639e-03
6.105402717366814613e-04
2.666736254468560219e-03
-3.817601827904582024e-03
-3.144275629892945290e-03
-2.059741644188761711e-03
1.794394454918801785e-03
3.568991320207715034e-03
-2.559472806751728058e-03
1.076724263839423656e-03
-9.353388450108468533e-04
1.303382101468741894e-03
3.096760716289281845e-03
1.818488999560941011e-05
4.790549573954194784e-04
3.652437357231974602e-03
1.261304598301649094e-03
-4.543722025118768215e-04
-2.130387816578149796e-03
-2.160879375878721476e-04
-3.654886502772569656e-03
-5.685070645995438099e-04
-2.368907677009701729e-03
8.279372705146670341e-04
7.601200923090800643e-05
1.964023802429437637e-03
-4.891663556918501854e-04
1.715779537335038185e-03
1.668055541813373566e-03
-2.986751962453126907e-03
8.360255014849826694e-05
3.117073792964220047e-03
2.549461787566542625e-03
-1.709913602098822594e-03
-3.142127301543951035e-03
2.039993880316615105e-03
-2.819361630827188492e-03
1.075494685210287571e-03
-1.817580428905785084e-03
-2.851655008271336555e-03
1.522507751360535622e-03
-2.892873715609312057e-03
8.595313411206007004e-04
-1.210902119055390358e-03
3.823904320597648621e-03
1.115643768571317196e-03
1.471374882385134697e-03
3.383532457519322634e-04
-1.915960805490612984e-03
-1.902336603961884975e-03
4.037550243083387613e-04
-2.099114237353205681e-03
-2.409522858215495944e-04
3.292204346507787704e-03
-1.279925578273832798e-03
4.070188733749091625e-04
-4.906061221845448017e-04
3.609318053349852562e-03
2.515625907108187675e-03
-3.213415155187249184e-03
1.017301110550761223e-03
3.301358316093683243e-03
3.841457655653357506e-03
-3.324282006360590458e-04
5.359616989153437316e-05
-2.552269492298364639e-03
-1.811406575143337250e-03
1.527974498458206654e-03
3.719824308063834906e-04
9.240552899427711964e-04
2.300224266946315765e-03
3.804701147601008415e-03
-2.865834394469857216e-04
-2.171092928620055318e-04
2.933616051450371742e-03
-9.299500961787998676e-04
2.049299422651529312e-03
2.777630696073174477e-03
-1.119656837545335293e-03
-3.583786776289343834e-03
2.580462489277124405e-03
8.676491561345756054e-04
-3.104463219642639160e-03
2.563974354416131973e-03
-1.041657873429358006e-03
1.613740576431155205e-03
1.529838773421943188e-03
-9.125406504608690739e-04
1.098859007470309734e-03
2.771371509879827499e-03
1.170651987195014954e-03
1.850680331699550152e-03
6.791000487282872200e-04
3.158546518534421921e-03
2.578496350906789303e-04
1.275262329727411270e-03
-3.365675685927271843e-03
-3.199715167284011841e-03
1.566527644172310829e-03
2.186640049330890179e-04
1.104772207327187061e-03
-3.296193899586796761e-03
-2.226654672995209694e-03
-2.112750196829438210e-03
2.207556506618857384e-03
-2.301723696291446686e-03
1.545785693451762199e-03
-3.086245560552924871e-04
1.072257728083059192e-04
-1.555266790091991425e-03
-1.958212378667667508e-04
3.077972505707293749e-04
3.057151800021529198e-03
-1.486909226514399052e-03
2.390094567090272903e-03
1.953913131728768349e-03
1.113876351155340672e-03
-1.358919776976108551e-03
-1.375455874949693680e-03
3.504506777971982956e-03
-4.414177383296191692e-04
-1.295489491894841194e-03
-1.095457118935883045e-03
2.951067406684160233e-03
-3.305355319753289223e-03
2.195988781750202179e-03
2.848980482667684555e-03
-2.956432057544589043e-03
-3.585684578865766525e-03
2.098437398672103882e-03
2.015327103435993195e-03
-3.080563852563500404e-03
2.010006923228502274e-03
1.949469326063990593e-03
-2.289524534717202187e-03
-3.384004812687635422e-04
2.358511323109269142e-03
1.971813151612877846e-03
2.696708077564835548e-03
1.894819550216197968e-03
3.144418355077505112e-03
3.245425876230001450e-03
-1.024814439006149769e-03
1.220141770318150520e-03
-2.871808595955371857e-03
3.009769599884748459e-03
-8.546829922124743462e-04
-1.077191904187202454e-03
-2.671790134627372026e-04
-1.181764964712783694e-04
1.055293396348133683e-04
-2.047675894573330879e-03
-2.070348011329770088e-03
-5.153319216333329678e-04
-9.703972609713673592e-04
-3.409616183489561081e-03
6.122788181528449059e-04
3.542691003531217575e-03
2.799467416480183601e-03
-2.544326707720756531e-03
-6.177194300107657909e-04
3.198557766154408455e-03
3.542349440976977348e-03
2.308614086359739304e-03
-1.994665944948792458e-03
1.779299112968146801e-03
-1.508816843852400780e-03
-3.135463921353220940e-03
-2.366950036957859993e-03
7.204642752185463905e-04
-2.528057200834155083e-03
-3.811975009739398956e-03
-2.711104461923241615e-03
-2.284106798470020294e-03
3.855305956676602364e-03
6.234344909898936749e-04
-7.819652819307520986e-05
-1.028827740810811520e-03
3.028717765118926764e-04
-3.250343434046953917e-04
-1.038434565998613834e-03
-3.760123625397682190e-03
-3.555433824658393860e-03
2.293547382578253746e-03
-5.768088740296661854e-04
2.200885675847530365e-03
3.663185998448170722e-05
-2.106387168169021606e-03
-3.349293023347854614e-03
-9.833427611738443375e-04
1.420090091414749622e-03
3.090915502980351448e-03
-3.706829389557242393e-03
5.807462730444967747e-04
-1.621406059712171555e-03
-3.589426167309284210e-03
-3.239679848775267601e-03
2.827018732205033302e-03
-6.737400544807314873e-04
3.388650249689817429e-03
3.660032292827963829e-03
-3.477608785033226013e-03
6.137865711934864521e-04
-1.003952114842832088e-03
2.074677031487226486e-03
-1.647240133024752140e-03
2.467850688844919205e-03
-3.924097400158643723e-04
1.220868201926350594e-03
-3.884618403390049934e-03
-4.886449460173025727e-05
4.760341544169932604e-04
-1.364530035061761737e-04
1.744049252010881901e-03
3.619967494159936905e-03
