1.072311308234930038e-03
-5.135782994329929352e-04
-8.330017444677650928e-04
3.424146678298711777e-03
-2.536188345402479172e-03
-3.127931617200374603e-03
-2.583906170912086964e-04
1.606687088496983051e-03
3.653416875749826431e-03
-3.328371094539761543e-03
-2.425678540021181107e-03
-2.966105239465832710e-03
-1.126833143644034863e-03
-2.497107721865177155e-03
-1.747619477100670338e-03
-3.256692551076412201e-03
-3.858106909319758415e-03
-3.857370233163237572e-03
2.594506600871682167e-03
2.975384704768657684e-04
-2.469234867021441460e-03
-1.290999236516654491e-03
-3.250571666285395622e-03
1.300682546570897102e-03
2.214112551882863045e-03
-7.894824957475066185e-04
-1.373538514599204063e-03
-3.684273920953273773e-03
2.689189743250608444e-03
-3.213789779692888260e-03
-1.397262327373027802e-03
7.886261300882324576e-05
2.827388932928442955e-03
-6.702323444187641144e-04
-1.480408594943583012e-03
3.901483723893761635e-03
-1.228055218234658241e-03
-1.753174350596964359e-03
3.735973732545971870e-03
-1.203232022817246616e-05
3.344732336699962616e-03
-5.636764108203351498e-04
-2.611997479107230902e-04
3.056870540603995323e-03
9.509221999906003475e-04
1.573172979988157749e-03
1.310120453126728535e-03
-1.306146499700844288e-03
-3.218890924472361803e-04
3.766821231693029404e-03
-3.545134561136364937e-03
3.627694910392165184e-03
1.482322113588452339e-03
1.708616502583026886e-03
-1.470591756515204906e-03
-2.217079512774944305e-03
-4.506654513534158468e-04
-1.469623966841027141e-04
-2.461176831275224686e-03
-2.876729238778352737e-03
-2.678107703104615211e-03
3.366326214745640755e-03
-2.275498816743493080e-03
1.472580363042652607e-03
-3.669850528240203857e-03
-2.439270028844475746e-03
2.026084344834089279e-03
-1.911476138047873974e-04
2.592265140265226364e-03
3.527932101860642433e-03
2.795044798403978348e-03
-3.225404769182205200e-03
2.131062094122171402e-03
-4.045666719321161509e-04
1.297867973335087299e-03
8.933182107284665108e-04
-2.200471004471182823e-03
2.621732186526060104e-03
2.063708612695336342e-03
2.796897664666175842e-03
3.167885122820734978e-03
3.770557465031743050e-03
3.548500360921025276e-03
-9.451262885704636574e-04
5.652204854413866997e-04
-2.444686600938439369e-03
2.406951272860169411e-03
3.687094431370496750e-03
-2.539367182180285454e-03
-2.638264792039990425e-03
-3.410828532651066780e-03
-3.082834882661700249e-03
-2.180762821808457375e-03
3.158973762765526772e-03
-1.542571582831442356e-03
-2.166466321796178818e-03
1.962754409760236740e-03
-2.367945155128836632e-03
-2.571956021711230278e-03
-3.545456565916538239e-03
-2.027833601459860802e-03
-8.582954178564250469e-04
2.431607339531183243e-03
3.583540441468358040e-03
2.943460713140666485e-04
3.542548278346657753e-03
-1.747081056237220764e-03
3.634369699284434319e-03
2.018476370722055435e-03
-2.666560700163245201e-03
-5.239011370576918125e-04
-2.228989265859127045e-03
-2.892344258725643158e-03
3.292168490588665009e-03
-3.646967234089970589e-03
2.136195776984095573e-03
-3.486260073259472847e-03
-1.861530006863176823e-03
-2.002657158300280571e-03
-2.492390805855393410e-03
-2.729117404669523239e-03
1.673580845817923546e-04
1.612843247130513191e-03
2.315555466338992119e-03
3.221871331334114075e-03
-3.159747458994388580e-03
-2.144153928384184837e-03
1.547796651721000671e-03
-1.836662995629012585e-04
1.586289610713720322e-03
-2.978889970108866692e-03
-2.040859835688024759e-04
-2.848519012331962585e-03
1.128928503021597862e-03
-1.079263282008469105e-03
-1.203437102958559990e-03
2.302772598341107368e-03
-3.157095285132527351e-03
-2.996095463458914310e-05
1.826811232604086399e-03
-3.772563533857464790e-03
2.361781429499387741e-03
-2.879077102988958359e-03
-8.745313971303403378e-04
2.212036633864045143e-03
-2.848644042387604713e-03
1.007026294246315956e-03
1.985717099159955978e-03
-2.678964519873261452e-03
-2.217939356341958046e-03
1.459124498069286346e-03
2.949812682345509529e-03
1.889717066660523415e-03
3.341389354318380356e-03
-3.299465868622064590e-03
-2.691208152100443840e-03
-3.852323861792683601e-03
-3.517672652378678322e-03
-5.719606415368616581e-04
3.310875035822391510e-04
-2.725493395701050758e-03
-7.572222966700792313e-04
-2.118765842169523239e-03
2.650825306773185730e-03
2.942275488749146461e-03
-1.256242278032004833e-03
3.611768595874309540e-03
2.330921823158860207e-03
-3.103895112872123718e-03
-2.637034514918923378e-03
2.847605850547552109e-03
-1.754407421685755253e-03
-1.056018518283963203e-03
2.486367477104067802e-03
-9.982752380892634392e-04
2.860760549083352089e-03
-3.236097283661365509e-03
3.808328183367848396e-03
2.409634646028280258e-03
-1.295274589210748672e-03
2.880822401493787766e-03
1.142225810326635838e-03
-3.707515075802803040e-03
-2.034352393820881844e-03
1.230239286087453365e-03
1.548531698063015938e-03
-7.108043791959062219e-05
-2.130233217030763626e-03
1.091024605557322502e-03
-1.315096043981611729e-03
2.396058698650449514e-04
-2.981067867949604988e-03
-1.598539762198925018e-03
-3.649338395916856825e-05
-1.465647132135927677e-03
8.690460817888379097e-04
-2.497396781109273434e-05
-9.998646564781665802e-04
3.244822612032294273e-03
-4.651294148061424494e-04
-2.743539400398731232e-03
-2.374114003032445908e-03
-2.284544520080089569e-03
-2.237001666799187660e-03
-4.352185642346739769e-04
-2.528207376599311829e-03
-2.728587714955210686e-04
-1.352294464595615864e-03
-8.144844323396682739e-04
-2.245590789243578911e-03
3.656821092590689659e-03
-3.332608146592974663e-03
-2.930334070697426796e-03
2.672366099432110786e-04
-1.710088108666241169e-03
-1.946017029695212841e-03
-3.669204306788742542e-04
2.926875837147235870e-03
2.595764817669987679e-03
9.627964755054563284e-05
1.635339722270146012e-04
1.677598920650780201e-03
1.038717527990229428e-04
-2.610157011076807976e-03
-1.826084800995886326e-03
-2.016532933339476585e-03
5.809966023662127554e-05
-3.097313921898603439e-03
2.148860367015004158e-03
5.961980205029249191e-04
3.890777006745338440e-03
2.390950685366988182e-03
8.447603904642164707e-04
3.084486350417137146e-03
-3.039546776562929153e-03
2.580217784270644188e-03
2.485427074134349823e-03
2.608443610370159149e-03
2.190311439335346222e-03
4.491100262384861708e-04
-2.826978743541985750e-04
-3.796620527282357216e-03
6.652607698924839497e-04
2.795992884784936905e-03
-3.196555888280272484e-03
3.455399768427014351e-03
1.048052072292193770e-04
-3.661740571260452271e-03
1.902961048472207040e-05
1.295036927331238985e-04
-3.785808570683002472e-03
1.175756915472447872e-03
3.211592091247439384e-03
-1.684513408690690994e-03
-2.519978675991296768e-03
9.337973897345364094e-04
