-2.121998229995369911e-03
3.466295020189136267e-04
-1.321330782957375050e-03
-5.345540703274309635e-04
1.857152325101196766e-03
5.720701883547008038e-04
2.944753970950841904e-03
3.686574520543217659e-03
-3.799241967499256134e-03
1.325498451478779316e-03
-2.860851818695664406e-03
1.478929189033806324e-03
2.766241319477558136e-03
1.626683515496551991e-03
-1.823001075536012650e-03
-7.788010989315807819e-04
-1.914554508402943611e-03
-2.866715891286730766e-03
-3.588089020922780037e-03
-3.405061084777116776e-03
3.222304629161953926e-03
-1.243388396687805653e-03
3.499256214126944542e-03
-1.233959454111754894e-03
-1.931047416292130947e-03
-2.563115675002336502e-03
-8.391556330025196075e-04
8.384126704186201096e-04
3.143360372632741928e-04
-2.134890994057059288e-03
-1.754353870637714863e-03
3.771505085751414299e-03
-3.686909331008791924e-03
2.992854919284582138e-03
-1.234321272931993008e-03
-1.988799340324476361e-05
3.950520476792007685e-04
-3.630232997238636017e-03
3.589380357880145311e-04
6.608301191590726376e-04
-7.876762538217008114e-04
1.207809182233177125e-04
3.733481978997588158e-03
-7.960854563862085342e-04
3.706395626068115234e-03
-6.931218085810542107e-04
-1.033080508932471275e-03
2.886482980102300644e-04
2.045094501227140427e-03
2.289169933646917343e-03
3.520366270095109940e-03
2.926276763901114464e-03
-3.668321529403328896e-03
2.188311656937003136e-03
7.835692376829683781e-04
-1.964067807421088219e-03
1.494235359132289886e-03
-1.960368826985359192e-03
-3.850608132779598236e-03
3.714572638273239136e-03
-2.531015546992421150e-03
8.645537309348583221e-04
-1.538593904115259647e-03
6.862217560410499573e-04
-5.753312143497169018e-04
-2.810922742355614901e-04
3.266878426074981689e-03
-1.449577161110937595e-03
4.792170948348939419e-04
-2.114238450303673744e-03
3.517266362905502319e-03
6.364228902384638786e-04
3.631934756413102150e-03
1.898161135613918304e-03
1.576291746459901333e-03
-2.791712526232004166e-03
-3.746635047718882561e-03
-2.382287057116627693e-03
-2.036985475569963455e-03
-6.647682166658341885e-04
2.560058375820517540e-03
-3.030358311661984771e-05
2.818112727254629135e-03
-3.276871284469962120e-03
-1.593598863109946251e-03
1.756702549755573273e-03
2.470606938004493713e-03
1.958827488124370575e-03
-1.988597250601742417e-05
-1.608067541383206844e-03
-2.918071346357464790e-03
8.906588773243129253e-04
-1.681900117546319962e-03
3.677555359899997711e-04
-3.381048562005162239e-03
-2.297083614394068718e-03
3.186660353094339371e-03
1.836553448811173439e-03
-2.171083819121122360e-03
-1.577292685396969318e-03
2.064312575384974480e-03
2.940465928986668587e-04
1.431211247108876705e-03
-4.501394287217408419e-04
6.901988526806235313e-04
-3.139136824756860733e-04
-2.091526403091847897e-05
2.174917142838239670e-03
-1.931858714669942856e-03
-6.205121171660721302e-04
3.103860188275575638e-03
5.317573668435215950e-04
-7.966078701429069042e-04
-3.306939266622066498e-03
9.470254299230873585e-04
-3.302994649857282639e-03
-9.387858153786510229e-05
-1.803779858164489269e-03
3.762512700632214546e-03
-1.672246493399143219e-03
-1.473137410357594490e-03
-1.969967270269989967e-03
-3.590770531445741653e-03
8.989596390165388584e-04
3.206559456884860992e-03
8.222464821301400661e-04
1.307404600083827972e-03
-3.849756321869790554e-04
-3.157843835651874542e-03
-1.682856818661093712e-03
-5.114238592796027660e-05
1.454595825634896755e-03
2.199105918407440186e-03
3.104332834482192993e-03
-5.524715525098145008e-04
-2.954383846372365952e-03
-2.989829052239656448e-03
3.317523980513215065e-03
-1.801535487174987793e-03
9.797400707611814141e-06
3.690321464091539383e-03
6.351898191496729851e-04
-2.254002494737505913e-03
3.270769724622368813e-03
7.384909549728035927e-04
-3.528198227286338806e-03
8.077828679233789444e-04
1.265195081941783428e-03
-3.818951081484556198e-03
-2.618927508592605591e-03
-6.984087522141635418e-04
4.668527399189770222e-04
3.458372317254543304e-03
3.657839493826031685e-03
2.014008350670337677e-03
2.782732946798205376e-03
-4.296942206565290689e-04
-7.329005165956914425e-04
3.697933396324515343e-03
-2.942455466836690903e-03
2.969306427985429764e-03
1.232163631357252598e-03
1.479432685300707817e-03
2.607691567391157150e-03
-3.679283428937196732e-03
3.224487882107496262e-03
2.077088691294193268e-03
3.652316052466630936e-03
1.638195972191169858e-04
-1.634497079066932201e-03
1.559593714773654938e-03
-1.884241006337106228e-03
2.093340270221233368e-03
3.668355522677302361e-03
1.004401361569762230e-03
-2.224838361144065857e-03
3.572664922103285789e-03
-3.584940219298005104e-03
-9.690175065770745277e-04
-1.510439557023346424e-03
1.295391819439828396e-03
2.351015107706189156e-03
-2.422128891339525580e-04
6.388427573256194592e-04
2.394266659393906593e-03
-6.769797764718532562e-04
2.246897434815764427e-03
2.816296415403485298e-03
-1.042193849571049213e-03
3.029659390449523926e-03
-1.487492467276751995e-03
-3.201861865818500519e-03
1.947514945641160011e-03
2.031069714576005936e-03
9.664020763011649251e-05
-3.406452480703592300e-03
-1.633802021387964487e-04
-2.457635011523962021e-03
1.266912440769374371e-03
-1.908282749354839325e-03
3.832006361335515976e-03
4.939701757393777370e-04
2.459787297993898392e-03
3.279819851741194725e-03
-1.373368897475302219e-03
-3.234986681491136551e-03
-3.672138554975390434e-03
-9.990667458623647690e-04
3.203661879524588585e-03
2.644761232659220695e-03
-3.870579181239008904e-03
6.879963912069797516e-04
5.519129917956888676e-04
3.192340955138206482e-03
2.916008234024047852e-03
3.963339840993285179e-04
3.546637250110507011e-03
1.375547377392649651e-03
3.160738619044423103e-03
3.237597877159714699e-03
-3.808788256719708443e-03
-1.180145540274679661e-03
2.202758565545082092e-03
3.557227086275815964e-03
1.044571283273398876e-03
2.007815055549144745e-03
-3.052502172067761421e-03
-3.210512455552816391e-03
-2.645829459652304649e-03
-1.179770450107753277e-03
-2.709796186536550522e-03
2.795600332319736481e-03
-1.264810329303145409e-03
3.428981406614184380e-03
2.527584554627537727e-03
2.301583153894171119e-04
3.392984392121434212e-03
3.835571696981787682e-04
1.567187369801104069e-03
-3.560346551239490509e-03
7.822237093932926655e-04
-2.817167202010750771e-03
-4.074265889357775450e-04
-5.952779902145266533e-04
5.595475086010992527e-04
6.519226735690608621e-05
-3.709134645760059357e-03
4.295265825930982828e-04
-1.629999896977096796e-04
-2.479455899447202682e-03
-2.043601125478744507e-04
1.601127325557172298e-03
-3.939205780625343323e-04
-3.543606027960777283e-03
-3.030045190826058388e-03
-3.140962217003107071e-03
