1.416790881194174290e-03
7.681564311496913433e-04
-3.682708367705345154e-03
-1.351744722342118621e-04
-9.976540459319949150e-04
-6.439051940105855465e-04
-2.054491633316501975e-04
2.456344664096832275e-03
3.380738431587815285e-03
-1.127594616264104843e-03
-2.992019988596439362e-03
2.480728144291788340e-04
-5.390995647758245468e-04
-5.519238766282796860e-04
1.903979573398828506e-03
3.136377781629562378e-03
3.620848292484879494e-03
2.839825348928570747e-03
2.448357408866286278e-03
-3.210544120520353317e-03
-2.060888800770044327e-03
3.675264772027730942e-03
7.110502920113503933e-04
1.866618869826197624e-03
1.360146910883486271e-03
2.423160243779420853e-03
-1.357838627882301807e-03
2.765284618362784386e-03
3.267014864832162857e-03
1.428726129233837128e-03
1.198302838020026684e-03
9.326050640083849430e-04
1.346859033219516277e-03
-9.868001798167824745e-04
-2.559318963903933764e-04
-1.302942051552236080e-03
3.343882737681269646e-03
1.879028975963592529e-03
3.888572333380579948e-03
-2.837439300492405891e-03
-1.153967023128643632e-04
1.619814545847475529e-03
-1.423435867764055729e-03
3.745968686416745186e-03
-3.285835962742567062e-03
-3.362224902957677841e-03
-1.775023876689374447e-03
4.414294962771236897e-04
-3.384901210665702820e-03
-3.302114084362983704e-03
-2.032715128734707832e-03
-1.548007363453507423e-03
1.552460016682744026e-03
-1.181083964183926582e-03
2.045998116955161095e-04
-3.576804650947451591e-03
-2.191709587350487709e-03
-1.063455361872911453e-03
-8.022133843041956425e-04
-3.768336493521928787e-03
6.189848063513636589e-04
2.250167774036526680e-03
2.323771826922893524e-03
3.323088865727186203e-03
3.710387099999934435e-04
-7.416743319481611252e-04
-2.390283625572919846e-03
-1.967474527191370726e-04
2.159936586394906044e-03
1.285285252379253507e-04
-1.867361133918166161e-03
-1.246918924152851105e-03
-1.169888651929795742e-03
-1.823524478822946548e-03
-2.054169075563549995e-03
3.442338202148675919e-03
-2.045483328402042389e-03
-2.529131248593330383e-03
-1.433025812730193138e-03
-5.358590860851109028e-04
2.278936095535755157e-03
-3.072968916967511177e-03
2.640790538862347603e-03
7.493860903196036816e-04
1.586787169799208641e-03
-3.155747428536415100e-03
1.926617464050650597e-03
1.428454997949302197e-03
-3.532775910571217537e-03
-2.436440205201506615e-03
5.604997277259826660e-04
-7.781152962706983089e-04
-6.844362942501902580e-04
3.259183722548186779e-04
8.461878751404583454e-04
-2.718705683946609497e-03
-1.575452974066138268e-03
2.582089276984333992e-03
-1.972086494788527489e-03
-5.006146384403109550e-04
-3.470865078270435333e-03
-1.453699194826185703e-03
3.680572146549820900e-03
-2.802425995469093323e-03
1.273868401767686009e-04
-1.050305581884458661e-04
1.610314706340432167e-03
-1.394215505570173264e-03
3.064958844333887100e-03
-2.245740499347448349e-03
-1.728391158394515514e-03
1.401773886755108833e-03
3.803970059379935265e-03
1.742881839163601398e-03
-1.051723724231123924e-03
1.159584731794893742e-03
1.962695037946105003e-03
-9.967515943571925163e-04
-3.623647149652242661e-03
-2.331905299797654152e-03
-1.591580105014145374e-03
3.317052498459815979e-03
-1.712265424430370331e-03
-1.074631465598940849e-03
2.536480082198977470e-03
-2.956765238195657730e-03
-3.444807836785912514e-03
-2.165119658457115293e-04
-2.646221313625574112e-03
5.254604548099450767e-05
1.892165397293865681e-03
3.707934403792023659e-03
-6.895395927131175995e-04
2.927558030933141708e-03
-2.724925288930535316e-03
-1.404441660270094872e-03
2.086281543597579002e-03
-1.105651725083589554e-03
2.852278528735041618e-03
-1.553999260067939758e-03
-5.108427139930427074e-04
-2.468836959451436996e-03
2.700961660593748093e-03
-3.723371308296918869e-03
7.838808232918381691e-04
2.910021459683775902e-03
-2.039670944213867188e-03
1.970914425328373909e-03
3.345831064507365227e-03
-2.017074730247259140e-03
2.203529438702389598e-04
2.498135436326265335e-03
3.033634740859270096e-03
-3.731957636773586273e-03
1.146477414295077324e-03
-1.250911853276193142e-03
4.164252022746950388e-04
-2.037140307947993279e-03
-1.910899300128221512e-03
-1.660040463320910931e-03
-1.901510171592235565e-03
3.705157199874520302e-03
4.328455834183841944e-04
2.794630825519561768e-03
-2.353795571252703667e-03
2.433170564472675323e-03
-2.112911082804203033e-03
3.146713133901357651e-03
2.035441109910607338e-03
-3.542204620316624641e-03
2.492395695298910141e-03
-5.856630159541964531e-04
3.526701591908931732e-03
-1.918549183756113052e-03
-1.670208293944597244e-03
-2.624552696943283081e-03
1.767780631780624390e-04
-2.057238714769482613e-03
1.680096494965255260e-03
-7.862926577217876911e-04
-9.570131660439074039e-04
-2.333731856197118759e-03
-3.348217578604817390e-03
-1.734286430291831493e-03
-1.140799606218934059e-03
3.486102912575006485e-03
-3.356462344527244568e-03
3.285086248070001602e-03
-2.177778398618102074e-03
-3.309641266241669655e-03
-3.060140646994113922e-03
6.455946131609380245e-04
-3.817864460870623589e-03
-5.230778479017317295e-04
3.113597631454467773e-03
1.042712945491075516e-03
8.803235832601785660e-04
-2.227052813395857811e-03
-1.829262007959187031e-03
7.453748257830739021e-04
6.538449670188128948e-04
-3.845233470201492310e-03
2.545982366427779198e-03
-2.945386106148362160e-03
8.621262386441230774e-04
1.834140392020344734e-03
-1.878307812148705125e-04
2.504603238776326180e-03
-2.011042088270187378e-03
1.150713069364428520e-03
-3.823759965598583221e-03
-1.442418666556477547e-03
1.565139857120811939e-03
-3.760478226467967033e-03
-2.726253820583224297e-03
-2.057598903775215149e-03
2.558929845690727234e-03
3.592919092625379562e-03
-1.043710624799132347e-03
2.140319673344492912e-03
7.972505409270524979e-04
-4.430986882653087378e-04
-8.342266664840281010e-04
-6.674817996099591255e-04
1.990349730476737022e-03
-1.274695503525435925e-03
-3.362418385222554207e-03
3.131456673145294189e-03
2.728981780819594860e-04
3.216171870008111000e-03
-3.675793996080756187e-03
-3.099893685430288315e-03
-2.264570444822311401e-03
3.798902907874435186e-04
-1.886216807179152966e-03
-3.326255828142166138e-03
2.579292922746390104e-04
2.006636234000325203e-03
3.933125699404627085e-04
-2.533230232074856758e-03
-9.800727711990475655e-04
3.330246778205037117e-03
-1.807655906304717064e-03
-1.925599644891917706e-03
1.913214073283597827e-04
-3.613680135458707809e-03
3.562370256986469030e-04
-1.816320698708295822e-03
-2.168534090742468834e-03
4.338532744441181421e-04
-1.547347870655357838e-03
-3.557862713932991028e-03
3.345432691276073456e-03
1.579917880007997155e-04
-2.476012799888849258e-03
-2.367099514231085777e-03
