1.868944498710334301e-03
2.652646042406558990e-03
-2.608807117212563753e-04
-1.265081111341714859e-03
3.032345091924071312e-03
-5.231868708506226540e-04
2.611270174384117126e-03
3.096109023317694664e-03
-5.065535660833120346e-04
1.565495505928993225e-03
-2.758403541520237923e-03
1.394850783981382847e-03
-1.734458026476204395e-03
-1.570297754369676113e-03
-2.655876334756612778e-03
-1.806663232855498791e-03
2.113029826432466507e-03
6.084950873628258705e-04
1.449319766834378242e-03
9.034795803017914295e-04
9.029987268149852753e-04
2.600975101813673973e-03
2.594603574834764004e-04
-1.662049558945000172e-03
-1.054512220434844494e-03
-2.418141084490343928e-04
3.853952046483755112e-03
3.393281018361449242e-03
1.531283051008358598e-04
1.808452652767300606e-03
-6.940831081010401249e-04
-1.957115251570940018e-03
2.618836588226258755e-04
8.413749746978282928e-04
9.508433286100625992e-04
-2.040990162640810013e-03
1.777468132786452770e-03
-2.780423033982515335e-03
-2.827117685228586197e-03
3.299765987321734428e-03
5.221860483288764954e-04
3.512834431603550911e-03
1.430020900443196297e-03
1.514725037850439548e-03
2.451665641274303198e-04
1.359309535473585129e-03
-3.854483133181929588e-03
2.414240734651684761e-03
7.905560196377336979e-04
-2.190669532865285873e-03
3.399651264771819115e-03
-1.287552295252680779e-03
-1.623340183869004250e-03
2.873772988095879555e-03
1.035439316183328629e-03
-1.124441274441778660e-03
-1.670908066444098949e-03
2.082642633467912674e-03
3.436845960095524788e-03
-3.271248657256364822e-03
-5.570711800828576088e-04
-2.238296903669834137e-03
-3.216848126612603664e-04
2.398567739874124527e-03
-2.681153127923607826e-03
-3.087286837399005890e-03
3.165958682075142860e-03
1.177830272354185581e-03
1.348732504993677139e-03
3.502843668684363365e-03
-1.116896513849496841e-03
2.317747130291536450e-04
-1.946126110851764679e-03
3.370848018676042557e-03
-3.450475633144378662e-03
2.079206285998225212e-03
3.735149977728724480e-03
8.567567565478384495e-04
2.264422597363591194e-03
-2.004042966291308403e-03
-3.530335845425724983e-03
1.833141897805035114e-03
-2.767664147540926933e-03
-1.616763882339000702e-03
3.815863747149705887e-03
-1.986892893910408020e-03
-2.355878241360187531e-03
-2.179428935050964355e-03
-1.261490164324641228e-03
2.583468798547983170e-03
3.611237742006778717e-03
-6.277143838815391064e-04
-8.588354103267192841e-04
-2.669783309102058411e-03
2.766441321000456810e-03
3.468250390142202377e-03
1.424546935595571995e-03
3.664551535621285439e-03
-1.427518553100526333e-03
-3.560991492122411728e-03
2.007980365306138992e-03
3.151164390146732330e-03
6.263737450353801250e-04
6.634563906118273735e-04
3.813114482909440994e-03
-1.685475697740912437e-03
3.698911285027861595e-03
1.327537582255899906e-03
4.694406525231897831e-04
3.121869172900915146e-03
3.608318511396646500e-03
-3.531502792611718178e-03
3.289229702204465866e-03
-2.496570348739624023e-03
-2.369543537497520447e-03
-1.186503912322223186e-03
-2.319727500434964895e-04
-3.549328306689858437e-03
-2.399342600256204605e-03
-3.781099105253815651e-03
-3.571659326553344727e-03
3.827533684670925140e-03
8.040851680561900139e-04
2.319048857316374779e-03
-2.525233896449208260e-03
-9.504642221145331860e-04
9.903532918542623520e-04
-3.311459673568606377e-03
-1.542245969176292419e-03
-2.753147855401039124e-03
3.863439196720719337e-03
2.567206276580691338e-03
3.117502434179186821e-03
-1.291984342969954014e-03
3.911647945642471313e-03
-1.294588437303900719e-03
1.648485194891691208e-03
-1.517922966741025448e-03
3.784559201449155807e-03
-2.875387435778975487e-03
8.742253412492573261e-04
-2.459793817251920700e-03
3.551270114257931709e-03
2.524144365452229977e-04
-2.147303661331534386e-03
-2.445166697725653648e-03
-1.244804007001221180e-04
-2.063228515908122063e-03
-2.165745710954070091e-03
2.020790241658687592e-03
-3.760100342333316803e-03
-3.655598266050219536e-03
-1.872412045486271381e-03
3.446897026151418686e-03
-1.328712212853133678e-03
-1.068405690602958202e-03
-6.870371289551258087e-04
2.770877443253993988e-03
-9.345489670522511005e-04
3.782494226470589638e-03
3.601168515160679817e-03
-2.652291674166917801e-03
-3.866351209580898285e-03
1.473924610763788223e-03
-9.655212052166461945e-04
-2.274235710501670837e-03
-3.231272101402282715e-03
5.256046424619853497e-04
-1.605252386070787907e-03
-3.412530990317463875e-03
-3.914299304597079754e-05
1.055014901794493198e-03
-1.445927075110375881e-03
1.966615207493305206e-03
3.448158269748091698e-03
-1.079275272786617279e-03
-5.177410785108804703e-04
-2.968214976135641336e-04
1.991578377783298492e-03
-1.022751559503376484e-03
3.745369031094014645e-05
5.677018780261278152e-04
3.130964178126305342e-04
3.206139197573065758e-03
-2.181154210120439529e-03
3.173083765432238579e-03
1.711894874460995197e-03
-2.398500218987464905e-03
3.488253336399793625e-03
5.606801714748144150e-04
-3.318595699965953827e-03
2.478625392541289330e-04
-3.861551638692617416e-03
-3.030416788533329964e-03
9.358086972497403622e-04
-5.991830257698893547e-04
2.185347257182002068e-03
-3.037268994376063347e-03
2.198522211983799934e-03
2.319614213774912059e-05
1.463712309487164021e-03
1.897869049571454525e-03
-2.950827358290553093e-03
1.421078108251094818e-03
3.029972082003951073e-03
5.601780139841139317e-05
-1.440498628653585911e-03
1.471831346862018108e-03
1.598041999386623502e-04
-2.973603084683418274e-03
-3.017286537215113640e-03
3.666537813842296600e-03
-2.132358029484748840e-03
3.414390841498970985e-03
-2.268299926072359085e-03
-2.335208235308527946e-03
2.727279439568519592e-03
3.352081403136253357e-03
-3.049660008400678635e-03
1.772483228705823421e-03
-2.033305587247014046e-03
1.566285383887588978e-03
-2.508227713406085968e-03
-1.393138896673917770e-03
-1.855075242929160595e-03
-3.863220335915684700e-03
-1.101017813198268414e-03
3.235266311094164848e-03
2.370412228628993034e-03
7.079701754264533520e-04
-3.796952310949563980e-03
2.661000704392790794e-03
-7.309393840841948986e-04
1.366994227282702923e-03
2.557580359280109406e-03
1.644878648221492767e-03
-4.923635860905051231e-04
1.287015737034380436e-03
3.647961188107728958e-03
3.688995959237217903e-03
1.455629593692719936e-03
-1.425640424713492393e-03
-8.747106185182929039e-04
-1.128034666180610657e-03
2.658307785168290138e-03
2.615712350234389305e-03
1.242350204847753048e-03
-3.265353618189692497e-03
-3.221954219043254852e-03
8.844053372740745544e-04
1.571626868098974228e-03
-3.503360319882631302e-03
2.507861063349992037e-04
2.882884582504630089e-03
8.752723806537687778e-04
7.825184729881584644e-04
