-3.827251028269529343e-03
2.337776357308030128e-03
1.335086533799767494e-03
-8.901106193661689758e-04
2.068912843242287636e-03
-8.440550882369279861e-04
3.348316997289657593e-03
-8.577377302572131157e-04
3.169400151818990707e-03
3.451996017247438431e-03
2.063176129013299942e-03
2.299778396263718605e-03
-2.608082490041851997e-03
-2.778563182801008224e-03
-2.541686175391077995e-03
3.184658999089151621e-04
3.467180998995900154e-03
-2.964762970805168152e-03
-2.728599123656749725e-03
1.904067234136164188e-03
3.705046838149428368e-04
-1.363014453090727329e-03
-2.031758660450577736e-03
-1.110546290874481201e-03
1.083711045794188976e-03
-3.092000260949134827e-03
-1.524975523352622986e-04
2.221942180767655373e-03
3.482423489913344383e-03
2.803811803460121155e-03
1.581335789524018764e-03
2.537741325795650482e-03
-1.645146519877016544e-03
2.873310819268226624e-03
3.865601262077689171e-03
1.360718277283012867e-03
2.443517558276653290e-03
-2.271225908771157265e-03
2.545815077610313892e-04
-3.791859606280922890e-03
1.191894290968775749e-03
2.748209750279784203e-03
-2.808386227115988731e-03
1.429172931239008904e-03
2.076492179185152054e-03
-1.314865774475038052e-03
3.525830339640378952e-03
3.607357386499643326e-03
6.881649023853242397e-04
-2.179125323891639709e-03
2.375910989940166473e-03
-1.724094734527170658e-03
7.235142402350902557e-04
-1.313869841396808624e-03
1.703635905869305134e-03
-7.885550730861723423e-04
3.579311014618724585e-04
1.856613554991781712e-03
-1.622601062990725040e-03
-1.784597057849168777e-03
1.424384419806301594e-03
-1.788047840818762779e-03
-2.413303824141621590e-03
2.105677966028451920e-03
9.670883882790803909e-04
-2.324262168258428574e-03
2.502200193703174591e-03
-1.994369318708777428e-03
-1.855572103522717953e-03
3.583510173484683037e-03
-2.749758074060082436e-03
3.310145810246467590e-03
-3.338783979415893555e-03
-3.565752878785133362e-03
-3.516292199492454529e-04
-3.458328079432249069e-03
-2.352743176743388176e-03
2.951141213998198509e-04
-1.609938102774322033e-03
3.286595921963453293e-03
8.835449116304516792e-04
3.858062205836176872e-03
-8.108562906272709370e-04
3.756702179089188576e-03
2.307497430592775345e-03
-6.191409192979335785e-05
-3.440074855461716652e-03
3.024807199835777283e-03
1.328911312157288194e-04
-3.406976349651813507e-03
3.294278576504439116e-04
7.012517307884991169e-04
-3.487769979983568192e-03
3.322212724015116692e-03
-2.896079327911138535e-03
3.493687836453318596e-03
-2.251578029245138168e-03
2.016957383602857590e-03
1.998983556404709816e-03
-1.762759056873619556e-03
3.866087179630994797e-03
-1.860766671597957611e-03
2.442384720779955387e-04
8.153181406669318676e-04
1.699918066151440144e-03
-2.879190025851130486e-03
-1.915741595439612865e-03
2.455109497532248497e-03
-7.719672285020351410e-04
3.288722655270248652e-04
2.836647443473339081e-03
3.730128519237041473e-03
-2.394997049123048782e-03
-2.821383532136678696e-03
2.248684875667095184e-03
-1.015154528431594372e-03
-3.384192241355776787e-03
1.702346955426037312e-03
-3.324469085782766342e-03
3.160908585414290428e-03
3.438396379351615906e-03
-2.622521249577403069e-03
3.382782742846757174e-04
1.947184093296527863e-03
6.509492523036897182e-04
-2.511271850380580872e-05
-1.685643568634986877e-03
-3.828272921964526176e-03
2.788067795336246490e-03
1.311927335336804390e-04
-2.384073566645383835e-03
-9.019461576826870441e-04
-3.428711555898189545e-03
2.242896007373929024e-03
7.147645810618996620e-04
1.089457655325531960e-03
2.490811049938201904e-03
5.955594824627041817e-04
3.586646169424057007e-03
3.207938978448510170e-03
6.492260145023465157e-04
-3.367882221937179565e-03
2.751669846475124359e-03
-3.864972968585789204e-04
2.762521151453256607e-03
-8.473470807075500488e-04
1.483293017372488976e-03
1.570744789205491543e-03
1.245404360815882683e-03
-1.147148781456053257e-03
2.780134323984384537e-03
3.357358975335955620e-03
2.707402221858501434e-03
-2.668989356607198715e-03
-1.416535349562764168e-03
-2.116517163813114166e-03
1.234236871823668480e-03
1.896459143608808517e-03
1.113880658522248268e-03
3.506897017359733582e-03
-6.330383475869894028e-04
-3.328678896650671959e-03
-1.024707104079425335e-03
-1.243805629201233387e-03
-2.475053537636995316e-03
1.413938472978770733e-03
2.634359290823340416e-03
5.698631866835057735e-04
-4.860383342020213604e-04
8.814875036478042603e-04
1.365808071568608284e-03
3.367687459103763103e-04
-2.749641891568899155e-03
-3.455902449786663055e-03
3.818191820755600929e-03
-3.031844273209571838e-03
-1.946384436450898647e-03
1.891760155558586121e-03
-3.773848759010434151e-03
3.249420784413814545e-03
2.409539418295025826e-03
-1.374321407638490200e-03
1.795012038201093674e-03
-5.262146587483584881e-04
6.175221060402691364e-04
-8.436617208644747734e-04
1.148432842455804348e-03
3.794575110077857971e-03
2.417730633169412613e-03
-3.246968146413564682e-03
-3.437699284404516220e-03
1.441454514861106873e-03
3.316398244351148605e-03
1.098434673622250557e-03
-1.776927267201244831e-03
3.677092958241701126e-03
3.588792867958545685e-03
2.316987840458750725e-03
3.110990393906831741e-03
3.715257626026868820e-03
-9.163170034298673272e-05
2.098149852827191353e-03
-7.942850934341549873e-04
1.817986252717673779e-03
7.482806104235351086e-04
-1.990145072340965271e-03
2.746148267760872841e-03
-1.923868112498894334e-04
1.356314867734909058e-03
-3.880960401147603989e-03
6.063620676286518574e-04
3.002221463248133659e-03
3.512070281431078911e-03
-1.004512654617428780e-03
1.947602504515089095e-05
-4.630831826943904161e-04
2.969315974041819572e-03
-3.513924311846494675e-03
9.347685263492166996e-04
2.297169761732220650e-03
-1.640361442696303129e-04
1.124302856624126434e-03
2.103841397911310196e-03
2.968386281281709671e-03
-3.058315487578511238e-03
3.841415047645568848e-03
-2.408944510534638539e-06
1.304840319789946079e-03
3.577705138013698161e-05
1.138074323534965515e-03
-3.073216415941715240e-03
-1.549067441374063492e-03
3.661580849438905716e-03
2.849721116945147514e-03
-6.899708751006983221e-06
-3.109628334641456604e-03
3.823196748271584511e-03
5.344872479327023029e-04
-3.409726778045296669e-03
2.713103545829653740e-03
6.007617921568453312e-04
-3.287358442321419716e-03
-6.199204945005476475e-04
-2.422315301373600960e-03
1.423701643943786621e-03
1.974945887923240662e-03
-3.890810068696737289e-03
-1.179507933557033539e-03
-3.409521887078881264e-04
-7.492960430681705475e-04
3.035130910575389862e-03
3.799740923568606377e-03
1.953156664967536926e-03
2.311128424480557442e-03
-8.452101028524339199e-04
1.892911619506776333e-03
