1.389528508298099041e-03
-1.167189257103018463e-04
2.272455953061580658e-03
1.498646452091634274e-03
3.862630110234022141e-03
7.308095227926969528e-04
9.293379844166338444e-04
3.861641278490424156e-03
3.966101212427020073e-04
1.285383943468332291e-03
-2.378589939326047897e-03
1.055412343703210354e-03
-1.713239704258739948e-03
-1.889392966404557228e-03
2.494685584679245949e-03
2.428642706945538521e-03
2.109574154019355774e-03
-2.745588426478207111e-04
8.379619102925062180e-04
-2.114598639309406281e-03
-1.387122174492105842e-04
8.190163644030690193e-04
-2.971913490910083055e-04
3.109431592747569084e-03
-3.644186304882168770e-03
-1.970008248463273048e-03
-2.712649060413241386e-03
-2.678421791642904282e-03
-3.732117475010454655e-04
-3.735518839675933123e-04
2.676987554877996445e-03
2.329068491235375404e-03
1.722738728858530521e-03
2.985736820846796036e-03
2.199202310293912888e-03
-1.387282623909413815e-03
-3.404055605642497540e-04
-3.548669163137674332e-03
-2.726629376411437988e-03
-3.679125802591443062e-03
2.640821970999240875e-03
1.442804699763655663e-03
-3.570861648768186569e-03
2.197240246459841728e-03
-2.117676194757223129e-03
-2.931302879005670547e-03
-1.899396418593823910e-03
-2.909686183556914330e-03
1.787360961316153407e-04
-6.895712576806545258e-04
2.243604743853211403e-03
-2.563904039561748505e-03
-2.541513182222843170e-03
-2.179823582991957664e-03
1.882352051325142384e-03
8.457663934677839279e-04
-5.773261655122041702e-04
-1.276387134566903114e-03
-9.300692472606897354e-04
1.115341146942228079e-04
-1.848321844590827823e-04
-3.884348552674055099e-03
-1.112700207158923149e-03
-1.127074239775538445e-03
-1.249220105819404125e-03
-3.478139173239469528e-03
-2.537545282393693924e-03
2.157147973775863647e-03
3.901040181517601013e-03
1.895630033686757088e-03
-1.851378590799868107e-03
-1.565896789543330669e-03
-2.074921038001775742e-03
7.685881573706865311e-04
1.750344759784638882e-03
2.855349332094192505e-03
7.648030878044664860e-04
3.415641142055392265e-03
-3.762598615139722824e-03
-9.103015763685107231e-04
3.936377179343253374e-04
2.470580860972404480e-03
-2.689912682399153709e-03
3.971585538238286972e-04
1.717073726467788219e-03
1.497861347161233425e-03
3.769539063796401024e-03
-1.782706589438021183e-03
-7.103675161488354206e-04
1.180776976980268955e-03
1.106250332668423653e-03
1.169747090898454189e-03
1.464435015805065632e-03
-2.091158879920840263e-03
1.108901109546422958e-03
-2.813572529703378677e-03
-8.797696209512650967e-04
-5.679206806235015392e-04
1.097167260013520718e-03
3.004127880558371544e-03
-3.018743358552455902e-03
-1.124586095102131367e-03
2.098879544064402580e-03
-3.806886496022343636e-03
-1.360842608846724033e-03
-3.452860284596681595e-03
-1.667946227826178074e-03
1.623323187232017517e-03
1.482757274061441422e-03
-1.493012066930532455e-03
-1.760867889970541000e-03
-2.627404406666755676e-03
-3.752498887479305267e-03
2.105483086779713631e-03
-1.439098617993295193e-03
3.651148639619350433e-03
5.513331270776689053e-04
-2.675735624507069588e-03
-1.225336920469999313e-03
1.914544729515910149e-03
-2.938494086265563965e-03
-1.795553951524198055e-03
3.660900751128792763e-03
2.328033093363046646e-03
1.153869321569800377e-03
7.660018745809793472e-04
8.524493896402418613e-04
5.492146592587232590e-04
2.627852372825145721e-03
-1.655504689551889896e-03
-2.432530513033270836e-03
-1.983708003535866737e-03
1.112177036702632904e-03
1.550379820400848985e-04
-1.845238730311393738e-03
-1.782432897016406059e-03
-1.985177164897322655e-03
-5.034480709582567215e-04
-2.940052887424826622e-03
-1.193929620058042929e-05
-2.607795409858226776e-03
-4.679066478274762630e-04
-1.240534125827252865e-03
-3.237862838432192802e-03
2.909308997914195061e-03
-2.934892661869525909e-03
-8.273697458207607269e-04
-1.310391584411263466e-03
3.030883381143212318e-03
-2.812237245962023735e-03
1.304850680753588676e-03
-2.394039882346987724e-03
2.342293737456202507e-03
5.339846829883754253e-04
8.823003736324608326e-04
-3.989593242295086384e-04
3.694007173180580139e-03
-2.903478220105171204e-03
-1.500918180681765079e-03
-1.110240817070007324e-03
3.094381419941782951e-03
2.065804088488221169e-03
3.615458728745579720e-03
2.828628057613968849e-03
3.729736898094415665e-03
-3.135962644591927528e-03
1.891866559162735939e-04
-2.104008570313453674e-03
-6.198174669407308102e-04
2.186382887884974480e-03
2.288136398419737816e-03
-1.865020487457513809e-03
3.178112674504518509e-04
2.231698483228683472e-03
-2.566858194768428802e-03
-3.845726838335394859e-03
6.551665719598531723e-04
-1.937911263667047024e-03
-4.303415771573781967e-04
-1.412986195646226406e-03
-1.405539573170244694e-03
-2.737693255767226219e-03
2.982827834784984589e-03
1.549438573420047760e-03
1.001732656732201576e-03
1.751833944581449032e-03
1.095022540539503098e-03
-1.765837310813367367e-03
1.794215524569153786e-03
9.531207615509629250e-04
-1.612327760085463524e-03
-2.590798772871494293e-03
3.957065637223422527e-04
1.610010513104498386e-04
-8.019680390134453773e-04
-2.037839964032173157e-03
-5.463425768539309502e-04
8.337582694366574287e-04
-1.765847555361688137e-03
-1.309815794229507446e-03
2.768489532172679901e-03
6.633457378484308720e-04
-6.608735420741140842e-04
3.722853725776076317e-03
-8.783442899584770203e-04
2.195196924731135368e-03
-1.323119038715958595e-03
1.136870356276631355e-03
-2.470692386850714684e-03
-1.557118812343105674e-04
-1.132871693698689342e-04
2.493211766704916954e-03
1.290667452849447727e-03
-1.109795412048697472e-03
7.328565698117017746e-04
3.189388196915388107e-03
-5.389614379964768887e-04
3.818588331341743469e-03
-3.712690668180584908e-04
-2.796852495521306992e-04
1.943278126418590546e-03
-3.180642670486122370e-05
-3.365381387993693352e-03
-3.780708939302712679e-04
3.595900489017367363e-03
2.556446241214871407e-03
2.868119394406676292e-03
-1.140148728154599667e-03
3.452775767073035240e-03
-1.823318540118634701e-03
2.406952669844031334e-03
1.690336735919117928e-03
6.939342129044234753e-04
-1.565706916153430939e-03
-3.164204244967550039e-04
-2.650363836437463760e-03
-2.069596434012055397e-03
-2.101823687553405762e-03
-3.790240036323666573e-03
-1.017415313981473446e-03
-8.888354059308767319e-04
-1.322924275882542133e-03
-1.394913997501134872e-03
-2.185227815061807632e-03
1.973519567400217056e-03
-9.736723586684092879e-05
3.202342195436358452e-03
-3.774731885641813278e-03
3.520828438922762871e-03
2.649646485224366188e-03
-2.499340102076530457e-03
3.332743421196937561e-03
1.255881157703697681e-03
2.510785358026623726e-03
2.920791972428560257e-03
6.388507899828255177e-04
