1.904950011521577835e-03
3.366437973454594612e-03
1.245071645826101303e-03
-6.968260859139263630e-04
-2.137127099558711052e-03
-1.716703525744378567e-03
-1.339554088190197945e-03
-2.914340700954198837e-03
3.173675388097763062e-03
-3.507903078570961952e-03
-2.633811207488179207e-03
-2.305597154190763831e-04
1.744386274367570877e-03
-1.896016648970544338e-03
-2.793137915432453156e-03
-2.202547155320644379e-03
-1.441524829715490341e-03
-3.117098007351160049e-03
-2.004029694944620132e-03
2.845393493771553040e-03
5.836804630234837532e-04
7.784753688611090183e-04
-1.938825356774032116e-03
-9.309767046943306923e-04
-3.527597524225711823e-03
-6.203207303769886494e-04
-1.139533123932778835e-03
2.906359732151031494e-03
-1.602895936230197549e-04
-7.737771375104784966e-04
-2.845006529241800308e-03
1.062398543581366539e-03
-8.771620341576635838e-04
2.866930793970823288e-03
-2.448317594826221466e-03
-2.849122509360313416e-03
7.533814641647040844e-04
-2.116257324814796448e-03
2.907508984208106995e-03
-1.021455158479511738e-03
2.088533714413642883e-03
2.870107069611549377e-03
2.281490713357925415e-03
3.032009350135922432e-03
1.762834144756197929e-03
-8.163693128153681755e-04
1.631840132176876068e-03
2.509912708774209023e-03
-1.980793196707963943e-03
3.343497635796666145e-03
9.583147475495934486e-04
-1.539638498798012733e-03
-2.593727549538016319e-03
2.906138543039560318e-03
1.138475607149302959e-03
2.185789402574300766e-03
-1.716888160444796085e-03
3.871820401400327682e-03
-2.360089682042598724e-03
-1.214797448483295739e-04
-3.850191598758101463e-03
-9.987838566303253174e-04
-3.110842080786824226e-03
-1.417846797266975045e-04
3.809406654909253120e-03
3.220580518245697021e-03
-2.360218437388539314e-03
2.937943208962678909e-03
-1.901294686831533909e-03
-1.081677037291228771e-03
3.253989387303590775e-03
-2.714669797569513321e-03
7.980460068210959435e-04
-1.841932768002152443e-03
6.977124576224014163e-05
2.674901392310857773e-03
-3.055707551538944244e-03
3.484185319393873215e-03
-3.648069221526384354e-03
1.393974758684635162e-03
-3.855732269585132599e-03
2.126357285305857658e-03
7.205673027783632278e-04
3.571203676983714104e-03
2.324468921869993210e-03
3.008865984156727791e-03
-1.395168597809970379e-03
-3.863094607368111610e-03
-9.319239179603755474e-04
3.777578705921769142e-03
-2.266923431307077408e-03
-9.035189868882298470e-04
1.891704159788787365e-03
1.599175855517387390e-03
9.011968504637479782e-04
-2.240479458123445511e-03
2.197745256125926971e-03
3.877489594742655754e-03
3.802628256380558014e-03
-2.725702011957764626e-03
2.787428675219416618e-03
-3.246117383241653442e-03
-2.134055597707629204e-03
-2.358693163841962814e-03
-1.120360451750457287e-03
-1.539251999929547310e-03
1.049463171511888504e-03
-3.108004108071327209e-03
2.608168404549360275e-03
3.128046810161322355e-04
3.414719132706522942e-03
-2.741367788985371590e-03
-2.193319145590066910e-03
-1.681967987678945065e-04
2.421018900349736214e-03
1.534007489681243896e-03
-1.768737682141363621e-03
1.823221682570874691e-03
1.681069377809762955e-03
1.014278968796133995e-03
-6.257132044993340969e-04
2.059308579191565514e-03
1.081182621419429779e-03
1.215901691466569901e-03
-3.073602681979537010e-03
1.458432408981025219e-03
3.616590052843093872e-03
2.548546181060373783e-04
-2.270361641421914101e-03
-1.101788249798119068e-03
8.961934508988633752e-05
-5.673790001310408115e-04
2.937770681455731392e-03
1.478812308050692081e-03
-1.291030494030565023e-04
-1.464418310206383467e-04
1.307471073232591152e-03
1.247173640877008438e-03
3.292043227702379227e-03
-2.429944463074207306e-03
-2.340038539841771126e-03
2.000493928790092468e-03
-1.065722084604203701e-03
2.980542369186878204e-03
-2.874447964131832123e-03
8.384655811823904514e-04
-7.708754274062812328e-04
3.445567097514867783e-03
5.125993629917502403e-04
-2.593056764453649521e-03
3.280292032286524773e-03
-2.177868504077196121e-03
-1.358086708933115005e-03
2.639313228428363800e-03
-9.020271827466785908e-04
-1.708406489342451096e-03
-1.242270576767623425e-03
2.972720656543970108e-03
-2.416648436337709427e-03
-2.242431975901126862e-03
1.961017493158578873e-03
3.865423146635293961e-03
-7.358374568866565824e-05
8.236055145971477032e-04
9.637090261094272137e-04
2.438774565234780312e-03
-2.188607322750613093e-05
-3.774169366806745529e-03
-1.062782248482108116e-03
-3.425733186304569244e-03
8.028416195884346962e-04
2.853616315405815840e-04
2.899055369198322296e-03
-2.719780895859003067e-03
3.209374612197279930e-03
1.266889739781618118e-03
7.498665363527834415e-04
3.276505274698138237e-03
3.061015158891677856e-03
-3.408809134270995855e-04
-2.870793221518397331e-03
-4.825593496207147837e-04
1.744589768350124359e-03
1.288863015361130238e-03
-2.644403139129281044e-03
-2.163919125450775027e-04
1.811601337976753712e-03
1.893893117085099220e-03
2.753661014139652252e-03
1.122281188145279884e-03
3.032802778761833906e-04
3.561609191820025444e-03
3.612017957493662834e-03
1.484436681494116783e-03
-1.604924094863235950e-03
-2.134234877303242683e-03
1.068266923539340496e-03
-2.784582320600748062e-03
5.508461617864668369e-04
-4.385539796203374863e-04
-2.494932850822806358e-03
3.139121690765023232e-03
-1.391449477523565292e-04
-6.605072412639856339e-04
1.520739984698593616e-03
-2.423779340460896492e-03
2.640963066369295120e-03
-9.072884859051555395e-05
1.174882403574883938e-03
1.844904269091784954e-03
-1.107472460716962814e-03
-4.592377226799726486e-04
-1.078120199963450432e-03
-1.933112158440053463e-03
1.355867516394937411e-05
-1.403333502821624279e-03
-5.981026915833353996e-04
-7.739004213362932205e-04
-3.407217445783317089e-04
3.229867666959762573e-03
1.679144101217389107e-03
-7.143389666453003883e-04
2.504192292690277100e-03
5.691002588719129562e-04
3.384618554264307022e-03
-2.578927204012870789e-03
-1.552439294755458832e-03
2.553244819864630699e-03
-2.382565435254946351e-04
1.351371640339493752e-03
-3.570733591914176941e-03
-3.542810911312699318e-03
-1.574206049554049969e-03
3.581107361242175102e-03
1.287455670535564423e-03
-1.818182878196239471e-03
1.754861907102167606e-03
-1.882617594674229622e-03
7.795440615154802799e-04
-1.980234635993838310e-03
6.967937806621193886e-04
2.126776380464434624e-03
1.482184277847409248e-03
3.103752154856920242e-03
2.265884075313806534e-03
-1.523914863355457783e-03
-2.457078313454985619e-03
-3.881538286805152893e-04
2.442439785227179527e-03
-3.524828935042023659e-03
-9.572798153385519981e-04
-6.954965647310018539e-04
-2.461067633703351021e-03
6.444398895837366581e-04
-1.498779281973838806e-03
-1.982673304155468941e-03
