-1.462194719351828098e-03
-3.632682608440518379e-03
-3.241625614464282990e-03
2.342315128771588206e-04
2.620765240862965584e-03
-3.179998137056827545e-03
-1.716820173896849155e-03
2.982911886647343636e-03
3.554100170731544495e-03
-1.444516936317086220e-03
-2.676860196515917778e-03
1.706692040897905827e-03
2.786246361210942268e-03
-1.092299004085361958e-03
-1.430858625099062920e-03
2.240319736301898956e-03
1.207341483677737415e-04
1.749849063344299793e-03
-7.406055228784680367e-04
5.013410700485110283e-04
3.739030798897147179e-03
-2.189678139984607697e-03
-5.837526987306773663e-04
-3.472040116321295500e-04
-9.415787644684314728e-04
2.152763539925217628e-03
-2.058553276583552361e-03
3.638171590864658356e-03
-1.883441116660833359e-03
1.170213450677692890e-03
-3.290981287136673927e-03
-4.351876268628984690e-04
1.770964590832591057e-04
1.220279140397906303e-03
9.506521164439618587e-04
4.035448364447802305e-04
-8.965224260464310646e-04
2.323567605344578624e-04
-3.203378058969974518e-03
3.496967954561114311e-03
-1.088034594431519508e-03
2.279209205880761147e-03
3.542040474712848663e-03
5.687408265657722950e-04
2.633159980177879333e-03
-2.407025313004851341e-03
2.138455864042043686e-03
-4.693448136094957590e-04
-3.233325900509953499e-03
-2.220507012680172920e-03
-2.783439587801694870e-03
-2.795873908326029778e-03
1.336248824372887611e-03
-2.724038437008857727e-03
-1.914605963975191116e-03
-5.601236480288207531e-04
-3.013889305293560028e-03
-3.340946277603507042e-03
-3.256435040384531021e-03
-1.827399246394634247e-03
4.390185349620878696e-04
-9.288207511417567730e-04
1.757349702529609203e-03
2.493845066055655479e-03
-3.718915162608027458e-03
3.119394415989518166e-03
3.451582510024309158e-03
-4.692648362834006548e-04
-1.746866386383771896e-03
-2.549516269937157631e-03
2.218966139480471611e-03
6.706613348796963692e-04
-2.860007109120488167e-03
-1.569309853948652744e-03
-1.763952197507023811e-03
-2.723060315474867821e-04
-3.365961369127035141e-03
1.406973169650882483e-04
-3.238631179556250572e-03
1.890811137855052948e-03
5.591753506450913846e-05
-2.155552152544260025e-03
3.089589765295386314e-03
1.258530421182513237e-03
-1.708253868855535984e-03
4.209334729239344597e-04
-1.449626171961426735e-03
-5.170595250092446804e-04
2.321267733350396156e-03
-9.573989082127809525e-04
3.259998047724366188e-03
-3.277167677879333496e-03
-1.507478184066712856e-03
-3.771003801375627518e-03
-3.457257524132728577e-03
-2.612873679026961327e-03
7.253695512190461159e-04
6.639221683144569397e-04
-3.781656268984079361e-03
2.576014667283743620e-04
-1.343974028714001179e-03
2.570140641182661057e-03
-1.598479808308184147e-03
-3.746578469872474670e-03
-1.638220855966210365e-03
-2.650345908477902412e-03
6.134223076514899731e-04
-7.092529558576643467e-04
2.738133771345019341e-03
-3.601210890337824821e-03
-3.395747393369674683e-03
1.330835279077291489e-03
-4.069167189300060272e-04
-2.179395640268921852e-03
1.193952513858675957e-03
-2.635096316225826740e-04
9.483843459747731686e-04
-1.677085412666201591e-03
3.837578697130084038e-03
-1.787554938346147537e-03
3.006241284310817719e-03
6.020486471243202686e-04
2.840786706656217575e-03
-1.808719825930893421e-03
-3.630553546827286482e-04
3.411675570532679558e-03
-3.360104979947209358e-03
5.947420722804963589e-04
2.631727140396833420e-03
3.586954902857542038e-03
1.018556577037088573e-04
-2.588440198451280594e-03
3.434004960581660271e-03
-2.700446930248290300e-05
-2.169043524190783501e-03
4.739974974654614925e-04
-1.936252112500369549e-03
3.887405851855874062e-03
3.908673301339149475e-03
3.846284933388233185e-03
-9.674038738012313843e-04
2.786269178614020348e-03
-4.785798955708742142e-04
-2.711354289203882217e-03
-2.175754867494106293e-03
1.808955566957592964e-03
2.931835595518350601e-03
-1.539600314572453499e-03
-3.273068228736519814e-03
-3.431890625506639481e-03
-2.053265227004885674e-03
-1.885822042822837830e-03
2.746493788436055183e-03
3.604917088523507118e-03
1.306674676015973091e-03
1.258595846593379974e-03
-2.289631403982639313e-03
2.111328765749931335e-03
1.445594592951238155e-03
2.693505375646054745e-04
-1.047492725774645805e-03
-2.114374190568923950e-03
-3.346519079059362411e-03
-9.475536644458770752e-04
-3.738367464393377304e-03
-1.685332157649099827e-03
-1.761788502335548401e-03
-1.202089624712243676e-04
-1.782612991519272327e-03
1.513990282546728849e-04
3.654067171737551689e-03
2.615024102851748466e-03
-8.724226499907672405e-04
1.287973602302372456e-03
-6.112327100709080696e-04
9.821251733228564262e-04
1.470155664719641209e-03
-1.207354711368680000e-03
-3.685994073748588562e-03
3.743661567568778992e-03
-9.176588500849902630e-04
-2.270485740154981613e-03
2.450896659865975380e-03
3.235845593735575676e-03
-3.336756024509668350e-03
-6.249139551073312759e-05
-2.157629700377583504e-03
-1.321733579970896244e-03
-3.217150457203388214e-03
-3.898775903508067131e-03
2.473067957907915115e-03
-9.465682669542729855e-04
-2.029413357377052307e-03
-1.221899874508380890e-03
-1.686816336587071419e-03
-1.063484582118690014e-03
-2.588358242064714432e-03
1.832135720178484917e-03
-3.570654429495334625e-03
-1.057665096595883369e-03
-2.256093313917517662e-03
1.538673066534101963e-03
-1.778430538251996040e-03
3.289559623226523399e-03
-3.203660482540726662e-03
-1.544675789773464203e-03
-7.891499553807079792e-04
-2.104849554598331451e-03
1.864777645096182823e-03
-2.671490889042615891e-03
5.127768381498754025e-04
-3.169481933582574129e-04
3.339961403980851173e-03
1.694388687610626221e-03
1.039614435285329819e-03
-1.214114483445882797e-03
1.584250858286395669e-04
-2.150631975382566452e-03
5.562917795032262802e-04
-2.606074325740337372e-03
-3.001473145559430122e-03
-2.033132594078779221e-03
8.549069170840084553e-04
-1.108118100091814995e-03
-9.631036664359271526e-05
-1.647782744839787483e-03
4.798475711140781641e-04
1.966387499123811722e-03
-3.531372174620628357e-03
3.029591636732220650e-03
-2.419066913716960698e-05
-3.716635052114725113e-03
3.436061786487698555e-03
-6.672929157502949238e-04
2.181747462600469589e-03
-1.135747297666966915e-03
-2.971497830003499985e-03
2.671767026185989380e-03
6.989907124079763889e-04
2.995104528963565826e-03
1.560485921800136566e-03
2.152284374460577965e-03
-1.463714579585939646e-04
-3.598635317757725716e-03
-6.308668525889515877e-04
-3.014774527400732040e-03
-2.622667700052261353e-03
3.715458791702985764e-03
-3.011729568243026733e-03
-3.839148674160242081e-03
8.957661339081823826e-04
1.741403102641925216e-04
3.168925410136580467e-03
2.624676330015063286e-03
3.023476805537939072e-03
-2.913563279435038567e-03
