2.145725768059492111e-03
8.826480916468426585e-05
-8.688578964211046696e-04
7.396169821731746197e-04
1.986584538826718926e-04
-2.705426304601132870e-04
-9.916965609590988606e-06
1.290820189751684666e-03
-3.249774454161524773e-04
-3.366086632013320923e-03
2.081147977150976658e-04
9.445656323805451393e-04
1.187421614304184914e-03
-2.247955417260527611e-03
-1.337985740974545479e-03
2.340047853067517281e-03
1.794831012375652790e-03
2.302056964254006743e-04
-3.639928065240383148e-03
-3.551158122718334198e-03
-3.765001427382230759e-03
-6.931850657565519214e-05
1.925391145050525665e-03
5.581625155173242092e-04
7.288167253136634827e-04
1.583055127412080765e-03
3.869624808430671692e-03
-5.450414610095322132e-04
-1.232000649906694889e-03
2.188284415751695633e-03
3.264323109760880470e-03
3.430238924920558929e-03
3.841000143438577652e-03
2.490002079866826534e-04
-2.803297713398933411e-03
3.747420618310570717e-03
3.596871392801403999e-03
3.387782257050275803e-03
3.857772564515471458e-03
-1.148387789726257324e-03
3.485812572762370110e-03
1.794098760001361370e-03
-2.482324605807662010e-03
-2.695101313292980194e-03
3.101925831288099289e-03
1.646876189624890685e-04
6.733889458701014519e-04
5.034896894358098507e-04
2.224427182227373123e-03
-3.035557921975851059e-03
1.182016916573047638e-03
-3.853062866255640984e-03
1.433635246939957142e-03
6.760292453691363335e-04
-2.263917354866862297e-03
-1.219542813487350941e-03
2.801847411319613457e-03
-3.349581384100019932e-04
1.976249273866415024e-03
-2.329141832888126373e-03
-2.395722549408674240e-03
-9.289117879234254360e-04
1.557031995616853237e-03
3.795677330344915390e-03
-1.465950772399082780e-04
-3.118308028206229210e-03
3.461674787104129791e-03
-3.712978912517428398e-03
-7.710982463322579861e-04
-3.909527324140071869e-03
3.293717163614928722e-04
-1.395726227201521397e-03
-1.708321040496230125e-03
-1.661836169660091400e-03
-2.664298808667808771e-04
2.542137866839766502e-03
2.560781780630350113e-03
-1.885779056465253234e-04
-6.799561087973415852e-04
-1.927390112541615963e-03
-3.744878340512514114e-03
2.534099388867616653e-03
3.322768257930874825e-03
-1.818238641135394573e-03
-2.468126825988292694e-03
-2.522537019103765488e-03
4.571253884932957590e-05
-8.113678777590394020e-04
2.511254046112298965e-03
3.103152150288224220e-03
-2.996728057041764259e-03
-3.273366601206362247e-04
1.163807115517556667e-03
2.148133236914873123e-03
4.327494389144703746e-05
-1.539922435767948627e-03
1.815462019294500351e-03
-3.205378307029604912e-03
-1.064157579094171524e-03
-8.513579959981143475e-04
2.536505926400423050e-03
-1.763176871463656425e-03
-2.396918367594480515e-03
1.983759924769401550e-03
3.810977097600698471e-03
-4.413303686305880547e-04
-1.536829280667006969e-03
-2.846976974979043007e-03
-1.666285912506282330e-03
1.011496409773826599e-03
1.289600622840225697e-03
1.193861127831041813e-03
9.981176117435097694e-04
-2.356894838158041239e-04
3.016436239704489708e-03
3.783907042816281319e-03
1.429193420335650444e-03
3.871789900586009026e-03
-3.875568218063563108e-04
-2.410139888525009155e-03
-5.952751962468028069e-04
1.559866825118660927e-03
2.095097908750176430e-03
2.868072595447301865e-03
-3.280960954725742340e-03
-1.400592387653887272e-03
-2.423217054456472397e-03
-1.704541500657796860e-03
3.488377900794148445e-03
4.053876327816396952e-04
-1.303058466874063015e-03
3.575110808014869690e-03
1.328209764324128628e-03
3.020294010639190674e-03
7.664681179448962212e-04
-1.162973931059241295e-03
8.080360712483525276e-04
-2.293044934049248695e-03
-1.266961684450507164e-03
-1.691767014563083649e-03
-2.383697777986526489e-03
-3.091857768595218658e-03
-2.469975035637617111e-03
-3.425107803195714951e-03
1.876177033409476280e-03
-3.667264536488801241e-04
-3.329380415380001068e-03
-3.788648871704936028e-03
-5.803409731015563011e-04
-2.006429946050047874e-03
6.684957188554108143e-04
-2.268099458888173103e-03
1.412451965734362602e-03
-2.997094532474875450e-03
-8.296611486002802849e-04
-3.770925570279359818e-03
-2.066985238343477249e-03
1.147170900367200375e-03
1.650093938224017620e-03
-1.823546946980059147e-03
-1.830991241149604321e-03
-2.255738480016589165e-03
-2.089787973091006279e-03
6.199589552124962211e-05
-8.307483512908220291e-04
2.617343328893184662e-03
3.777831792831420898e-03
5.731257842853665352e-04
-3.316785441711544991e-03
6.647931295447051525e-04
4.891245625913143158e-04
-1.160309184342622757e-03
-2.381453989073634148e-03
2.405950799584388733e-03
-2.484488300979137421e-03
2.018888946622610092e-03
-1.026576384902000427e-03
1.187359084724448621e-04
-3.867282299324870110e-03
-9.123526397161185741e-04
3.084679192397743464e-04
-1.919191854540258646e-04
1.354597392491996288e-03
1.030975836329162121e-03
-3.382596885785460472e-03
-3.441259963437914848e-03
5.492350319400429726e-04
-2.217066241428256035e-03
-3.749778494238853455e-03
3.020937088876962662e-03
-1.547953113913536072e-03
3.095524851232767105e-03
-6.079723243601620197e-04
1.284323167055845261e-03
-3.547933185473084450e-03
2.874236786738038063e-03
3.191521682310849428e-04
2.710742410272359848e-03
-2.653431147336959839e-03
1.789823640137910843e-03
-3.643664967967197299e-05
-2.665892476215958595e-03
3.297590417787432671e-03
-2.537018386647105217e-03
8.964925073087215424e-04
2.842364599928259850e-03
-1.272006076760590076e-03
-1.303285476751625538e-03
5.146364856045693159e-05
-1.212573144584894180e-03
-2.071138704195618629e-03
-1.327859470620751381e-03
-1.655913889408111572e-03
4.423580248840153217e-04
4.865444498136639595e-04
1.853431342169642448e-03
3.669986734166741371e-03
-3.574428614228963852e-03
-3.414774080738425255e-03
-1.407496049068868160e-03
9.907049825415015221e-04
3.772946307435631752e-03
8.717466844245791435e-04
-2.723719924688339233e-03
-3.460786538198590279e-03
-8.792943845037370920e-06
-1.580261276103556156e-03
2.606779336929321289e-03
-7.096042972989380360e-04
-7.141017122194170952e-04
-1.845825026975944638e-04
-3.124300390481948853e-03
-2.871271921321749687e-03
3.455099416896700859e-03
-3.852897789329290390e-03
2.471225801855325699e-03
-3.218655940145254135e-03
2.318562008440494537e-03
-1.955854473635554314e-03
3.872451372444629669e-03
2.203282434493303299e-03
-6.860161665827035904e-04
-2.526934258639812469e-03
3.613676410168409348e-03
-3.518198849633336067e-03
4.341773164924234152e-04
-6.609209231100976467e-04
-9.212325094267725945e-04
-2.414013724774122238e-03
3.837993717752397060e-04
-1.156285288743674755e-03
2.793734427541494370e-03
3.081373404711484909e-03
3.618927672505378723e-03
2.237055217847228050e-03
-7.414203137159347534e-04
