7.899043266661465168e-04
1.655940723139792681e-04
2.979145618155598640e-03
-2.454275730997323990e-03
-2.916224300861358643e-03
-1.021387055516242981e-03
-2.941992133855819702e-03
-1.384311937727034092e-03
-2.279298612847924232e-03
-2.269721822813153267e-03
1.408623415045440197e-03
-1.863497425802052021e-03
3.043814795091748238e-03
1.458380254916846752e-03
-3.363469615578651428e-03
2.672689035534858704e-03
-3.437429666519165039e-03
-9.812703356146812439e-04
-3.689055796712636948e-03
-2.021602849708870053e-04
9.587102686055004597e-04
3.188719711033627391e-05
-7.931276923045516014e-04
2.761957235634326935e-03
1.991480530705302954e-04
3.195193596184253693e-03
2.595511032268404961e-03
3.433618461713194847e-03
-2.749573439359664917e-03
2.007619943469762802e-03
-3.109816927462816238e-03
2.394730458036065102e-03
-3.680388908833265305e-03
-2.485395874828100204e-03
2.679712604731321335e-03
2.446185797452926636e-03
-5.076712695881724358e-04
-4.807676014024764299e-04
1.544454135000705719e-03
2.168257953599095345e-03
2.649670641403645277e-04
3.337103174999356270e-03
1.334395026788115501e-03
2.180263865739107132e-03
-5.209188093431293964e-04
9.503605542704463005e-04
-9.142235503531992435e-04
-4.482033546082675457e-05
3.162700450047850609e-03
1.711179385893046856e-03
2.562309615314006805e-03
-2.847088268026709557e-03
-2.589118666946887970e-03
1.728288130834698677e-03
1.090895500965416431e-03
-1.300397678278386593e-03
1.675285398960113525e-03
6.919398438185453415e-04
3.520699217915534973e-03
-2.684237668290734291e-03
2.654404845088720322e-03
-5.430564633570611477e-04
1.267483807168900967e-03
2.163448138162493706e-03
-1.254914677701890469e-03
-3.653957974165678024e-03
3.102939343079924583e-03
3.219844074919819832e-03
1.340221933787688613e-04
7.395404973067343235e-04
-3.479229286313056946e-03
3.571865148842334747e-03
-3.036256646737456322e-03
3.803367959335446358e-03
3.494773525744676590e-03
-2.354804193601012230e-03
-2.004014793783426285e-03
-1.674553030170500278e-03
4.406490770634263754e-04
-1.887539052404463291e-03
5.716366576962172985e-04
3.109459299594163895e-03
-1.321889692917466164e-03
-3.944783238694071770e-04
-1.383847411489114165e-04
3.130514407530426979e-03
3.169788513332605362e-03
-3.489060909487307072e-04
1.863523852080106735e-03
2.674586605280637741e-03
-1.737632788717746735e-03
-4.397860539029352367e-05
-3.901981282979249954e-03
-2.849500393494963646e-03
7.653485517948865891e-04
1.880811061710119247e-03
3.417838597670197487e-03
-1.401914400048553944e-03
-1.252011279575526714e-03
5.665452918037772179e-04
1.971795223653316498e-03
-2.185822464525699615e-03
-3.212151117622852325e-03
4.232563078403472900e-04
2.413470763713121414e-03
2.366848289966583252e-03
2.877067541703581810e-03
1.779120939318090677e-04
-1.133350073359906673e-03
2.522149356082081795e-03
3.258953220210969448e-04
2.758422866463661194e-03
3.014190042449627072e-06
-2.239962341263890266e-03
-9.498968138359487057e-04
3.608681494370102882e-03
3.022090997546911240e-03
-3.416113089770078659e-03
1.868421211838722229e-03
1.363328075967729092e-03
2.694286871701478958e-03
3.434256883338093758e-03
3.239533631131052971e-03
3.386632073670625687e-03
2.800453919917345047e-03
-3.583361103665083647e-04
3.021601587533950806e-03
-4.544770490610972047e-05
2.163268392905592918e-03
-1.817905809730291367e-03
2.307654358446598053e-03
-3.064709017053246498e-03
3.703171678353101015e-04
8.461659308522939682e-04
-5.246663931757211685e-04
-4.548634751699864864e-04
-1.976067433133721352e-03
-8.333206642419099808e-05
3.842897247523069382e-03
-3.061865223571658134e-03
8.322445792146027088e-04
2.379448618739843369e-03
4.246951721142977476e-05
3.106505144387483597e-03
1.234668423421680927e-03
4.792351392097771168e-04
-2.004750713240355253e-04
2.368767047300934792e-03
-2.735002781264483929e-04
-4.491508880164474249e-04
-3.865438047796487808e-03
2.728337654843926430e-03
-3.578704854589886963e-05
-2.339243073947727680e-04
-1.145933172665536404e-03
3.041674848645925522e-03
-1.882891636341810226e-03
1.675038714893162251e-03
-8.956274250522255898e-04
-3.207436064258217812e-03
-3.823286679107695818e-04
-3.481954336166381836e-03
9.444080642424523830e-04
-3.419539425522089005e-04
1.218888093717396259e-03
3.341338597238063812e-03
6.860493449494242668e-04
3.218677826225757599e-03
-1.125564333051443100e-03
-3.837164491415023804e-03
-3.323861397802829742e-03
1.475380035117268562e-03
-2.678629942238330841e-03
-2.604089211672544479e-03
2.910128328949213028e-03
1.128425006754696369e-03
1.826880150474607944e-03
2.715372829698026180e-04
3.447046037763357162e-03
-1.172866206616163254e-03
-1.055002096109092236e-03
2.569800242781639099e-03
2.943087602034211159e-03
6.344718276523053646e-04
-2.098013064824044704e-04
2.888788585551083088e-04
-9.826102759689092636e-04
9.312171023339033127e-04
1.732714590616524220e-04
-3.648801939561963081e-03
1.396956387907266617e-03
2.168612554669380188e-03
-1.462452928535640240e-03
3.313299035653471947e-03
-2.322595333680510521e-03
-6.626187823712825775e-04
-3.073072992265224457e-03
-1.461199281038716435e-04
-9.234276367351412773e-04
-1.531117595732212067e-03
1.778029836714267731e-03
1.564822159707546234e-03
-3.060281742364168167e-03
-9.037056588567793369e-04
1.871714601293206215e-03
3.055960405617952347e-03
-3.815743373706936836e-03
2.621617633849382401e-03
1.553123584017157555e-03
3.198507241904735565e-03
3.477014601230621338e-03
-3.141127061098814011e-03
3.228842513635754585e-03
-3.627613652497529984e-03
1.173452357761561871e-03
1.474785734899342060e-03
-5.421676323749125004e-04
2.744222292676568031e-03
2.005783142521977425e-03
3.183265216648578644e-03
2.212055260315537453e-03
-1.116743194870650768e-03
1.829566550441086292e-03
-1.684916351223364472e-04
1.087517593987286091e-03
-1.729946088744327426e-04
7.549608708359301090e-04
-2.046919893473386765e-03
1.604552729986608028e-03
2.816587453708052635e-03
-9.458139538764953613e-05
2.768674166873097420e-03
3.198727732524275780e-03
-2.579005667939782143e-03
-3.697329666465520859e-03
2.696316456422209740e-03
-1.976949861273169518e-03
-1.700708060525357723e-03
-2.059457619907334447e-04
-2.867641625925898552e-03
-8.008616277948021889e-04
9.457996347919106483e-04
3.297300136182457209e-04
2.472354099154472351e-03
8.629566873423755169e-04
-6.932425894774496555e-04
-3.900538897141814232e-03
-3.832896472886204720e-03
-4.649426555261015892e-04
9.278718498535454273e-04
3.761812578886747360e-03
1.382421905873343349e-04
3.735609352588653564e-03
3.610731102526187897e-03
1.132356934249401093e-03
6.311842589639127254e-04
