-6.544503266923129559e-04
-2.757957670837640762e-03
1.807895605452358723e-03
3.438652725890278816e-03
3.030928783118724823e-03
-2.335143508389592171e-03
3.309882013127207756e-03
3.026243532076478004e-03
-2.902477281168103218e-03
-2.778439316898584366e-03
2.501144306734204292e-03
-1.540631055831909180e-03
-3.015748690813779831e-03
3.021523356437683105e-03
-1.401932095177471638e-03
3.781754756346344948e-03
3.718828316777944565e-03
5.925525329075753689e-04
-3.135629231110215187e-03
2.438458381220698357e-03
1.174063654616475105e-03
2.242382150143384933e-03
-1.887164660729467869e-03
-8.594159735366702080e-04
5.557234981097280979e-04
7.455695304088294506e-04
1.626503653824329376e-03
-1.158635364845395088e-03
-2.069081645458936691e-03
1.179314916953444481e-03
-2.226587850600481033e-03
-2.110289176926016808e-03
-1.434349920600652695e-03
3.565569175407290459e-03
1.330284634605050087e-03
-8.971229544840753078e-04
1.898182556033134460e-03
2.269240329042077065e-03
9.946372592821717262e-04
2.965424908325076103e-03
-1.502598286606371403e-03
-3.642134834080934525e-03
-3.673249389976263046e-03
-2.007778966799378395e-03
-3.430922050029039383e-03
2.665617270395159721e-03
3.397872438654303551e-03
-1.792708178982138634e-03
3.327769692987203598e-03
-2.755638910457491875e-03
3.397432388737797737e-03
1.867764047347009182e-03
3.483532927930355072e-03
2.897122409194707870e-03
-2.754130633547902107e-03
4.299277206882834435e-04
-1.146848895587027073e-03
3.710296703502535820e-03
-5.070815677754580975e-04
8.675738936290144920e-04
1.796341151930391788e-03
1.242792350240051746e-03
-1.236090552993118763e-03
2.821734407916665077e-03
-2.341561252251267433e-03
7.093164022080600262e-04
-1.441574306227266788e-03
-2.423324767732992768e-04
3.085972857661545277e-04
1.392285223118960857e-03
-1.716693863272666931e-03
1.103582908399403095e-03
2.189551712945103645e-03
3.037289949133992195e-03
1.336622633971273899e-03
8.505274890922009945e-04
3.789129434153437614e-03
-3.120320034213364124e-04
3.441261826083064079e-03
1.158462255261838436e-03
-1.119512831792235374e-03
-2.904651453718543053e-03
-7.381669129244983196e-04
4.564094706438481808e-05
-2.936490578576922417e-03
2.410499146208167076e-03
1.870057894848287106e-03
2.994833048433065414e-03
-2.478968817740678787e-04
-3.140676766633987427e-03
1.574325957335531712e-03
-2.691679401323199272e-03
-3.686555894091725349e-03
-1.420151325874030590e-03
1.570277614519000053e-03
-7.436260348185896873e-04
3.149517811834812164e-03
-3.584081539884209633e-03
-1.686701900325715542e-03
-3.253948874771595001e-03
3.839159151539206505e-03
-5.570728098973631859e-04
-1.170296338386833668e-03
-3.862331621348857880e-03
-3.929492668248713017e-04
-2.568121068179607391e-03
-3.771023824810981750e-03
-1.788783818483352661e-03
-8.227769285440444946e-04
3.686736570671200752e-03
7.582722464576363564e-04
4.714267852250486612e-04
1.040126662701368332e-03
-1.063244882971048355e-03
2.750673098489642143e-03
2.789202611893415451e-03
-3.947854856960475445e-04
2.319583436474204063e-03
3.172233700752258301e-03
4.932068986818194389e-04
3.532587550580501556e-03
-1.678411965258419514e-03
-5.679982714354991913e-04
2.289382740855216980e-03
-2.930514980107545853e-03
-1.646972494199872017e-03
2.659603022038936615e-03
-7.145309791667386889e-05
3.493474796414375305e-03
-3.290167544037103653e-03
3.505301661789417267e-03
-3.083634888753294945e-03
-4.787243378814309835e-04
2.766490913927555084e-03
-2.737734932452440262e-03
1.899752649478614330e-03
6.272559403441846371e-04
3.873909357935190201e-03
-3.689165925607085228e-03
-7.074584718793630600e-04
2.286731498315930367e-03
2.856108825653791428e-03
-1.357528963126242161e-03
1.201200720970518887e-04
8.705938671482726932e-05
3.110520308837294579e-03
2.890262519940733910e-03
-1.107742311432957649e-03
1.635469729080796242e-03
3.289345419034361839e-03
1.032193424180150032e-03
2.014463389059528708e-04
-5.043481723987497389e-05
-3.278310177847743034e-03
2.021640393650159240e-04
-9.225262328982353210e-04
-2.176930429413914680e-03
-9.419567068107426167e-04
-2.043068408966064453e-03
-1.324577489867806435e-03
1.783703919500112534e-03
-2.491226885467767715e-03
-3.431523218750953674e-03
-1.644588541239500046e-03
9.927052306011319160e-04
2.504184667486697435e-04
-7.341724704019725323e-04
1.835614675655961037e-03
-1.609367434866726398e-03
-1.445466070435941219e-03
-7.536885677836835384e-04
2.087192377075552940e-03
-3.772518597543239594e-03
-3.260977100580930710e-03
-2.027036854997277260e-03
-6.672290037386119366e-04
1.169603550806641579e-03
8.122611907310783863e-04
3.377767512574791908e-03
-6.069859373383224010e-04
1.896065223263576627e-04
-8.831245941109955311e-04
-1.058098161593079567e-03
-2.974261064082384109e-03
-2.408498898148536682e-03
-2.610743278637528419e-03
2.884855028241872787e-03
2.614842960610985756e-03
-2.629128750413656235e-03
-1.656215055845677853e-03
2.650465758051723242e-04
6.944300839677453041e-04
2.389130415394902229e-03
-3.719292813912034035e-03
-8.985252352431416512e-04
1.526688574813306332e-03
-8.895063656382262707e-04
7.745445473119616508e-04
1.495153264841064811e-04
-3.075592394452542067e-04
8.621258311904966831e-04
7.180511020123958588e-04
-8.148821070790290833e-04
1.772624906152486801e-03
-3.336133901029825211e-03
-3.483007661998271942e-03
-2.869322197511792183e-03
-1.235398696735501289e-03
2.875949954614043236e-03
-1.438114442862570286e-03
2.338473452255129814e-03
4.925270332023501396e-04
3.403109265491366386e-03
2.191737061366438866e-03
-1.620446215383708477e-03
1.007310813292860985e-03
-1.135999453254044056e-03
-2.074155956506729126e-03
3.636518027633428574e-03
8.798494673101231456e-05
-2.463012002408504486e-03
1.428332761861383915e-03
3.138766158372163773e-03
-1.407334581017494202e-03
-3.108956618234515190e-03
-3.940743335988372564e-04
1.114349579438567162e-03
-2.071204362437129021e-03
9.008878841996192932e-04
-3.479438368231058121e-03
-1.736851758323609829e-03
-1.103601767681539059e-03
-1.652673352509737015e-03
-8.442564867436885834e-04
2.364191459491848946e-03
2.779653994366526604e-03
3.494008909910917282e-03
-1.520461373729631305e-04
1.949881901964545250e-03
1.271691289730370045e-03
-7.490903954021632671e-04
-1.210386399179697037e-03
-3.542066551744937897e-04
3.678274108096957207e-03
1.737811835482716560e-03
3.244809806346893311e-03
8.637604187242686749e-04
1.168970949947834015e-03
-8.548212354071438313e-04
-4.184206482023000717e-04
2.426999853923916817e-03
4.192045598756521940e-04
4.815772990696132183e-04
-3.052441636100411415e-03
-1.808233093470335007e-03
-3.682478098198771477e-03
