1.643737079575657845e-03
2.561109140515327454e-03
1.149064744822680950e-03
-4.195981018710881472e-04
1.554069109261035919e-03
-2.935495227575302124e-03
-2.747227204963564873e-03
3.782855579629540443e-03
6.366190500557422638e-04
3.498798003420233727e-03
-1.745180576108396053e-03
2.187268342822790146e-03
-1.550452550873160362e-03
-2.054476877674460411e-03
-3.741647815331816673e-04
2.057684119790792465e-03
1.686719013378024101e-03
-1.259711425518617034e-04
-1.058614812791347504e-03
-9.540966711938381195e-04
-8.549393969587981701e-04
-6.994067807681858540e-04
-8.031150209717452526e-04
-3.586156817618757486e-04
3.017525654286146164e-03
-1.705466653220355511e-03
5.256535223452374339e-05
-2.497446723282337189e-03
1.907550031319260597e-03
2.873112680390477180e-03
-4.491052532102912664e-04
3.263717517256736755e-04
-1.761794555932283401e-03
-3.447442082688212395e-03
2.245883224532008171e-03
2.750223269686102867e-03
2.710154280066490173e-03
-6.702688988298177719e-04
4.262464062776416540e-04
2.253288635984063148e-03
5.829308065585792065e-04
3.018180374056100845e-03
2.257087035104632378e-03
1.807914581149816513e-03
-2.109165536239743233e-03
1.674408908002078533e-03
-4.570406163111329079e-04
-2.456832735333591700e-04
-3.134480444714426994e-03
-5.738937179557979107e-04
-8.043787238420918584e-05
4.381802282296121120e-04
-1.624682452529668808e-03
6.441922159865498543e-04
-6.560994661413133144e-04
2.210402395576238632e-03
-2.459850162267684937e-03
2.169656334444880486e-03
-3.182048676535487175e-03
-2.536955522373318672e-03
-1.121695022447966039e-04
-1.452084514312446117e-03
1.436055055819451809e-03
-3.762892680242657661e-03
-2.555703744292259216e-03
-1.378360437229275703e-03
2.407165709882974625e-03
4.766785132233053446e-04
-8.915799116948619485e-05
1.634944579564034939e-03
-3.152193268761038780e-03
-2.592669334262609482e-04
3.300812793895602226e-03
-2.105462830513715744e-03
2.040579915046691895e-03
2.521156566217541695e-03
1.426874427124857903e-03
-1.593870365468319505e-05
3.585997968912124634e-03
-9.376195957884192467e-04
2.373350085690617561e-03
-3.234502160921692848e-03
2.031879499554634094e-03
8.720466867089271545e-04
1.831054803915321827e-03
-6.819352856837213039e-04
-3.742798697203397751e-03
-3.519374877214431763e-03
-3.275812137871980667e-03
2.903381828218698502e-04
1.034873537719249725e-03
-1.665254007093608379e-03
-1.304086763411760330e-03
-8.915771031752228737e-04
3.596733557060360909e-03
-2.782205119729042053e-03
-1.820183475501835346e-03
1.753814518451690674e-03
3.555944131221622229e-04
2.329075243324041367e-03
-1.709725125692784786e-03
9.293740004068240523e-05
-7.884597871452569962e-04
8.829049329506233335e-05
1.396287349052727222e-03
-2.946444088593125343e-03
3.377591958269476891e-03
1.280283206142485142e-03
-1.537943608127534389e-03
2.127112355083227158e-03
3.216300392523407936e-04
9.706551209092140198e-04
9.274509502574801445e-04
-2.475866116583347321e-03
2.125283208442851901e-04
1.468928297981619835e-03
2.930430229753255844e-03
-1.442869077436625957e-03
3.126882715150713921e-03
-3.191732801496982574e-03
-1.276969560422003269e-03
1.920073991641402245e-03
-2.955585950985550880e-03
-1.071046688593924046e-03
-3.604146419093012810e-03
2.094364026561379433e-04
3.813348710536956787e-03
-3.851995803415775299e-03
-2.023921115323901176e-03
-5.069879116490483284e-04
-1.599514507688581944e-03
3.348472993820905685e-03
-3.087350632995367050e-03
-2.692153677344322205e-03
2.889791270717978477e-03
3.846851643174886703e-03
-1.989020238397642970e-04
2.714574569836258888e-03
7.123218965716660023e-04
9.761535329744219780e-04
-1.817404059693217278e-03
-2.196194604039192200e-03
2.842007204890251160e-03
1.316820271313190460e-03
-2.604487352073192596e-03
1.296044094488024712e-03
1.625546719878911972e-03
-7.333808462135493755e-04
2.470314037054777145e-03
1.474982593208551407e-03
1.150008291006088257e-03
3.417395986616611481e-03
-1.990295015275478363e-03
-6.350505282171070576e-04
-2.624173415824770927e-03
-3.190469462424516678e-03
-2.991471206769347191e-03
8.954374934546649456e-04
2.450752770528197289e-03
-4.970666486769914627e-04
-1.350716222077608109e-03
-1.491165370680391788e-03
1.763164415024220943e-03
3.286567749455571175e-03
3.389659104868769646e-04
-2.966673346236348152e-03
-2.698118798434734344e-03
-3.517447272315621376e-03
-3.155210986733436584e-03
2.095075789839029312e-03
1.942453440278768539e-03
1.457036356441676617e-03
-1.574148307554423809e-03
3.816123586148023605e-03
9.984360076487064362e-04
-2.263949863845482469e-05
3.798302786890417337e-04
7.038532639853656292e-04
-2.746747573837637901e-03
2.582515822723507881e-03
1.504082698374986649e-03
1.492866314947605133e-03
2.455670619383454323e-03
-7.540139486081898212e-04
-1.930691418237984180e-03
1.097864471375942230e-03
-3.487267298623919487e-03
3.670718288049101830e-03
1.433145487681031227e-03
-1.798083074390888214e-03
3.366985765751451254e-05
-2.068839501589536667e-03
-4.216497763991355896e-04
2.414389979094266891e-03
-2.396913012489676476e-03
-3.671944607049226761e-03
2.332231029868125916e-03
8.805380784906446934e-04
3.436523256823420525e-03
3.683255519717931747e-03
1.496668846812099218e-04
-9.766229195520281792e-04
-2.970838453620672226e-03
2.721438417211174965e-03
1.666901516728103161e-03
-2.588222501799464226e-03
-2.562540816143155098e-03
2.378490986302495003e-03
1.162722241133451462e-03
1.296967617236077785e-03
-1.774026430211961269e-03
9.766072034835815430e-04
-1.181911793537437916e-03
-1.401554036419838667e-04
-2.559159882366657257e-03
-3.004930913448333740e-03
-1.507106935605406761e-03
-9.946511127054691315e-04
9.584509534761309624e-04
-7.100172806531190872e-04
3.330033505335450172e-03
-3.979900502599775791e-04
-1.596940332092344761e-03
1.161861349828541279e-03
2.316024620085954666e-03
2.099473727867007256e-03
-3.505975939333438873e-03
-3.783181309700012207e-03
3.033547196537256241e-03
3.063914133235812187e-03
-2.006174298003315926e-03
1.371786114759743214e-03
4.379490274004638195e-04
1.425882917828857899e-03
-3.703182330355048180e-03
-1.525483559817075729e-03
-1.768763875588774681e-03
1.682020374573767185e-03
1.536548021249473095e-03
-2.057551406323909760e-03
-1.270801294595003128e-03
-2.861089538782835007e-03
4.040905041620135307e-04
2.169514540582895279e-03
-2.289658179506659508e-03
-3.174746176227927208e-03
-1.998735358938574791e-03
-2.383702521910890937e-04
-1.442603097530081868e-04
-2.600259147584438324e-03
3.778859274461865425e-03
-2.442128257825970650e-03
-1.591187668964266777e-03
-1.999632455408573151e-03
2.016262384131550789e-03
-3.298162017017602921e-03
