-3.797657089307904243e-03
1.114780781790614128e-03
3.704204922541975975e-03
3.268717322498559952e-03
1.488889567553997040e-03
-1.876268768683075905e-03
1.322934171184897423e-03
2.983427140861749649e-03
-3.225249936804175377e-03
-3.456419100984930992e-03
-2.888287650421261787e-03
-1.677971566095948219e-03
-2.320402534678578377e-03
-2.002099528908729553e-03
1.673276070505380630e-03
-2.844830509275197983e-03
2.356749493628740311e-03
1.110021141357719898e-03
1.404679846018552780e-03
-6.398453842848539352e-04
1.393433660268783569e-03
3.015531226992607117e-03
3.225148655474185944e-03
9.504878544248640537e-04
1.726891612634062767e-03
-2.504742238670587540e-03
-2.180831972509622574e-03
-1.291362685151398182e-03
-3.624195698648691177e-03
-2.302958630025386810e-03
1.230159890837967396e-03
2.963493810966610909e-03
8.169502834789454937e-04
-3.477605292573571205e-03
2.113774651661515236e-03
2.376727061346173286e-03
2.697793068364262581e-03
-1.070981728844344616e-03
-2.202582312747836113e-03
-2.334602875635027885e-03
3.754768520593643188e-03
1.087818294763565063e-03
-2.716533374041318893e-03
1.292434521019458771e-03
5.909216124564409256e-04
-9.200810454785823822e-04
1.016163150779902935e-03
3.079573507420718670e-04
-1.064681098796427250e-03
-7.686996832489967346e-04
8.676382130943238735e-04
1.512695569545030594e-03
1.255455659702420235e-03
6.547327502630650997e-04
-1.275094458833336830e-03
-1.624412136152386665e-03
5.187291535548865795e-04
3.818201832473278046e-03
-1.334405620582401752e-03
-1.627077464945614338e-03
-3.165342845022678375e-03
-6.147652748040854931e-04
-4.081624792888760567e-04
-2.883245935663580894e-03
2.071207622066140175e-03
1.760355196893215179e-03
-2.404192229732871056e-03
3.030849620699882507e-03
-2.134553389623761177e-03
1.328672864474356174e-03
-2.986679552122950554e-03
9.241653606295585632e-04
-2.548972610384225845e-03
-2.650985727086663246e-03
2.216672757640480995e-03
2.534139435738325119e-03
3.655512351542711258e-03
3.827970242127776146e-03
-2.477581845596432686e-03
3.708335803821682930e-03
2.824192233674693853e-05
-2.661754610016942024e-03
-1.219772617332637310e-03
8.539090049453079700e-04
-3.187940455973148346e-03
-1.080458634532988071e-03
-2.307446440681815147e-03
2.167583443224430084e-03
8.930642507039010525e-04
3.547183237969875336e-03
2.358678029850125313e-03
-2.490215469151735306e-03
2.152934437617659569e-03
2.066217362880706787e-03
2.019255422055721283e-03
1.002025019261054695e-04
2.337495796382427216e-03
3.511960152536630630e-03
-2.956860000267624855e-03
1.633532810956239700e-03
-7.776417187415063381e-04
-1.923459203680977225e-04
-1.130336313508450985e-03
-4.545866395346820354e-04
7.076159818097949028e-04
-5.224545602686703205e-04
-7.873862632550299168e-04
3.530878107994794846e-03
-4.279057902749627829e-04
3.299789503216743469e-03
-2.028803108260035515e-03
-4.291461373213678598e-04
3.444234374910593033e-03
2.232017141068354249e-04
-3.197910729795694351e-03
-1.871030661277472973e-03
-1.810494723031297326e-04
1.484903274103999138e-03
3.374626394361257553e-03
-2.618464874103665352e-03
-1.986350165680050850e-03
-9.856196120381355286e-04
3.039303701370954514e-03
-2.029653405770659447e-03
1.333042862825095654e-03
3.452372271567583084e-03
1.633518841117620468e-03
2.644543070346117020e-03
-1.794600830180570483e-04
3.135094884783029556e-04
1.901749637909233570e-04
-6.664823158644139767e-04
2.672858303412795067e-03
-9.554631542414426804e-04
-8.521203417330980301e-04
3.406984964385628700e-03
-3.018535498995333910e-04
-2.496909582987427711e-03
-6.861370638944208622e-04
-3.424180671572685242e-03
9.980130707845091820e-04
-6.111931870691478252e-04
-2.381839556619524956e-03
1.373572042211890221e-03
2.539108041673898697e-03
1.028770697303116322e-03
3.747684182599186897e-03
-2.165846759453415871e-03
-3.306803526356816292e-03
-4.190772597212344408e-04
-1.600042334757745266e-03
5.528704496100544930e-04
-9.605934610590338707e-04
5.390169681049883366e-04
9.852013317868113518e-04
1.311880332650616765e-04
3.489136928692460060e-03
-3.030369756743311882e-03
-6.402041180990636349e-04
2.043195301666855812e-03
-3.221111604943871498e-03
1.316615496762096882e-03
-6.234536413103342056e-04
-2.491474850103259087e-03
-2.690334338694810867e-03
-4.122241443837992847e-05
3.742304106708616018e-04
-2.018214436247944832e-03
8.361244108527898788e-04
-1.146988943219184875e-03
-1.861428143456578255e-03
2.303635701537132263e-03
-7.448283140547573566e-04
2.835981082171201706e-03
-1.650712947594001889e-04
-3.893917659297585487e-03
-3.643795149400830269e-03
1.950393547303974628e-03
-1.258799107745289803e-03
2.118701580911874771e-03
2.864910056814551353e-03
1.631611608900129795e-03
3.811162430793046951e-03
2.887034323066473007e-03
-3.811770584434270859e-03
-2.152505796402692795e-03
4.711207293439656496e-04
-2.180690411478281021e-03
-2.997769042849540710e-03
2.235947409644722939e-03
-2.612065756693482399e-03
-1.755673787556588650e-03
-5.904829013161361217e-04
1.993515295907855034e-03
-1.931689796037971973e-03
-5.939897964708507061e-04
2.048060996457934380e-03
9.572874987497925758e-04
-2.585159614682197571e-03
3.540652804076671600e-03
-3.089726960752159357e-04
3.728141076862812042e-03
1.120588131016120315e-04
-7.324563339352607727e-04
2.205222379416227341e-03
2.631313167512416840e-03
-2.247718395665287971e-03
-3.423878690227866173e-03
-2.770400606095790863e-03
1.761015970259904861e-03
8.531960775144398212e-04
-2.145240548998117447e-03
-5.951946368440985680e-04
3.905925899744033813e-03
-3.917824360541999340e-04
-2.293351804837584496e-03
2.314036100869998336e-04
4.421403282321989536e-04
3.735915990546345711e-03
2.014232333749532700e-03
3.081187605857849121e-03
-2.893317257985472679e-03
3.546879393979907036e-03
-1.812713104300200939e-03
2.855579368770122528e-03
1.763692358508706093e-03
-9.668405982665717602e-04
-2.697778865694999695e-03
3.605010686442255974e-03
-2.542377449572086334e-03
-5.531550268642604351e-04
-3.485220950096845627e-04
3.026574850082397461e-03
3.197848098352551460e-03
-3.858781885355710983e-03
1.154596684500575066e-03
2.119677374139428139e-03
1.115807681344449520e-03
-8.937548263929784298e-04
3.463343717157840729e-03
2.627094276249408722e-03
-2.057069446891546249e-03
1.351113605778664351e-04
2.761764684692025185e-03
1.006804290227591991e-03
6.510136881843209267e-04
4.127320426050573587e-04
-9.473414393141865730e-04
1.947331125847995281e-03
-3.484642831608653069e-03
-2.771353174466639757e-04
3.187520196661353111e-04
-3.012784989550709724e-03
2.165552723454311490e-04
-6.607437971979379654e-04
4.845056391786783934e-04
