-4.991125315427780151e-04
1.910929684527218342e-03
2.629634458571672440e-03
-5.973850493319332600e-04
3.337590023875236511e-03
2.601356245577335358e-04
5.029992316849529743e-04
3.069312078878283501e-03
3.746189759112894535e-04
2.952866023406386375e-03
-8.674920536577701569e-04
3.607910592108964920e-03
-5.103271105326712132e-04
2.640073420479893684e-03
-3.163640154525637627e-03
-2.410293323919177055e-03
2.884909277781844139e-03
-2.891719574108719826e-03
-3.822123864665627480e-03
-3.091947874054312706e-03
-3.170153358951210976e-03
-9.825538145378232002e-04
-2.828624565154314041e-03
-1.401393557898700237e-03
1.780709717422723770e-03
6.762928096577525139e-04
-9.391474304720759392e-04
-3.023184370249509811e-03
-3.661502152681350708e-03
-2.291864948347210884e-03
2.174122259020805359e-03
3.756330814212560654e-03
-3.250530222430825233e-03
3.566139377653598785e-03
3.242339473217725754e-03
4.179966636002063751e-04
-5.555892712436616421e-04
-2.393981441855430603e-03
8.772668079473078251e-04
1.732206001179292798e-04
-3.051479347050189972e-03
8.719125180505216122e-04
-7.094821194186806679e-04
1.890269806608557701e-03
3.413629310671240091e-04
-2.444115467369556427e-03
3.295222530141472816e-03
-2.355626318603754044e-03
-2.444177400320768356e-03
-2.809992060065269470e-03
-2.949386136606335640e-03
2.665948821231722832e-03
-3.776560479309409857e-04
3.536714939400553703e-04
2.678348915651440620e-03
-1.401237444952130318e-03
1.257280935533344746e-03
1.482672989368438721e-03
-2.089813584461808205e-03
7.842758786864578724e-04
2.143873600289225578e-03
-1.924730458995327353e-04
-1.213006558828055859e-03
2.346146618947386742e-03
-3.515542950481176376e-03
-4.940940998494625092e-04
2.119824523106217384e-03
5.498193786479532719e-04
-9.855965618044137955e-04
3.387492382898926735e-03
2.910775365307927132e-03
-2.134479582309722900e-03
2.192661399021744728e-03
-3.099242690950632095e-03
-2.330752467969432473e-04
1.859179115854203701e-03
1.932207960635423660e-03
-2.829040866345167160e-03
2.889150055125355721e-03
2.149292500689625740e-03
2.400268334895372391e-03
2.159407013095915318e-04
2.949273679405450821e-03
3.252626862376928329e-03
-1.988815609365701675e-03
-1.196544617414474487e-03
2.976945368573069572e-03
6.411836948245763779e-04
1.632155501283705235e-03
2.617319580167531967e-03
2.164211589843034744e-03
8.840215159580111504e-04
-1.141128363087773323e-03
-7.696768152527511120e-04
2.561857458204030991e-03
-1.641379436478018761e-03
-9.181936038658022881e-04
-3.449189243838191032e-03
-2.739449497312307358e-03
2.038764068856835365e-03
-1.567572937346994877e-03
2.780870068818330765e-03
-2.779657021164894104e-03
3.630193183198571205e-03
2.048715949058532715e-03
3.517558798193931580e-03
3.111699828878045082e-03
-1.698057516478002071e-03
-2.718927571550011635e-04
-5.253624985925853252e-04
4.190695472061634064e-05
-1.271801069378852844e-03
-1.711187185719609261e-03
1.128587537095881999e-04
-1.361115020699799061e-03
3.094031941145658493e-03
-2.322751563042402267e-03
2.905476139858365059e-03
2.961294259876012802e-03
-2.713715890422463417e-03
-2.408099826425313950e-04
-3.543291008099913597e-03
-2.875285921618342400e-03
8.072995697148144245e-04
2.958630211651325226e-04
-7.562952814623713493e-04
3.860626602545380592e-03
2.208359772339463234e-03
3.552541602402925491e-03
2.803099807351827621e-03
3.538173856213688850e-03
-2.585768001154065132e-03
2.931826747953891754e-03
3.467033820925280452e-05
-3.402704373002052307e-03
1.121058085118420422e-05
-7.987796561792492867e-04
-3.386956872418522835e-03
1.976914471015334129e-03
3.197373356670141220e-03
1.778972451575100422e-03
3.318001050502061844e-03
2.689765999093651772e-03
-3.390756435692310333e-03
3.641701070591807365e-03
-1.027038088068366051e-03
2.241124864667654037e-03
-4.613400378730148077e-04
-3.315468085929751396e-03
-1.461040112189948559e-03
3.513170173391699791e-03
2.316348953172564507e-03
-5.174275138415396214e-04
1.006950158625841141e-03
-1.970937475562095642e-03
-1.478142105042934418e-03
-3.622602205723524094e-03
-2.503375522792339325e-03
-7.426427910104393959e-04
-1.098146662116050720e-03
-3.804518142715096474e-03
4.712774825748056173e-04
1.307458296651020646e-04
-2.017534105107188225e-03
2.830345649272203445e-03
-2.608925336971879005e-03
-5.471530603244900703e-04
-9.514696430414915085e-04
8.670457173138856888e-04
2.563950140029191971e-03
1.022440497763454914e-03
4.715415125247091055e-04
-8.348922128789126873e-04
1.970286393770948052e-04
-3.338088281452655792e-03
2.992258640006184578e-03
3.693899372592568398e-03
3.844196908175945282e-03
-1.038309070281684399e-03
2.470427425578236580e-03
-2.668224042281508446e-03
3.812025301158428192e-03
-3.910642117261886597e-03
-2.386518986895680428e-03
1.469628652557730675e-03
2.906068926677107811e-03
1.721229869872331619e-03
-3.509468864649534225e-03
3.658264176920056343e-04
4.388897214084863663e-04
-2.926990156993269920e-03
2.989767817780375481e-04
-1.283046207390725613e-03
-5.829585716128349304e-04
2.369268331676721573e-03
-2.245645737275481224e-03
-1.323964097537100315e-03
2.399214776232838631e-03
-2.606240333989262581e-03
-1.862953358795493841e-04
2.148814499378204346e-03
1.451517106033861637e-03
1.556262373924255371e-03
1.215428230352699757e-03
1.138910185545682907e-03
-1.509315916337072849e-03
-1.982232322916388512e-03
-2.438740571960806847e-03
-2.565198577940464020e-03
2.659487305209040642e-03
-1.966289710253477097e-03
2.033910132013261318e-04
1.540379715152084827e-03
-2.412204630672931671e-04
-2.907353453338146210e-03
-1.897384412586688995e-03
-4.651832568924874067e-04
5.721540655940771103e-04
7.316831761272624135e-05
7.319379947148263454e-04
-4.247680481057614088e-04
-1.257510972209274769e-03
1.425372283847536892e-05
3.510813927277922630e-03
6.560310139320790768e-04
-2.585650654509663582e-03
2.163222758099436760e-03
-3.843560116365551949e-03
8.609026554040610790e-04
5.014481139369308949e-04
-1.615657005459070206e-03
-2.049131086096167564e-03
1.581434480613097548e-04
-1.791227725334465504e-03
-4.947503330186009407e-04
3.009577281773090363e-03
-1.488012028858065605e-03
5.154719692654907703e-04
2.268640091642737389e-03
-5.411444581113755703e-04
2.341241575777530670e-03
-2.278492087498307228e-03
2.098330995067954063e-03
8.171016088454052806e-05
-1.501452061347663403e-03
-2.719041425734758377e-03
-2.932734787464141846e-03
2.579802414402365685e-03
3.351089544594287872e-03
2.290928270667791367e-03
-1.117351581342518330e-03
1.415077596902847290e-03
9.076034766621887684e-04
-2.678025048226118088e-04
1.877940841950476170e-03
-2.200570015702396631e-04
