-2.671463647857308388e-03
-1.087422366254031658e-03
-2.934425836428999901e-03
-1.931479899212718010e-03
2.241484588012099266e-03
-2.885458292439579964e-03
2.906169742345809937e-03
-5.234202035353519022e-05
-3.811930073425173759e-03
1.733566459733992815e-04
1.604590215720236301e-03
3.674314823001623154e-03
3.875944297760725021e-03
-8.476346265524625778e-04
-2.229476347565650940e-03
2.640991006046533585e-04
-6.032050587236881256e-04
4.414288559928536415e-04
-1.427777227945625782e-03
-2.056651865132153034e-04
8.215418783947825432e-04
-1.311354921199381351e-03
-9.228296112269163132e-04
-1.807645894587039948e-03
3.625578247010707855e-03
3.329380706418305635e-04
1.454973127692937851e-03
2.777356887236237526e-03
6.236016051843762398e-04
-2.451547887176275253e-03
3.280985634773969650e-03
3.388224868103861809e-03
1.014083041809499264e-03
-1.374021521769464016e-03
-1.551439287140965462e-03
-4.141240060562267900e-05
-2.953580988105386496e-04
-3.026454651262611151e-04
1.092242193408310413e-03
2.071074210107326508e-03
-5.855022463947534561e-04
3.132036654278635979e-03
2.274873899295926094e-03
-3.805669548455625772e-04
2.559270709753036499e-03
3.696704516187310219e-03
-3.031712956726551056e-03
2.572203520685434341e-03
-6.545702344737946987e-04
2.145649195881560445e-04
-1.098034699680283666e-04
-2.937801182270050049e-03
-3.319291863590478897e-03
-3.557691816240549088e-03
-2.830281853675842285e-03
-6.811855564592406154e-05
-3.075984073802828789e-03
-9.076774003915488720e-04
-2.780447481200098991e-03
1.460294937714934349e-03
2.830061595886945724e-03
-9.777107043191790581e-04
2.095023955916985869e-04
-3.036810783669352531e-03
2.600243315100669861e-03
-6.147962994873523712e-04
-2.956488169729709625e-03
1.703444519080221653e-03
3.738947911188006401e-03
1.810622517950832844e-03
-6.738222145941108465e-05
1.468828064389526844e-03
3.080052323639392853e-03
-2.793353516608476639e-03
-2.784494310617446899e-03
1.516341348178684711e-03
3.074132138863205910e-03
2.958863624371588230e-04
9.982032934203743935e-04
2.327728550881147385e-03
-2.075128431897610426e-04
2.588870236650109291e-03
2.385172410868108273e-04
-4.964346298947930336e-04
2.566220937296748161e-03
-2.837237203493714333e-03
3.379093250259757042e-03
-2.135890070348978043e-03
1.083415932953357697e-03
-3.250567940995097160e-03
1.560645876452326775e-03
2.508199540898203850e-03
-2.592325676232576370e-03
2.003972651436924934e-03
1.987900352105498314e-03
2.816647756844758987e-03
-5.157141131348907948e-04
7.322028395719826221e-04
-1.258661970496177673e-03
1.165050198324024677e-03
-1.269337255507707596e-03
-2.775453496724367142e-03
-2.703707432374358177e-03
-3.738489933311939240e-03
-1.246984465979039669e-03
1.724101253785192966e-03
-1.305034733377397060e-03
-1.989246811717748642e-03
-3.515003481879830360e-03
1.856799935922026634e-03
9.673186577856540680e-04
1.264628721401095390e-03
3.164213616400957108e-03
3.334171138703823090e-03
2.367157489061355591e-03
-5.274609429761767387e-04
-5.881757242605090141e-04
4.065638640895485878e-04
2.687994856387376785e-03
1.428417977876961231e-03
2.917997073382139206e-03
3.742305329069495201e-03
1.697169267572462559e-03
2.619638340547680855e-03
5.908116581849753857e-04
3.407474607229232788e-03
-6.589163094758987427e-04
2.608758630231022835e-03
-7.692220387980341911e-04
1.435074605979025364e-03
-2.203480573371052742e-03
-2.906396985054016113e-03
5.046401638537645340e-04
3.444175468757748604e-03
-1.851426321081817150e-03
-1.554220332764089108e-03
1.380815170705318451e-03
3.991141275037080050e-04
1.911869505420327187e-03
-3.168697003275156021e-03
2.768514910712838173e-03
1.988240052014589310e-03
-9.242137311957776546e-04
-1.883989549241960049e-03
-2.106566214933991432e-03
-2.055099699646234512e-03
-4.285942704882472754e-04
1.144759706221520901e-03
1.319722156040370464e-03
2.475208137184381485e-03
2.368072018725797534e-04
3.092105500400066376e-03
1.222375431098043919e-03
1.151467207819223404e-03
1.695913728326559067e-03
-3.234981559216976166e-03
1.793325296603143215e-03
-2.128073014318943024e-03
-1.668929238803684711e-03
1.349634141661226749e-03
-2.036615973338484764e-03
4.019474145025014877e-04
3.187304828315973282e-03
2.307139802724123001e-03
2.667673630639910698e-03
1.301334472373127937e-03
2.645796048454940319e-04
-1.942287315614521503e-03
3.875357098877429962e-03
2.861547050997614861e-03
3.165867878124117851e-03
-1.778204314177855849e-04
-1.001369906589388847e-03
3.022338496521115303e-03
9.284087573178112507e-04
-2.323235152289271355e-03
2.726453822106122971e-03
8.843182586133480072e-04
-2.173354616388678551e-03
-6.299650995060801506e-04
5.352006410248577595e-04
2.519204514101147652e-03
1.919427653774619102e-03
7.217922247946262360e-04
-2.527832984924316406e-03
-1.193999312818050385e-03
-3.076857188716530800e-03
-1.239253091625869274e-03
9.471126249991357327e-04
-3.097703680396080017e-03
-6.669877329841256142e-04
-9.040086297318339348e-04
1.650346093811094761e-03
-9.838397381827235222e-04
-2.657309640198945999e-03
1.779883605195209384e-04
-3.365614975336939096e-05
-1.041119219735264778e-03
-3.691062374855391681e-05
-2.051091520115733147e-03
7.582252146676182747e-04
2.216432010754942894e-03
-1.039483235217630863e-03
2.236374421045184135e-03
-2.196794142946600914e-03
-3.195658093318343163e-03
-7.111949380487203598e-04
-3.631214611232280731e-03
2.959373872727155685e-03
3.438759129494428635e-03
-3.043568460270762444e-03
3.406983800232410431e-03
-1.136376406066119671e-03
1.763236126862466335e-03
-3.088996745645999908e-03
5.988517077639698982e-04
-2.138149458914995193e-03
5.912602136959321797e-05
1.521938946098089218e-03
-2.728527877479791641e-03
3.046032506972551346e-03
3.156713675707578659e-03
1.027824822813272476e-03
1.160238753072917461e-03
-3.666155738756060600e-03
-2.856023143976926804e-03
1.873653964139521122e-03
-9.998709429055452347e-04
-1.937369001097977161e-03
-9.316616342402994633e-04
-1.100135035812854767e-03
-2.514257794246077538e-03
-1.844289479777216911e-03
2.328509697690606117e-03
1.735785044729709625e-04
8.486256119795143604e-04
-6.046116468496620655e-04
-3.653767053037881851e-03
9.591845446266233921e-04
1.600233488716185093e-03
-2.431195462122559547e-03
3.287793369963765144e-03
1.838610856793820858e-03
3.470105817541480064e-03
2.594051184132695198e-03
9.969772072508931160e-04
-6.327025475911796093e-04
-1.658828114159405231e-03
3.482358064502477646e-03
2.233790699392557144e-03
-6.653850959992269054e-06
8.135816315189003944e-04
-1.583713688887655735e-03
1.225856365635991096e-03
2.672629896551370621e-03
-2.793129999190568924e-03
