-2.602749504148960114e-03
-1.836772571550682187e-04
1.873752218671143055e-03
2.069461625069379807e-03
-7.690684287808835506e-04
-3.877090523019433022e-03
6.895035621710121632e-04
1.180400024168193340e-03
-3.650579601526260376e-03
3.253258997574448586e-03
2.919180784374475479e-03
3.198387101292610168e-03
1.946873380802571774e-03
1.833796617574989796e-03
-2.680336590856313705e-03
8.644089684821665287e-04
-2.012826735153794289e-03
-8.645981433801352978e-04
2.143820282071828842e-03
-3.787884721532464027e-03
-2.044008811935782433e-03
-3.227904904633760452e-03
1.923671225085854530e-04
1.051477593136951327e-04
-3.141556866466999054e-03
-4.402587946970015764e-04
-3.751045442186295986e-04
3.037527203559875488e-03
-5.687118755304254591e-05
-1.801831065677106380e-03
-2.142162062227725983e-03
-3.556209849193692207e-03
9.941458702087402344e-04
-2.923661377280950546e-03
-3.179434454068541527e-03
1.695125101832672954e-04
1.243913546204566956e-03
-3.759218147024512291e-03
-2.155834110453724861e-03
-4.623221466317772865e-04
-2.272136276587843895e-03
-2.878222148865461349e-03
1.602680771611630917e-03
1.085741096176207066e-03
1.886489102616906166e-03
5.287136082188226283e-05
6.702723330818116665e-04
2.892569638788700104e-03
3.633401589468121529e-03
6.838997942395508289e-04
1.864148420281708241e-03
-2.115045674145221710e-03
-1.163098146207630634e-03
-3.645113902166485786e-04
3.479061415418982506e-04
-2.404985018074512482e-03
7.775899139232933521e-04
9.333945927210152149e-04
2.260477980598807335e-03
-7.056916947476565838e-04
2.948526991531252861e-03
-1.428948715329170227e-03
-7.834861753508448601e-04
-3.623863158281892538e-04
1.236774609424173832e-03
-1.451301272027194500e-03
-1.555086229927837849e-03
-1.090673031285405159e-03
-3.780222730711102486e-03
-8.239328162744641304e-04
-1.659499015659093857e-03
-2.242301357910037041e-03
1.093627302907407284e-03
-9.236218756996095181e-04
9.231284820998553187e-06
1.678379136137664318e-03
-2.718347823247313499e-03
2.248717471957206726e-03
2.073473064228892326e-03
-1.619487535208463669e-03
-1.961175585165619850e-03
-1.823227357817813754e-04
-2.586462767794728279e-03
4.454715235624462366e-04
-3.547994652763009071e-03
2.260086126625537872e-03
-1.115152845159173012e-03
3.248174674808979034e-03
1.540646539069712162e-03
-3.730172058567404747e-03
2.089920686557888985e-03
-1.057096989825367928e-03
-6.359586841426789761e-04
-1.694330945611000061e-03
-1.063874573446810246e-03
3.204899374395608902e-03
1.102871028706431389e-03
-2.216279506683349609e-03
-2.509797923266887665e-03
-3.766451496630907059e-03
2.704369835555553436e-03
-1.898210146464407444e-03
-1.966976560652256012e-03
1.325778197497129440e-03
3.240906225983053446e-04
-1.054179039783775806e-03
-2.948060631752014160e-03
5.100148846395313740e-04
-2.012287266552448273e-03
-2.153742592781782150e-03
-3.014454385265707970e-03
5.425520357675850391e-04
2.564219990745186806e-03
3.343132848385721445e-04
1.239989418536424637e-03
-9.710079175420105457e-04
-8.482716511934995651e-04
1.876828842796385288e-03
2.093099290505051613e-03
2.697549294680356979e-03
-2.678541699424386024e-03
-1.671494217589497566e-03
1.182654639706015587e-03
-5.019373493269085884e-04
1.676199375651776791e-03
-5.185390473343431950e-04
-6.104946951381862164e-04
-3.668293589726090431e-03
3.620154689997434616e-03
-1.013927976600825787e-03
-1.169052557088434696e-03
2.997256349772214890e-03
1.907207653857767582e-03
-2.308875788003206253e-03
-3.383461385965347290e-03
3.597137285396456718e-03
-9.649461135268211365e-04
1.828340697102248669e-03
-3.694212296977639198e-03
3.422139678150415421e-03
1.899335649795830250e-03
-2.073756186291575432e-03
-2.978807082399725914e-03
-2.887503476813435555e-03
2.140444936230778694e-03
1.356541644781827927e-03
-2.757659181952476501e-03
2.232715720310807228e-03
-2.889838768169283867e-03
1.532187743578106165e-04
5.867844447493553162e-04
2.159602241590619087e-03
-5.508943577297031879e-04
2.369643654674291611e-03
8.822830859571695328e-04
1.610558014363050461e-03
-1.387424068525433540e-03
3.177490318194031715e-03
5.985657917335629463e-04
-2.550374483689665794e-04
-8.799381321296095848e-04
1.872930261015426368e-05
-3.755891695618629456e-03
2.604116452857851982e-03
3.705627517774701118e-03
2.032894175499677658e-03
-2.137656323611736298e-03
1.298598072025924921e-04
-3.317678347229957581e-03
-3.242548322305083275e-03
-5.813353709527291358e-05
-3.097563516348600388e-03
-2.300512045621871948e-03
-1.987491501495242119e-03
2.053565694950520992e-04
-9.336753282696008682e-05
2.324430039152503014e-03
-3.095325548201799393e-03
2.714127302169799805e-03
7.850254769437015057e-04
-3.300801850855350494e-03
1.769153983332216740e-03
-2.349954331293702126e-03
3.403772367164492607e-03
-1.308585167862474918e-03
-1.505604246631264687e-03
3.046635305508971214e-03
1.687237294390797615e-03
-2.840390196070075035e-03
3.640863345935940742e-03
3.008339786902070045e-03
2.244086237624287605e-03
-2.137380884960293770e-03
-6.202263757586479187e-04
-3.871046938002109528e-04
-2.627043751999735832e-03
8.619814761914312840e-04
-3.482330590486526489e-03
2.653432544320821762e-03
1.061296556144952774e-03
-2.789457561448216438e-03
-1.847180683398619294e-04
3.637593763414770365e-04
-2.724712248891592026e-03
-3.551091067492961884e-03
3.473938209936022758e-03
7.277134573087096214e-04
-2.536365995183587074e-03
6.811046623624861240e-04
-3.750823438167572021e-03
-9.417156688868999481e-04
3.958155866712331772e-04
-3.790083108469843864e-03
-2.416973933577537537e-03
3.644715528935194016e-03
2.986469480674713850e-04
-1.310731400735676289e-03
-1.670107245445251465e-03
-1.854958012700080872e-03
-2.944833366200327873e-03
9.479885338805615902e-04
1.302726566791534424e-03
-2.754396060481667519e-03
-3.528530709445476532e-03
-4.257369801052846014e-05
-3.089768288191407919e-04
-2.291383920237421989e-03
1.259151031263172626e-03
2.956455573439598083e-03
-8.282316848635673523e-04
-2.990091452375054359e-03
2.646231791004538536e-03
2.987178275361657143e-03
-1.454663579352200031e-03
-2.512677565391641110e-05
3.390214638784527779e-03
-9.749323362484574318e-04
-1.405179966241121292e-03
1.454656739952042699e-04
-4.970970621798187494e-05
-2.881849650293588638e-03
-2.224462106823921204e-03
2.014578320086002350e-03
-3.550485940650105476e-03
2.182179363444447517e-03
2.004873706027865410e-03
3.375720698386430740e-03
-1.769956783391535282e-03
-3.116532694548368454e-03
3.037389134988188744e-03
-3.395028878003358841e-03
-2.515688771381974220e-03
-1.053147367201745510e-03
-2.947708824649453163e-03
-2.777417190372943878e-03
2.684294944629073143e-03
