-3.245028783567249775e-04
-2.928977832198143005e-03
3.773394972085952759e-03
-1.903734751977026463e-03
2.008375013247132301e-03
2.853242913261055946e-03
3.275814466178417206e-03
3.860250581055879593e-03
-3.496197459753602743e-04
-2.042036649072542787e-04
1.316938141826540232e-04
-2.027530921623110771e-03
-2.071231603622436523e-03
2.129786182194948196e-03
-2.745433244854211807e-03
-9.914921829476952553e-04
1.936748973093926907e-03
7.850896799936890602e-04
-3.138400614261627197e-03
1.886780140921473503e-03
-1.428794814273715019e-03
1.257106661796569824e-03
-1.477615325711667538e-03
-4.881124477833509445e-04
-3.236332209780812263e-03
-3.411011071875691414e-03
-1.444561930838972330e-04
-2.384854946285486221e-03
8.924033027142286301e-04
-3.003573045134544373e-03
-6.079710437916219234e-04
1.251999172382056713e-03
2.406153595075011253e-03
-6.175897433422505856e-04
2.824132097885012627e-03
3.021974349394440651e-03
2.444879384711384773e-03
3.356169909238815308e-03
2.794018248096108437e-03
-5.059343529865145683e-04
1.513028517365455627e-03
-1.143288798630237579e-03
-1.893527922220528126e-03
-3.652554238215088844e-03
6.989097892073914409e-05
9.753549238666892052e-04
-3.553194692358374596e-03
-2.137829083949327469e-03
-1.415166421793401241e-03
3.807350993156433105e-03
-3.598692128434777260e-03
1.961980946362018585e-03
-3.394710831344127655e-03
-2.406954445177689195e-04
-3.847596002742648125e-03
2.489757491275668144e-03
-2.551834797486662865e-03
3.123040078207850456e-03
-1.939488138305023313e-04
-3.349130507558584213e-03
2.649621339514851570e-03
1.056057983078062534e-03
1.491158036515116692e-04
-2.173987450078129768e-03
5.446427967399358749e-04
-7.531502633355557919e-04
-3.472565906122326851e-03
-2.145901555195450783e-03
3.272575559094548225e-04
-9.340127580799162388e-04
-2.952968468889594078e-03
6.955332355573773384e-04
-3.876603441312909126e-03
-7.280192221514880657e-05
-1.236729440279304981e-04
2.247416181489825249e-03
-2.831103978678584099e-03
-2.526051132008433342e-03
3.392431652173399925e-03
-9.288060391554608941e-05
7.446876261383295059e-04
-2.361396793276071548e-03
1.996967475861310959e-03
-2.285426482558250427e-03
2.072080736979842186e-03
-6.583697395399212837e-04
-1.922701951116323471e-03
-2.933982526883482933e-03
9.047365747392177582e-04
-2.678339369595050812e-04
1.088684657588601112e-03
-2.433921676129102707e-03
-3.151459153741598129e-03
-3.743662033230066299e-03
3.231916576623916626e-03
1.993266632780432701e-03
3.083370393142104149e-03
3.508809488266706467e-03
2.639383310452103615e-03
-2.209901809692382812e-03
-3.488783491775393486e-03
-2.407643944025039673e-03
2.567219780758023262e-03
3.094285726547241211e-03
1.772172516211867332e-03
-3.604108467698097229e-03
2.202208386734127998e-03
-1.350356615148484707e-04
7.744236500002443790e-04
-2.964890561997890472e-03
2.166248857975006104e-03
-1.125822309404611588e-03
-3.592672874219715595e-04
2.475962508469820023e-03
1.081759459339082241e-03
-9.423902956768870354e-04
-3.077349858358502388e-03
3.642376279458403587e-03
-1.968588680028915405e-03
6.099392776377499104e-04
3.426515322644263506e-04
-1.363941701129078865e-03
2.327864291146397591e-03
-2.159136347472667694e-03
-3.549033077433705330e-03
-3.321130294352769852e-03
-8.927757735364139080e-04
-3.272049594670534134e-03
2.804355754051357508e-04
-6.826515309512615204e-04
-3.642588562797755003e-04
-1.547178952023386955e-03
3.652268060250207782e-05
-3.081460716202855110e-03
-2.284472866449505091e-04
1.799140591174364090e-03
2.878490602597594261e-03
7.484683301299810410e-04
1.545561710372567177e-03
-3.599587362259626389e-03
1.520868740044534206e-03
-1.830564113333821297e-03
1.220316742546856403e-03
-8.008747245185077190e-04
1.312075764872133732e-03
-2.742556855082511902e-03
1.268872641958296299e-03
3.684721421450376511e-03
-3.302466357126832008e-03
1.748800394125282764e-03
-2.510054968297481537e-03
2.420267992420122027e-04
9.026318439282476902e-04
-3.612564178183674812e-03
-3.062386298552155495e-03
-3.360838163644075394e-04
1.218728022649884224e-03
3.282477613538503647e-03
2.879700623452663422e-03
2.030472242040559649e-04
6.890260265208780766e-04
2.675600349903106689e-03
1.988034695386886597e-03
-3.041760995984077454e-03
-1.992092235013842583e-03
-1.506878295913338661e-03
-3.659841138869524002e-03
3.380862064659595490e-03
-2.371727954596281052e-03
3.015691880136728287e-03
3.032824490219354630e-03
-7.112934836186468601e-04
3.015377325937151909e-03
2.231160644441843033e-03
-2.385575324296951294e-03
1.470891642384231091e-03
1.091720536351203918e-03
-1.915110275149345398e-03
-1.779595622792840004e-03
-1.605861005373299122e-03
1.234635827131569386e-03
-1.827380515351251233e-06
-3.545364597812294960e-03
-1.004106161417439580e-05
-1.128039788454771042e-03
-3.191370982676744461e-03
3.859473858028650284e-03
6.559530738741159439e-04
2.668967354111373425e-04
1.914130290970206261e-03
-2.716070448514074087e-04
1.253078575246036053e-03
-2.863092580810189247e-03
1.670668134465813637e-03
3.147780080325901508e-04
-3.885046113282442093e-03
-3.398112254217267036e-03
1.880069263279438019e-03
-1.041608862578868866e-03
-2.555159153416752815e-03
3.641546645667403936e-04
3.075580345466732979e-03
-2.271782839670777321e-03
-3.097690874710679054e-03
2.530372934415936470e-03
-1.568590174429118633e-03
3.635213011875748634e-03
-1.445466303266584873e-03
-1.600363524630665779e-03
5.992795922793447971e-04
-1.514083851361647248e-04
-2.157337032258510590e-03
-3.881995799019932747e-03
3.575826995074748993e-03
-2.770956838503479958e-03
-5.505206063389778137e-04
-3.867453895509243011e-03
1.908557373099029064e-03
2.801412018015980721e-03
1.595390727743506432e-03
3.894900903105735779e-03
2.301672240719199181e-03
1.557655981741845608e-03
2.631441690027713776e-03
-3.859875025227665901e-03
-1.344278920441865921e-03
8.096367819234728813e-04
6.850921199657022953e-04
3.408706979826092720e-03
7.385538192465901375e-04
-5.395186017267405987e-04
-3.840489080175757408e-03
-3.405326744541525841e-03
-8.847325807437300682e-04
1.437977422028779984e-03
3.203955711796879768e-03
-3.518378594890236855e-03
3.328650724142789841e-03
3.504731459543108940e-03
-1.890450221253558993e-04
1.240098266862332821e-03
3.417438128963112831e-03
-2.966063329949975014e-03
-2.977113705128431320e-03
5.530833150260150433e-04
1.522676669992506504e-03
3.676685970276594162e-03
-3.911824605893343687e-04
-2.813548780977725983e-03
8.446972788078710437e-05
-1.839804899645969272e-04
-3.257155884057283401e-03
7.815874996595084667e-04
-2.585278358310461044e-03
3.053498454391956329e-03
-2.028282964602112770e-03
