-3.805137937888503075e-03
8.564585004933178425e-04
5.749299889430403709e-04
1.633831649087369442e-03
2.903789514675736427e-03
7.107204291969537735e-04
9.031947702169418335e-04
-7.886040257290005684e-04
2.473335480317473412e-03
-8.068897295743227005e-04
1.648868201300501823e-03
-3.160927211865782738e-03
1.699637388810515404e-03
4.185150464763864875e-05
-5.098193068988621235e-04
-8.250392857007682323e-04
-3.539011813700199127e-03
3.310528118163347244e-03
-3.502275794744491577e-03
-2.819760935381054878e-03
2.486962825059890747e-03
2.792761195451021194e-03
-2.287698909640312195e-03
1.698116422630846500e-03
3.096633125096559525e-03
6.716614589095115662e-04
2.850407501682639122e-03
1.470681745558977127e-03
2.780029317364096642e-03
-1.864116988144814968e-03
2.171416068449616432e-03
-3.033282700926065445e-03
1.117754844017326832e-03
-3.575349401216953993e-04
2.767322876024991274e-04
3.388002049177885056e-03
6.866164312668843195e-06
9.601803612895309925e-04
-1.869479310698807240e-03
-1.294929301366209984e-03
-7.734715472906827927e-04
2.706060884520411491e-03
-6.923113833181560040e-04
3.719533196999691427e-05
-3.223921172320842743e-03
5.275636794976890087e-04
-2.000205917283892632e-03
2.214475534856319427e-03
3.668771358206868172e-03
-5.934012588113546371e-04
-1.659481931710615754e-04
2.926649525761604309e-03
-2.935988130047917366e-03
2.578450075816363096e-04
1.957290107384324074e-03
-2.544351154938340187e-03
6.887525087222456932e-04
-1.202307466883212328e-04
1.068570883944630623e-03
-2.867334056645631790e-03
-1.483477186411619186e-03
-1.755345962010324001e-03
-3.606181126087903976e-03
7.794582052156329155e-04
-1.336333109065890312e-03
-1.114120823331177235e-03
2.026005677180364728e-04
1.207202207297086716e-03
-2.246333984658122063e-03
1.902974909171462059e-03
3.836425021290779114e-03
-3.383060451596975327e-03
-4.269516211934387684e-04
-2.697677817195653915e-03
1.055411645211279392e-03
3.361489158123731613e-03
-3.322341479361057281e-03
-3.072901163250207901e-03
-2.081344369798898697e-03
6.249886937439441681e-04
-7.920070784166455269e-04
-8.856350323185324669e-04
3.517644014209508896e-03
1.535644987598061562e-03
2.563728958193678409e-05
-2.670981921255588531e-03
-2.976110437884926796e-03
3.211212577298283577e-03
3.205599496141076088e-03
-8.453830960206687450e-04
3.753948025405406952e-03
-3.613188629969954491e-03
-1.116047729738056660e-03
-2.475495683029294014e-03
-7.666631718166172504e-04
3.427756950259208679e-03
6.504248594865202904e-04
2.646051812916994095e-03
-1.015295492834411561e-04
1.995714846998453140e-03
-2.944846637547016144e-03
2.036356367170810699e-03
2.373016905039548874e-04
3.365087322890758514e-03
-1.430727657862007618e-03
-1.869758125394582748e-03
5.069862818345427513e-04
-8.733175345696508884e-04
1.614187611266970634e-03
-3.690863028168678284e-03
-1.179533777758479118e-03
-3.781097708269953728e-03
1.416761078871786594e-03
-2.529756166040897369e-03
1.663422095589339733e-03
2.402801299467682838e-03
-3.531290451064705849e-03
-6.708162254653871059e-04
1.120414701290428638e-03
2.839609514921903610e-03
1.107462914660573006e-03
-6.819922709837555885e-04
4.565145063679665327e-04
2.376709453528746963e-04
1.468293252401053905e-03
-7.768376963213086128e-04
2.593809273093938828e-03
1.312372041866183281e-03
-8.007058640941977501e-04
3.698524553328752518e-03
-2.630968345329165459e-03
-2.347434172406792641e-03
3.474033903330564499e-03
2.551333745941519737e-03
1.263079117052257061e-03
3.056366927921772003e-03
-2.500665839761495590e-03
-2.120286924764513969e-03
8.025026181712746620e-04
3.588208230212330818e-03
1.284253317862749100e-03
1.204497064463794231e-03
-2.713676774874329567e-03
2.974611707031726837e-03
-1.970345620065927505e-03
-9.658885392127558589e-05
3.689157776534557343e-03
-8.096725214272737503e-04
1.182570820674300194e-03
-3.044760553166270256e-03
-7.231307681649923325e-04
1.227820874191820621e-03
-1.348993042483925819e-03
2.225618110969662666e-03
1.861706376075744629e-03
-3.452519187703728676e-03
2.762523479759693146e-03
-1.217311830259859562e-03
7.945987163111567497e-04
2.415222581475973129e-03
9.906594641506671906e-05
-2.745216479524970055e-03
-1.693663944024592638e-04
-1.059843227267265320e-03
-9.171220008283853531e-04
3.787465902860276401e-05
1.390623801853507757e-04
1.764705753885209560e-03
6.231503793969750404e-04
-2.082253195112571120e-04
-3.307771869003772736e-03
-1.015175221255049109e-04
-4.769563588524761144e-08
-3.120463108643889427e-03
-2.554061356931924820e-03
1.763805747032165527e-03
2.798785688355565071e-03
-2.474671928212046623e-03
-5.162916495464742184e-04
-8.224333287216722965e-04
-1.421598484739661217e-03
-2.836921019479632378e-03
-2.756362780928611755e-03
3.899656003341078758e-03
-1.857533934526145458e-03
1.858177245594561100e-03
2.730053092818707228e-04
2.441261895000934601e-03
3.753825556486845016e-03
-2.042783598881214857e-04
6.895050173625349998e-04
-3.739550244063138962e-03
-2.411404624581336975e-03
3.400580491870641708e-03
-2.402149693807587028e-04
-3.141959197819232941e-03
-2.300593070685863495e-03
2.581825945526361465e-03
-2.587270864751189947e-04
-9.447127231396734715e-04
9.020264260470867157e-04
5.105976597405970097e-04
2.718609292060136795e-03
-3.591331886127591133e-03
-2.046475652605295181e-03
2.221444156020879745e-03
-2.993353176862001419e-03
9.068690123967826366e-04
-2.271138597279787064e-03
-2.321998588740825653e-03
-3.159101586788892746e-03
-2.542934613302350044e-03
-1.245987717993557453e-03
-1.153649296611547470e-03
-7.527669658884406090e-04
2.228367375209927559e-03
-2.814491279423236847e-03
3.896818729117512703e-03
2.016260055825114250e-03
-3.237823490053415298e-03
-1.028646249324083328e-03
-3.838357515633106232e-03
-3.831724869087338448e-03
-2.745683072134852409e-03
-2.674034098163247108e-03
-5.751259741373360157e-04
2.037859987467527390e-03
-1.175004639662802219e-03
3.604038502089679241e-04
3.363615251146256924e-04
-1.469269045628607273e-03
-2.505874726921319962e-03
-2.852670382708311081e-03
-1.164796296507120132e-03
-3.342936513945460320e-03
-2.961854217574000359e-03
-1.870800391770899296e-03
-3.238987410441040993e-03
-2.350281225517392159e-03
1.803987252060323954e-04
-4.402942722663283348e-04
-1.110205903387395665e-05
1.148941460996866226e-03
-2.494318177923560143e-03
3.365900774952024221e-04
-2.628381364047527313e-03
-1.859471318311989307e-03
6.303113186731934547e-04
-1.120750210247933865e-03
-2.121853409335017204e-03
-2.106535015627741814e-03
1.118728978326544166e-04
-1.082304748706519604e-03
3.606820246204733849e-03
2.556947991251945496e-03
2.250948455184698105e-03
