-3.843999700620770454e-03
-1.812213798984885216e-03
-9.704498806968331337e-04
-1.265024300664663315e-03
2.740581985563039780e-03
3.586093429476022720e-03
-3.188923234120011330e-03
2.405385253950953484e-03
8.065557922236621380e-04
-2.559588989242911339e-03
3.321428666822612286e-04
3.658591536805033684e-03
1.555093214847147465e-03
-3.674862207844853401e-03
-1.908896490931510925e-03
-3.842395497485995293e-03
1.371994731016457081e-03
-2.439362928271293640e-03
7.963959942571818829e-04
-2.399478107690811157e-03
-2.549330238252878189e-03
-1.631726627238094807e-03
1.070971833541989326e-03
8.049839525483548641e-04
-2.744010882452130318e-03
3.288122126832604408e-03
3.643052419647574425e-03
-5.823649116791784763e-04
9.922896279022097588e-04
-2.246959134936332703e-03
4.963528481312096119e-04
-3.665989206638187170e-04
1.284227240830659866e-03
-2.757840324193239212e-03
-3.148708958178758621e-03
2.940383506938815117e-03
3.771884366869926453e-03
-1.319897826761007309e-03
-1.875902642495930195e-03
5.972715443931519985e-04
-3.659025533124804497e-03
3.262821352109313011e-03
2.831337042152881622e-03
7.382814601442078128e-06
-3.417035564780235291e-03
-2.447278238832950592e-04
1.900775008834898472e-03
9.291642927564680576e-04
-8.905865834094583988e-04
2.880489453673362732e-03
-3.603230230510234833e-03
-3.113279119133949280e-03
1.174151431769132614e-03
1.412264886312186718e-03
-1.494573196396231651e-03
-1.273112604394555092e-03
-2.197067486122250557e-03
-2.721136901527643204e-03
1.691812067292630672e-03
3.098267363384366035e-03
2.581747947260737419e-03
3.303535282611846924e-03
-6.784536526538431644e-04
-2.818940207362174988e-03
-1.163762295618653297e-03
-1.724187750369310379e-04
5.372999585233628750e-04
3.872861154377460480e-03
1.645013835513964295e-04
1.618248410522937775e-03
2.984897699207067490e-03
-7.340183947235345840e-04
-1.366721582598984241e-03
-2.565916394814848900e-03
8.693681593285873532e-05
3.800976322963833809e-03
1.262379810214042664e-03
8.581943111494183540e-04
-1.597403665073215961e-03
-8.752369903959333897e-04
1.873511704616248608e-03
-1.953245373442769051e-03
-7.254325464600697160e-05
3.441352862864732742e-03
1.266911567654460669e-04
1.198102254420518875e-03
8.306758245453238487e-04
-3.844186197966337204e-03
1.656020991504192352e-03
1.066659227944910526e-03
3.401109948754310608e-03
2.132580615580081940e-03
3.526093438267707825e-03
1.021170101012103260e-05
-1.916956156492233276e-03
-2.908136462792754173e-03
1.336739398539066315e-03
-9.961916366592049599e-04
5.251525435596704483e-04
-1.580028765602037311e-04
-7.885334780439734459e-04
3.204389649908989668e-04
2.905561705119907856e-04
-3.136086277663707733e-03
-8.086840971373021603e-04
-1.238933065906167030e-03
1.018305774778127670e-04
-1.612598862266167998e-04
2.920919796451926231e-03
-2.083982806652784348e-03
-3.266861021984368563e-04
-3.498399397358298302e-03
2.676493255421519279e-03
-3.265094710513949394e-03
-3.770576557144522667e-03
6.847359327366575599e-05
1.063145282387267798e-05
-3.790183458477258682e-03
-1.661690766923129559e-04
-2.883633365854620934e-03
8.659163140691816807e-04
-1.591320149600505829e-03
-9.355936781503260136e-04
-9.199178894050419331e-04
-3.675431944429874420e-03
-4.824309144169092178e-04
-3.600557334721088409e-03
-6.991527043282985687e-04
1.107280259020626545e-03
-3.351473715156316757e-03
2.457607304677367210e-03
3.149614203721284866e-03
3.092919010668992996e-03
2.743751741945743561e-03
7.087456760928034782e-04
-7.795630954205989838e-04
-8.107713802019134164e-05
3.058169037103652954e-03
2.457351656630635262e-03
2.913758857175707817e-03
3.901015443261712790e-04
2.985286060720682144e-03
3.462691325694322586e-03
-1.949244528077542782e-03
-2.226204844191670418e-03
4.893490404356271029e-05
-3.537240205332636833e-03
3.682120237499475479e-03
-1.373423496261239052e-03
1.738452265271916986e-04
2.462880918756127357e-03
2.574114594608545303e-03
-1.806618638511281461e-05
3.187289403285831213e-04
-3.176046768203377724e-03
3.017534269019961357e-03
-1.067052711732685566e-03
9.564355423208326101e-05
5.219847080297768116e-04
2.138384385034441948e-03
2.113548340275883675e-03
-3.014700254425406456e-03
2.597103593870997429e-03
7.555182673968374729e-04
1.397366169840097427e-03
-3.681560046970844269e-03
-3.408250398933887482e-03
8.257695590145885944e-04
-2.685407176613807678e-03
9.815472876653075218e-04
-1.453186036087572575e-03
3.340560477226972580e-03
2.445715479552745819e-03
-2.635184209793806076e-03
-3.152939490973949432e-03
3.391632810235023499e-03
1.105920295231044292e-03
3.047885606065392494e-03
2.977934898808598518e-03
4.924497916363179684e-04
-1.485685817897319794e-03
-3.333478467538952827e-03
-3.026049118489027023e-03
3.375786356627941132e-03
-2.134582260623574257e-03
4.356061690486967564e-04
-1.407789648510515690e-03
-1.871094573289155960e-03
1.464624801883473992e-04
4.595778882503509521e-04
2.774360124021768570e-03
-2.835508785210549831e-04
2.230553654953837395e-03
-3.155022859573364258e-03
3.048448590561747551e-03
-2.370960282860323787e-05
3.453726414591073990e-03
-3.522668499499559402e-03
7.923053926788270473e-04
-3.240528050810098648e-03
-1.605528290383517742e-03
2.180404495447874069e-03
1.563297002576291561e-03
-4.557351348921656609e-04
-3.234365722164511681e-03
3.652182640507817268e-03
2.493796870112419128e-03
2.030838513746857643e-03
-3.216512501239776611e-03
-2.500963397324085236e-03
1.195825461763888597e-04
6.303822738118469715e-04
-3.264092141762375832e-03
2.598549472168087959e-03
3.853592323139309883e-03
-1.994725083932280540e-03
2.115936251357197762e-03
-1.472595613449811935e-04
3.274801187217235565e-03
3.591601038351655006e-03
7.184496498666703701e-04
-8.164336322806775570e-04
2.145708771422505379e-03
-8.555113454349339008e-04
2.502635354176163673e-03
-1.487511326558887959e-03
9.512047399766743183e-04
2.225126605480909348e-03
1.032728585414588451e-03
1.375306746922433376e-04
-2.552501857280731201e-03
-1.000181888230144978e-03
-3.697650041431188583e-03
3.308215644210577011e-03
1.072259387001395226e-03
3.407567972317337990e-03
2.343127038329839706e-03
1.603767275810241699e-03
9.320857352577149868e-04
-2.480264054611325264e-03
1.104131457395851612e-03
8.042350527830421925e-04
-3.965011856053024530e-04
-1.923371688462793827e-03
-3.241689875721931458e-03
1.865145517513155937e-03
8.805297547951340675e-04
7.825388456694781780e-04
2.625746885314583778e-03
2.005418762564659119e-03
-2.293280325829982758e-03
7.122688111849129200e-04
-3.194707445800304413e-03
1.570479129441082478e-03
-8.951642666943371296e-04
3.661402268335223198e-03
