3.594974521547555923e-03
1.167060341686010361e-03
-2.027079463005065918e-03
3.815605305135250092e-03
1.110906829126179218e-03
3.153254976496100426e-03
1.811888418160378933e-03
-2.604463137686252594e-03
-5.574413808062672615e-04
-5.843302933499217033e-04
1.080636284314095974e-03
3.075627144426107407e-03
1.251491834409534931e-03
-9.602751815691590309e-04
-3.194986493326723576e-04
3.124605864286422729e-03
-3.800158621743321419e-03
-2.062590559944510460e-03
-1.333544962108135223e-03
6.604492082260549068e-04
2.572400029748678207e-03
-3.442890942096710205e-03
-1.066360506229102612e-03
2.987840445712208748e-03
1.915155444294214249e-03
-1.001396332867443562e-03
-2.556609455496072769e-03
-3.290188731625676155e-03
1.243953825905919075e-03
-3.890424966812133789e-03
-8.013932965695858002e-04
1.598572089278604835e-05
-3.201652783900499344e-03
-3.644033102318644524e-03
-2.842713147401809692e-03
1.792693510651588440e-03
-1.511704060249030590e-03
1.528260298073291779e-03
-2.752847271040081978e-03
3.630638355389237404e-03
-1.428285846486687660e-03
-3.358166199177503586e-03
1.399835105985403061e-03
-2.592025324702262878e-03
-3.197963582351803780e-03
1.365541364066302776e-03
2.141110831871628761e-03
-3.551132278516888618e-03
3.234056988731026649e-03
-2.945397282019257545e-03
-3.799100872129201889e-03
1.854678732343018055e-03
1.505279913544654846e-03
-3.395143663510680199e-03
-1.631806138902902603e-03
-3.288788255304098129e-03
-3.373056533746421337e-04
-1.108900061808526516e-03
5.175513797439634800e-04
-9.091661777347326279e-04
-5.158575368113815784e-04
3.248285967856645584e-03
-2.144385827705264091e-03
-8.047385490499436855e-04
-3.764443565160036087e-03
-3.879999741911888123e-03
1.739886472932994366e-03
-2.397377975285053253e-03
-2.179219853132963181e-03
2.740393392741680145e-03
3.714684164151549339e-03
2.429213840514421463e-03
2.485890872776508331e-03
-1.207859255373477936e-03
2.891228068619966507e-03
9.312456240877509117e-04
-3.440467873588204384e-03
2.030953997746109962e-03
-2.573902485892176628e-03
2.448191167786717415e-03
1.597408321686089039e-03
-2.044254913926124573e-03
-2.126517705619335175e-03
-6.044885958544909954e-04
6.369172479026019573e-04
2.627354580909013748e-03
-2.420575125142931938e-03
2.976514166221022606e-03
-1.749188755638897419e-03
1.154298079200088978e-03
-3.552655456587672234e-03
-1.969872042536735535e-03
-2.680564532056450844e-03
1.278593903407454491e-03
-2.616429119370877743e-04
-3.441751934587955475e-03
3.693602746352553368e-03
1.402372581651434302e-04
-1.253063674084842205e-03
2.515157684683799744e-03
-2.913126721978187561e-03
2.465602941811084747e-03
1.559007097966969013e-03
2.094465773552656174e-03
3.582587931305170059e-03
5.281511112116277218e-04
1.576480106450617313e-03
1.971488818526268005e-03
2.895867801271378994e-04
1.357738510705530643e-03
2.272123703733086586e-03
2.409559208899736404e-03
2.615001518279314041e-03
-2.858107676729559898e-03
1.605124445632100105e-03
5.229634116403758526e-04
-3.733306890353560448e-03
-1.122738467529416084e-03
3.150855656713247299e-03
2.542512491345405579e-03
-2.433610847219824791e-03
-2.825674600899219513e-04
-3.418881678953766823e-04
1.175364668597467244e-04
1.522040576674044132e-03
-2.762649673968553543e-04
2.089360728859901428e-03
9.939265437424182892e-04
-3.298379480838775635e-03
-9.691257582744583488e-05
3.232714254409074783e-03
-2.099607838317751884e-03
2.272202400490641594e-03
2.249726559966802597e-03
-2.835349412634968758e-03
2.173759974539279938e-03
2.067620167508721352e-03
-5.256031872704625130e-04
2.415393682895228267e-04
3.069388214498758316e-03
-1.213304349221289158e-03
1.569531857967376709e-03
-2.926000859588384628e-03
3.651600796729326248e-03
-7.390370592474937439e-04
5.778580089099705219e-04
-1.715028658509254456e-03
2.305546775460243225e-03
-1.033174106851220131e-03
-3.413057653233408928e-03
1.507637207396328449e-03
1.627304591238498688e-03
1.593746826983988285e-03
2.108399756252765656e-03
6.706375861540436745e-04
-2.888893941417336464e-03
3.561662044376134872e-03
3.286885796114802361e-03
3.038609633222222328e-03
-3.598514478653669357e-03
-1.773852738551795483e-03
-1.076544867828488350e-03
6.893647951073944569e-04
2.668754663318395615e-03
9.906931081786751747e-04
3.484812099486589432e-03
7.709580822847783566e-04
1.587464823387563229e-03
-6.977554585319012403e-05
-2.883728826418519020e-03
9.398412075825035572e-04
-1.657012850046157837e-03
3.843204351142048836e-03
2.891085750889033079e-04
1.388051023241132498e-04
-2.661360485944896936e-04
-1.322313677519559860e-03
3.095409192610532045e-04
1.306398306041955948e-03
-1.226719818077981472e-03
7.483116933144629002e-04
-3.233693307265639305e-03
1.412599813193082809e-03
-1.899341004900634289e-03
3.255956471548415720e-05
-3.595236223191022873e-03
2.144882688298821449e-03
-1.866628736024722457e-04
1.392575562931597233e-03
-6.789499893784523010e-04
-1.593475899426266551e-04
2.075998112559318542e-03
-2.426947699859738350e-03
3.882259828969836235e-03
1.623162243049591780e-04
6.317802472040057182e-04
-1.840500161051750183e-03
-1.530412933789193630e-03
-3.081895411014556885e-03
1.670146360993385315e-03
2.707421081140637398e-03
4.507785197347402573e-04
-6.769802421331405640e-04
-2.833831822499632835e-03
1.697919331490993500e-03
1.793298637494444847e-03
-1.321566873230040073e-03
-3.224538639187812805e-03
-1.982256537303328514e-03
-9.138009045273065567e-04
-3.322117496281862259e-03
-9.157999302260577679e-04
-6.372872740030288696e-04
-3.790622286032885313e-04
-2.784703159704804420e-03
5.738378386013209820e-04
3.324968507513403893e-03
-1.655159721849486232e-04
-3.415313549339771271e-03
2.135849092155694962e-03
-1.104969182051718235e-03
3.741771215572953224e-03
4.324787878431379795e-04
1.544286729767918587e-03
3.275161376222968102e-03
-1.359066925942897797e-03
-2.299854997545480728e-03
-1.568495179526507854e-03
-1.195461736642755568e-04
3.066262288484722376e-04
2.976830583065748215e-03
3.346030600368976593e-03
1.409896416589617729e-03
-8.967861649580299854e-04
3.371847793459892273e-03
1.988869858905673027e-03
2.765965415164828300e-03
-1.027390477247536182e-03
-1.652973121963441372e-03
-8.718048338778316975e-04
-3.448256524279713631e-03
2.571959048509597778e-03
-3.710892982780933380e-03
-2.269687363877892494e-03
-1.685032621026039124e-04
9.095035056816413999e-05
-3.337065281812101603e-04
3.208526642993092537e-03
-1.868262654170393944e-03
2.961931750178337097e-03
-1.903804368339478970e-04
1.984835369512438774e-03
2.307781949639320374e-03
1.967227784916758537e-03
-1.665139105170965195e-03
-1.852155430242419243e-03
