-2.560003893449902534e-03
-9.071054519154131413e-04
1.537701813504099846e-03
2.137824427336454391e-03
2.623263513669371605e-03
-1.530065317638218403e-03
1.531398156657814980e-03
2.458442701026797295e-03
-2.881932072341442108e-03
-9.367689490318298340e-04
1.378795364871621132e-03
1.313067390583455563e-03
-2.428521169349551201e-03
-6.155560840852558613e-04
-2.714049769565463066e-03
2.646884415298700333e-03
9.796808008104562759e-04
3.624691744334995747e-04
3.693839069455862045e-03
9.921862510964274406e-04
1.860362681327387691e-04
1.379755209200084209e-03
-3.014687448740005493e-03
-4.491748404689133167e-04
3.806186607107520103e-03
-6.542929913848638535e-04
-1.734042307361960411e-03
3.130074357613921165e-03
-4.032647411804646254e-04
-2.232602331787347794e-03
-2.114189555868506432e-03
-1.064854324795305729e-03
3.264868631958961487e-03
2.987775253131985664e-03
2.659081481397151947e-03
1.293185399845242500e-03
-2.297443803399801254e-03
-7.389084203168749809e-05
-6.484044133685529232e-04
-5.561470752581954002e-04
1.796793309040367603e-03
-2.067508874461054802e-03
-2.575458027422428131e-03
-2.723391167819499969e-03
-3.761374857276678085e-03
1.519125187769532204e-03
-3.625703509896993637e-03
-1.875509158708155155e-03
2.068505389615893364e-03
-3.327232319861650467e-03
1.553510781377553940e-03
-1.960226363735273480e-04
-3.903725882992148399e-04
-4.117668722756206989e-04
-3.472396871075034142e-03
2.228046767413616180e-03
5.998585038469173014e-05
2.460179384797811508e-03
-1.025601173751056194e-03
-3.561938181519508362e-03
-2.500432776287198067e-03
-7.381123141385614872e-04
-3.672537393867969513e-03
-1.017420087009668350e-03
-3.442215966060757637e-03
-1.197915407828986645e-03
-5.067060119472444057e-04
-1.693218597210943699e-03
-2.905818866565823555e-03
3.402336966246366501e-03
3.809061134234070778e-03
-1.918514957651495934e-03
2.550015226006507874e-03
-7.046851678751409054e-04
-3.771516960114240646e-03
-1.925393124110996723e-03
-7.714884122833609581e-04
2.684972481802105904e-03
2.637359779328107834e-03
-9.493351681157946587e-04
-2.447003033012151718e-03
-1.893901266157627106e-03
-2.280266257002949715e-03
-2.225689589977264404e-03
1.635062857531011105e-03
-3.706439165398478508e-03
1.113987309508956969e-04
-1.017069560475647449e-03
1.275091199204325676e-03
-1.532978727482259274e-03
-2.796254819259047508e-03
1.693634083494544029e-03
-2.031449461355805397e-03
3.793882904574275017e-03
2.590792253613471985e-03
-2.487258054316043854e-03
7.852247799746692181e-04
-3.302156692370772362e-03
-3.376141423359513283e-03
1.990032847970724106e-03
2.704782877117395401e-03
-3.869659034535288811e-03
-5.338422488421201706e-04
-3.197893034666776657e-03
-1.225675572641193867e-03
3.131445264443755150e-04
-1.721131149679422379e-03
-6.508813821710646152e-04
-1.108814147301018238e-03
2.322310116142034531e-03
3.896884154528379440e-03
-1.055275904946029186e-03
-1.689893542788922787e-04
-1.457622158341109753e-03
3.157956758514046669e-03
-1.849805586971342564e-03
3.075988206546753645e-04
-2.186854602769017220e-03
1.549918961245566607e-04
3.565203398466110229e-03
-2.951890695840120316e-03
3.007220104336738586e-03
-5.714722283300943673e-05
1.269880332984030247e-03
2.043791580945253372e-03
-3.489678492769598961e-03
-3.384126583114266396e-03
3.840140299871563911e-03
-2.111367182806134224e-03
-2.001698594540357590e-03
2.996595809236168861e-03
7.174935890361666679e-04
2.352878218516707420e-03
3.833922673948109150e-04
-3.445997135713696480e-03
2.906576264649629593e-03
3.450090531259775162e-03
1.848889864049851894e-03
-3.691125602927058935e-04
3.844223450869321823e-03
1.863127341493964195e-03
-7.539817597717046738e-04
2.665039617568254471e-03
2.205418189987540245e-03
2.383551327511668205e-03
1.324701821431517601e-03
1.344971475191414356e-03
3.086806042119860649e-03
-3.651160048320889473e-03
-2.803846437018364668e-04
3.512925934046506882e-03
-1.423853100277483463e-04
8.023469708859920502e-04
1.963513437658548355e-03
-2.363946288824081421e-03
-9.265178232453763485e-05
-2.533336635679006577e-03
-3.393411869183182716e-03
3.082159906625747681e-03
-1.327145000686869025e-04
-3.669291036203503609e-04
-1.412510639056563377e-03
-5.856028292328119278e-04
-2.940384671092033386e-03
-1.861678087152540684e-03
3.346978221088647842e-03
2.603791421279311180e-03
3.871304448693990707e-03
3.333173226565122604e-03
-2.818352775648236275e-03
1.153002143837511539e-03
1.519897836260497570e-03
3.228418529033660889e-03
-9.601645870134234428e-04
3.289720916654914618e-04
-3.353295847773551941e-03
3.376671578735113144e-03
-9.111396502703428268e-04
-3.575278446078300476e-03
1.608259626664221287e-03
3.178698243573307991e-03
3.300955053418874741e-03
1.136544975452125072e-03
-6.546453223563730717e-04
2.547219395637512207e-03
-3.444195259362459183e-03
-5.930362385697662830e-04
-1.888901926577091217e-03
2.244726754724979401e-03
2.330466639250516891e-03
7.665637531317770481e-04
-2.603581524454057217e-04
2.324768109247088432e-03
-1.121577690355479717e-03
4.117673961445689201e-04
-1.815236173570156097e-03
-2.697690157219767570e-03
-1.015793299302458763e-03
2.599417231976985931e-03
1.652004895731806755e-03
2.368244342505931854e-03
-2.099912613630294800e-03
2.907120622694492340e-03
-1.437786850146949291e-03
-1.162741449661552906e-03
-1.352163264527916908e-03
-2.903324319049715996e-03
1.784722087904810905e-03
-2.758349291980266571e-03
-3.292442765086889267e-03
3.333831438794732094e-03
3.581481752917170525e-03
-2.866981085389852524e-03
-3.306657774373888969e-03
-2.019290404859930277e-04
-1.456832163967192173e-03
1.221826998516917229e-03
-7.259516860358417034e-05
9.454477112740278244e-04
-2.624314278364181519e-03
2.875197969842702150e-04
-1.097947708331048489e-03
-5.488086608238518238e-04
1.565142301842570305e-03
-2.203874289989471436e-03
1.316456240601837635e-03
6.512383697554469109e-04
3.156577935442328453e-03
4.034584853798151016e-04
1.391266705468297005e-03
1.135960919782519341e-03
2.089919871650636196e-05
1.154422643594443798e-03
-2.278143540024757385e-03
2.662059385329484940e-03
8.998105186037719250e-04
2.590196905657649040e-03
2.996348310261964798e-03
2.198082627728581429e-03
9.622318320907652378e-04
3.518001409247517586e-03
-3.149204421788454056e-03
-1.159825478680431843e-03
-3.267119638621807098e-03
3.493600059300661087e-03
-7.069130660966038704e-04
-1.974112121388316154e-03
3.840984078124165535e-03
-2.503994153812527657e-03
2.724463352933526039e-03
5.978402332402765751e-04
7.517063058912754059e-04
2.062781131826341152e-04
3.310132306069135666e-03
1.700635883025825024e-03
3.470121300779283047e-04
