-5.111051141284406185e-04
-2.443473087623715401e-03
-7.944185636006295681e-04
-2.683275379240512848e-04
5.627815262414515018e-04
-3.796759760007262230e-03
-2.515579340979456902e-03
-1.218563062138855457e-03
3.496907884255051613e-03
-2.174037974327802658e-03
2.158620161935687065e-03
-3.381859045475721359e-03
7.752471719868481159e-04
-3.672603983432054520e-03
-2.459130715578794479e-03
-3.615082707256078720e-03
-3.559856675565242767e-03
-3.468519775196909904e-03
-2.426096471026539803e-04
-1.792367198504507542e-03
3.898345399647951126e-03
-7.186220027506351471e-04
-8.704542997293174267e-04
2.875157399103045464e-03
-8.522804128006100655e-04
2.763588679954409599e-03
4.425356164574623108e-04
-3.847258863970637321e-03
2.379755023866891861e-03
-3.687871387228369713e-03
-9.465547045692801476e-04
1.221052603796124458e-03
-2.122723963111639023e-03
1.515368581749498844e-03
-6.529040401801466942e-04
1.725181122310459614e-03
6.047127535566687584e-04
-3.313621738925576210e-03
-3.578046336770057678e-03
-1.703728223219513893e-03
-8.538411348126828671e-04
-3.133380087092518806e-03
3.134097671136260033e-03
-8.402273524552583694e-04
2.904542488977313042e-03
1.264742459170520306e-03
3.482652362436056137e-03
2.742721233516931534e-03
7.279894780367612839e-04
3.270470770075917244e-03
-4.790289094671607018e-04
-8.832338498905301094e-04
-1.714467536658048630e-03
7.187937735579907894e-04
-1.856358954682946205e-03
-2.665923675522208214e-03
9.437900735065340996e-04
3.024764824658632278e-03
-2.637105295434594154e-03
1.428697491064667702e-03
3.730484982952475548e-03
3.149264259263873100e-03
2.809458179399371147e-03
-2.592480974271893501e-03
-3.296816430520266294e-04
3.712976758833974600e-04
-3.195536555722355843e-03
-2.640039892867207527e-03
-6.787683232687413692e-04
1.293524692300707102e-04
3.594525391235947609e-03
1.630031503736972809e-03
2.822843845933675766e-03
8.210180676542222500e-04
-1.397822750732302666e-03
2.917962847277522087e-03
-1.442293985746800900e-03
2.659337827935814857e-03
1.915644505061209202e-03
2.010772936046123505e-03
-3.742144443094730377e-03
-9.052221867023035884e-05
1.689166063442826271e-03
-3.120603214483708143e-04
-3.199761267751455307e-04
1.813768525607883930e-03
-1.075376989319920540e-03
7.736211409792304039e-04
-3.190141404047608376e-03
1.581058138981461525e-03
2.932243049144744873e-03
2.997262403368949890e-03
-1.811442780308425426e-03
-3.712613601237535477e-03
6.002252339385449886e-04
1.873170724138617516e-03
-3.596196649596095085e-03
-5.863428814336657524e-04
3.655100474134087563e-03
-1.201228005811572075e-03
-1.639165100641548634e-03
2.282597706653177738e-04
-2.343764062970876694e-03
1.280046184547245502e-03
-2.374458592385053635e-03
9.548306697979569435e-04
1.401885529048740864e-03
-9.068693034350872040e-04
2.001296816160902381e-04
-8.642263128422200680e-04
3.757118713110685349e-03
3.215506672859191895e-03
1.445175148546695709e-04
1.804479397833347321e-03
-2.093815943226218224e-03
1.404197653755545616e-03
2.113590249791741371e-03
3.495382377877831459e-03
2.511581173166632652e-03
-3.897908376529812813e-03
2.783437259495258331e-03
-1.808323577279224992e-04
-3.347170131746679544e-04
-3.743629204109311104e-04
-1.958110835403203964e-03
3.835660638287663460e-03
-3.046354744583368301e-03
-2.366581000387668610e-03
-7.329725194722414017e-04
-7.911056745797395706e-04
8.927140734158456326e-04
-1.257715979591012001e-03
-3.246544161811470985e-03
1.945910742506384850e-03
5.839057848788797855e-04
1.994029007619246840e-04
4.556251224130392075e-04
1.130972057580947876e-03
-9.679966024123132229e-04
-1.941476366482675076e-03
-3.740455955266952515e-03
-3.513030940666794777e-03
3.306149039417505264e-03
2.156227827072143555e-03
2.924383850768208504e-03
-2.876491518691182137e-03
1.659543602727353573e-03
-7.424642099067568779e-04
2.405037870630621910e-03
-3.189815906807780266e-03
-3.071140672545880079e-04
-1.280264928936958313e-03
1.177685102447867393e-03
-1.803734921850264072e-03
8.689804817549884319e-04
-2.250544494017958641e-03
-6.895792903378605843e-04
-2.670038957148790359e-03
1.276149414479732513e-03
-7.066710386425256729e-04
1.155284000560641289e-03
1.181981409899890423e-03
2.239529741927981377e-03
1.027680234983563423e-03
-2.646459266543388367e-03
4.071040602866560221e-04
3.276463132351636887e-03
4.441818455234169960e-04
1.482835388742387295e-03
1.270538312382996082e-03
-3.726983210071921349e-03
-1.188227557577192783e-03
-2.002933295443654060e-03
9.093615226447582245e-04
1.160045387223362923e-03
-2.463845070451498032e-03
1.582977711223065853e-03
-3.536203876137733459e-03
-1.942935050465166569e-03
-1.848364830948412418e-03
-3.079161746427416801e-03
2.489454578608274460e-03
-1.582799362950026989e-03
3.505472326651215553e-03
1.469331793487071991e-03
3.300752723589539528e-03
1.411789678968489170e-03
-1.258190022781491280e-03
-5.390545120462775230e-04
1.446437323465943336e-03
6.257015629671514034e-04
-6.477202405221760273e-04
3.516106633469462395e-03
-3.432895522564649582e-03
-3.284146368969231844e-04
-1.414958387613296509e-03
-2.017463120864704251e-04
-7.856904267100617290e-05
-3.794451709836721420e-03
-9.545902721583843231e-04
-3.523433115333318710e-04
2.869988093152642250e-03
-3.521223319694399834e-03
-2.604167384561151266e-04
-1.049193786457180977e-03
1.136671984568238258e-03
-1.806389773264527321e-03
1.591200008988380432e-03
1.712169381789863110e-03
2.739973599091172218e-03
-1.037125359289348125e-03
-1.457150792703032494e-03
-3.863000078126788139e-03
2.816331340000033379e-03
1.986552728340029716e-03
2.511517843231558800e-03
-3.086403477936983109e-03
-1.923019881360232830e-03
7.732058293186128139e-04
-9.638728224672377110e-04
-2.295637532370164990e-04
-1.868455554358661175e-03
3.585190512239933014e-03
-1.937631866894662380e-03
3.803751897066831589e-03
-3.759839804843068123e-03
-2.362903906032443047e-03
-6.595784216187894344e-04
1.262494188267737627e-04
9.710707236081361771e-04
1.340436632744967937e-03
-2.866012742742896080e-03
-1.358652662020176649e-04
-5.822866805829107761e-04
-7.774300174787640572e-04
3.508853027597069740e-03
-6.527917576022446156e-04
-1.849128166213631630e-03
-2.145113423466682434e-03
-3.362993942573666573e-03
-2.803791081532835960e-03
-1.635549240745604038e-03
6.531470571644604206e-04
3.831787733361124992e-03
-2.914738841354846954e-03
1.706206239759922028e-03
-6.051161471987143159e-05
-2.890127943828701973e-03
2.551393699832260609e-04
3.068574704229831696e-03
-1.386099465889856219e-04
-1.884622615762054920e-03
7.527048001065850258e-04
3.627408761531114578e-03
1.233885530382394791e-03
3.455860773101449013e-03
