1.347914803773164749e-03
-1.341437222436070442e-03
2.884018700569868088e-03
-3.229820868000388145e-03
-3.448544535785913467e-03
-3.492104122415184975e-03
-2.598823281005024910e-03
1.061351969838142395e-03
1.481631188653409481e-03
6.385158048942685127e-04
-1.104040857171639800e-04
2.163603436201810837e-03
-3.762864507734775543e-03
3.481697291135787964e-03
5.155098624527454376e-04
3.641883959062397480e-04
-1.164599671028554440e-03
1.149087795056402683e-03
-1.130363671109080315e-03
-3.695969702675938606e-03
-1.176472287625074387e-03
-2.085760235786437988e-03
-8.343090885318815708e-04
-1.585191581398248672e-03
-2.018887316808104515e-03
3.887637052685022354e-03
-1.954609761014580727e-03
-2.359889447689056396e-03
8.911818731576204300e-04
7.805877248756587505e-04
-3.291816683486104012e-03
7.836481090635061264e-04
-1.196296187117695808e-03
2.959591103717684746e-03
-1.998434774577617645e-03
1.422687200829386711e-04
-2.694030292332172394e-03
1.558689633384346962e-03
3.481146879494190216e-03
1.982610207051038742e-03
3.413946134969592094e-03
1.887291320599615574e-03
4.559963417705148458e-04
1.704247784800827503e-03
-3.323059296235442162e-03
-3.567597363144159317e-03
-9.470132645219564438e-04
-3.555578878149390221e-03
-3.269678854849189520e-04
4.379719903226941824e-04
3.846683539450168610e-03
3.577835741452872753e-04
3.148837015032768250e-03
3.911592531949281693e-03
1.711229793727397919e-03
3.882146207615733147e-03
-2.099087141687050462e-04
-3.424050752073526382e-03
-2.412914909655228257e-04
-3.016729140654206276e-03
7.656347588635981083e-04
-1.170673407614231110e-03
-2.099268313031643629e-04
-1.516898279078304768e-03
2.089803805574774742e-03
2.416325965896248817e-03
-3.776702797040343285e-03
9.060086449608206749e-04
1.180749270133674145e-03
-3.434112528339028358e-03
1.744106411933898926e-03
1.261142664588987827e-03
-2.987453481182456017e-03
7.998340297490358353e-04
-2.128799678757786751e-03
-2.677433425560593605e-03
3.745742142200469971e-03
5.333949811756610870e-04
3.531483816914260387e-04
2.416579751297831535e-03
-2.800238318741321564e-03
2.693680813536047935e-03
-1.672860700637102127e-03
-2.439063740894198418e-03
-2.070415299385786057e-03
3.719638101756572723e-03
-3.218547135475091636e-05
3.068814054131507874e-03
1.652134815230965614e-03
-2.594463527202606201e-03
2.974871313199400902e-03
-1.861445605754852295e-03
1.437033060938119888e-03
5.207130452618002892e-04
2.229275181889533997e-03
-3.860635682940483093e-03
3.747846931219100952e-03
1.459853723645210266e-03
-2.421266399323940277e-03
3.586671082302927971e-03
2.123202430084347725e-03
9.610962006263434887e-04
-2.316993428394198418e-03
-8.705444051884114742e-04
-2.890928881242871284e-03
-3.710892982780933380e-03
5.180300213396549225e-04
-1.115925726480782032e-03
-9.339840034954249859e-04
1.670988742262125015e-03
-2.552073681727051735e-03
3.056879795622080564e-04
-2.958677709102630615e-03
-1.965007279068231583e-03
-3.521273843944072723e-03
9.045496117323637009e-04
2.371887909248471260e-03
-3.729469142854213715e-03
1.848838757723569870e-03
2.320084488019347191e-03
-1.523192506283521652e-03
-3.881631186231970787e-03
7.435026345774531364e-04
6.247614510357379913e-04
2.542588394135236740e-03
-1.008999650366604328e-03
-3.588493680581450462e-03
7.218705140985548496e-04
2.799080917611718178e-03
-2.349781803786754608e-03
1.345741329714655876e-04
9.962214389815926552e-04
1.837593968957662582e-03
-3.590789157897233963e-03
3.262581536546349525e-03
-2.162914024665951729e-03
-6.520817405544221401e-04
1.770986942574381828e-03
-2.532098442316055298e-03
-6.461096927523612976e-04
-5.921292467974126339e-04
-3.433483187109231949e-03
-1.231456757523119450e-03
-2.696350216865539551e-03
2.304393332451581955e-03
1.169354305602610111e-03
3.013008041307330132e-03
2.685931976884603500e-03
3.265111939981579781e-03
-1.654519466683268547e-03
-1.996576902456581593e-04
1.643411931581795216e-03
-6.186701357364654541e-04
-1.897087437100708485e-03
3.571788780391216278e-03
1.509244088083505630e-03
2.736808499321341515e-03
1.992407720535993576e-03
1.575256348587572575e-03
1.710014650598168373e-03
9.971942927222698927e-05
7.726916810497641563e-04
-3.316056448966264725e-03
-1.867927727289497852e-03
-1.243895501829683781e-03
-2.686987631022930145e-03
-1.433015568181872368e-03
7.239650585688650608e-04
-4.228695615893229842e-05
-2.518623601645231247e-03
-2.677548909559845924e-03
1.319166622124612331e-03
1.316826383117586374e-04
-9.399234550073742867e-04
6.402125000022351742e-04
-1.273981528356671333e-03
-3.360895439982414246e-03
1.226084888912737370e-03
5.039274110458791256e-04
2.265423536300659180e-03
3.449191339313983917e-03
-1.860529650002717972e-03
3.027859202120453119e-04
-3.473112592473626137e-03
2.945163760159630328e-05
-3.512099792715162039e-04
2.659391029737889767e-04
-2.572684024926275015e-04
3.779428312554955482e-03
-2.627889160066843033e-03
3.360464703291654587e-03
-1.700511085800826550e-03
1.266876701265573502e-03
-3.551886649802327156e-03
-2.934880787506699562e-03
3.455479862168431282e-03
-2.671840135008096695e-03
-3.335452405735850334e-03
7.025812519714236259e-04
-1.158471917733550072e-03
3.772818949073553085e-03
2.159324707463383675e-03
-1.886883983388543129e-03
-3.664694959297776222e-03
3.424316237214952707e-04
6.665231012448202819e-06
1.445352216251194477e-03
6.764081190340220928e-04
-6.527751684188842773e-04
-3.833028953522443771e-03
-3.523197956383228302e-03
-5.840022349730134010e-04
-3.328198799863457680e-03
-9.156142477877438068e-04
-3.172036260366439819e-03
2.279273234307765961e-03
-3.266416490077972412e-03
-5.295210285112261772e-04
-1.275930786505341530e-03
-1.734887249767780304e-03
-8.597532869316637516e-04
3.373586339876055717e-03
3.519252641126513481e-03
2.807083772495388985e-03
4.484907549340277910e-04
3.328785998746752739e-03
-2.707247389480471611e-03
1.639914000406861305e-03
-5.909142200835049152e-04
-1.307110884226858616e-03
-2.839233959093689919e-03
-3.131127683445811272e-03
7.999784429557621479e-04
-2.763197524473071098e-03
8.348621777258813381e-04
-1.565805752761662006e-03
4.521513765212148428e-04
-3.566785948351025581e-03
-2.271330216899514198e-03
2.522978698834776878e-03
-2.514113148208707571e-04
1.234349329024553299e-03
2.514367224648594856e-04
1.448584953323006630e-04
1.861149095930159092e-03
2.096992684528231621e-03
2.058926038444042206e-03
-1.393804675899446011e-03
2.630735049024224281e-03
-1.287312596105039120e-03
-3.494756296277046204e-03
-2.515630330890417099e-04
-1.358651206828653812e-03
-2.506421646103262901e-03
2.066983608528971672e-03
-2.453813329339027405e-03
