-3.101625945419073105e-03
3.470021300017833710e-03
-1.597090391442179680e-03
7.304134196601808071e-04
1.040449365973472595e-03
2.101758727803826332e-03
3.889393294230103493e-03
-2.359714591875672340e-03
2.980224089697003365e-03
-4.272295700502581894e-05
-1.145980902947485447e-03
3.868200117722153664e-03
-3.359737107530236244e-03
2.479684073477983475e-03
3.230619942769408226e-03
7.930017891339957714e-04
3.512690891511738300e-04
-2.074301475659012794e-03
1.515103387646377087e-03
8.642830071039497852e-04
-3.414901206269860268e-03
3.374162828549742699e-03
-1.168648013845086098e-03
-3.015631577000021935e-03
1.868540537543594837e-03
-2.298082923516631126e-03
-3.254646668210625648e-03
-3.122946945950388908e-03
-2.532821148633956909e-03
-1.495516393333673477e-03
1.002865377813577652e-03
-4.342734464444220066e-04
3.250039881095290184e-03
-2.769819693639874458e-03
-3.048131475225090981e-03
-2.358885249122977257e-03
-2.939392579719424248e-03
2.126738196238875389e-03
-1.713101482891943306e-05
2.408713335171341896e-03
1.464699977077543736e-03
3.657576162368059158e-03
-5.407443968579173088e-04
-3.890516236424446106e-03
3.740041749551892281e-03
1.508891116827726364e-03
2.314004115760326385e-03
6.294201011769473553e-04
7.492831791751086712e-04
-2.995352493599057198e-03
2.149073407053947449e-03
-3.458007471635937691e-03
-3.710989141836762428e-03
-4.952258677803911269e-05
-1.291738240979611874e-03
2.534406725317239761e-03
2.734950277954339981e-03
-1.093961182050406933e-03
-9.561088518239557743e-04
-6.853307713754475117e-04
3.123914357274770737e-03
5.361652001738548279e-04
2.774675609543919563e-03
-3.288768930360674858e-03
-3.526362124830484390e-03
1.347606419585645199e-03
-2.748483326286077499e-03
2.441212709527462721e-04
-1.391244004480540752e-03
-2.502269577234983444e-03
2.361354883760213852e-03
-1.326242927461862564e-03
-1.051685307174921036e-03
-2.483947668224573135e-03
-2.951437374576926231e-03
2.938466146588325500e-03
-3.853579750284552574e-03
2.290775999426841736e-03
-5.805005203001201153e-04
-1.001936383545398712e-03
-3.507397603243589401e-03
-2.350852126255631447e-03
-2.313132863491773605e-03
-2.056937664747238159e-03
-2.471357118338346481e-03
-1.059385831467807293e-03
2.167292172089219093e-03
2.078775549307465553e-03
-2.910522453021258116e-04
-1.841156627051532269e-03
2.173884538933634758e-03
3.824079409241676331e-03
7.223632419481873512e-04
3.077253233641386032e-03
-3.510930342599749565e-03
-3.476351499557495117e-03
2.659856807440519333e-03
-1.917298883199691772e-03
-7.924211677163839340e-04
-2.516467124223709106e-03
-1.745022484101355076e-03
-1.101275556720793247e-03
-1.260150806047022343e-03
3.880223957821726799e-03
-9.451323421671986580e-04
-4.251363279763609171e-04
2.421603072434663773e-03
-1.767798326909542084e-03
-3.343109041452407837e-03
1.729220268316566944e-03
1.656068256124854088e-03
9.523011394776403904e-04
-2.851087134331464767e-03
-2.844816772267222404e-03
-3.195445053279399872e-03
-2.766090910881757736e-03
3.862774930894374847e-03
-2.581484848633408546e-03
8.301617344841361046e-04
-2.264725335408002138e-04
2.909259928856045008e-04
-3.870107466354966164e-03
2.778338966891169548e-04
3.497333265841007233e-03
1.285494188778102398e-03
-4.066785331815481186e-04
-1.021561096422374249e-03
1.713995006866753101e-03
-9.869990171864628792e-04
1.061027753166854382e-03
6.200966308824717999e-04
1.001582015305757523e-03
-3.109521465376019478e-03
3.424679394811391830e-03
5.125692114233970642e-04
-3.466551890596747398e-03
1.130882737925276160e-04
1.800852041924372315e-04
3.708265721797943115e-03
2.545526018366217613e-03
1.663805218413472176e-03
-7.685848977416753769e-04
1.855746726505458355e-03
-1.893252134323120117e-03
-2.596409292891621590e-03
2.360490849241614342e-03
2.033877390203997493e-04
1.270933425985276699e-03
-2.569072647020220757e-03
2.422753022983670235e-03
1.501127728261053562e-03
-5.343180964700877666e-04
3.763471904676407576e-04
3.859582357108592987e-03
-8.090004557743668556e-04
-3.584810765460133553e-03
2.791430801153182983e-03
1.228695036843419075e-03
3.126875031739473343e-03
-2.816999796777963638e-03
-1.322588650509715080e-03
-3.410703735426068306e-03
-3.325262572616338730e-03
3.675816580653190613e-03
-6.497118156403303146e-04
-1.040717121213674545e-03
2.470926847308874130e-03
2.640462480485439301e-03
2.259569009765982628e-03
2.276172162964940071e-03
3.767986316233873367e-03
2.337000099942088127e-03
-2.679036697372794151e-03
-2.635535085573792458e-03
1.011019703582860529e-04
-3.646951401606202126e-03
7.821058716217521578e-06
-1.749427174217998981e-03
2.555281680542975664e-04
-2.385027473792433739e-04
3.356825094670057297e-03
-1.514540286734700203e-03
9.056313429027795792e-04
-3.776250872761011124e-03
-6.274181650951504707e-04
-8.692164556123316288e-04
-6.366958841681480408e-04
-2.029169118031859398e-03
-2.967398846521973610e-03
3.247271990403532982e-03
2.308839466422796249e-03
-1.287963823415338993e-03
1.880098861875012517e-04
1.245042425580322742e-03
3.734784841071814299e-04
3.891171887516975403e-03
-2.080255188047885895e-03
-2.952289069071412086e-03
-2.793268067762255669e-03
-2.617530699353665113e-04
3.237291937693953514e-03
-3.819398349151015282e-03
-1.507762004621326923e-03
3.591802204027771950e-03
9.039178257808089256e-05
-1.681010122410953045e-03
-3.188924398273229599e-03
2.500024158507585526e-03
1.477617388445651159e-05
3.559170989319682121e-03
1.190134556964039803e-03
-3.074618754908442497e-03
-3.721952671185135841e-03
2.329676179215312004e-03
5.787584086647257209e-05
3.920761810149997473e-04
-1.478172955103218555e-03
2.994272392243146896e-03
-2.644755179062485695e-03
-3.798523452132940292e-03
1.385883311741054058e-03
-3.713900689035654068e-03
3.468110924586653709e-03
-3.461681073531508446e-03
3.234038595110177994e-03
2.481120405718684196e-03
2.245640847831964493e-03
1.665293588303029537e-03
8.772531873546540737e-04
1.701116561889648438e-03
-1.059614514815621078e-04
3.738793544471263885e-03
-1.578374765813350677e-03
-1.715452293865382671e-03
7.795420242473483086e-04
-2.419851254671812057e-03
-3.130072029307484627e-03
-3.089492907747626305e-03
1.090885489247739315e-03
2.749172970652580261e-03
-3.738718805834650993e-03
1.414761529304087162e-03
2.517275861464440823e-04
-1.775310025550425053e-03
2.762652467936277390e-03
-1.664881594479084015e-03
1.724020461551845074e-03
1.947890967130661011e-03
6.865391042083501816e-04
-2.251069294288754463e-03
2.306562848389148712e-03
3.443349618464708328e-03
2.082005608826875687e-03
-1.025776611641049385e-03
-3.255989402532577515e-03
3.800927428528666496e-03
