1.795210293494164944e-03
2.104369457811117172e-03
2.795279724523425102e-03
2.299616811797022820e-03
-1.179760554805397987e-03
3.244972089305520058e-03
3.680738154798746109e-03
1.378742861561477184e-03
2.991338027641177177e-03
-1.206699642352759838e-03
-3.161389147862792015e-03
2.216761233285069466e-03
-3.472953336313366890e-03
2.081953221932053566e-03
-8.303832728415727615e-04
-2.369281370192766190e-03
-1.634646439924836159e-03
-1.499926205724477768e-03
2.093841321766376495e-03
-1.661871094256639481e-03
-1.735878293402493000e-03
3.318860195577144623e-03
-9.285171981900930405e-04
1.250585773959755898e-04
-1.199087477289140224e-03
-2.067726105451583862e-03
8.313701837323606014e-04
-2.829208038747310638e-03
1.231011701747775078e-04
-2.451447071507573128e-03
-2.886399393901228905e-03
-2.075972268357872963e-03
-9.584230137988924980e-04
-1.578231458552181721e-04
2.628661692142486572e-03
4.836747757508419454e-05
-3.007381223142147064e-03
-2.318839076906442642e-03
1.656022039242088795e-03
-9.729422745294868946e-04
3.671510843560099602e-03
1.711766468361020088e-03
8.554412488592788577e-05
-3.323673037812113762e-03
3.334277076646685600e-03
-3.436176106333732605e-03
2.948473207652568817e-03
1.102362992241978645e-03
1.972029218450188637e-03
-3.841909347102046013e-03
-1.188601250760257244e-03
2.017819788306951523e-04
-1.118442392908036709e-03
-2.407744294032454491e-03
2.089940709993243217e-03
-1.984882634133100510e-03
-6.350990151986479759e-04
2.676111878827214241e-03
-2.518669003620743752e-03
3.256474621593952179e-03
2.744790399447083473e-03
-1.589971594512462616e-03
2.193778287619352341e-03
1.024336554110050201e-03
-2.734541427344083786e-03
-3.737127408385276794e-03
5.314691807143390179e-04
-2.364726969972252846e-03
2.194939879700541496e-03
-2.144422614946961403e-03
-3.399549517780542374e-03
-8.551678620278835297e-04
2.004128182306885719e-03
2.633512718603014946e-03
-1.758679631166160107e-03
-2.155101625248789787e-03
-3.131092293187975883e-03
1.849355176091194153e-04
-1.149934483692049980e-03
-1.337866298854351044e-03
-4.435438604559749365e-04
2.376937074586749077e-03
1.744795736158266664e-04
3.073648549616336823e-03
3.313955618068575859e-03
-3.156334860250353813e-03
2.502078888937830925e-03
-2.257305459352210164e-04
-1.928423153003677726e-04
-1.027988968417048454e-03
-1.999942818656563759e-03
3.171470598317682743e-04
-2.048080088570713997e-03
-3.347034333273768425e-03
-8.110856288112699986e-04
1.651528291404247284e-03
5.889642052352428436e-04
-6.305873976089060307e-04
2.616766607388854027e-03
-7.144476985558867455e-04
-1.327057485468685627e-03
-2.431097440421581268e-03
1.834181603044271469e-03
-1.929156715050339699e-03
2.158404327929019928e-03
1.189073896966874599e-03
3.301491262391209602e-03
-2.795692125800997019e-04
3.768588416278362274e-03
-1.948968507349491119e-03
3.125084040220826864e-04
-1.213297946378588676e-03
-2.075725700706243515e-03
-3.382324473932385445e-03
3.807202912867069244e-03
3.115106839686632156e-03
-3.547502914443612099e-03
2.762354444712400436e-03
7.470463751815259457e-04
-3.680764930322766304e-03
-9.557063458487391472e-04
1.314690569415688515e-03
-2.765584737062454224e-03
1.071166014298796654e-03
3.370494814589619637e-03
2.793430583551526070e-03
1.406677649356424809e-03
7.701698341406881809e-04
-2.550874371081590652e-03
-2.392773050814867020e-03
2.368839923292398453e-04
1.733970828354358673e-03
3.333143657073378563e-03
2.576301805675029755e-03
1.106338226236402988e-03
1.688962918706238270e-03
-8.622425957582890987e-04
-1.087540062144398689e-03
8.528852486051619053e-04
-3.622488118708133698e-03
2.346752444282174110e-03
-4.866119998041540384e-04
-3.171544522047042847e-03
1.282769022509455681e-03
-2.245636191219091415e-03
-1.460492960177361965e-03
2.161250449717044830e-03
3.487765556201338768e-03
9.831220377236604691e-04
-3.212166717275977135e-03
-3.678357694298028946e-03
1.842399826273322105e-03
-3.358247689902782440e-03
-2.416349016129970551e-03
2.256399951875209808e-03
-2.418980700895190239e-03
-1.974510727450251579e-03
-7.815136923454701900e-04
2.304081805050373077e-03
9.209775598719716072e-04
-3.520733676850795746e-03
-1.272170804440975189e-03
-2.533320104703307152e-03
2.638965146616101265e-03
2.934153424575924873e-03
3.851314773783087730e-03
-3.202593885362148285e-03
3.294625494163483381e-04
-1.131557743065059185e-03
1.926052384078502655e-03
-1.777730998583137989e-03
2.200007205829024315e-03
1.764173852279782295e-03
2.906642912421375513e-04
1.697871368378400803e-03
-3.786056477110832930e-04
1.585126272402703762e-03
1.312606036663055420e-03
3.521090256981551647e-04
3.091187914833426476e-03
1.349531114101409912e-03
-2.005030168220400810e-03
3.279161872342228889e-03
2.506483346223831177e-03
2.753493143245577812e-03
-1.968209166079759598e-03
-2.140467753633856773e-03
5.059840623289346695e-04
-2.262413268908858299e-03
-2.834262326359748840e-03
2.562657697126269341e-03
-2.054422075161710382e-04
-3.242798848077654839e-04
-2.254689810797572136e-03
-3.484900807961821556e-03
-3.451521974056959152e-03
2.666370710358023643e-03
1.483247033320367336e-03
3.881735727190971375e-03
1.260637654922902584e-03
8.898516534827649593e-04
-1.741415006108582020e-03
-2.708005020394921303e-03
-1.787603832781314850e-03
1.599679118953645229e-03
-1.438827952370047569e-03
2.374001778662204742e-04
3.161982458550482988e-04
9.397577377967536449e-04
-3.447657451033592224e-03
-1.023826305754482746e-03
3.307334845885634422e-03
-8.204805781133472919e-04
2.738544135354459286e-04
2.437641611322760582e-03
-1.603243174031376839e-03
-3.451549215242266655e-03
3.546033985912799835e-03
-2.217807574197649956e-03
3.883161116391420364e-03
3.389292163774371147e-03
3.761254483833909035e-03
1.700533437542617321e-03
1.981029286980628967e-03
3.345655277371406555e-04
3.160041058436036110e-03
1.835858915001153946e-03
-2.414663787931203842e-03
1.212185714393854141e-03
2.958983532153069973e-04
-3.759187646210193634e-03
-5.316108854458434507e-06
-3.757563245017081499e-04
-2.814573468640446663e-03
3.241423517465591431e-03
-1.412922632880508900e-03
2.690644934773445129e-03
1.097145490348339081e-03
3.161911736242473125e-04
-1.340449787676334381e-03
-3.556090174242854118e-03
-1.304759061895310879e-03
-7.233897922560572624e-04
-1.158430823124945164e-03
-3.032737411558628082e-03
2.170387655496597290e-03
-3.521478967741131783e-03
3.234875388443470001e-03
1.230726920766755939e-04
-3.020253963768482208e-03
-3.625526325777173042e-03
-3.271390683948993683e-03
-7.433749851770699024e-04
-2.021305728703737259e-03
1.897347625344991684e-03
-3.464394481852650642e-03
