-1.510555273853242397e-03
1.515394193120300770e-03
-3.873154055327177048e-03
-9.671152220107614994e-04
-1.473764714319258928e-04
7.472120923921465874e-04
2.154608722776174545e-03
9.161986527033150196e-04
-1.745326211676001549e-03
-3.668892895802855492e-03
9.079019655473530293e-04
-1.392322941683232784e-03
1.223938015755265951e-04
-2.348665148019790649e-03
3.440913977101445198e-03
-1.576112117618322372e-03
2.293210476636886597e-03
3.547593951225280762e-03
2.733928384259343147e-03
2.340078819543123245e-03
3.630371997132897377e-03
3.009707899764180183e-03
3.765618428587913513e-03
2.655764110386371613e-03
-1.083847135305404663e-03
4.765361372847110033e-04
5.948425387032330036e-04
-2.093367744237184525e-03
-9.286939748562872410e-04
-6.463809404522180557e-04
-1.740697771310806274e-03
1.313053769990801811e-03
-3.907279577106237411e-03
-1.640907954424619675e-03
2.184180077165365219e-03
-1.041434356011450291e-03
-9.195026941597461700e-04
-4.071161674801260233e-04
-3.645256161689758301e-03
-7.441314519383013248e-04
-2.608489012345671654e-03
4.380019090604037046e-04
3.474192228168249130e-03
2.939066151157021523e-03
-1.898637157864868641e-03
-1.801264006644487381e-03
-3.620682051405310631e-03
3.595767775550484657e-03
2.748380182310938835e-03
-2.966578584164381027e-03
2.828525612130761147e-03
-6.806961664551636204e-06
8.271280676126480103e-04
2.540183253586292267e-03
-2.789395162835717201e-03
-1.794957905076444149e-03
-9.957698639482259750e-04
-8.782691438682377338e-04
3.882103133946657181e-03
1.297053298912942410e-03
3.463521366938948631e-03
-3.301931312307715416e-03
-1.723093562759459019e-03
-7.920390926301479340e-04
-3.051306586712598801e-03
3.895261557772755623e-03
-3.655749605968594551e-03
-3.379947505891323090e-03
-2.900448162108659744e-03
-9.083826444111764431e-04
-3.620880423113703728e-03
-3.757269354537129402e-03
-1.891972846351563931e-03
-1.596438669366762042e-04
3.831784240901470184e-03
-1.301634823903441429e-03
-1.291762455366551876e-03
-2.513118088245391846e-03
-9.089887607842683792e-04
3.555243310984224081e-04
-3.105236450210213661e-03
-1.952070015249773860e-04
-2.020519692450761795e-03
-1.499467063695192337e-03
-1.721770386211574078e-03
1.672834740020334721e-03
-5.877303192391991615e-04
1.161771593615412712e-03
3.325872588902711868e-03
2.231103135272860527e-03
-2.136757597327232361e-03
2.484702505171298981e-03
-3.922602336388081312e-04
-1.834977068938314915e-03
-1.577376271598041058e-03
3.452834207564592361e-04
3.043689765036106110e-03
-2.704264363273978233e-03
-1.833842252381145954e-03
7.652001804672181606e-04
-9.856467368081212044e-04
-2.102827187627553940e-03
-6.751322653144598007e-04
1.941924565471708775e-03
-2.814586696331389248e-05
2.252766862511634827e-03
-3.095304826274514198e-03
2.825657720677554607e-04
2.371953567489981651e-03
-2.069703768938779831e-03
-2.044793451204895973e-03
1.967183314263820648e-03
2.362150466069579124e-03
1.669782097451388836e-03
-1.806959509849548340e-03
-1.508633606135845184e-03
6.899289437569677830e-04
3.920139861293137074e-04
1.554874703288078308e-03
2.172235872421879321e-05
-3.892926499247550964e-03
2.271278761327266693e-03
1.136774313636124134e-03
2.200267277657985687e-03
-3.221421735361218452e-03
-1.795803778804838657e-03
1.229512505233287811e-03
1.798301353119313717e-03
-1.294338027946650982e-03
-2.421706914901733398e-03
-2.507282653823494911e-03
-2.145812846720218658e-03
-2.765219192951917648e-03
-8.177876588888466358e-04
2.226689248345792294e-04
2.987215761095285416e-03
1.738733844831585884e-03
-3.318568458780646324e-03
1.584009500220417976e-03
-7.695914246141910553e-04
-1.067569595761597157e-03
-5.485861402121372521e-05
-1.521217054687440395e-03
1.838961383327841759e-03
-1.683273236267268658e-03
-2.434868831187486649e-03
-1.579247880727052689e-03
-3.869481850415468216e-03
1.381538459099829197e-03
4.750212829094380140e-04
-3.134337021037936211e-03
-1.003353041596710682e-03
-2.776370383799076080e-03
-2.016534795984625816e-03
1.051272964105010033e-03
-5.677493172697722912e-04
-1.997618470340967178e-03
-2.345445798709988594e-03
-2.278129104524850845e-03
2.687041182070970535e-03
2.744691679254174232e-03
2.482155337929725647e-03
-2.571658929809927940e-03
2.825930947437882423e-03
-3.836028277873992920e-03
-1.504847430624067783e-03
2.771910745650529861e-03
3.577756229788064957e-03
3.688354277983307838e-03
-3.825963649433106184e-04
3.074312582612037659e-03
-3.025087295100092888e-03
1.888437429443001747e-03
-3.220974002033472061e-03
-3.590243170037865639e-03
1.174040720798075199e-03
-3.500227816402912140e-03
-1.776590012013912201e-03
3.012002911418676376e-03
3.329813247546553612e-03
-2.393359784036874771e-03
2.884043846279382706e-03
2.493696520105004311e-03
-3.115922445431351662e-04
-1.600734540261328220e-03
3.667544573545455933e-03
-1.402110792696475983e-03
2.088990528136491776e-03
3.037228714674711227e-03
-4.186727164778858423e-04
-9.105509379878640175e-04
2.153266454115509987e-03
-9.676172048784792423e-04
1.058234018273651600e-03
2.199638169258832932e-03
2.189430641010403633e-03
-8.725540246814489365e-04
-1.586333237355574965e-04
1.712775207124650478e-03
-2.876791404560208321e-03
-2.603685250505805016e-03
-1.531112357042729855e-04
8.379887731280177832e-05
-2.917540841735899448e-04
2.492546103894710541e-03
-8.157046395353972912e-04
1.022338285110890865e-03
-2.050078473985195160e-03
2.603386994451284409e-03
1.054995227605104446e-03
-2.586591755971312523e-03
3.522135550156235695e-03
-3.778947982937097549e-03
3.258727490901947021e-03
-2.975281968247145414e-04
8.424387197010219097e-04
-3.293316578492522240e-03
-3.285867860540747643e-03
-4.779343144036829472e-04
1.321152318269014359e-03
-1.731732627376914024e-03
1.434568432159721851e-03
1.699978951364755630e-03
3.086074721068143845e-03
-2.848881296813488007e-03
2.805428812280297279e-03
1.409873599186539650e-03
-1.348534016869962215e-03
1.832239562645554543e-03
-2.974887320306152105e-04
-3.527230583131313324e-03
-8.358413469977676868e-04
-3.007275518029928207e-03
1.907855854369699955e-03
-3.181181848049163818e-03
-1.782828709110617638e-03
-1.286517799599096179e-04
2.657614182680845261e-03
-2.965352963656187057e-03
3.850696666631847620e-04
-3.332625376060605049e-03
-2.208435762440785766e-04
2.549647819250822067e-03
1.314116991125047207e-03
9.790106560103595257e-05
-2.115240786224603653e-03
9.454623213969171047e-04
3.509001340717077255e-03
-3.333305707201361656e-03
-2.617153339087963104e-03
3.783281426876783371e-03
2.155101625248789787e-03
-7.819304591976106167e-04
-2.915165154263377190e-03
-3.687415504828095436e-03
3.204454900696873665e-03
