-2.677852986380457878e-03
1.237213960848748684e-03
-3.162109758704900742e-03
2.454676199704408646e-03
2.002856228500604630e-03
-2.466160338371992111e-03
-3.861993551254272461e-03
3.472254029475152493e-04
-1.909379963763058186e-03
8.676268043927848339e-04
-6.620782369282096624e-05
1.795583055354654789e-03
-3.581884084269404411e-03
-2.725465456023812294e-04
7.821128383511677384e-05
3.036461072042584419e-03
8.111209026537835598e-04
-3.485909663140773773e-03
4.183916607871651649e-04
2.300524851307272911e-03
3.775048302486538887e-03
2.363941632211208344e-03
1.876152935437858105e-03
3.249919041991233826e-03
-4.215818771626800299e-04
2.223574556410312653e-03
3.008237807080149651e-03
2.871281176339834929e-04
2.115197712555527687e-03
-3.257454838603734970e-03
-4.551810270640999079e-04
-3.351455787196755409e-03
8.112529758363962173e-04
-1.661467133089900017e-03
2.095750300213694572e-03
-2.007556613534688950e-03
-2.432195236906409264e-03
-3.359205089509487152e-03
2.934908494353294373e-03
-1.132137491367757320e-03
2.475472167134284973e-03
3.775070363190025091e-04
-3.029361832886934280e-03
3.288792679086327553e-03
-2.254739229101687670e-04
6.510057719424366951e-04
2.808647463098168373e-03
7.135797204682603478e-05
5.024047568440437317e-04
3.758171107620000839e-03
3.774198703467845917e-04
2.343963366001844406e-03
3.911092877388000488e-03
1.217886223457753658e-03
-2.899393439292907715e-03
-9.696496417745947838e-04
-2.426347928121685982e-03
-1.373014994896948338e-03
3.902163822203874588e-03
8.871487225405871868e-04
-8.100915001705288887e-04
3.352450905367732048e-03
5.963160656392574310e-04
-3.680666850414127111e-04
3.090735292062163353e-03
-1.007298706099390984e-03
-1.133238911279477179e-04
-3.257193835452198982e-03
7.199973333626985550e-05
-3.468234324827790260e-03
3.552202600985765457e-03
-1.904763979837298393e-03
-2.871345495805144310e-03
3.573723137378692627e-03
1.666597439907491207e-03
2.014923375099897385e-03
-3.795492229983210564e-03
-2.545109018683433533e-03
-3.422275185585021973e-03
-2.258899156004190445e-03
3.604918951168656349e-03
-2.913329517468810081e-03
3.344348166137933731e-03
2.582589164376258850e-03
-2.689428860321640968e-03
-1.520581543445587158e-03
2.845241455361247063e-03
-5.466287839226424694e-04
-3.395701758563518524e-03
6.893296958878636360e-04
2.133811125531792641e-03
3.698406973853707314e-03
2.069632755592465401e-03
3.077078377828001976e-03
6.989274406805634499e-04
3.174082667101174593e-04
-2.429437357932329178e-03
2.281977096572518349e-03
7.680986891500651836e-04
-3.793264040723443031e-03
-1.805276144295930862e-03
1.368296099826693535e-03
-4.528754216153174639e-04
-3.600810654461383820e-03
7.499377825297415257e-04
-3.566161263734102249e-03
1.274985959753394127e-03
-2.207705751061439514e-03
1.303381286561489105e-03
1.002856646664440632e-03
3.772033145651221275e-03
-8.861675160005688667e-04
-2.578515559434890747e-03
-3.492921357974410057e-03
3.649052465334534645e-03
2.526261843740940094e-03
-3.212451701983809471e-03
-7.496631005778908730e-04
-2.683524740859866142e-03
-6.834053201600909233e-04
1.958325272426009178e-03
-1.794471521861851215e-03
-1.635193009860813618e-03
-2.137598581612110138e-03
2.809775527566671371e-03
-4.067235568072646856e-05
1.136714825406670570e-03
-3.020531730726361275e-03
-3.356889588758349419e-03
-2.178461058065295219e-03
2.373442519456148148e-03
-1.872157095931470394e-03
-1.336826127953827381e-03
-1.604573219083249569e-03
-2.060638973489403725e-03
3.071828978136181831e-03
-9.279855294153094292e-04
3.366003744304180145e-03
-1.626029028557240963e-03
3.012699307873845100e-03
1.606241217814385891e-03
-2.187106059864163399e-03
6.196030299179255962e-04
-1.529987435787916183e-03
3.151856362819671631e-03
3.613867098465561867e-03
-3.649099962785840034e-03
-2.414825605228543282e-03
-8.463281556032598019e-04
2.277512568980455399e-03
-1.534725888632237911e-03
-8.956788806244730949e-04
1.102986745536327362e-03
3.645051969215273857e-03
1.867089886218309402e-03
-1.593940542079508305e-03
-2.749789273366332054e-03
2.308249007910490036e-03
-1.008514664135873318e-03
3.606664948165416718e-03
9.313821792602539062e-04
2.607357688248157501e-03
3.273543203249573708e-03
3.384338691830635071e-03
2.996370429173111916e-03
2.811813028529286385e-03
-3.774524899199604988e-03
3.617644309997558594e-03
-1.674733008258044720e-03
-3.144469519611448050e-05
3.092898288741707802e-03
-1.368655473925173283e-03
-6.019102293066680431e-04
-8.040960528887808323e-04
1.261322759091854095e-03
-7.990177837200462818e-04
1.768441172316670418e-03
1.581613090820610523e-03
2.061751903966069221e-03
1.656076521612703800e-03
1.233495539054274559e-03
-1.029177437885664403e-04
-1.457806793041527271e-03
-5.840489175170660019e-04
-2.868508687242865562e-03
-2.552996156737208366e-03
-2.456578426063060760e-03
-9.934953413903713226e-04
-3.550657304003834724e-03
1.136962324380874634e-03
-7.453160360455513000e-04
2.809572266414761543e-03
-1.517044380307197571e-03
-3.501848259475082159e-04
1.930204685777425766e-03
-3.498336765915155411e-03
2.462845528498291969e-03
2.507611876353621483e-03
5.493674689205363393e-05
-8.327203686349093914e-04
2.799808280542492867e-03
2.055796649074181914e-04
2.391086192801594734e-03
-3.707375377416610718e-03
-2.950954716652631760e-03
-7.950580329634249210e-04
-3.325399011373519897e-03
2.789685269817709923e-03
-9.395137312822043896e-04
-2.482590207364410162e-05
2.980840625241398811e-03
2.941611921414732933e-03
1.635757507756352425e-03
-2.950084162876009941e-04
3.436677390709519386e-03
-3.428783267736434937e-03
3.869288135319948196e-03
2.338944235816597939e-03
-3.210812341421842575e-03
2.226506592705845833e-03
-2.870964817702770233e-04
-1.655474421568214893e-03
-7.952849264256656170e-04
-2.315681893378496170e-03
-2.524527488276362419e-03
1.630764687433838844e-03
3.383939154446125031e-03
-1.024784753099083900e-03
-3.463400062173604965e-03
1.157096703536808491e-03
2.730073640123009682e-03
1.618267851881682873e-03
1.849778462201356888e-03
3.555624280124902725e-03
1.310202758759260178e-03
-7.552090683020651340e-04
-3.781598061323165894e-03
-3.759881481528282166e-03
-3.722782246768474579e-03
-3.203366417437791824e-03
-3.248698078095912933e-03
-2.484814263880252838e-03
-3.388887504115700722e-03
2.702693920582532883e-03
1.890901825390756130e-03
2.104019280523061752e-03
2.147377381334081292e-05
1.496821176260709763e-03
2.556534018367528915e-03
1.207576948218047619e-03
2.321727573871612549e-03
2.366665750741958618e-03
-1.910692197270691395e-03
2.376751508563756943e-03
2.163105411455035210e-03
-1.646853750571608543e-03
