-3.087780205532908440e-03
-3.199968719854950905e-03
-3.392371349036693573e-03
-1.873666769824922085e-03
-7.986804121173918247e-04
3.857651245198212564e-05
-3.234215546399354935e-03
3.091725753620266914e-03
-5.512493662536144257e-04
-9.882590966299176216e-04
6.204892997629940510e-04
6.247671553865075111e-04
-3.321339376270771027e-03
2.280822722241282463e-03
-1.669377903454005718e-03
1.589144696481525898e-03
-5.720654153265058994e-04
9.345180587843060493e-04
1.725524081848561764e-03
5.159846623428165913e-04
1.619379618205130100e-03
-6.185180973261594772e-04
-2.502552233636379242e-03
-1.202649553306400776e-03
2.250909805297851562e-03
-2.055323449894785881e-03
-2.368309535086154938e-03
-3.003701567649841309e-03
1.981599256396293640e-03
-1.365298754535615444e-03
-1.379104214720427990e-03
-3.301903838291764259e-03
-1.070782076567411423e-03
2.723922720178961754e-03
2.242964925244450569e-03
2.447476610541343689e-03
-1.041080686263740063e-03
-1.145081114373169839e-04
2.857659012079238892e-03
-3.619681956479325891e-05
2.263910137116909027e-03
5.800363724119961262e-04
-1.827604719437658787e-04
1.413259189575910568e-03
9.575411095283925533e-04
-6.297871004790067673e-04
-5.635209963656961918e-04
1.121833804063498974e-03
-1.928740530274808407e-03
-2.262152731418609619e-03
7.602924597449600697e-04
7.547042914666235447e-04
1.710706739686429501e-03
-2.835456107277423143e-04
3.157454775646328926e-03
3.178457700414583087e-05
-4.485401586862280965e-05
-2.443267032504081726e-03
-9.342548437416553497e-04
-7.151013123802840710e-04
-7.554944604635238647e-04
-3.497570054605603218e-03
-2.943007275462150574e-03
-2.744198543950915337e-03
1.049847924150526524e-03
2.357484539970755577e-03
8.402081584790721536e-05
-2.643553307279944420e-03
-2.422278514131903648e-03
3.094381652772426605e-03
5.845879786647856236e-04
3.234994364902377129e-03
-3.204908221960067749e-03
-3.201673971489071846e-03
-2.867136208806186914e-04
3.035173751413822174e-03
9.390031918883323669e-04
-3.503045765683054924e-03
3.474229248240590096e-03
7.543211540905758739e-05
2.551480894908308983e-03
-3.697252599522471428e-03
1.478910329751670361e-03
9.183699148707091808e-04
1.906885765492916107e-03
3.441178472712635994e-03
-2.786606550216674805e-03
-6.365584558807313442e-04
-7.970248698256909847e-04
2.946021733805537224e-03
-4.228342149872332811e-04
1.079068752005696297e-04
-2.669210312888026237e-03
1.919127069413661957e-03
7.967367419041693211e-04
1.546821207739412785e-03
3.290982218459248543e-03
2.635970478877425194e-03
-8.259037858806550503e-04
2.058580284938216209e-03
2.544784918427467346e-03
2.051989315077662468e-03
7.737326668575406075e-04
-2.303043147549033165e-03
-2.774593653157353401e-03
-3.656801767647266388e-03
6.064732588129118085e-05
-3.476419486105442047e-03
3.411913290619850159e-03
-3.840141696855425835e-03
3.090227022767066956e-03
-1.421929337084293365e-03
1.564297592267394066e-03
-1.732089585857465863e-04
-1.840606215409934521e-03
3.511819988489151001e-03
1.667806413024663925e-03
-1.916640787385404110e-03
8.752301218919456005e-04
-2.695101080462336540e-03
5.012991605326533318e-04
-1.782965380698442459e-03
3.088045632466673851e-03
1.930024125613272190e-03
-1.415552455000579357e-03
2.957576420158147812e-03
1.143605331890285015e-03
3.108693519607186317e-03
-2.948575653135776520e-03
1.249246764928102493e-03
9.666452533565461636e-04
3.051309613510966301e-03
1.521962345577776432e-03
2.612975891679525375e-03
1.029914710670709610e-03
-1.908735954202711582e-03
1.588874263688921928e-03
6.805628654547035694e-04
8.569206111133098602e-04
2.541899215430021286e-03
-3.120994952041655779e-04
2.824909097398631275e-05
3.921974566765129566e-04
1.602592063136398792e-03
6.356677040457725525e-04
6.251442246139049530e-04
-2.781772520393133163e-03
-5.462254630401730537e-04
2.546106232330203056e-03
-1.619037473574280739e-03
3.314221045002341270e-03
-3.769668051972985268e-03
-3.106126328930258751e-03
-3.136213170364499092e-03
2.410992048680782318e-03
-7.153991609811782837e-04
2.336985431611537933e-03
-3.472041105851531029e-03
-2.383219078183174133e-03
-1.333727268502116203e-03
3.642049850896000862e-03
-1.312397536821663380e-03
1.565192476846277714e-03
1.925011310959234834e-04
-8.480997057631611824e-04
2.505882643163204193e-03
-1.836847281083464622e-03
-1.391937839798629284e-04
6.433101953007280827e-04
6.713606417179107666e-04
-6.350591429509222507e-04
-2.023514360189437866e-03
2.985891187563538551e-03
-1.848213491030037403e-03
-4.893878358416259289e-04
-2.874502970371395350e-04
2.657331759110093117e-03
2.056980505585670471e-03
1.261843368411064148e-03
3.613112261518836021e-03
-1.442208187654614449e-03
-2.214591950178146362e-03
-1.972811762243509293e-03
-3.964092757087200880e-04
-8.368173148483037949e-04
-2.184197539463639259e-03
8.489843457937240601e-04
2.453476423397660255e-03
1.409025164321064949e-03
-2.628865651786327362e-03
-2.516654320061206818e-03
-3.363435855135321617e-03
-9.052988025359809399e-04
-2.334349555894732475e-03
1.219888217747211456e-04
-3.118266118690371513e-03
3.850205393973737955e-04
-2.550141289248131216e-05
2.266394905745983124e-03
2.718636067584156990e-03
2.599191851913928986e-03
-3.590079490095376968e-03
-1.593772671185433865e-03
2.461414551362395287e-03
5.300659904605709016e-05
1.557677896926179528e-04
-1.554872287670150399e-04
-3.162857901770621538e-04
-7.021753117442131042e-04
-9.021446749102324247e-05
-2.482773037627339363e-03
2.990281675010919571e-03
2.588771283626556396e-03
5.417762440629303455e-04
-9.808493778109550476e-04
-1.208879868499934673e-03
-1.512792310677468777e-03
-3.338568611070513725e-03
-3.149148542433977127e-03
2.909735776484012604e-03
3.601977601647377014e-03
3.198486287146806717e-03
-5.578661221079528332e-04
-2.507197437807917595e-03
-5.840400117449462414e-04
-8.136421674862504005e-04
-1.168905291706323624e-03
-9.595670271664857864e-04
-2.310344716534018517e-03
-3.328914521262049675e-03
1.515045645646750927e-03
-3.992939891759306192e-04
-3.685020143166184425e-03
2.056326251477003098e-03
3.012862056493759155e-03
-5.470860050991177559e-04
2.681337296962738037e-03
-4.779702285304665565e-04
-2.854994265362620354e-03
2.427489263936877251e-03
-3.153296347591094673e-05
3.727508243173360825e-03
8.574779494665563107e-04
-2.847880823537707329e-03
2.604748355224728584e-03
-2.136226743459701538e-03
-2.016450976952910423e-03
-5.768581759184598923e-04
1.445287372916936874e-03
-2.449398394674062729e-03
1.034167013131082058e-03
1.439176616258919239e-03
-9.571538248565047979e-05
-1.637574401684105396e-03
-2.377323573455214500e-03
-9.349771426059305668e-04
