-3.523294348269701004e-03
-3.834078088402748108e-03
2.518522785976529121e-03
3.233520779758691788e-03
5.656378343701362610e-04
2.998067066073417664e-03
1.949955709278583527e-03
-1.097981585189700127e-03
1.588299986906349659e-03
2.009257907047867775e-03
3.316907444968819618e-03
1.720191678032279015e-03
-2.740012947469949722e-03
2.131210407242178917e-03
-3.475085366517305374e-03
1.944672432728111744e-03
-3.594106063246726990e-03
-3.657427616417407990e-03
-1.753716496750712395e-03
3.813228337094187737e-03
1.822561724111437798e-03
1.533039961941540241e-03
3.681945381686091423e-03
-1.962544629350304604e-03
-5.398541688919067383e-04
-1.171578536741435528e-03
-3.474805271252989769e-03
2.189691178500652313e-03
3.900355077348649502e-04
-1.096742926165461540e-03
-1.430203439667820930e-03
1.365874428302049637e-03
-1.923697069287300110e-03
3.834580769762396812e-03
3.034740919247269630e-03
4.140857781749218702e-04
3.336258698254823685e-03
-1.330574275925755501e-03
7.102121016941964626e-04
-3.378225257620215416e-03
2.337542595341801643e-03
-3.605837700888514519e-04
3.751915879547595978e-03
3.634305670857429504e-03
3.091055259574204683e-05
-5.678163724951446056e-04
2.719659823924303055e-03
-1.331962761469185352e-03
-3.350887680426239967e-03
6.390342605300247669e-04
9.463708847761154175e-04
-7.491283467970788479e-04
2.676906762644648552e-03
2.239255234599113464e-03
7.236663368530571461e-04
2.409356413409113884e-03
1.514979754574596882e-03
1.877201371826231480e-03
3.515954362228512764e-03
8.218151051551103592e-04
2.977805444970726967e-03
3.178763145115226507e-04
-3.136915154755115509e-03
2.212952094851061702e-04
-6.920041632838547230e-04
-3.070555976592004299e-04
-1.411980716511607170e-03
3.550997062120586634e-04
3.652351675555109978e-03
3.740749962162226439e-04
3.325828816741704941e-03
7.122283568605780602e-04
1.380256842821836472e-03
1.520551159046590328e-03
2.893228549510240555e-03
-2.439429750666022301e-03
-6.645296816714107990e-04
-1.623554504476487637e-03
-1.434009172953665257e-03
-2.277306513860821724e-03
-1.836425974033772945e-03
-7.158947410061955452e-04
-2.410581801086664200e-03
-4.496399196796119213e-04
-8.631532546132802963e-05
-1.994237070903182030e-03
-8.163989405147731304e-04
1.425363123416900635e-03
1.666208147071301937e-03
3.897765418514609337e-04
-2.533112186938524246e-03
-1.766639994457364082e-03
1.014815061353147030e-03
1.654859981499612331e-03
-2.535043517127633095e-03
-1.785499625839293003e-03
3.274713642895221710e-03
-2.205993048846721649e-03
-4.680442798417061567e-04
-2.413463778793811798e-03
1.628714613616466522e-03
-3.397625638172030449e-03
8.718384196981787682e-04
-1.914821565151214600e-03
-1.923328265547752380e-03
-2.427269704639911652e-03
2.372405724599957466e-03
-1.941071357578039169e-03
3.731462638825178146e-03
-3.330358536913990974e-03
-3.386383177712559700e-04
-7.447223761118948460e-04
-2.100697718560695648e-03
2.827364718541502953e-03
-3.382362658157944679e-03
-3.533910494297742844e-03
2.206888981163501740e-03
3.262464189901947975e-03
1.448589493520557880e-03
-2.072382019832730293e-03
-2.327651018276810646e-03
3.628641599789261818e-03
2.078854711726307869e-03
3.171932185068726540e-04
-2.080185571685433388e-03
3.216653130948543549e-03
2.217028290033340454e-03
-2.181826392188668251e-03
-3.909714985638856888e-03
-3.747143084183335304e-03
-3.679038025438785553e-03
-3.285481361672282219e-04
-2.983070677146315575e-03
5.003654514439404011e-04
-8.051382610574364662e-05
-1.224274747073650360e-03
3.683537943288683891e-03
3.827478969469666481e-03
-2.248483477160334587e-03
1.620488823391497135e-03
-1.470396295189857483e-03
-1.599908922798931599e-03
3.761182015296071768e-04
-2.439565025269985199e-03
1.193521427921950817e-03
-1.361705479212105274e-03
3.888318547978997231e-03
-1.733981654979288578e-03
-3.208285896107554436e-03
-1.764547429047524929e-03
-4.840590409003198147e-04
-3.213900607079267502e-03
-1.252315239980816841e-03
1.726406742818653584e-03
3.525439882650971413e-03
1.242130994796752930e-03
3.566427621990442276e-03
-1.832336711231619120e-04
-2.504615695215761662e-04
-2.224045107141137123e-03
1.211847644299268723e-03
-1.764833461493253708e-03
4.806679789908230305e-04
1.409254502505064011e-03
-2.938761143013834953e-03
-1.746507477946579456e-03
-3.510888433083891869e-03
2.393011236563324928e-03
2.458592643961310387e-03
1.748886541463434696e-03
-1.226274180226027966e-03
1.658921362832188606e-03
-2.707016654312610626e-03
-1.088705030269920826e-03
-3.223338862881064415e-03
2.926383865997195244e-03
1.517634140327572823e-03
4.258414264768362045e-04
2.314164303243160248e-03
-3.343019634485244751e-03
2.708489075303077698e-03
1.441648346371948719e-03
-3.585680155083537102e-03
-3.393168561160564423e-03
1.995926024392247200e-03
-1.927196979522705078e-03
3.537897253409028053e-03
-8.540152921341359615e-04
-1.348591060377657413e-03
-8.277679444290697575e-04
-3.637205809354782104e-03
1.480965991504490376e-03
-1.174905803054571152e-03
8.190895314328372478e-04
-3.593494417145848274e-03
3.364668693393468857e-03
-3.831742098554968834e-03
-3.087414428591728210e-03
3.061879659071564674e-03
1.642847782932221889e-03
3.222620871383696795e-04
2.653241157531738281e-03
-3.620183095335960388e-03
8.010834571905434132e-04
-1.497378572821617126e-03
-3.151514101773500443e-03
3.429154166951775551e-03
2.095275325700640678e-03
-2.838824875652790070e-03
3.804871346801519394e-03
-1.087723299860954285e-03
6.831047940067946911e-04
1.186114968731999397e-03
-1.918284688144922256e-03
1.757954130880534649e-03
2.277431543916463852e-03
-1.858068513683974743e-03
7.396879664156585932e-05
8.749292464926838875e-04
-2.494147745892405510e-03
1.883795135654509068e-03
-9.008350316435098648e-04
3.726237453520298004e-03
-1.408098964020609856e-03
-2.274873666465282440e-03
-4.291605728212743998e-04
1.171113341115415096e-03
1.813800889067351818e-03
-3.877290291711688042e-03
2.206148928962647915e-05
-1.673729508183896542e-03
-4.874585138168185949e-04
-1.639220165088772774e-03
2.739605261012911797e-03
3.729155054315924644e-03
-5.940673872828483582e-04
-3.061673138290643692e-03
2.231466816738247871e-03
1.515720156021416187e-03
-1.758189522661268711e-03
5.842341925017535686e-04
-1.701039262115955353e-03
-2.925017906818538904e-04
-1.614607521332800388e-03
-1.348807360045611858e-03
1.492182724177837372e-03
-1.465373323298990726e-03
2.814937615767121315e-03
1.091636222554370761e-04
-2.127931511495262384e-04
1.156856422312557697e-03
1.098750624805688858e-03
-1.400612527504563332e-03
-3.761926200240850449e-03
2.528867684304714203e-03
5.795296165160834789e-04
