-8.715796866454184055e-04
3.121411427855491638e-03
-6.229092832654714584e-04
1.325412886217236519e-03
-2.621727529913187027e-03
2.091383561491966248e-03
-2.419204451143741608e-03
-1.163783090305514634e-04
-1.018275157548487186e-03
1.654049614444375038e-03
-1.506686559878289700e-03
3.070661099627614021e-03
-6.055434932932257652e-04
1.427234034053981304e-03
-3.821298596449196339e-04
-2.205790719017386436e-03
2.652585273608565331e-03
-1.080768532119691372e-03
-1.637692330405116081e-03
1.419221749529242516e-03
2.722129691392183304e-03
8.098827092908322811e-04
-2.564021851867437363e-03
-2.570403506979346275e-03
3.041722578927874565e-03
-6.270085577853024006e-04
3.906129393726587296e-03
9.504319168627262115e-04
-2.923126332461833954e-03
-3.641227260231971741e-03
-2.198794856667518616e-03
-3.377391258254647255e-03
-3.767752321437001228e-03
-2.963911974802613258e-03
1.885454519651830196e-03
3.661066875793039799e-04
-1.488483161665499210e-03
2.390205394476652145e-03
-1.072099315933883190e-03
-2.323120599612593651e-03
4.788030346389859915e-04
3.460886422544717789e-03
1.599163806531578302e-04
7.725290925009176135e-05
-2.936309669166803360e-03
3.200218779966235161e-03
2.798102330416440964e-03
3.022033488377928734e-03
2.766316058114171028e-03
1.827245461754500866e-03
3.804444859270006418e-04
-1.544630969874560833e-03
-3.231184324249625206e-03
-2.108721964759752154e-04
2.914031269028782845e-03
-3.483148757368326187e-03
3.190671792253851891e-03
-3.647889243438839912e-03
2.157972630811855197e-04
1.774201227817684412e-04
-3.741111606359481812e-03
-3.770539537072181702e-03
1.480541075579822063e-03
-6.706020794808864594e-04
2.051181363640353084e-04
1.313089858740568161e-03
-3.015923546627163887e-03
9.484096080996096134e-04
1.251419307664036751e-03
-3.035615372937172651e-04
-7.329924846999347210e-04
3.103411057963967323e-03
3.799912519752979279e-03
-3.767408663406968117e-03
-1.379859284497797489e-03
-2.230904996395111084e-03
1.500275568105280399e-03
-2.341251587495207787e-03
2.499771537259221077e-03
3.109080949798226357e-03
1.086724369088187814e-04
-2.111637964844703674e-03
2.907849848270416260e-03
2.655132673680782318e-03
-1.248445187229663134e-04
2.261935500428080559e-03
-1.500193611718714237e-03
-2.500882139429450035e-03
3.153582802042365074e-03
3.805461572483181953e-03
1.346932025626301765e-03
1.778597827069461346e-03
-2.697255695238709450e-03
-4.322953172959387302e-04
3.093393752351403236e-03
2.831406600307673216e-04
2.819471061229705811e-03
-2.980494638904929161e-03
3.594581969082355499e-03
-1.453761477023363113e-03
1.002896344289183617e-03
-3.040411975234746933e-04
2.951754489913582802e-03
-1.110508528654463589e-04
9.028273634612560272e-04
2.030622854363173246e-04
-6.941465544514358044e-04
2.256192266941070557e-03
-2.089765854179859161e-03
-2.575085265561938286e-03
4.266029282007366419e-04
-1.301036332733929157e-03
-2.603756263852119446e-03
-3.305077552795410156e-03
-2.801454160362482071e-03
2.702900441363453865e-03
2.282429719343781471e-03
1.971430610865354538e-03
9.704506737762130797e-06
-3.095333930104970932e-03
3.822659375146031380e-03
1.063248375430703163e-03
1.003849320113658905e-03
8.697248413227498531e-04
-3.181826556101441383e-03
9.122295887209475040e-04
-6.167421233840286732e-04
-1.672071171924471855e-03
-2.540462417528033257e-03
-9.304405539296567440e-04
2.140178577974438667e-03
-2.688359702005982399e-03
8.400650112889707088e-04
-1.455580932088196278e-03
1.607274316484108567e-04
-2.418921096250414848e-03
2.320495434105396271e-03
-2.361964667215943336e-03
-1.390956807881593704e-03
3.175648744218051434e-04
3.224369371309876442e-03
1.383692026138305664e-03
-2.469407860189676285e-03
-1.611308660358190536e-03
2.953355666249990463e-03
-2.207989338785409927e-03
3.603685880079865456e-03
-2.573904639575630426e-04
-1.988071715459227562e-03
-3.074043896049261093e-03
-2.849269891157746315e-03
1.305476995185017586e-03
1.419448875822126865e-03
-2.010048832744359970e-03
1.647819532081484795e-03
3.591598942875862122e-03
1.229680608958005905e-03
-2.612245967611670494e-03
1.455242978408932686e-03
-1.642252434976398945e-03
3.591774147935211658e-04
-1.523162238299846649e-03
-1.457441016100347042e-03
3.087731078267097473e-03
-1.968185824807733297e-04
-5.805084365420043468e-04
2.700421726331114769e-03
1.124270143918693066e-03
-1.068138401024043560e-03
2.955276519060134888e-03
-1.341939438134431839e-03
-2.102650236338376999e-03
3.533416427671909332e-03
-9.812783682718873024e-04
3.378028748556971550e-03
-2.835200401023030281e-03
4.801042668987065554e-04
-1.751094241626560688e-03
-8.668329101055860519e-04
3.753117751330137253e-03
-3.358080284669995308e-03
-2.073920797556638718e-03
3.104137489572167397e-03
-2.755935071036219597e-03
1.752332202158868313e-03
2.293888013809919357e-03
-2.622172469273209572e-04
-3.855781396850943565e-03
1.972167287021875381e-03
1.129557640524581075e-04
-5.800828221254050732e-04
1.383159076794981956e-03
1.655256375670433044e-03
-3.280482720583677292e-03
-1.794961630366742611e-03
-2.200249815359711647e-03
3.222115570679306984e-03
-6.570750265382230282e-04
-8.764514350332319736e-04
-2.406489104032516479e-03
-4.754308320116251707e-04
-5.549897905439138412e-04
-1.338486443273723125e-03
-2.945051994174718857e-03
2.525967778638005257e-03
3.663419978693127632e-03
1.052501611411571503e-03
2.250633900985121727e-03
-2.505003940314054489e-03
-1.684990245848894119e-03
2.793465682771056890e-04
2.532166894525289536e-03
-3.013169043697416782e-04
-2.624697051942348480e-03
1.574196503497660160e-03
2.816135995090007782e-03
1.158734085038304329e-03
-2.640960738062858582e-03
1.918051391839981079e-03
2.424048871034756303e-04
3.353843931108713150e-03
-1.982912421226501465e-03
1.433099736459553242e-03
5.496137891896069050e-04
-1.681570429354906082e-03
-3.347187535837292671e-03
-1.486786059103906155e-03
2.058779820799827576e-03
-1.428762683644890785e-03
-3.217935794964432716e-03
-1.824977458454668522e-03
1.253097201697528362e-03
2.539905253797769547e-03
1.465854817070066929e-03
-3.444674890488386154e-03
1.029307837598025799e-03
-2.284972229972481728e-03
2.898765727877616882e-03
1.104181981645524502e-03
-2.958280500024557114e-03
2.598756225779652596e-03
-3.250119742006063461e-03
-6.975493743084371090e-04
-2.261388814076781273e-03
3.855152521282434464e-03
3.787546884268522263e-03
3.726015100255608559e-03
2.763848751783370972e-03
-2.000957960262894630e-03
3.893113229423761368e-03
-3.460337175056338310e-03
2.374422503635287285e-03
1.387243391945958138e-03
1.096530701033771038e-03
2.866367343813180923e-03
1.126085990108549595e-03
