2.568652154877781868e-03
-1.042134972522035241e-04
2.817773958668112755e-03
-9.785540169104933739e-04
-2.990655135363340378e-03
3.537952201440930367e-03
-1.695435610599815845e-03
2.732595428824424744e-03
3.218182362616062164e-03
-4.656053206417709589e-04
3.810653928667306900e-03
2.554260892793536186e-03
-3.653331194072961807e-03
-2.668144181370735168e-03
9.573384304530918598e-04
-1.647345721721649170e-03
2.110140863806009293e-03
-9.376352536492049694e-04
1.226785127073526382e-03
-5.370625876821577549e-04
-1.733057317323982716e-03
-8.706958615221083164e-04
-3.081242553889751434e-03
1.401032204739749432e-03
-2.031282288953661919e-03
-3.345017321407794952e-03
-1.212439383380115032e-03
1.974460203200578690e-03
-2.543626760598272085e-04
2.409408101812005043e-03
1.403220463544130325e-03
-3.721934976056218147e-03
8.987133624032139778e-04
1.694885548204183578e-03
6.093666306696832180e-04
-2.927909372374415398e-03
-2.830289769917726517e-03
1.005224534310400486e-03
2.376750111579895020e-03
-2.655225805938243866e-03
1.260902499780058861e-03
3.263795515522360802e-03
-3.683455055579543114e-03
-2.953120972961187363e-03
2.476324094459414482e-03
1.008118968456983566e-03
1.966468291357159615e-03
3.389823177712969482e-05
-5.853278562426567078e-04
-3.052417887374758720e-03
2.732951892539858818e-03
-1.978824613615870476e-03
-2.232189290225505829e-03
-8.397160854656249285e-06
1.065731048583984375e-03
-3.254226176068186760e-03
1.845527556724846363e-03
-2.708909451030194759e-04
5.356792826205492020e-04
-3.336046123877167702e-03
2.357676625251770020e-03
3.360627917572855949e-03
1.162047614343464375e-03
5.493460921570658684e-04
-8.819064241833984852e-04
3.765295492485165596e-03
9.613600559532642365e-04
-1.506418338976800442e-03
3.581435186788439751e-03
6.262056413106620312e-04
2.050539711490273476e-03
4.576607025228440762e-04
1.736794220050796866e-04
2.599214902147650719e-03
-3.193871118128299713e-03
-3.062739036977291107e-03
-1.139354659244418144e-03
-1.911952742375433445e-03
-2.615569159388542175e-03
-2.089249202981591225e-03
-1.731142750941216946e-03
-3.888022620230913162e-03
6.968525703996419907e-04
3.182480111718177795e-03
2.489795209839940071e-03
6.556079024448990822e-04
-4.153350528213195503e-05
-7.320129661820828915e-04
3.817235818132758141e-03
-7.235151715576648712e-04
3.286642022430896759e-03
2.479971153661608696e-03
-8.769449777901172638e-06
1.672197366133332253e-03
3.020962176378816366e-04
2.894096076488494873e-03
1.135796992457471788e-04
-3.358606714755296707e-03
-3.787007648497819901e-03
-1.734927645884454250e-03
-1.310762134380638599e-03
3.820396959781646729e-03
2.833962440490722656e-03
1.769141526892781258e-03
-2.005660673603415489e-03
1.645477372221648693e-03
-1.513796742074191570e-03
-1.679075066931545734e-03
-9.226336842402815819e-04
-1.380271860398352146e-03
1.999875763431191444e-03
9.437361586606130004e-05
2.342384541407227516e-04
-3.533415030688047409e-03
3.021541750058531761e-03
2.639293961692601442e-04
3.625373588874936104e-03
-1.076933345757424831e-03
-1.373293926008045673e-04
-4.081558727193623781e-04
3.040125360712409019e-03
-1.939644571393728256e-03
-4.764812183566391468e-04
2.700755139812827110e-03
2.062064362689852715e-03
2.895439742133021355e-03
-1.783262123353779316e-03
-2.612792886793613434e-03
-1.053683809004724026e-03
-2.899411367252469063e-03
-8.245437638834118843e-04
8.103771833702921867e-04
9.671492734923958778e-04
1.338752801530063152e-03
-1.646864460781216621e-03
-2.057889709249138832e-03
-3.546920837834477425e-03
-3.183340420946478844e-03
9.298922959715127945e-04
-2.831583842635154724e-03
-3.394097730051726103e-04
-1.417869701981544495e-03
-2.978163538500666618e-03
-2.741831820458173752e-03
3.213955787941813469e-03
-2.220900962129235268e-03
-3.730603493750095367e-03
1.968495635082945228e-04
-2.824496710672974586e-03
-1.870349049568176270e-03
-2.427299506962299347e-03
1.371874241158366203e-04
3.653794294223189354e-03
-3.045402700081467628e-03
-1.602487056516110897e-03
1.301295473240315914e-03
2.578426850959658623e-03
1.270589535124599934e-03
-2.544716931879520416e-03
2.172641223296523094e-03
3.718013409525156021e-03
3.167874645441770554e-03
3.487902868073433638e-04
1.012327848002314568e-03
-2.672103233635425568e-03
-6.560574402101337910e-04
-5.583096644841134548e-04
-3.712791716679930687e-03
8.690961403772234917e-04
-2.648095833137631416e-03
-5.415049381554126740e-04
-1.214615302160382271e-03
-9.041921002790331841e-04
-2.406771527603268623e-03
8.770985295996069908e-04
1.459569757571443915e-04
-6.086610956117510796e-04
-2.866409951820969582e-03
-3.550631692633032799e-03
3.319723065942525864e-03
1.979969965759664774e-04
2.149725798517465591e-03
-3.824527841061353683e-03
-3.652927000075578690e-03
-1.078233239240944386e-03
3.650716505944728851e-03
2.953801536932587624e-03
1.115408027544617653e-03
2.953409275505691767e-04
-3.513379255309700966e-03
-1.918391091749072075e-03
-2.443170174956321716e-03
-2.569050062447786331e-03
3.172424621880054474e-03
-3.899576375260949135e-03
8.189020445570349693e-04
-2.621534513309597969e-03
7.614047353854402900e-05
-1.976161496713757515e-03
-2.377531724050641060e-03
6.189583218656480312e-04
-1.732287928462028503e-03
3.821530379354953766e-03
1.131764802266843617e-04
-9.801313281059265137e-04
3.345285309478640556e-03
3.127762814983725548e-03
-2.557855797931551933e-03
-2.595878904685378075e-03
-2.643818501383066177e-03
1.615104498341679573e-03
3.722688416019082069e-03
-1.776794088073074818e-03
-2.278639469295740128e-03
-2.535119187086820602e-03
1.789747155271470547e-03
-8.975695236586034298e-04
-1.027968712151050568e-03
-3.742682980373501778e-03
-3.277458017691969872e-03
-2.027890877798199654e-03
-2.009730815188959241e-04
-1.751957461237907410e-04
-3.993409627582877874e-04
-7.028635591268539429e-04
3.178143175318837166e-03
-2.414998365566134453e-03
-3.438516869209706783e-04
-2.487265737727284431e-03
-1.774742850102484226e-03
3.073154482990503311e-03
-6.623755325563251972e-04
-3.277339972555637360e-03
3.685845527797937393e-03
2.722078934311866760e-03
-2.675578929483890533e-03
5.479981773532927036e-04
-1.366217911709100008e-04
-6.472555687651038170e-04
4.055741301272064447e-04
-2.937530167400836945e-03
-5.783988744951784611e-04
-3.525575622916221619e-03
3.052723768632858992e-04
-5.243513733148574829e-04
-3.866983810439705849e-03
-1.636721754039172083e-05
2.633708994835615158e-03
3.665813012048602104e-03
1.086453907191753387e-03
2.456214977428317070e-03
-6.714248447678983212e-04
1.592951011843979359e-03
-3.686299780383706093e-03
-3.817256772890686989e-03
9.186349925585091114e-04
