2.617796184495091438e-03
-1.760407350957393646e-03
3.275056136772036552e-03
1.758176833391189575e-03
-2.733130007982254028e-03
3.544545033946633339e-03
2.327893627807497978e-03
-1.315187546424567699e-03
1.528504188172519207e-03
-5.863818805664777756e-04
3.884453326463699341e-03
-3.554957918822765350e-03
1.169040988315828145e-04
4.178053059149533510e-04
1.583413686603307724e-03
2.849644282832741737e-03
-2.008927258430048823e-04
-1.836324227042496204e-03
9.173029102385044098e-04
-2.177225425839424133e-03
2.616109559312462807e-03
1.454202574677765369e-03
-1.192890573292970657e-03
-3.392261918634176254e-03
-5.012534675188362598e-04
-1.542395097203552723e-03
1.694925478659570217e-03
2.297542756423354149e-03
3.656314918771386147e-03
-1.204003463499248028e-03
-5.911600310355424881e-04
2.131022338289767504e-04
1.442359993234276772e-03
-2.827535383403301239e-03
1.266783685423433781e-03
3.374634776264429092e-03
4.354710399638861418e-04
-2.109593013301491737e-03
-2.829856937751173973e-03
-3.754083532840013504e-03
2.287752460688352585e-03
-1.369179924950003624e-03
-2.681606682017445564e-03
2.373106079176068306e-03
-3.903327509760856628e-03
3.004879923537373543e-03
3.279362805187702179e-03
-2.177223796024918556e-03
4.862145869992673397e-04
3.760062390938401222e-03
-2.780680544674396515e-03
-3.675247076898813248e-03
9.101368486881256104e-04
-1.431925222277641296e-03
-7.302661542780697346e-04
-3.256683470681309700e-03
1.066679367795586586e-03
3.054786706343293190e-03
-1.022681244648993015e-04
1.933104358613491058e-03
1.785986125469207764e-03
3.901969175785779953e-03
7.942577940411865711e-04
-2.770649152807891369e-04
1.329768332652747631e-03
-1.674312661634758115e-04
9.173001744784414768e-04
2.200268674641847610e-03
3.751476760953664780e-03
2.550204517319798470e-03
2.129594795405864716e-04
-2.743235090747475624e-03
-3.506150795146822929e-03
-1.243962440639734268e-03
-3.419244429096579552e-03
-1.950875623151659966e-03
3.118019085377454758e-03
1.824259757995605469e-03
-1.966025214642286301e-03
-1.716788159683346748e-03
2.189446473494172096e-03
3.166160313412547112e-03
6.051641539670526981e-04
2.716551302000880241e-03
-2.828831318765878677e-03
8.284659124910831451e-04
-3.162107663229107857e-03
1.664798124693334103e-03
-1.194188720546662807e-03
-1.574923051521182060e-03
-1.887152437120676041e-03
-1.033121021464467049e-03
-3.804117208346724510e-03
1.498852507211267948e-03
-3.766451962292194366e-03
-3.119931498076766729e-04
-9.580125915817916393e-04
-1.155879290308803320e-04
1.357574830763041973e-03
4.874052683589980006e-05
9.354657959192991257e-04
-2.748657250776886940e-03
-3.823644714429974556e-03
2.849784912541508675e-03
-3.357179695740342140e-03
8.091767667792737484e-04
1.133296289481222630e-03
1.052557927323505282e-04
2.720688469707965851e-03
-6.474038818851113319e-04
1.778359292075037956e-03
1.539783668704330921e-03
1.482341904193162918e-03
3.020785748958587646e-03
-3.326128935441374779e-03
-2.580150496214628220e-03
-1.313642365857958794e-03
2.778840018436312675e-03
-3.619444090873003006e-03
-1.453061355277895927e-03
2.246547257527709007e-03
2.347396686673164368e-03
-2.447034639772027731e-04
2.587279595900326967e-04
-1.919721020385622978e-03
7.318035350181162357e-04
-9.396545938216149807e-04
-2.308378228917717934e-03
4.035799065604805946e-04
-2.873060293495655060e-03
-1.558615360409021378e-03
3.029928077012300491e-03
-6.120314355939626694e-04
-1.301656244322657585e-03
-7.367773214355111122e-04
3.756559453904628754e-03
2.761257579550147057e-03
-2.598173159640282393e-04
-3.565962426364421844e-03
-1.289421576075255871e-03
-1.108945289161056280e-04
-4.848500793741550297e-06
-1.662182505242526531e-03
-1.177527359686791897e-03
-1.142270921263843775e-04
-2.858497318811714649e-04
2.809870988130569458e-03
3.326672827824950218e-03
3.273167647421360016e-03
-2.441052580252289772e-03
1.208532368764281273e-03
3.332685679197311401e-03
2.774930791929364204e-03
-3.012361237779259682e-03
3.859189804643392563e-03
-3.312972141429781914e-03
-1.498080382589250803e-04
3.623267635703086853e-03
-1.424963003955781460e-03
-3.328202292323112488e-03
-1.294443733058869839e-03
-1.169314607977867126e-03
2.904384455177932978e-04
3.362073097378015518e-03
1.595436478964984417e-03
-8.413212490268051624e-04
1.325161661952733994e-03
1.281214994378387928e-03
-1.266176113858819008e-03
3.493204014375805855e-03
3.468676935881376266e-03
7.299283752217888832e-04
-3.082554554566740990e-03
-1.690196339040994644e-03
-1.070198253728449345e-03
5.714708822779357433e-04
1.194313750602304935e-03
3.469998715445399284e-03
2.705008257180452347e-03
7.446770905517041683e-04
3.464682959020137787e-03
-1.300780917517840862e-03
-2.101948717609047890e-03
3.342299722135066986e-03
-1.718210987746715546e-03
-3.554976545274257660e-03
1.842663739807903767e-03
2.848059171810746193e-03
2.186861587688326836e-03
-3.280411008745431900e-03
-3.004321828484535217e-03
-1.198946149088442326e-03
3.406811039894819260e-03
-3.668309422209858894e-03
1.830936060287058353e-03
-2.981518860906362534e-03
3.124101320281624794e-03
-7.105300319381058216e-04
7.652003550902009010e-04
-2.406192012131214142e-03
3.766965819522738457e-03
-7.293639937415719032e-04
-3.089996054768562317e-03
-2.095644827932119370e-03
-2.926860703155398369e-03
-2.461302559822797775e-03
-2.627920825034379959e-03
-3.723090747371315956e-03
1.305977813899517059e-03
-2.830371959134936333e-03
3.384076291695237160e-03
2.891464624553918839e-03
-1.383183524012565613e-03
7.748920470476150513e-04
-2.711598062887787819e-03
3.450013929978013039e-03
3.451512384344823658e-05
5.014514899812638760e-04
-3.866610117256641388e-03
-3.093016101047396660e-03
1.566382590681314468e-03
-2.224975964054465294e-03
-3.405292751267552376e-03
3.298736410215497017e-03
1.365732634440064430e-03
-3.548304783180356026e-03
-3.726825118064880371e-03
-3.572745947167277336e-03
1.368404249660670757e-03
-1.502931350842118263e-03
-8.956393576227128506e-04
-2.727132989093661308e-03
1.999700441956520081e-03
-4.663803265430033207e-04
-1.684892806224524975e-03
4.728190542664378881e-04
7.075360044836997986e-04
2.073100768029689789e-03
1.313839224167168140e-03
1.472762320190668106e-03
-3.144136629998683929e-03
-2.213183091953396797e-03
-2.298454754054546356e-03
2.995012328028678894e-03
2.235084539279341698e-03
-7.152197067625820637e-04
-5.478540551848709583e-04
-1.446624082745984197e-04
1.314905821345746517e-03
1.053843065164983273e-03
-1.585452584549784660e-03
2.040739782387390733e-04
1.545945997349917889e-03
-1.483833417296409607e-03
1.523002167232334614e-03
-2.123774029314517975e-04
