2.422486431896686554e-03
9.764696005731821060e-04
-7.932520238682627678e-04
4.061369691044092178e-04
2.432690234854817390e-04
1.968136057257652283e-03
-1.106023322790861130e-03
-2.629129914566874504e-03
1.368270954117178917e-03
1.971145626157522202e-03
-3.504941239953041077e-03
-3.757641185075044632e-03
-2.995796268805861473e-03
1.520389778306707740e-04
-3.554951865226030350e-03
2.741833450272679329e-03
3.737188875675201416e-03
-3.197903570253401995e-04
1.115327468141913414e-03
-2.859568223357200623e-03
-9.914140682667493820e-04
3.228714223951101303e-03
1.330353552475571632e-04
-2.056077355518937111e-03
-9.527669171802699566e-04
-3.745676018297672272e-03
2.479864633642137051e-05
4.427575186127796769e-05
2.516715787351131439e-03
-3.889703366439789534e-04
3.017631242983043194e-04
-1.625809003598988056e-03
1.454948680475354195e-03
-3.556119045242667198e-03
6.814826047047972679e-04
-3.641478833742439747e-04
1.434679870726540685e-04
1.544711878523230553e-03
-2.754400717094540596e-03
2.132871886715292931e-03
-8.950470946729183197e-04
3.846870269626379013e-03
1.608285529073327780e-04
-1.111616962589323521e-03
7.236955570988357067e-04
-3.202305641025304794e-03
6.504725315608084202e-04
1.611197250895202160e-03
1.290299813263118267e-03
-3.160406195092946291e-04
3.111836966127157211e-03
-1.725360751152038574e-03
2.021371328737586737e-04
-1.638616900891065598e-03
2.320019062608480453e-03
1.284712343476712704e-03
2.312290249392390251e-03
-1.366569544188678265e-03
-1.995181897655129433e-03
-3.037405665963888168e-03
-1.540569821372628212e-03
-7.484108209609985352e-04
-2.638257108628749847e-03
9.516574209555983543e-04
-1.449954346753656864e-03
3.238252131268382072e-03
-2.965828403830528259e-03
6.878141430206596851e-04
-2.054381649941205978e-03
-8.432421600446105003e-04
-3.827618435025215149e-03
2.452073851600289345e-03
1.626549405045807362e-03
5.450978060252964497e-04
3.581656841561198235e-03
-1.483532716520130634e-03
-2.729580970481038094e-03
-2.552379155531525612e-04
2.438903320580720901e-03
-2.498585730791091919e-03
-1.591979525983333588e-03
-6.932687247171998024e-04
-2.680213190615177155e-03
-3.232670016586780548e-03
-3.033240325748920441e-03
-1.480419770814478397e-03
-1.671009697020053864e-03
4.243814910296350718e-04
-1.564541365951299667e-03
-7.479371852241456509e-04
2.311524003744125366e-03
-1.848854590207338333e-03
3.421455621719360352e-03
-1.136100734584033489e-03
-2.070377347990870476e-03
-7.201955304481089115e-04
3.657645545899868011e-03
-2.361201681196689606e-03
-8.037310908548533916e-05
-1.171553507447242737e-03
3.303237492218613625e-03
4.627804446499794722e-04
-1.864050980657339096e-03
-8.651258540339767933e-04
3.868529340252280235e-03
2.228912431746721268e-03
-2.091496251523494720e-03
-1.991351367905735970e-03
1.669862540438771248e-03
-1.563962781801819801e-03
2.496071974746882915e-04
1.688004238530993462e-03
1.133950427174568176e-03
1.540888799354434013e-03
1.997975399717688560e-03
-2.327133435755968094e-03
-1.485349610447883606e-03
-2.412171103060245514e-03
9.722497779875993729e-04
-2.266156952828168869e-03
-3.087609948124736547e-04
-2.857202431187033653e-03
4.528096760623157024e-04
1.170067000202834606e-03
-3.701915498822927475e-03
1.348794030491262674e-04
-4.343372420407831669e-04
-1.228870358318090439e-03
2.061434090137481689e-03
1.528618042357265949e-03
-2.065502339974045753e-03
-3.553933347575366497e-04
-1.814001938328146935e-03
-2.400925848633050919e-03
2.354323951294645667e-04
-3.948734665755182505e-04
-1.171670737676322460e-03
7.969553116708993912e-04
9.254136821255087852e-04
1.648656441830098629e-03
5.015967763029038906e-04
-1.465406268835067749e-03
2.137636765837669373e-03
-1.018702867440879345e-03
1.942627131938934326e-03
3.872540546581149101e-03
1.225852058269083500e-03
2.448952756822109222e-03
2.845745533704757690e-03
3.684786497615277767e-04
1.291200984269380569e-03
-1.612886204384267330e-03
-2.317245118319988251e-03
-2.535647014155983925e-03
-3.220207523554563522e-03
-1.131923403590917587e-03
3.510805312544107437e-03
4.205590521451085806e-04
1.851154374890029430e-03
2.550967503339052200e-03
-1.872550346888601780e-03
-3.235072654206305742e-05
-2.279126318171620369e-03
-3.761675441637635231e-03
-2.804772462695837021e-03
-3.604585304856300354e-03
1.850149594247341156e-03
-1.501382095739245415e-03
1.135156853706575930e-04
-5.095410742796957493e-04
-1.574521185830235481e-03
-2.653932664543390274e-03
-1.202689483761787415e-03
-6.832625949755311012e-04
-1.020575058646500111e-03
5.799153004772961140e-04
-9.554895805194973946e-04
-9.334018686786293983e-04
2.578221727162599564e-03
-3.208030480891466141e-03
-1.295986352488398552e-03
-1.660793059272691607e-04
-3.423019777983427048e-03
1.246056868694722652e-03
2.982687205076217651e-03
6.655338802374899387e-04
-1.726517453789710999e-03
-1.328636542893946171e-03
-1.820888486690819263e-03
3.310584463179111481e-03
1.815071911551058292e-03
2.399371471256017685e-03
-1.071338658221065998e-03
-5.377191337174735963e-05
1.050824997946619987e-03
-2.579239662736654282e-03
-2.829839009791612625e-03
8.667672518640756607e-04
-2.786588622257113457e-03
-2.560884226113557816e-03
1.848851796239614487e-03
-8.939410909079015255e-04
1.406394061632454395e-03
3.410556353628635406e-03
3.885829588398337364e-03
-1.040973351337015629e-03
-6.674057221971452236e-04
3.735563950613141060e-03
1.865050406195223331e-03
-3.072823863476514816e-03
1.141438027843832970e-03
3.718297928571701050e-03
2.478563226759433746e-03
-2.825469477102160454e-03
1.147089758887887001e-03
-3.572938032448291779e-03
-2.319481223821640015e-03
-1.805243897251784801e-03
3.687673248350620270e-03
1.486472319811582565e-03
-1.638672663830220699e-03
-3.559668082743883133e-03
-1.973890000954270363e-03
-3.160062246024608612e-03
-2.223842166131362319e-04
-1.187996123917400837e-03
-2.446987666189670563e-03
7.948206621222198009e-04
2.472818596288561821e-03
3.357321489602327347e-03
1.183124375529587269e-03
-1.814743736758828163e-03
-2.344463020563125610e-03
-2.556867664679884911e-03
7.809888920746743679e-04
4.898518673144280910e-04
-2.920148835983127356e-04
9.925543563440442085e-04
-1.299872878007590771e-03
-2.594065153971314430e-03
-1.828996231779456139e-03
3.326871665194630623e-03
-4.722249577753245831e-04
1.477559679187834263e-03
-1.859466894529759884e-03
2.534901490435004234e-03
-3.320588963106274605e-03
1.938973204232752323e-03
-3.098539309576153755e-03
-1.520850812084972858e-03
-3.634231397882103920e-03
-1.102815265767276287e-03
3.029756946489214897e-03
2.924719126895070076e-03
1.327460980974137783e-03
-2.058497862890362740e-03
