-1.596826594322919846e-03
-3.579138778150081635e-03
2.606412628665566444e-03
-3.109924029558897018e-03
1.408016076311469078e-03
-7.505483226850628853e-04
3.254334675148129463e-03
-3.041999647393822670e-03
2.023131353780627251e-03
-1.578648923896253109e-03
-7.512793526984751225e-04
5.694669089280068874e-04
2.435545204207301140e-03
-2.727954415604472160e-03
6.366643356159329414e-05
3.705191425979137421e-03
1.415461418218910694e-03
2.469901228323578835e-03
-3.018336370587348938e-03
-1.375270192511379719e-03
3.238362027332186699e-03
2.248425036668777466e-03
7.764080655761063099e-04
-1.271534129045903683e-03
2.951582428067922592e-03
1.056662527844309807e-03
-1.834263559430837631e-03
1.759898732416331768e-04
3.738058265298604965e-03
-1.870408537797629833e-03
2.952902112156152725e-03
-1.220106030814349651e-03
8.290316909551620483e-04
-1.795396558009088039e-03
-1.380012603476643562e-03
1.711170887574553490e-03
3.216195036657154560e-04
-1.604557473910972476e-04
-2.185554010793566704e-03
-1.145027577877044678e-03
3.375348635017871857e-03
-2.910707378759980202e-03
-5.375706823542714119e-04
-2.228976227343082428e-03
-1.390357501804828644e-03
2.145485254004597664e-03
-2.696677111089229584e-03
-3.020615549758076668e-03
1.810171292163431644e-03
3.636840032413601875e-03
2.886160742491483688e-03
-3.061564173549413681e-03
-1.127786352299153805e-03
4.513607127591967583e-04
2.997514558956027031e-03
-3.596577560529112816e-03
-3.207348752766847610e-03
2.929656533524394035e-03
-2.868125680834054947e-03
2.498926129192113876e-03
1.211401657201349735e-03
-2.192147076129913330e-03
-1.571277971379458904e-03
-1.155863748863339424e-03
3.182612592354416847e-03
-8.778055780567228794e-04
-3.143727080896496773e-03
3.202414140105247498e-03
-7.209271425381302834e-04
-1.727408613078296185e-03
-1.841807243181392550e-04
-6.089547532610595226e-04
-3.475681645795702934e-03
-1.329554594121873379e-03
-1.243218313902616501e-03
1.081732218153774738e-03
-2.967818407341837883e-03
1.067837583832442760e-03
-8.001000387594103813e-04
1.178333768621087074e-03
-3.224199404940009117e-03
-2.972557907924056053e-03
-2.742101904004812241e-03
5.374618340283632278e-04
1.962133101187646389e-04
1.861553755588829517e-03
1.959372544661164284e-03
-9.701945236884057522e-04
-2.979608951136469841e-03
2.272856887429952621e-03
9.349730680696666241e-04
-1.105759991332888603e-03
3.324261168017983437e-03
7.212984201032668352e-05
-7.350107625825330615e-05
3.834786592051386833e-03
-2.446630271151661873e-03
-3.043411998078227043e-03
-1.996949780732393265e-03
-3.576779272407293320e-03
1.687165116891264915e-03
2.288870047777891159e-03
-2.235532505437731743e-03
-9.655652684159576893e-04
2.479555318132042885e-03
-1.312374719418585300e-03
-3.512193216010928154e-03
-1.969716744497418404e-03
3.361082868650555611e-03
-2.018466591835021973e-03
3.664114919956773520e-04
2.738245064392685890e-03
-2.233091276139020920e-03
-4.473385342862457037e-04
1.818112446926534176e-03
-3.810728201642632484e-03
-2.905086614191532135e-03
-3.134128404781222343e-03
2.724018122535198927e-04
3.368601435795426369e-03
-1.244047656655311584e-03
-1.956565974978730083e-04
3.066219622269272804e-03
-8.736972231417894363e-04
2.626968547701835632e-03
3.897566581144928932e-03
-3.295066766440868378e-03
-6.677188794128596783e-04
1.601760974153876305e-03
-1.486845663748681545e-03
-7.966477423906326294e-04
-4.883860819973051548e-04
-2.055765828117728233e-03
1.252544228918850422e-03
-1.940095215104520321e-03
2.583347086329013109e-04
-1.318329479545354843e-03
3.103819210082292557e-03
7.698314148001372814e-04
3.255891380831599236e-03
1.647368771955370903e-03
1.044218894094228745e-03
-3.258982906118035316e-03
3.228674177080392838e-03
-3.497803816571831703e-03
2.002862514927983284e-03
3.132491372525691986e-03
1.121058478020131588e-03
2.020641462877392769e-03
1.904094009660184383e-03
-6.072600372135639191e-04
-1.898946356959640980e-03
-2.469627885147929192e-03
-2.626776229590177536e-03
7.365222554653882980e-04
-3.403897397220134735e-03
-3.821687307208776474e-03
-6.212784210219979286e-04
-1.269655534997582436e-03
1.856230199337005615e-03
-1.828922540880739689e-03
-9.914893889799714088e-04
3.759489627555012703e-04
-8.698023739270865917e-04
-1.061465591192245483e-04
1.331604144070297480e-04
5.487116868607699871e-04
3.377169137820601463e-03
3.837166586890816689e-03
1.175856799818575382e-03
3.515478456392884254e-03
2.091562375426292419e-03
2.858218969777226448e-03
-7.786583155393600464e-04
-8.467577281408011913e-04
7.121613016352057457e-04
1.404872746206820011e-03
-4.487168043851852417e-04
-2.171868691220879555e-03
-8.691228576935827732e-04
2.193146850913763046e-03
6.038919091224670410e-04
-1.143539557233452797e-03
1.980875153094530106e-03
3.269697073847055435e-03
2.602426568046212196e-03
-2.234059851616621017e-03
-2.053416566923260689e-03
1.097314758226275444e-03
1.103240065276622772e-04
-1.963563729077577591e-03
3.650518367066979408e-03
1.251489011337980628e-04
-7.844239589758217335e-04
-1.103024347685277462e-03
-1.782684121280908585e-03
-1.517843338660895824e-03
1.520528690889477730e-03
-2.760589588433504105e-03
4.164061683695763350e-04
-1.651175436563789845e-03
2.495496766641736031e-03
3.200370818376541138e-03
3.031312255188822746e-03
-2.732268767431378365e-03
-1.750591327436268330e-03
-7.433402352035045624e-04
-1.456044265069067478e-03
3.877374692820012569e-04
-3.248227993026375771e-03
-2.810808364301919937e-04
3.484120825305581093e-03
2.622476080432534218e-03
-2.275625301990658045e-04
3.213301068171858788e-03
-1.169057330116629601e-03
-2.929748035967350006e-03
-3.240767400711774826e-04
-2.277985215187072754e-03
-7.473995210602879524e-04
1.916956971399486065e-03
-1.129512791521847248e-03
-2.738781739026308060e-03
1.035199384205043316e-03
3.565460443496704102e-03
1.042984658852219582e-03
-3.424546215683221817e-03
2.286169910803437233e-03
-3.476455109193921089e-03
-3.461453365162014961e-03
3.304022364318370819e-03
3.603678196668624878e-03
-2.291658194735646248e-03
3.873032983392477036e-03
-3.853999078273773193e-03
3.026008838787674904e-03
-8.571221260353922844e-04
1.877701957710087299e-03
-1.511696376837790012e-03
-2.614081604406237602e-03
-2.658921759575605392e-03
1.814851653762161732e-03
1.244283630512654781e-03
1.860997872427105904e-03
3.767367161344736814e-05
1.640784670598804951e-03
2.688796725124120712e-03
-2.655821852385997772e-03
-3.629343409556895494e-04
-3.504735650494694710e-03
2.981782890856266022e-04
1.189374597743153572e-03
-3.339282702654600143e-03
1.883163000456988811e-03
2.478282433003187180e-03
1.562690129503607750e-03
