1.816865733417216688e-05
-2.497641602531075478e-03
-1.741347019560635090e-03
-2.899382496252655983e-03
-2.184403827413916588e-03
-7.366205682046711445e-04
-3.278775373473763466e-03
3.447342431172728539e-03
3.074646228924393654e-04
7.262539002113044262e-04
2.225118689239025116e-03
3.261583624407649040e-03
-1.985972980037331581e-03
1.432482386007905006e-04
-6.387084140442311764e-04
-4.019232001155614853e-04
3.161372616887092590e-03
2.432798966765403748e-03
-5.418375367298722267e-04
1.174232675111852586e-04
9.121663169935345650e-04
-3.199266968294978142e-03
1.597735099494457245e-03
3.020626027137041092e-03
4.137023934163153172e-04
2.929826267063617706e-03
1.609565690159797668e-03
-2.699039410799741745e-03
2.278052270412445068e-03
-9.492009994573891163e-04
1.330618513748049736e-03
-2.557359402999281883e-04
-8.310984703712165356e-04
-4.127310821786522865e-04
3.157286904752254486e-03
-7.850740221329033375e-04
2.913078293204307556e-03
-2.553068799898028374e-03
3.688013821374624968e-04
3.252079244703054428e-03
2.757581649348139763e-03
-7.733982638455927372e-04
1.597723225131630898e-03
3.727896139025688171e-03
-3.669948084279894829e-03
2.859576139599084854e-03
-3.404981689527630806e-03
-3.819361096248030663e-03
1.361260889098048210e-03
1.618926646187901497e-03
-1.743373810313642025e-03
2.521545393392443657e-03
3.417239757254719734e-03
-3.570590168237686157e-03
-1.508167479187250137e-03
5.771927535533905029e-04
2.204407937824726105e-03
5.212715477682650089e-04
-2.053087810054421425e-03
2.000466629397124052e-04
1.307694939896464348e-03
-1.192859373986721039e-03
1.246615429408848286e-03
-3.164818510413169861e-03
-3.501528990454971790e-04
-1.184962340630590916e-03
1.361729227937757969e-03
-2.243956550955772400e-03
-2.675214316695928574e-03
1.538400538265705109e-03
-4.090104775968939066e-04
-7.538423524238169193e-04
-2.372912364080548286e-03
-3.864777507260441780e-03
-1.912747626192867756e-03
1.196628203615546227e-03
1.852800836786627769e-03
1.542932586744427681e-03
-2.959773875772953033e-03
1.017431379295885563e-03
-3.881238226313143969e-04
-3.103298600763082504e-03
3.718599211424589157e-03
2.941504120826721191e-03
2.621558262035250664e-03
1.301456504734233022e-04
-7.771840901114046574e-04
-2.164760371670126915e-04
2.167893399018794298e-04
3.876007860526442528e-03
-2.659202320501208305e-03
1.184102380648255348e-03
-1.766144298017024994e-03
-3.251531394198536873e-03
2.370782429352402687e-03
-3.283371683210134506e-03
1.412447774782776833e-03
-3.900737501680850983e-03
1.368126249872148037e-03
3.370091319084167480e-03
1.979996217414736748e-03
-2.968149492517113686e-03
-2.615906298160552979e-03
-2.027861075475811958e-03
-1.499567530117928982e-03
-1.365937525406479836e-03
7.669519982300698757e-04
-6.399687845259904861e-04
1.984511734917759895e-03
2.935017691925168037e-03
-9.879386052489280701e-04
-3.598568961024284363e-03
1.007276587188243866e-03
-3.280951874330639839e-03
-4.510488943196833134e-04
1.013511908240616322e-03
-1.645236625336110592e-03
1.748318318277597427e-03
1.272818539291620255e-03
8.554309024475514889e-04
3.187386784702539444e-03
2.455206355080008507e-03
1.985975774005055428e-03
-1.800790429115295410e-03
1.655553700402379036e-03
3.212117124348878860e-03
-2.402176847681403160e-03
-1.166843459941446781e-03
-3.292997600510716438e-03
-3.789393231272697449e-03
1.339146518148481846e-03
2.158553979825228453e-04
3.388620214536786079e-03
-2.551059238612651825e-03
8.970060735009610653e-04
6.151238339953124523e-04
-2.086549531668424606e-03
-8.552307845093309879e-04
-1.755957375280559063e-03
-1.587130711413919926e-03
-3.030842635780572891e-03
-2.644161693751811981e-03
3.029854036867618561e-03
-3.430288285017013550e-03
-2.136075403541326523e-03
1.498168800026178360e-03
2.604348119348287582e-03
-1.675441628322005272e-03
3.210848663002252579e-03
2.348856301978230476e-03
-6.508256192319095135e-04
-3.290115564595907927e-04
-3.663557814434170723e-03
3.658501431345939636e-03
-3.647972829639911652e-03
1.603380194865167141e-03
2.507651690393686295e-03
3.415141487494111061e-03
-2.303280634805560112e-03
-2.428130479529500008e-03
2.675998257473111153e-03
-1.289903419092297554e-03
1.676718005910515785e-03
3.047610865905880928e-03
7.637244416400790215e-04
2.770356368273496628e-03
-1.001713448204100132e-03
1.609167899005115032e-03
3.703034482896327972e-03
-3.434079466387629509e-03
-5.094695370644330978e-04
3.007046878337860107e-03
1.496141077950596809e-03
4.364454653114080429e-04
9.088965016417205334e-04
-2.651015762239694595e-03
-3.341494360938668251e-03
1.888217288069427013e-03
3.625607583671808243e-03
-1.785499043762683868e-03
3.208095906302332878e-03
-5.904692807234823704e-04
-2.033119555562734604e-03
-4.375808930490165949e-04
-7.624311838299036026e-04
-1.760695944540202618e-03
1.310673309490084648e-03
-3.368946781847625971e-04
6.396882236003875732e-04
1.934167696163058281e-03
-2.842004178091883659e-03
-2.706132130697369576e-03
2.191987121477723122e-03
2.106670755892992020e-03
3.289910499006509781e-03
-1.695004059001803398e-03
-1.348333549685776234e-03
3.225909895263612270e-04
2.829303033649921417e-03
-6.876619881950318813e-04
5.131327197887003422e-04
1.232843031175434589e-03
-1.174663426354527473e-03
2.871871227398514748e-03
3.228682326152920723e-03
1.883302233181893826e-03
-2.130439737811684608e-03
-2.152502071112394333e-03
1.583192148245871067e-03
3.805912099778652191e-03
-3.139327513054013252e-03
-4.425593069754540920e-04
1.265585073269903660e-03
-1.958701992407441139e-03
-2.733868081122636795e-03
3.829505993053317070e-03
-1.427968265488743782e-03
-1.014672918245196342e-03
-7.336749113164842129e-04
2.948912559077143669e-03
1.828313455916941166e-03
9.595206938683986664e-04
1.885980716906487942e-03
2.701696939766407013e-03
1.924987998791038990e-03
3.267823951318860054e-03
6.898997235111892223e-04
2.768613630905747414e-03
3.814353141933679581e-03
-1.519387704320251942e-03
-3.433389822021126747e-03
1.164932269603013992e-03
-1.997785642743110657e-03
-3.794234362430870533e-04
-1.779349986463785172e-03
-3.121583024039864540e-03
-9.676014888100326061e-04
-4.728659769170917571e-05
1.329737249761819839e-03
-2.385475439950823784e-03
1.454666606150567532e-03
-2.161190786864608526e-04
2.358580939471721649e-03
3.718965686857700348e-03
-9.673201711848378181e-04
2.059388672932982445e-03
3.892289823852479458e-04
2.523487783037126064e-04
1.897371024824678898e-03
6.460442091338336468e-04
-7.297445554286241531e-04
-1.827195286750793457e-03
9.170027915388345718e-04
9.287149878218770027e-04
-1.368769560940563679e-03
-1.011222484521567822e-03
