3.757143160328269005e-03
-1.111418125219643116e-03
-8.176712435670197010e-04
9.785412112250924110e-04
1.153676887042820454e-03
1.662120572291314602e-03
-3.281250828877091408e-03
1.331303385086357594e-03
3.183049615472555161e-03
7.598871015943586826e-04
-3.795938100665807724e-03
9.252651361748576164e-04
-2.219250382040627301e-05
2.494446700438857079e-03
2.023356501013040543e-03
-2.848525065928697586e-03
-3.004886908456683159e-03
-2.957046963274478912e-03
1.839042524807155132e-03
1.443804823793470860e-03
-2.644396852701902390e-03
2.011279342696070671e-03
1.462987973354756832e-03
3.889665473252534866e-03
-1.478527206927537918e-03
-3.874521236866712570e-03
-2.252800040878355503e-04
8.451766334474086761e-04
-2.271323464810848236e-03
-1.909667393192648888e-03
-9.152119309874251485e-05
6.094078999012708664e-04
3.566439263522624969e-04
2.862238325178623199e-03
1.028311962727457285e-04
-3.463310189545154572e-03
1.468991744332015514e-03
1.690957811661064625e-03
-1.703939400613307953e-03
-3.014256246387958527e-03
1.374518265947699547e-03
1.180686638690531254e-03
2.015657024458050728e-03
1.163158216513693333e-03
-2.008392941206693649e-03
3.981166810262948275e-04
1.345911528915166855e-03
-2.004306530579924583e-03
-2.778856549412012100e-03
2.473899628967046738e-03
2.997352974489331245e-03
-4.579976957757025957e-04
-2.513956977054476738e-03
3.232548944652080536e-03
2.501766663044691086e-03
-3.688202006742358208e-03
-3.394734114408493042e-03
-3.484029555693268776e-03
1.946510514244437218e-03
4.135207564104348421e-04
-3.659439971670508385e-03
-2.491756109520792961e-03
1.350863371044397354e-03
-4.949645954184234142e-04
1.215490279719233513e-03
-1.942008035257458687e-03
-7.203808636404573917e-04
-3.769180504605174065e-03
-5.064742290414869785e-04
-3.282394492998719215e-03
-1.645600306801497936e-03
-1.216327422298491001e-03
3.100671572610735893e-03
-2.773985266685485840e-03
-3.711227094754576683e-03
-1.905019889818504453e-04
1.019425923004746437e-03
-1.518292003311216831e-03
-2.901932457461953163e-03
4.359950544312596321e-04
-3.071763552725315094e-03
-7.114310283213853836e-04
1.014139852486550808e-03
2.031540032476186752e-03
5.657643778249621391e-04
-1.454993849620223045e-03
3.572328714653849602e-03
-6.168889231048524380e-04
-7.123970426619052887e-04
1.251212670467793941e-03
-1.199297039420343935e-04
1.602133386768400669e-03
-1.876353286206722260e-03
3.945721546187996864e-04
-3.612262662500143051e-03
-1.759914011927321553e-04
2.489815466105937958e-03
9.457175619900226593e-04
1.017534406855702400e-03
3.456165781244635582e-03
-3.484481712803244591e-03
1.672389334999024868e-03
2.393054543063044548e-03
3.609110368415713310e-03
2.562896581366658211e-03
1.753955963067710400e-03
-2.839906141161918640e-03
3.070166800171136856e-03
-2.657842822372913361e-03
-2.046680543571710587e-03
-1.488127862103283405e-03
-1.050817430950701237e-03
3.093100385740399361e-04
-2.724506426602602005e-03
-1.327708945609629154e-03
-2.672106260433793068e-03
-1.367402728646993637e-03
-1.902478630654513836e-03
-2.552215708419680595e-03
2.571961376816034317e-03
1.865111989900469780e-03
1.602781238034367561e-03
-2.165741170756518841e-04
-2.653789473697543144e-03
-7.258259574882686138e-04
2.341233892366290092e-03
3.507604356855154037e-03
-1.549985754536464810e-04
-3.845739411190152168e-03
-2.175230532884597778e-03
-1.907985773868858814e-03
-3.151244018226861954e-03
-2.788888057693839073e-03
-3.479315200820565224e-03
-1.560726785100996494e-03
1.892553875222802162e-03
3.222510451450943947e-03
3.015418304130434990e-03
2.311364747583866119e-03
-1.482513151131570339e-03
-3.478097962215542793e-03
3.705668263137340546e-03
-3.053110791370272636e-03
2.637939294800162315e-03
-2.529063727706670761e-03
-1.430553384125232697e-04
-1.697059138678014278e-03
-3.782936604693531990e-03
-2.497803186997771263e-03
2.070688875392079353e-03
-2.618226921185851097e-03
-4.075237375218421221e-04
3.817179705947637558e-03
1.466178684495389462e-03
-1.475682249292731285e-03
-2.661175560206174850e-03
3.710434073582291603e-03
6.386206950992345810e-05
3.841089084744453430e-03
-1.284549944102764130e-03
5.597971903625875711e-05
-1.666102441959083080e-03
1.396972220391035080e-03
-1.821915269829332829e-03
2.248383359983563423e-03
1.100613037124276161e-03
-2.029911614954471588e-03
7.344601326622068882e-04
-1.491314731538295746e-03
-1.051025974447838962e-04
-2.968247979879379272e-03
-2.862477907910943031e-03
-3.312499262392520905e-03
3.667346391011960804e-05
3.914145927410572767e-04
-2.213259926065802574e-03
-7.510529831051826477e-04
2.445745281875133514e-03
3.725638613104820251e-03
1.938136294484138489e-03
-1.208367408253252506e-03
-2.404816681519150734e-03
5.387295968830585480e-04
1.399450819008052349e-03
-2.821637026499956846e-04
-1.220987411215901375e-03
2.683845115825533867e-03
-7.317776180570945144e-05
-1.446940819732844830e-03
3.731978358700871468e-03
1.457730890251696110e-03
1.139043481089174747e-03
2.902637235820293427e-03
-2.113622576871421188e-05
3.812278620898723602e-03
-3.005545353516936302e-03
-2.268952317535877228e-03
-1.058683730661869049e-03
4.582605324685573578e-04
1.537582575110718608e-04
-3.798218967858701944e-04
1.832804642617702484e-03
-3.253140952438116074e-03
5.738405161537230015e-04
-2.418707590550184250e-03
-6.847786717116832733e-04
-1.788740977644920349e-03
3.686339827254414558e-03
2.290961798280477524e-03
1.004553050734102726e-03
3.220282029360532761e-03
-3.207536879926919937e-03
-3.163152141496539116e-03
-1.871797256171703339e-03
3.719643922522664070e-03
-3.460732754319906235e-03
1.089752069674432278e-03
-2.726531820371747017e-04
2.057333942502737045e-03
5.742435678257606924e-05
5.929839680902659893e-04
1.134679303504526615e-03
3.683482063934206963e-03
-4.969419096596539021e-04
2.708720741793513298e-03
3.526922781020402908e-03
-1.283393357880413532e-03
2.683393890038132668e-03
5.069228354841470718e-04
-3.183425404131412506e-03
-3.413232509046792984e-03
-3.883976256474852562e-03
-8.389149297727271914e-05
2.059854799881577492e-03
3.017009468749165535e-03
1.492806011810898781e-03
-1.345945405773818493e-03
-3.302671248093247414e-03
1.173684839159250259e-03
2.685312181711196899e-03
1.959561370313167572e-03
9.725774871185421944e-04
2.204446354880928993e-03
-1.858329516835510731e-03
1.370496582239866257e-03
-2.219444140791893005e-03
6.842267466709017754e-04
2.908483846113085747e-03
-3.603667952120304108e-03
-1.526831416413187981e-03
-5.492059281095862389e-04
-7.511360454373061657e-04
-2.791370730847120285e-03
3.159805200994014740e-03
3.295768052339553833e-03
1.975779421627521515e-03
