3.212153387721627951e-04
2.936467062681913376e-03
3.159758169203996658e-03
2.530953148379921913e-03
3.902102122083306313e-03
3.721001325175166130e-03
-2.353849122300744057e-03
1.168107031844556332e-03
1.620868570171296597e-03
1.932005397975444794e-04
3.753460943698883057e-03
2.620562678202986717e-03
1.831560395658016205e-03
-3.864193568006157875e-03
-3.116967622190713882e-03
-8.455614442937076092e-04
1.121251727454364300e-03
-1.737102749757468700e-03
3.410922654438763857e-04
-5.846507265232503414e-04
3.815311938524246216e-03
4.994720220565795898e-04
3.583210986107587814e-03
3.662556409835815430e-03
-1.386722549796104431e-03
2.243110444396734238e-03
3.344137920066714287e-03
3.583525307476520538e-03
3.053410910069942474e-03
9.633354493416845798e-04
-4.618520615622401237e-04
1.050567836500704288e-03
3.723293310031294823e-03
-1.484932145103812218e-03
-1.648436998948454857e-03
-3.256241790950298309e-03
-1.006800099276006222e-03
-3.413658821955323219e-03
2.802333328872919083e-03
1.065656077116727829e-03
-2.984658349305391312e-04
1.235919422470033169e-03
2.293291501700878143e-03
-3.568536369130015373e-03
-1.209721434861421585e-03
1.115898252464830875e-03
2.054801909253001213e-03
-5.736047169193625450e-04
-3.115851664915680885e-03
2.513209357857704163e-03
9.421528375241905451e-06
2.651919610798358917e-03
-3.658072673715651035e-04
2.900500781834125519e-03
2.060931641608476639e-03
-2.118245000019669533e-03
3.385647432878613472e-03
6.281970418058335781e-04
1.815804978832602501e-03
-7.991896709427237511e-04
-7.617311202920973301e-04
1.071012346073985100e-03
-3.166415030136704445e-03
3.477857215330004692e-03
-2.622589363454608247e-06
1.882822485640645027e-03
-1.979644643142819405e-03
3.849844913929700851e-03
-1.988493138924241066e-03
-3.346558951307088137e-04
7.341051823459565639e-04
1.500518294051289558e-03
-1.947020296938717365e-03
-2.655891003087162971e-03
-6.239652284421026707e-04
-1.210311966133303940e-04
1.119107007980346680e-03
1.903980271890759468e-03
2.367579145357012749e-03
3.852051449939608574e-03
-1.494797412306070328e-03
-2.410900080576539040e-03
3.777875972446054220e-04
2.352628158405423164e-03
-2.322546904906630516e-03
3.659925190731883049e-03
-1.735180616378784180e-03
2.953355666249990463e-03
-3.004591213539242744e-03
-1.869947009254246950e-04
1.364370575174689293e-03
-1.818147138692438602e-03
-4.864706133957952261e-04
2.846902469173073769e-03
-2.501068636775016785e-03
-2.301133936271071434e-03
-2.703884616494178772e-03
-1.718126819469034672e-03
-5.656555877067148685e-04
-2.010524738579988480e-03
-2.853271085768938065e-03
-2.547146985307335854e-03
3.781164996325969696e-03
-2.912848489359021187e-03
-2.366534667089581490e-03
2.636641729623079300e-03
-2.284175017848610878e-03
-3.707541851326823235e-03
-2.022309694439172745e-03
1.338454196229577065e-03
-3.026505291927605867e-04
3.651551902294158936e-03
-3.188058268278837204e-03
1.314074848778545856e-03
2.864614827558398247e-03
-3.858985146507620811e-03
1.852410496212542057e-03
-1.766765140928328037e-03
-3.668868448585271835e-03
-3.042488358914852142e-03
2.033642726019024849e-03
1.916389213874936104e-03
-3.745020832866430283e-03
-2.441849093884229660e-03
-3.010215470567345619e-03
-1.640275004319846630e-03
-4.972352180629968643e-04
3.914079279638826847e-04
3.774328157305717468e-03
-3.730684518814086914e-03
-3.698029322549700737e-03
-9.237726335413753986e-04
-1.946531469002366066e-03
-4.860603075940161943e-04
1.216639502672478557e-04
-1.456753001548349857e-03
-3.139962907880544662e-03
8.675938588567078114e-04
-3.290393622592091560e-03
-1.769416499882936478e-03
-3.338606795296072960e-03
3.376806620508432388e-03
-2.144799567759037018e-03
-3.413903526961803436e-03
-2.061618724837899208e-03
1.288904109969735146e-03
-1.629652921110391617e-03
-1.271564979106187820e-03
-1.607461483217775822e-03
8.654647972434759140e-04
-6.159521290101110935e-04
-3.754351753741502762e-03
9.265791159123182297e-04
2.370567992329597473e-03
1.839580130763351917e-03
-1.166439498774707317e-03
3.834721632301807404e-03
-3.002439392730593681e-03
1.544115715660154819e-03
-1.086923643015325069e-03
-2.785161836072802544e-03
3.484819899313151836e-04
-1.398938242346048355e-03
-1.423608628101646900e-03
-1.574000343680381775e-03
1.932658138684928417e-03
1.154285739175975323e-03
3.132893238216638565e-03
9.317657095380127430e-04
-1.378574874252080917e-03
-3.410691278986632824e-04
2.839719876646995544e-03
-4.044719389639794827e-04
-3.752959659323096275e-03
-2.733940025791525841e-03
2.359271049499511719e-03
-2.223755698651075363e-03
4.085407417733222246e-04
3.866630140691995621e-03
1.323714241152629256e-04
1.246412168256938457e-03
2.396206371486186981e-03
2.311046933755278587e-03
6.592217250727117062e-04
8.841538801789283752e-04
1.870484906248748302e-03
3.198471385985612869e-03
-2.414897782728075981e-03
2.452245214954018593e-03
-1.663322109379805624e-05
-2.264848211780190468e-03
2.725148107856512070e-03
1.026208519760984927e-05
-1.890546060167253017e-03
-2.104915678501129150e-03
-7.040690397843718529e-04
7.444193470291793346e-04
2.818590728566050529e-03
2.750251151155680418e-04
8.118700934574007988e-04
-2.682033227756619453e-03
3.763052634894847870e-03
-2.310516545549035072e-03
-1.740295556373894215e-03
-1.678591128438711166e-03
3.091266844421625137e-03
1.396857551299035549e-03
3.603055141866207123e-03
3.239151323214173317e-03
2.811354119330644608e-03
3.291602712124586105e-03
1.219955622218549252e-03
3.057789290323853493e-03
-9.924875339493155479e-04
2.779605099931359291e-03
-1.556018134579062462e-03
9.107521618716418743e-04
-2.920159138739109039e-03
7.380402530543506145e-04
1.211294322274625301e-03
-2.875526435673236847e-03
1.470559043809771538e-03
-7.623110432177782059e-04
1.235392992384731770e-03
3.514944575726985931e-03
2.456249902024865150e-03
2.503715688362717628e-03
3.173949429765343666e-03
3.672307822853326797e-03
1.934881089255213737e-03
3.319613169878721237e-03
1.466284971684217453e-03
-1.243558828718960285e-03
-1.096000312827527523e-03
3.317733993753790855e-03
-3.528323140926659107e-04
-2.941174199804663658e-03
1.198584446683526039e-03
-8.282136404886841774e-04
6.615348393097519875e-04
3.540462581440806389e-03
6.889508804306387901e-04
-1.971717458218336105e-03
3.174373996444046497e-04
-4.033970180898904800e-04
5.816388293169438839e-04
-6.347363232634961605e-04
2.707614330574870110e-03
3.006150480359792709e-03
-8.149216882884502411e-04
3.707884578034281731e-03
-1.887410180643200874e-03
1.444195397198200226e-03
3.025678452104330063e-03
2.631697105243802071e-03
2.048730850219726562e-03
