-1.302727614529430866e-03
-2.301374915987253189e-03
3.025553422048687935e-03
-2.774195047095417976e-03
-3.205794375389814377e-03
-1.158784376457333565e-03
-1.997496234253048897e-03
2.659985795617103577e-03
-1.544332946650683880e-03
2.502751303836703300e-03
-2.592890989035367966e-03
-3.990156983491033316e-04
-3.167310263961553574e-03
1.413539634086191654e-03
3.296816255897283554e-03
2.654581330716609955e-03
9.746287105372175574e-05
2.491093706339597702e-03
3.004963276907801628e-03
5.320355994626879692e-04
3.526753513142466545e-03
-1.639792695641517639e-03
9.973972337320446968e-04
2.747894264757633209e-03
3.244897816330194473e-04
1.639155903831124306e-03
-2.777510322630405426e-03
3.194795688614249229e-03
-2.839916618540883064e-03
3.651052014902234077e-03
2.394861308857798576e-03
-2.019669860601425171e-03
-3.493696451187133789e-03
-2.076196251437067986e-03
2.326687332242727280e-03
5.474868812598288059e-04
-2.416242612525820732e-03
-2.655432093888521194e-03
-2.997435629367828369e-03
-2.876703510992228985e-04
-2.982663223519921303e-03
1.296438160352408886e-03
-1.020610099658370018e-03
6.800029077567160130e-04
1.134610502049326897e-03
1.389329438097774982e-03
2.040152903646230698e-03
2.700390992686152458e-03
2.542491711210459471e-04
-1.860653515905141830e-03
2.665853127837181091e-03
1.721439883112907410e-03
2.376880729570984840e-03
-6.099941674619913101e-04
-1.182720530778169632e-03
4.983835387974977493e-04
1.042045070789754391e-03
-1.338433939963579178e-03
-4.919978091493248940e-04
3.071968443691730499e-03
7.868878310546278954e-04
2.550748875364661217e-03
3.409225726500153542e-03
-4.397349403006955981e-05
-1.758319674991071224e-03
-1.261429511941969395e-03
-1.812405185773968697e-03
-2.882870612666010857e-03
-4.372318217065185308e-04
3.437529318034648895e-03
-2.870748052373528481e-03
4.690963542088866234e-04
2.151311840862035751e-03
-6.646248511970043182e-04
7.785799098201096058e-04
1.986447023227810860e-03
-2.571301069110631943e-03
1.155970036052167416e-03
1.232555718161165714e-03
3.619612194597721100e-03
-3.143665613606572151e-03
3.131882753223180771e-03
-3.759284969419240952e-03
-9.585063671693205833e-04
1.938015921041369438e-03
-3.615013556554913521e-03
-1.126071671023964882e-03
-2.195495180785655975e-03
1.499837846495211124e-03
2.252450649393722415e-04
5.375284818001091480e-04
-2.333920449018478394e-03
-7.186969160102307796e-04
-2.851210767403244972e-03
-2.515185857191681862e-03
3.281865734606981277e-03
-3.514973912388086319e-03
1.002757344394922256e-03
-8.897311636246740818e-04
-2.729166531935334206e-03
-1.025716075673699379e-03
-2.887045964598655701e-03
2.062724437564611435e-03
7.252504001371562481e-04
-1.242056838236749172e-03
1.186368404887616634e-03
-3.070611041039228439e-03
1.895442546810954809e-04
3.597132628783583641e-03
3.117381362244486809e-03
-9.859242709353566170e-04
3.333380213007330894e-03
-3.287993837147951126e-03
1.792293158359825611e-03
1.519107609055936337e-03
-2.657359000295400620e-03
2.784068463370203972e-03
-1.753392629325389862e-03
2.323662374692503363e-05
-2.147868362953886390e-04
1.175084616988897324e-03
-2.266022842377424240e-03
-3.426471259444952011e-03
-1.789248548448085785e-03
2.037254627794027328e-03
-8.989600464701652527e-04
-7.087284466251730919e-04
3.703660098835825920e-03
-2.956377808004617691e-03
-2.899123355746269226e-03
2.293448895215988159e-03
1.177112571895122528e-03
2.186314901337027550e-03
1.859744545072317123e-03
-1.553091220557689667e-03
-9.638984338380396366e-04
-2.909857546910643578e-03
6.915171979926526546e-04
2.500237431377172470e-03
3.178286133334040642e-03
1.262927777133882046e-03
-2.931275637820363045e-03
-3.050486557185649872e-03
3.382600843906402588e-03
2.966309897601604462e-03
1.634955988265573978e-03
-2.521261340007185936e-03
-1.191405113786458969e-03
-2.497836714610457420e-03
-8.797962800599634647e-04
-2.454193308949470520e-03
-1.167358248494565487e-03
3.326841630041599274e-03
-1.506413449533283710e-03
1.774215925252065063e-04
3.093693871051073074e-03
-6.027130875736474991e-04
-2.538324566558003426e-03
-5.248723318800330162e-04
-1.909315586090087891e-03
-2.515866188332438469e-03
1.291411812417209148e-03
-3.536609001457691193e-03
-1.033567357808351517e-03
-2.541784895583987236e-03
2.055622171610593796e-03
7.018193136900663376e-04
2.404875354841351509e-03
-2.892526332288980484e-03
-2.561413217335939407e-03
3.577112685889005661e-03
1.103464048355817795e-03
-3.580963311833329499e-05
-3.536635544151067734e-03
1.584732090122997761e-03
-1.461222564103081822e-04
-1.403481932356953621e-03
3.119272412732243538e-03
-3.351655788719654083e-03
-2.163129393011331558e-03
-2.187345176935195923e-03
-3.366041928529739380e-03
-2.149176783859729767e-03
-1.534835435450077057e-03
-3.878968302160501480e-03
5.105554009787738323e-04
5.309546831995248795e-04
-1.072476734407246113e-03
3.816201817244291306e-03
-1.841431949287652969e-03
-3.071484854444861412e-03
3.283635480329394341e-03
-2.791032427921891212e-03
7.360944291576743126e-04
3.303268225863575935e-03
-3.298658179119229317e-03
2.991100482176989317e-04
6.357771344482898712e-04
1.007205573841929436e-03
-1.161260763183236122e-03
2.557810861617326736e-03
-2.625646768137812614e-03
-3.982439520768821239e-04
9.886441985145211220e-04
-2.380141057074069977e-03
-3.481295425444841385e-03
-2.741521922871470451e-03
4.061023937538266182e-04
1.295948750339448452e-04
2.803378505632281303e-03
-3.412802936509251595e-03
-1.881340518593788147e-03
-1.848447951488196850e-03
-5.512310890480875969e-04
2.984609920531511307e-03
-3.032261505722999573e-03
-2.105488965753465891e-04
-1.769212656654417515e-03
2.670871559530496597e-03
-9.352616616524755955e-04
2.173651941120624542e-03
-6.685305852442979813e-04
-3.599334275349974632e-03
-2.643299289047718048e-03
-1.178120262920856476e-03
-2.807747106999158859e-03
-9.281152742914855480e-04
2.383975544944405556e-03
-5.778287886641919613e-04
2.190236235037446022e-03
-3.239902900531888008e-03
3.895345143973827362e-03
1.172524527646601200e-03
-1.893445733003318310e-03
-2.667005406692624092e-03
3.178068145643919706e-04
-1.940996036864817142e-03
-4.421010089572519064e-04
-5.278883618302643299e-04
5.087171448394656181e-04
-1.994071528315544128e-03
2.568332944065332413e-03
2.213396364822983742e-03
1.175932004116475582e-03
-3.422122215852141380e-03
-1.255482900887727737e-03
-4.428241809364408255e-04
9.195339516736567020e-04
2.568697324022650719e-03
3.789810696616768837e-03
-3.106216667219996452e-03
2.570040524005889893e-03
-2.017821185290813446e-03
1.859278650954365730e-03
-1.669257297180593014e-03
-2.100356854498386383e-03
