-2.608853392302989960e-04
3.807957516983151436e-03
-2.206497825682163239e-03
-4.934003809466958046e-04
1.189897884614765644e-03
3.595460206270217896e-03
-3.562927478924393654e-03
5.398182838689535856e-05
-2.808179007843136787e-03
-2.825991483405232430e-03
-3.889623098075389862e-03
-3.622896736487746239e-03
3.215310396626591682e-03
-1.403873320668935776e-03
-1.357940025627613068e-03
2.120381919667124748e-03
-3.717065788805484772e-03
-1.696158549748361111e-03
1.249414286576211452e-03
3.427936229854822159e-03
3.015958704054355621e-03
-2.955012954771518707e-03
-3.020478412508964539e-03
-1.557019888423383236e-03
-2.546813106164336205e-03
5.262107006274163723e-04
2.654581796377897263e-03
-1.308598002651706338e-04
1.791291171684861183e-03
1.117681968025863171e-03
-3.547619329765439034e-03
1.487723318859934807e-03
-1.296092057600617409e-03
-2.665965585038065910e-03
2.287158276885747910e-03
-3.510487033054232597e-03
1.749778166413307190e-04
-8.952391799539327621e-04
5.848303553648293018e-04
3.253015922382473946e-03
-7.768153445795178413e-04
-3.053252585232257843e-04
3.638528753072023392e-03
-4.983147955499589443e-04
3.503781044855713844e-03
-5.763182998634874821e-04
-3.786532441154122353e-03
-8.918933453969657421e-04
-2.750877989456057549e-03
2.305437519680708647e-04
2.182329772040247917e-03
-2.392848720774054527e-03
-2.579343970865011215e-03
5.228327936492860317e-04
1.025591744109988213e-03
-2.999617485329508781e-03
2.561244764365255833e-04
3.298760857433080673e-03
1.636453322134912014e-03
-1.458322512917220592e-03
7.528248243033885956e-04
-1.694004604360088706e-04
2.681952202692627907e-03
3.556542098522186279e-03
-1.099996501579880714e-03
-1.793074537999927998e-03
3.536103060469031334e-03
-1.186814275570213795e-03
-1.206459361128509045e-03
-9.383421856909990311e-04
2.279897918924689293e-03
1.630405313335359097e-05
3.675614017993211746e-03
2.006041584536433220e-03
-5.124486633576452732e-04
-7.042424404062330723e-04
-3.552619018591940403e-04
-2.305853413417935371e-03
-3.406946314498782158e-03
-7.880545454099774361e-04
1.865719677880406380e-03
-2.493918000254780054e-04
-2.309317002072930336e-03
-3.892294364050030708e-03
-1.503802021034061909e-03
2.238014945760369301e-03
1.220923848450183868e-03
2.175066852942109108e-03
1.062813797034323215e-03
-5.246678483672440052e-05
-2.880728570744395256e-03
-3.317316761240363121e-03
2.774996915832161903e-03
-3.545719431713223457e-03
-3.554640104994177818e-03
1.999441301450133324e-03
-1.784747815690934658e-03
-4.091352457180619240e-04
-1.843901001848280430e-03
-2.438386669382452965e-03
-2.141669392585754395e-03
2.706205938011407852e-03
3.586345352232456207e-03
3.034357680007815361e-03
3.393355058506131172e-03
2.638471545651555061e-03
2.804744988679885864e-03
2.464429708197712898e-03
3.232303075492382050e-03
-1.397979911416769028e-03
1.008620834909379482e-03
-1.211235648952424526e-03
-3.117836080491542816e-03
2.705178223550319672e-03
2.596640959382057190e-03
3.572581103071570396e-03
-1.861460041254758835e-03
-3.028252394869923592e-03
5.366301629692316055e-04
-1.127910101786255836e-03
-3.343783901073038578e-04
-1.564014586620032787e-03
-1.990877091884613037e-03
5.717432941310107708e-04
-7.429040269926190376e-04
-7.065741228871047497e-04
2.177879679948091507e-03
-9.722161921672523022e-04
-2.922765677794814110e-03
1.288568368181586266e-03
-8.318409090861678123e-04
3.776680910959839821e-03
-1.587014645338058472e-03
-7.129838922992348671e-04
-1.073641469702124596e-03
2.191378298448398709e-04
2.137247473001480103e-03
3.213011659681797028e-03
-2.027318580076098442e-03
-2.135911257937550545e-03
1.066842000000178814e-03
3.795881522819399834e-03
-2.072726842015981674e-03
5.927785605308599770e-05
-8.189794607460498810e-04
-1.246676780283451080e-03
3.834657836705446243e-03
-1.270277309231460094e-03
-4.057505284436047077e-04
-1.800176803953945637e-03
-3.638068679720163345e-03
1.500681275501847267e-03
-8.088371250778436661e-04
-4.994571208953857422e-04
-3.673557657748460770e-03
-1.424606889486312866e-03
1.599346054717898369e-03
1.274060690775513649e-03
-2.710375236347317696e-03
2.766110701486468315e-03
8.448781445622444153e-04
7.834596326574683189e-04
1.368626544717699289e-04
-2.003476954996585846e-03
1.931615988723933697e-03
-3.557017073035240173e-03
-5.471345502883195877e-04
-3.108550561591982841e-03
1.812662929296493530e-03
-2.169170416891574860e-03
-3.739719511941075325e-03
-1.796693191863596439e-03
-2.772125881165266037e-03
-2.723531331866979599e-03
-2.894890960305929184e-03
1.186512177810072899e-03
3.903823671862483025e-03
-1.829997170716524124e-03
-1.410552766174077988e-03
3.396706888452172279e-04
-2.123282756656408310e-03
-1.977093779714778066e-04
-1.151995849795639515e-03
-1.334767672233283520e-03
-3.800523467361927032e-03
-1.768773072399199009e-03
3.579862881451845169e-03
6.162706995382905006e-04
1.780202612280845642e-03
-7.247725443448871374e-05
-2.781989751383662224e-03
-2.613449003547430038e-03
-2.882464556023478508e-03
-2.387648215517401695e-03
3.712789388373494148e-03
-6.189458654262125492e-04
-7.458735490217804909e-04
-2.002637134864926338e-03
9.578486206009984016e-04
3.274327376857399940e-03
1.995607744902372360e-03
-4.894533194601535797e-04
-7.202108390629291534e-04
-1.152838231064379215e-03
-5.763343069702386856e-04
3.231116337701678276e-03
-2.775169443339109421e-03
2.729861997067928314e-03
1.613410655409097672e-03
2.933827927336096764e-04
-3.502171253785490990e-03
2.745696343481540680e-03
2.380577097937930375e-05
-1.770085422322154045e-03
-1.896957401186227798e-03
1.134995138272643089e-03
9.549349779263138771e-04
2.093991264700889587e-03
1.125577953644096851e-03
-1.651852740906178951e-03
3.539124270901083946e-03
-1.760011771693825722e-03
3.214626107364892960e-03
-3.333382541313767433e-03
-2.201219322159886360e-03
5.809908616356551647e-04
-3.049433929845690727e-03
3.789128735661506653e-03
-3.634548338595777750e-04
-8.371104486286640167e-04
3.094331827014684677e-03
2.118286356562748551e-04
7.098194910213351250e-04
7.945168181322515011e-04
2.333698328584432602e-03
1.462775282561779022e-03
6.600521155633032322e-04
-7.743619789835065603e-05
-3.002162324264645576e-03
2.630879404023289680e-03
-3.166799899190664291e-03
5.076483357697725296e-04
-3.760227002203464508e-03
-3.275465918704867363e-03
3.215868957340717316e-03
3.641795134171843529e-03
-7.095615728758275509e-04
-1.217391807585954666e-03
1.927564153447747231e-04
-1.337102876277640462e-04
3.769708797335624695e-03
1.530634588561952114e-03
2.339924685657024384e-03
3.680387744680047035e-03
-1.034650136716663837e-03
-3.843157086521387100e-03
