-3.351405495777726173e-03
-1.956438180059194565e-03
2.675140509381890297e-03
3.000252880156040192e-03
-1.770111266523599625e-03
8.889655582606792450e-04
2.575608203187584877e-03
2.305715577676892281e-03
-1.063113450072705746e-03
-8.325293310917913914e-04
2.916542580351233482e-03
2.289490512339398265e-04
3.789144568145275116e-03
2.026589354500174522e-03
-3.813790623098611832e-03
3.332718275487422943e-03
-1.493545831181108952e-03
-1.527099870145320892e-03
-3.811313537880778313e-03
8.531313505955040455e-04
3.533189650624990463e-03
-1.055484521202743053e-03
3.734477795660495758e-03
1.877386705018579960e-03
-3.316710703074932098e-03
2.775833243504166603e-03
-1.897798851132392883e-03
3.586343256756663322e-03
1.496216573286801577e-04
4.374852287583053112e-04
3.032134380191564560e-03
1.861058408394455910e-03
-2.907518763095140457e-03
-3.248404711484909058e-03
3.741129767149686813e-03
6.069906885386444628e-05
-6.748353480361402035e-04
-1.945976982824504375e-03
2.980282763019204140e-03
2.349688205868005753e-03
3.188359318301081657e-03
1.250587054528295994e-03
-1.165438094176352024e-03
-2.133153378963470459e-03
-1.439087674953043461e-03
-2.693920861929655075e-03
-1.792523195035755634e-03
3.443665802478790283e-03
-3.734552068635821342e-03
2.797108842059969902e-03
-2.465160330757498741e-03
9.395444649271667004e-04
-9.145577205345034599e-04
7.823218475095927715e-04
3.074831562116742134e-03
-2.975607756525278091e-03
-9.659981587901711464e-04
3.097734646871685982e-03
2.619630191475152969e-03
1.651939237490296364e-03
-2.368218032643198967e-03
2.691582310944795609e-03
-3.050948027521371841e-03
-1.265722443349659443e-03
2.484063850715756416e-03
3.021851647645235062e-03
2.240197500213980675e-03
-3.403526963666081429e-03
-1.336791901849210262e-03
-2.312167780473828316e-03
2.840092638507485390e-03
-2.489835955202579498e-03
-1.476531615480780602e-04
-5.965558229945600033e-04
3.615704481489956379e-04
-6.709778244839981198e-05
-1.263302867300808430e-03
1.298423158004879951e-04
1.016202382743358612e-03
-2.405682345852255821e-03
2.658815821632742882e-03
6.896127015352249146e-04
-1.414503087289631367e-03
-2.767134457826614380e-03
-3.651916980743408203e-03
2.451274311169981956e-03
2.622089115902781487e-03
2.522535156458616257e-03
3.266690298914909363e-03
2.043121960014104843e-03
-2.151687629520893097e-03
-1.376489410176873207e-03
-3.185461973771452904e-03
-1.803748193196952343e-03
5.680126560037024319e-05
-1.268008374609053135e-03
2.276873237860854715e-05
-2.796726766973733902e-03
-3.093624021857976913e-03
-3.471066942438483238e-03
-3.074387786909937859e-03
-3.447703085839748383e-03
-2.217906992882490158e-03
3.205571090802550316e-03
-3.590195847209542990e-04
3.749118652194738388e-03
-2.412859816104173660e-03
3.359672380611300468e-03
-3.033403074368834496e-03
3.529337933287024498e-03
-2.738887909799814224e-03
6.718498771078884602e-04
-2.893168712034821510e-03
9.339918615296483040e-04
1.976958010345697403e-03
3.118096617981791496e-03
-1.476512639783322811e-03
-2.271663863211870193e-03
-2.316566184163093567e-03
2.814242616295814514e-03
-1.280293217860162258e-03
5.365788092603906989e-05
1.481224666349589825e-03
9.801178239285945892e-04
-1.179250888526439667e-03
-3.552503883838653564e-03
-1.877830480225384235e-03
-3.824359970167279243e-03
2.342697000131011009e-03
3.002230077981948853e-03
-6.851839134469628334e-04
-1.389640034176409245e-03
-2.084377454593777657e-03
1.423871726728975773e-03
-1.148183364421129227e-03
-1.624656375497579575e-03
-8.081201813183724880e-04
1.594207482412457466e-03
-2.362607512623071671e-03
-2.815708285197615623e-03
2.147990046069025993e-03
3.470831550657749176e-03
1.092608086764812469e-03
1.133664860390126705e-03
-3.433502977713942528e-03
9.591454872861504555e-04
-2.139182528480887413e-03
3.377544926479458809e-03
-5.140944267623126507e-04
-1.762110157869756222e-03
2.866242721211165190e-04
-4.905696187051944435e-05
-3.525098785758018494e-03
-3.056031651794910431e-03
-2.286498667672276497e-03
-9.006510954350233078e-04
9.627173130866140127e-05
9.853313677012920380e-04
-3.303136909380555153e-03
1.282172161154448986e-04
-2.017345512285828590e-03
-7.751950179226696491e-04
2.162551973015069962e-03
3.501254366710782051e-03
3.178146900609135628e-03
1.204409403726458549e-03
7.596844807267189026e-04
-2.970060904772253707e-06
-1.656901673413813114e-03
2.562997397035360336e-03
-2.906103618443012238e-03
-2.572898287326097488e-03
-1.468307920731604099e-03
7.906349492259323597e-04
-2.792592858895659447e-03
-3.672739956527948380e-03
-2.519585192203521729e-03
1.194245181977748871e-03
-9.597734315320849419e-04
-9.677060297690331936e-04
2.848521107807755470e-03
1.932328887050971389e-04
-1.725375535897910595e-03
3.436273662373423576e-03
2.980078337714076042e-03
2.728348830714821815e-03
-3.055228386074304581e-03
1.976778265088796616e-03
-1.060317968949675560e-03
-1.151097589172422886e-03
2.263219794258475304e-03
-3.283788682892918587e-03
-1.847634412115439773e-04
3.637841669842600822e-03
-1.054510939866304398e-03
3.419172018766403198e-03
1.410131808370351791e-03
5.333835142664611340e-04
1.699876505881547928e-03
1.680029090493917465e-03
8.821648079901933670e-04
3.465755842626094818e-03
-2.072501461952924728e-03
7.945016259327530861e-04
3.826122963801026344e-03
3.153202822431921959e-03
1.034565269947052002e-03
-2.584732137620449066e-03
-3.582232166081666946e-03
2.402520971372723579e-03
-9.032418602146208286e-04
-8.612702367827296257e-04
-2.991622779518365860e-03
-3.749089781194925308e-03
-1.058547291904687881e-03
-9.337379597127437592e-04
2.186304889619350433e-03
-3.533229231834411621e-03
-2.239258028566837311e-03
2.692881971597671509e-03
2.551751676946878433e-04
2.527664648368954659e-03
-2.104978630086407065e-04
-2.261463319882750511e-03
3.716616192832589149e-03
-4.613885248545557261e-04
2.602233318611979485e-03
3.357824403792619705e-03
-3.355894004926085472e-03
3.655354725196957588e-03
4.699537821579724550e-04
1.558831660076975822e-03
1.367746386677026749e-03
2.742868615314364433e-03
2.544603776186704636e-03
6.073007625673199072e-06
3.634591819718480110e-03
1.135830418206751347e-03
-3.289867192506790161e-03
-9.898134157992899418e-05
-1.007820595987141132e-03
1.549880951642990112e-03
-4.514595202635973692e-04
-1.865142607130110264e-03
3.799400990828871727e-03
2.592129167169332504e-03
-6.654523895122110844e-04
-2.506853546947240829e-03
2.688291016966104507e-03
1.311587519012391567e-03
2.890737669076770544e-04
-8.283458882942795753e-04
-2.858936320990324020e-03
2.443320583552122116e-03
6.424365710699930787e-05
-1.428745919838547707e-03
