3.335948567837476730e-03
-9.782526176422834396e-04
-3.857222036458551884e-04
-3.500371472910046577e-03
3.208370413631200790e-03
7.848130189813673496e-04
-1.352351100649684668e-04
3.646828932687640190e-03
-1.578492461703717709e-03
1.021062606014311314e-03
-3.744640387594699860e-03
-7.072814623825252056e-04
1.126824878156185150e-03
-7.163429836509749293e-05
-4.892801516689360142e-04
1.382631948217749596e-03
3.211889415979385376e-03
1.151609583757817745e-03
-3.703635884448885918e-03
-2.368273417232558131e-04
-3.664133138954639435e-03
-2.439888892695307732e-03
-3.572440007701516151e-03
-9.559531463310122490e-04
5.961229908280074596e-04
-2.278940286487340927e-03
2.124316291883587837e-03
-2.946196356788277626e-03
-3.422184381633996964e-04
3.776675090193748474e-03
-3.635692177340388298e-03
-3.831148846074938774e-03
-3.211473580449819565e-03
2.567778341472148895e-03
2.459461975377053022e-04
8.214953122660517693e-04
-2.190758474171161652e-03
-2.308193827047944069e-03
-6.272201426327228546e-05
2.915929944720119238e-04
9.619999909773468971e-04
1.032009138725697994e-03
-1.830298788263462484e-05
2.945441985502839088e-03
3.343909047544002533e-03
-7.868210559536237270e-06
2.041803527390584350e-04
-1.074953586794435978e-03
-1.618994632735848427e-03
3.461109939962625504e-03
3.396851010620594025e-03
-1.012593624182045460e-03
2.291668904945254326e-03
-5.575827672146260738e-04
-1.189528033137321472e-03
2.016497543081641197e-03
2.889283467084169388e-03
1.094865496270358562e-03
-3.385287476703524590e-03
3.203928237780928612e-03
-2.448500599712133408e-03
-3.337184200063347816e-03
-3.303741104900836945e-03
-2.512641949579119682e-03
-3.265543840825557709e-03
-1.501481863670051098e-03
1.501377089880406857e-03
2.975022885948419571e-03
1.158911734819412231e-03
-1.269903616048395634e-03
1.659551751799881458e-03
-2.100979210808873177e-03
-3.096016356721520424e-03
5.802917294204235077e-04
-2.221772010670974851e-04
-3.641472896561026573e-03
-1.208204776048660278e-03
3.669445170089602470e-03
-6.213106098584830761e-04
-3.699157387018203735e-03
-2.958742668852210045e-03
-4.516168264672160149e-04
-1.063160714693367481e-03
-2.910216338932514191e-03
1.853695604950189590e-03
3.605060279369354248e-03
2.587074413895606995e-03
1.825575018301606178e-03
-1.721501699648797512e-03
-1.139953383244574070e-03
-3.061749041080474854e-03
-1.098061678931117058e-03
1.435606158338487148e-03
2.090826863422989845e-03
-2.481196541339159012e-03
1.824772916734218597e-04
-1.417508348822593689e-03
-2.763825701549649239e-03
-1.229014247655868530e-03
2.034966368228197098e-03
1.829623943194746971e-03
-2.761956769973039627e-03
-1.945542986504733562e-03
-1.176991616375744343e-03
-2.215514192357659340e-03
7.132078753784298897e-04
2.003170317038893700e-03
1.780160237103700638e-03
-2.454674802720546722e-03
-3.624211531132459641e-03
-5.872719339095056057e-04
-3.980470064561814070e-04
-4.774135504703735933e-06
-3.127456293441355228e-04
-1.347063342109322548e-03
-2.438097028061747551e-03
9.651560103520750999e-04
-3.682179143652319908e-03
2.884366782382130623e-03
2.886885777115821838e-03
1.574225374497473240e-03
1.782861887477338314e-03
-1.947944751009345055e-03
3.252031747251749039e-04
1.535448362119495869e-03
2.060787286609411240e-03
5.935317603871226311e-04
2.015536847466137260e-05
-8.235847344622015953e-04
2.971247071400284767e-03
9.579612524248659611e-04
9.158251923508942127e-04
1.877955161035060883e-03
-1.792604569345712662e-03
-3.073465544730424881e-03
-2.281769644469022751e-03
-1.344357850030064583e-03
2.763229189440608025e-03
4.755978297907859087e-04
2.739508170634508133e-03
-2.806086558848619461e-03
-3.820488229393959045e-03
-1.163907465524971485e-03
2.704399870708584785e-03
-4.256207612343132496e-04
1.053058222169056535e-04
-8.863356779329478741e-04
2.803907729685306549e-03
-1.833446905948221684e-03
-2.570984885096549988e-03
-2.018749248236417770e-03
-7.819084567017853260e-04
3.678684122860431671e-03
2.602097112685441971e-03
-3.547504544258117676e-03
-2.940864302217960358e-03
-8.472417830489575863e-04
-2.840535482391715050e-03
1.859395066276192665e-03
2.331802155822515488e-03
1.695044571533799171e-03
-1.640810747630894184e-03
-1.587626873515546322e-03
2.472706255502998829e-04
-2.626090077683329582e-03
-3.863366146106272936e-04
3.182565851602703333e-04
-2.590042306110262871e-03
-3.039837349206209183e-03
1.591004547663033009e-03
-2.119302516803145409e-03
-2.869693329557776451e-03
7.301880395971238613e-04
1.841887715272605419e-04
-1.837963820435106754e-03
-3.491079434752464294e-03
-2.273897174745798111e-03
-2.966917352750897408e-03
7.625862053828313947e-05
-3.044766839593648911e-03
1.205204171128571033e-03
-3.155048703774809837e-03
3.256431315094232559e-03
3.765781410038471222e-03
-1.189039670862257481e-03
-1.698446809314191341e-03
-2.996321301907300949e-03
-7.322307210415601730e-04
3.792895469814538956e-03
1.622232142835855484e-03
-7.488056144211441278e-05
3.833410097286105156e-03
-9.024145547300577164e-04
1.100264489650726318e-03
-3.197388956323266029e-03
1.510359230451285839e-03
-2.782026771456003189e-03
-2.010938478633761406e-03
2.208284568041563034e-03
-1.161306165158748627e-03
4.948136047460138798e-04
7.019338663667440414e-04
6.448997883126139641e-04
1.594045315869152546e-03
-2.370758447796106339e-03
-9.995108703151345253e-04
-2.285919850692152977e-03
-3.524156985804438591e-03
-5.528202163986861706e-04
3.037366317585110664e-03
-2.958561293780803680e-03
-1.378776156343519688e-03
-2.974414499476552010e-03
2.748232334852218628e-03
-1.116712926886975765e-03
1.207441440783441067e-03
1.009123632684350014e-03
-2.485856879502534866e-03
-2.675432246178388596e-03
9.102507465286180377e-05
3.645236603915691376e-03
-3.084880532696843147e-03
-3.677408210933208466e-03
3.187560942023992538e-03
-2.945696469396352768e-03
-1.501952414400875568e-03
-2.447097213007509708e-04
3.525841748341917992e-03
-3.360855160281062126e-03
2.202192787081003189e-03
4.661527636926621199e-04
3.257982432842254639e-03
1.358698355033993721e-03
-2.289092168211936951e-03
1.523694372735917568e-03
-1.647077966481447220e-03
-1.989994198083877563e-03
-3.801659913733601570e-03
2.335084835067391396e-03
8.542562136426568031e-04
1.533125032437965274e-04
-2.537037711590528488e-03
2.074084943160414696e-03
2.139776712283492088e-03
2.995757386088371277e-03
2.707961713895201683e-03
1.430611475370824337e-03
1.481191953644156456e-03
-3.467967268079519272e-03
-3.704476635903120041e-03
4.137934884056448936e-04
1.285313745029270649e-03
-2.079819678328931332e-04
-3.089486621320247650e-03
-3.512587631121277809e-03
-2.792843384668231010e-03
