3.133641075692139566e-05
-2.611228963360190392e-03
1.514800824224948883e-04
-1.772913383319973946e-03
-3.539752447977662086e-03
-7.962606468936428428e-05
2.609872492030262947e-03
2.461837837472558022e-03
3.254092764109373093e-03
-1.860775373643264174e-04
-3.403886221349239349e-03
7.815659628249704838e-04
8.685690700076520443e-04
5.613481043837964535e-04
-3.401853376999497414e-03
1.570675754919648170e-03
-2.835543826222419739e-03
-1.684885472059249878e-03
-2.151258056983351707e-03
-1.342406147159636021e-03
-3.230932634323835373e-03
3.574755974113941193e-03
4.970000591129064560e-04
2.425709506496787071e-03
2.024438697844743729e-03
-4.504750831983983517e-04
-3.490844741463661194e-03
-1.036628498695790768e-03
2.744224620983004570e-04
-2.986505161970853806e-03
2.347251167520880699e-03
1.550966408103704453e-04
-1.425943686626851559e-03
-3.866535145789384842e-03
3.219482488930225372e-03
3.434584708884358406e-03
-3.104832256212830544e-03
-3.069843398407101631e-03
8.786920807324349880e-05
-5.143067755852825940e-05
1.505273394286632538e-03
-3.593153553083539009e-03
-1.593979191966354847e-03
2.481558592990040779e-03
1.901905750855803490e-03
-1.689638709649443626e-03
-7.157819927670061588e-04
3.147989278659224510e-03
2.348045818507671356e-03
-3.512862836942076683e-03
-2.680375007912516594e-03
-1.427735085599124432e-03
-1.109381671994924545e-03
-5.938556860201060772e-04
5.078005488030612469e-04
8.338693878613412380e-04
2.247685566544532776e-03
7.768048089928925037e-04
2.176736248657107353e-03
-3.470732364803552628e-03
-2.085632644593715668e-03
-3.742811502888798714e-03
1.672826911089941859e-04
-3.231973096262663603e-04
3.445878857746720314e-03
2.064158674329519272e-03
-3.702608868479728699e-03
5.554064409807324409e-04
3.252286696806550026e-03
3.112864214926958084e-03
1.147182192653417587e-03
-2.051797695457935333e-03
6.385926390066742897e-04
-2.162387594580650330e-03
-2.887296956032514572e-03
-2.740886295214295387e-03
2.492405765224248171e-04
-1.362561830319464207e-03
4.892066353932023048e-04
-3.621389390900731087e-03
3.587554208934307098e-03
2.758323447778820992e-03
2.019061357714235783e-04
-1.331455656327307224e-03
-3.535721683874726295e-03
2.858964726328849792e-03
4.204416763968765736e-04
-2.285341499373316765e-03
3.660934045910835266e-03
5.217636935412883759e-04
-3.712334670126438141e-03
2.845538314431905746e-03
-3.687176154926419258e-03
3.730031312443315983e-04
2.199631650000810623e-03
-7.316040137084200978e-05
-1.765033579431474209e-03
5.582082667388021946e-04
-1.446632086299359798e-03
3.671501181088387966e-04
2.972066635265946388e-03
3.524038009345531464e-03
-1.736917183734476566e-03
-2.848302945494651794e-03
1.945609808899462223e-03
2.296953229233622551e-03
6.717247015330940485e-05
1.666017109528183937e-03
3.763821441680192947e-03
-1.166013651527464390e-03
1.748629583744332194e-04
-1.551436493173241615e-03
-2.645428758114576340e-03
-1.224703388288617134e-03
2.817547414451837540e-03
2.982891863211989403e-03
2.831115154549479485e-03
-3.520461264997720718e-03
1.358186826109886169e-03
3.845030907541513443e-03
-5.844710976816713810e-04
7.780087762512266636e-04
-2.777104964479804039e-03
2.270511351525783539e-03
-1.361770904622972012e-03
3.382247174158692360e-03
2.712672809138894081e-03
1.528535736724734306e-03
-2.546940697357058525e-03
2.213005907833576202e-03
1.981587847694754601e-03
-2.348040579818189144e-04
-2.120002405717968941e-03
2.132254187017679214e-03
-8.844407857395708561e-04
-1.172857242636382580e-03
5.916045629419386387e-04
3.364437958225607872e-03
-2.751915715634822845e-03
3.352801082655787468e-03
9.576812590239569545e-05
1.258719014003872871e-03
-1.230417983606457710e-03
-2.241499954834580421e-03
3.658946836367249489e-03
2.268039388582110405e-03
-3.372135804966092110e-03
-2.580705331638455391e-03
5.045140278525650501e-04
-7.779281004332005978e-04
1.606103847734630108e-03
-3.128471551463007927e-03
-1.671370468102395535e-03
2.189262770116329193e-03
-3.277805633842945099e-03
-7.769277435727417469e-04
3.723401576280593872e-03
-1.905148732475936413e-03
-1.957275904715061188e-03
1.082658884115517139e-03
-4.182008560746908188e-04
-1.691391953499987721e-04
-9.928735671564936638e-04
6.290833698585629463e-05
3.479219041764736176e-03
-2.234316896647214890e-03
-1.428484334610402584e-03
3.488414222374558449e-03
-1.417469116859138012e-03
4.212804196868091822e-04
-2.386027248576283455e-03
3.834812436252832413e-03
3.005493432283401489e-03
2.701018704101443291e-03
-2.602342283353209496e-03
-7.860998739488422871e-04
3.338693350087851286e-04
3.507635090500116348e-03
-2.426206599920988083e-03
-3.313107299618422985e-04
-2.903162501752376556e-03
-1.028176979161798954e-03
-1.805324922315776348e-03
2.625679364427924156e-03
-2.116521791322156787e-04
-1.434249570593237877e-04
1.142051041824743152e-04
-5.595955299213528633e-04
4.259203560650348663e-04
2.486247394699603319e-04
-2.274370519444346428e-03
-3.396590938791632652e-03
1.140947220847010612e-03
1.807745429687201977e-03
-1.275483868084847927e-03
2.317860955372452736e-03
3.609621431678533554e-03
8.087303722277283669e-04
1.451719435863196850e-03
-2.182968892157077789e-03
3.215905977413058281e-03
6.735792849212884903e-04
-2.815636806190013885e-03
-4.945552791468799114e-04
-1.628960017114877701e-04
3.760803490877151489e-03
2.781489398330450058e-03
2.824366674758493900e-04
2.432936104014515877e-03
1.892149914056062698e-03
2.325803739950060844e-03
-6.160002667456865311e-04
-7.692100480198860168e-04
-3.307844977825880051e-03
3.316627116873860359e-03
-3.119241446256637573e-03
1.965012634173035622e-03
-3.443284891545772552e-03
2.416193019598722458e-03
-3.276780946180224419e-03
-2.476706868037581444e-03
-2.292096382007002831e-03
-3.612092463299632072e-03
1.992484321817755699e-04
-3.561236662790179253e-04
-1.461072708480060101e-03
-2.691712463274598122e-03
2.404121682047843933e-03
-2.126400067936629057e-04
-3.512937575578689575e-03
1.828551059588789940e-03
-9.650835418142378330e-04
-2.400159137323498726e-03
3.028939012438058853e-03
-2.312056953087449074e-03
3.779214341193437576e-03
2.561199711635708809e-03
-2.274646656587719917e-03
-7.956749759614467621e-04
-3.065205179154872894e-03
3.237074706703424454e-04
1.104805385693907738e-03
-2.203410986112430692e-04
-1.961691072210669518e-03
1.747673959471285343e-03
2.027520909905433655e-03
-6.543428025906905532e-05
-5.238684825599193573e-04
-3.852750873193144798e-03
1.414725440554320812e-03
1.501910854130983353e-03
1.231483183801174164e-04
1.955562736839056015e-03
-3.341797972097992897e-03
-2.245544921606779099e-03
-3.449564101174473763e-03
