-4.179012030363082886e-04
-2.331257332116365433e-03
7.788438815623521805e-04
-1.658889115788042545e-03
3.423026762902736664e-03
2.409182488918304443e-04
-4.704516904894262552e-04
3.884325735270977020e-03
-4.583635018207132816e-04
-2.762072952464222908e-03
-8.442893886240199208e-05
-7.494144956581294537e-04
-1.691706595011055470e-03
9.443465387448668480e-04
3.816324460785835981e-04
1.861076452769339085e-03
3.433531615883111954e-03
-7.225298904813826084e-04
3.524169791489839554e-03
8.162843296304345131e-04
-2.497598761692643166e-03
3.023439319804310799e-03
-2.920834813266992569e-03
-3.566850908100605011e-03
5.564172170124948025e-04
3.267819061875343323e-03
3.788286412600427866e-04
3.820082172751426697e-03
-1.629629550734534860e-04
-2.579709747806191444e-03
-1.591428066603839397e-03
2.705717226490378380e-03
3.638395806774497032e-03
-2.887884387746453285e-03
2.808317774906754494e-03
1.992702716961503029e-03
3.773919539526104927e-03
2.764893695712089539e-03
-2.848241012543439865e-03
5.215152632445096970e-04
-9.039695141837000847e-04
-3.467577742412686348e-03
-1.643264258746057749e-04
1.613733475096523762e-04
7.526657427661120892e-04
3.693239763379096985e-03
-2.965534105896949768e-03
3.709807991981506348e-03
-2.270410070195794106e-03
-1.886097161332145333e-04
-3.897670423611998558e-03
3.892646403983235359e-03
2.087384782498702407e-04
-3.066567936912178993e-03
1.551007735542953014e-03
7.288670894922688603e-05
-2.149868960259482265e-04
-1.308601698838174343e-03
1.251987298019230366e-03
-1.455655903555452824e-03
-2.042853506281971931e-03
-1.359433372272178531e-04
-3.832513233646750450e-03
-1.934183062985539436e-03
8.059068350121378899e-04
3.016483271494507790e-03
4.628467722795903683e-04
3.574514295905828476e-03
1.626064418815076351e-03
-2.366098342463374138e-03
-3.675256157293915749e-03
-3.105618758127093315e-03
1.399282598868012428e-03
-3.510654438287019730e-03
-3.722653491422533989e-03
-3.859357675537467003e-03
4.215328954160213470e-05
1.403192756697535515e-03
1.388833858072757721e-03
-3.565226914361119270e-03
-3.533096285536885262e-03
2.358568832278251648e-03
3.041050396859645844e-03
-2.741325646638870239e-03
-1.426356495358049870e-03
-1.484081381931900978e-03
1.233924180269241333e-03
-1.402485300786793232e-03
-2.951447386294603348e-03
-2.202270552515983582e-03
1.273000729270279408e-03
-2.978366333991289139e-03
2.468899823725223541e-03
2.590247197076678276e-03
6.586287636309862137e-04
2.261226065456867218e-03
1.011027634376659989e-04
1.369960024021565914e-03
-1.630907063372433186e-03
3.188638249412178993e-03
1.034197048284113407e-03
-4.315745609346777201e-04
-3.142406931146979332e-03
-1.009728992357850075e-03
2.305537964275572449e-05
1.975307706743478775e-03
1.438887207768857479e-03
-1.276090508326888084e-03
2.730801468715071678e-03
-7.409874233417212963e-04
-1.956453546881675720e-03
2.819198649376630783e-03
2.150904852896928787e-03
-1.597351394593715668e-03
1.694599632173776627e-03
-3.033692482858896255e-03
1.082893577404320240e-03
1.542623504064977169e-03
-1.600569579750299454e-03
1.326437224633991718e-03
-4.533011233434081078e-04
3.734840545803308487e-03
-5.274673458188772202e-04
-3.866548649966716766e-03
-5.716268788091838360e-04
-2.559815300628542900e-03
1.078224624507129192e-03
-1.441616099327802658e-03
-3.576199291273951530e-03
-3.783907159231603146e-04
-2.902339678257703781e-03
-1.430248958058655262e-04
6.460502627305686474e-04
-2.685363171622157097e-03
3.217045916244387627e-03
-3.895135829225182533e-03
3.148061921820044518e-03
-2.401211531832814217e-04
-2.418817020952701569e-03
3.784205997362732887e-03
-1.026033307425677776e-03
1.800275291316211224e-03
1.749083283357322216e-03
1.432150020264089108e-03
8.075455552898347378e-04
2.791241044178605080e-03
3.375793108716607094e-03
-3.700963687151670456e-03
1.124059897847473621e-03
-2.568566240370273590e-03
3.427364863455295563e-03
5.050739273428916931e-04
5.002167890779674053e-04
8.553753141313791275e-04
-6.484206533059477806e-04
1.850988715887069702e-03
3.864811267703771591e-03
-2.548495540395379066e-04
3.977350716013461351e-04
2.222203416749835014e-03
2.146373502910137177e-03
-2.182264579460024834e-03
-1.120155327953398228e-03
4.517802735790610313e-04
-2.979953307658433914e-03
-1.751240459270775318e-03
8.960007689893245697e-04
-5.532132927328348160e-04
2.663799328729510307e-03
3.253743750974535942e-03
-1.605496858246624470e-03
-1.848125015385448933e-03
3.016825532540678978e-03
2.267635893076658249e-03
1.884244731627404690e-03
-1.240495475940406322e-03
-1.644219737499952316e-03
1.442207838408648968e-03
-2.328489907085895538e-03
2.952492097392678261e-03
-2.979480894282460213e-03
-7.091735606081783772e-04
2.256341511383652687e-03
-1.688880030997097492e-03
3.124188515357673168e-04
-3.000285651069134474e-04
1.246345229446887970e-03
2.815661486238241196e-03
2.589538926258683205e-04
-2.590296207927167416e-04
2.909582341089844704e-03
3.449463518336415291e-03
-1.177428290247917175e-03
3.194616176187992096e-03
1.405157614499330521e-03
2.350291237235069275e-03
-3.010445274412631989e-03
-2.247260272270068526e-04
-1.199765301862498745e-05
1.336298650130629539e-03
-1.562037388794124126e-03
-3.192069008946418762e-03
5.659679300151765347e-04
3.526761662214994431e-03
-5.424101254902780056e-04
-1.463108055759221315e-04
-2.523199887946248055e-03
1.452302793040871620e-03
-1.996216597035527229e-03
2.887358423322439194e-03
2.054565120488405228e-03
3.503157990053296089e-03
1.888276427052915096e-03
2.180686686187982559e-03
3.663380863144993782e-03
-9.589709225110709667e-04
-2.980352612212300301e-03
6.665577529929578304e-04
2.259605797007679939e-03
-6.581768393516540527e-04
-3.120827022939920425e-03
8.758124313317239285e-04
-1.944810501299798489e-03
-2.012447686865925789e-03
2.897941274568438530e-03
-4.204700235277414322e-04
-2.411789901088923216e-04
2.425324404612183571e-03
-2.559102373197674751e-03
-3.176246071234345436e-03
-2.814798615872859955e-03
-3.834121162071824074e-03
2.538333646953105927e-03
-1.791313756257295609e-03
3.773061791434884071e-03
-1.242333790287375450e-03
-2.078344579786062241e-03
-1.987599069252610207e-03
1.770394388586282730e-03
3.673766739666461945e-03
3.778665559366345406e-03
-6.361904088407754898e-04
2.290031174197793007e-03
2.038258826360106468e-03
2.424181438982486725e-03
-9.669240680523216724e-04
-6.614158046431839466e-04
2.786569530144333839e-03
1.369725447148084641e-03
1.421586726792156696e-03
4.746925842482596636e-04
-2.514617517590522766e-03
-2.815599436871707439e-04
3.790127811953425407e-04
3.440716769546270370e-03
-1.463558990508317947e-03
