6.894291727803647518e-04
2.843100111931562424e-03
-1.733249984681606293e-03
2.274180296808481216e-03
-3.330023260787129402e-03
5.411865276983007789e-05
-1.705714850686490536e-03
-1.286533777602016926e-03
1.046240358846262097e-04
9.529407252557575703e-04
2.548554213717579842e-03
-2.254918217658996582e-03
3.598375944420695305e-03
1.488247420638799667e-03
7.773828110657632351e-04
3.842875128611922264e-03
4.049234121339395642e-05
3.200624138116836548e-03
-2.668067580088973045e-03
2.763722091913223267e-03
9.289779700338840485e-04
-2.589801093563437462e-03
-4.841295012738555670e-04
-3.287990344688296318e-03
-2.648973837494850159e-03
2.400077879428863525e-03
2.974821487441658974e-03
-2.018278930336236954e-03
-3.754680510610342026e-03
-3.895408473908901215e-03
-3.330042120069265366e-03
1.081117370631545782e-04
2.308974508196115494e-03
3.422793815843760967e-04
3.880907781422138214e-03
-1.991319470107555389e-03
3.374669933691620827e-03
7.885407540015876293e-04
1.742304535582661629e-03
3.075565909966826439e-03
3.408066928386688232e-03
-3.731002565473318100e-03
2.535633684601634741e-04
1.300048024859279394e-04
-2.587745897471904755e-03
-2.573484554886817932e-03
6.268484285101294518e-04
-3.451797529123723507e-04
1.483393250964581966e-03
3.759137121960520744e-03
-1.413321937434375286e-03
3.394046565517783165e-03
2.652704948559403419e-03
-1.060509821400046349e-03
-2.752649830654263496e-03
-3.437229199334979057e-03
1.733552198857069016e-03
3.361548995599150658e-03
-2.394525334239006042e-03
8.325488306581974030e-04
3.018587362021207809e-03
-2.488178201019763947e-03
7.048068073345348239e-05
9.899401338770985603e-04
1.284564612433314323e-03
-5.180722655495628715e-05
-3.213564399629831314e-03
-3.697930602356791496e-03
1.269759610295295715e-03
-1.842336263507604599e-03
2.670106943696737289e-03
-3.252011258155107498e-03
-3.746623697225004435e-04
3.035873669432476163e-05
5.323133664205670357e-04
-1.219628844410181046e-03
2.496496774256229401e-03
7.273135124705731869e-04
-7.988353027030825615e-04
1.369501114822924137e-03
1.131561584770679474e-04
1.355330576188862324e-03
7.985316915437579155e-04
-2.073058392852544785e-03
-1.441422733478248119e-03
1.025720732286572456e-03
-3.759942017495632172e-03
2.283443463966250420e-03
-1.581629621796309948e-03
2.305191243067383766e-03
1.872027060016989708e-03
-9.330865577794611454e-05
-3.550049150362610817e-04
-3.582580946385860443e-03
1.158033497631549835e-03
-3.576958552002906799e-03
1.724194386042654514e-03
1.698226202279329300e-03
-1.409354270435869694e-03
-8.697368903085589409e-04
2.062935382127761841e-04
-2.338247140869498253e-03
-3.469583811238408089e-03
-3.680983558297157288e-03
-2.690119203180074692e-03
-2.330655930563807487e-03
3.858322044834494591e-03
-5.416052881628274918e-04
-1.477307989262044430e-03
1.022257143631577492e-03
3.721355693414807320e-03
1.928532379679381847e-03
-2.072521718218922615e-03
-2.975929062813520432e-03
-2.750455401837825775e-03
2.538973931223154068e-03
1.463829772546887398e-03
3.842133795842528343e-03
2.281841880176216364e-04
-3.425088943913578987e-03
1.734291552565991879e-03
-9.414729902346152812e-06
-3.516814904287457466e-03
2.340903272852301598e-03
1.878159353509545326e-03
3.800360485911369324e-03
-2.153269015252590179e-03
-5.758171901106834412e-04
-9.007575572468340397e-04
6.549598765559494495e-04
1.966693438589572906e-03
7.660476258024573326e-04
2.131590386852622032e-03
1.508461660705506802e-03
-1.344764488749206066e-03
-3.280010540038347244e-03
-1.749312286847271025e-05
-1.094480045139789581e-03
-3.799286496359854937e-04
-2.260919427499175072e-03
-2.452972112223505974e-03
7.701101130805909634e-04
-2.030395669862627983e-03
1.446178648620843887e-04
-1.247277396032586694e-04
-2.788187935948371887e-03
-5.735955201089382172e-04
-2.235108986496925354e-03
2.618780592456459999e-03
6.571830017492175102e-04
-2.252288395538926125e-03
-3.277165349572896957e-03
-2.020137151703238487e-03
-2.673982409760355949e-03
-2.269996097311377525e-03
-7.319840369746088982e-04
6.944782799109816551e-04
-3.835605224594473839e-03
3.197398909833282232e-04
-9.593280847184360027e-04
3.306594211608171463e-03
-3.691467456519603729e-03
6.577247986570000648e-04
-1.025899662636220455e-03
-3.780489088967442513e-03
-2.567948467913083732e-05
3.812036244198679924e-03
-3.690415294840931892e-03
-1.150906784459948540e-03
3.459285246208310127e-03
4.244024748913943768e-04
9.373152279295027256e-04
1.507589244283735752e-03
1.615084474906325340e-03
2.098236698657274246e-03
2.657766221091151237e-03
-2.796865766867995262e-03
-1.727709779515862465e-03
-2.383138285949826241e-03
2.048906317213550210e-04
-9.062671451829373837e-04
-3.333614906296133995e-03
-2.012494485825300217e-03
-8.748820982873439789e-04
-1.274619367904961109e-03
2.062972867861390114e-03
2.052926225587725639e-03
2.075648633763194084e-03
-3.259172663092613220e-03
1.285047968849539757e-03
-1.995838829316198826e-05
2.696632640436291695e-03
1.548026106320321560e-03
-2.291529905050992966e-03
1.397936721332371235e-03
2.713246038183569908e-03
-3.737590042874217033e-03
8.816631743684411049e-04
-2.659496931300964206e-05
-2.066551940515637398e-03
7.692670915275812149e-04
2.482852898538112640e-03
1.222282415255904198e-03
-3.075990825891494751e-04
4.554528568405658007e-04
-1.446129987016320229e-03
-6.449318607337772846e-04
3.385116579011082649e-03
-2.538670087233185768e-03
-6.401356658898293972e-04
-2.220341004431247711e-03
-2.454179571941494942e-03
-3.863736521452665329e-03
1.695324550382792950e-03
1.673046848736703396e-03
-2.613734453916549683e-03
-6.644325185334309936e-05
-3.359811671543866396e-04
2.456815214827656746e-03
1.988910837098956108e-03
1.191303133964538574e-03
-3.163965186104178429e-03
-3.455259604379534721e-03
3.869128180667757988e-03
-1.050227554515004158e-03
3.540551755577325821e-03
-8.035598439164459705e-04
-3.578820731490850449e-03
-1.495965989306569099e-04
4.648558387998491526e-04
2.864334499463438988e-03
-1.527679734863340855e-03
-6.760156247764825821e-04
1.397358719259500504e-03
-4.040560452267527580e-04
3.251642920076847076e-03
3.717015031725168228e-03
-4.531464073807001114e-04
3.753506578505039215e-03
4.963857936672866344e-04
9.097817819565534592e-04
-3.275005379691720009e-03
1.118362648412585258e-03
-3.665812313556671143e-03
2.331572584807872772e-03
1.559794065542519093e-03
3.509464440867304802e-03
1.342983217909932137e-03
7.934099994599819183e-04
-1.736571779474616051e-03
-1.768071786500513554e-03
-2.041495405137538910e-03
2.761024748906493187e-03
-6.168602849356830120e-04
-3.167263232171535492e-03
3.877503564581274986e-03
