1.349717029370367527e-03
3.465300193056464195e-03
3.857659758068621159e-04
-1.311009400524199009e-03
2.807208802551031113e-03
-2.639328362420201302e-03
3.992839774582535028e-04
3.081338945776224136e-03
-3.218438010662794113e-03
3.576244693249464035e-03
9.798432438401505351e-05
-2.413520123809576035e-03
4.133636934966489207e-07
2.967070555314421654e-03
1.050892984494566917e-03
3.053782507777214050e-03
-9.838626720011234283e-04
-3.886832389980554581e-03
-2.499245572835206985e-03
-2.951371949166059494e-03
-8.099841070361435413e-04
-2.555181039497256279e-03
1.427064300514757633e-03
5.231118411757051945e-04
2.161213662475347519e-03
-1.923628267832100391e-03
-3.093523904681205750e-03
1.291309949010610580e-03
-8.951028576120734215e-04
8.417747449129819870e-04
3.893024753779172897e-03
2.965594176203012466e-04
-2.150446875020861626e-03
-2.784926677122712135e-03
1.343685318715870380e-03
3.384362207725644112e-03
2.541312249377369881e-03
-2.104111947119235992e-03
3.086059121415019035e-03
-5.816843986394815147e-05
-4.746874619740992785e-04
-1.002993201836943626e-03
1.611044746823608875e-03
2.480896655470132828e-03
2.429638057947158813e-03
-2.963321050629019737e-03
3.234278992749750614e-04
-2.739826450124382973e-03
-2.177044283598661423e-03
-3.404572140425443649e-03
1.346696750260889530e-03
-2.422987017780542374e-03
-8.400960941798985004e-04
3.814079100266098976e-03
-9.766503935679793358e-04
-2.941267099231481552e-03
2.101599937304854393e-03
-2.554103964939713478e-03
-8.306545205414295197e-04
-3.802423365414142609e-03
-2.074525924399495125e-03
-4.505864926613867283e-04
-3.061822382733225822e-03
-4.751874803332611918e-05
-3.253322560340166092e-03
1.172822085209190845e-03
9.366244776174426079e-04
3.807451808825135231e-03
1.448177499696612358e-03
-9.576989687047898769e-04
3.057580906897783279e-03
-2.928489353507757187e-03
-1.838959055021405220e-03
-1.937669469043612480e-03
3.026657970622181892e-03
-5.559211058425717056e-05
-1.776152930688112974e-04
-5.671799881383776665e-04
-3.637641901150345802e-03
3.319318406283855438e-03
-2.234072191640734673e-03
1.164844492450356483e-03
-2.694245777092874050e-04
-1.287781982682645321e-03
-1.365735894069075584e-03
1.167101901955902576e-03
1.143105211667716503e-03
-3.751471405848860741e-03
-2.073996234685182571e-03
1.071514561772346497e-03
-2.118441509082913399e-03
1.886153942905366421e-03
1.363689370919018984e-04
-5.587235209532082081e-04
3.686682321131229401e-03
3.372886218130588531e-03
1.167633454315364361e-03
-5.711070843972265720e-04
6.587366078747436404e-05
-9.026594925671815872e-04
2.739699790254235268e-03
1.859087264165282249e-03
3.508150577545166016e-03
3.377760061994194984e-03
1.807436347007751465e-03
2.044306136667728424e-03
-1.614845125004649162e-03
-2.405694918707013130e-03
6.399413541657850146e-05
1.146145863458514214e-03
3.864651080220937729e-03
-1.339951180852949619e-03
2.437707036733627319e-03
-2.937775279860943556e-04
-3.797029377892613411e-03
-4.486167745199054480e-04
-1.317593152634799480e-03
-3.361823270097374916e-03
-1.010685227811336517e-03
2.894189907237887383e-03
-4.495720204431563616e-04
-1.256184419617056847e-03
-1.345669734291732311e-04
-3.143953799735754728e-04
-2.625368535518646240e-03
2.508905949071049690e-03
-2.644713269546627998e-03
4.577991203404963017e-04
-2.515794476494193077e-03
-1.454025186831131577e-04
1.884818775579333305e-03
-2.307646442204713821e-03
4.061047511640936136e-04
2.281243912875652313e-03
-2.685264218598604202e-03
1.132379402406513691e-03
1.037263777107000351e-03
-3.707418451085686684e-03
-9.192666620947420597e-04
3.727012779563665390e-03
3.306356258690357208e-03
2.400844357907772064e-03
-1.220549689605832100e-03
-3.064704593271017075e-03
-2.431874861940741539e-03
1.809048699215054512e-03
-2.729021245613694191e-03
1.353021943941712379e-03
1.472395844757556915e-03
-3.588397987186908722e-03
-2.233774575870484114e-04
2.841406967490911484e-03
2.362600760534405708e-03
1.946043921634554863e-03
-1.314442488364875317e-03
3.224565414711833000e-03
-2.420802833512425423e-03
2.476378343999385834e-03
-3.393002552911639214e-03
-2.642662031576037407e-03
2.036375924944877625e-03
2.256569918245077133e-03
3.433459671214222908e-03
2.111306414008140564e-03
1.140081672929227352e-03
1.975203631445765495e-03
1.454730518162250519e-03
2.940438862424343824e-04
6.047922652214765549e-04
9.036840056069195271e-04
3.393414430320262909e-03
2.525322604924440384e-03
2.177680144086480141e-03
1.494100666604936123e-03
-7.480044732801616192e-04
-2.742571290582418442e-03
1.235916046425700188e-03
1.015218324027955532e-03
-4.852113779634237289e-04
-3.743045032024383545e-03
1.327267265878617764e-03
-1.959319226443767548e-03
-5.124386516399681568e-04
-2.259485889226198196e-03
-5.116204265505075455e-04
-3.474836470559239388e-03
3.443464171141386032e-03
5.896344664506614208e-04
-2.061497885733842850e-03
-2.970321336761116982e-03
-9.465761249884963036e-04
-1.947310171090066433e-03
-2.096500713378190994e-03
-2.417386975139379501e-03
1.496851327829062939e-03
1.949539640918374062e-03
2.010117983445525169e-03
2.687141066417098045e-03
2.136662369593977928e-03
1.589550403878092766e-03
1.763012376613914967e-03
-3.721953369677066803e-03
1.403850852511823177e-03
7.850668043829500675e-04
-3.316498827189207077e-03
1.610956154763698578e-03
-1.737035112455487251e-03
3.125936258584260941e-03
3.081202274188399315e-03
2.643559128046035767e-03
2.553259255364537239e-03
-2.660752506926655769e-03
-3.351647465024143457e-04
3.889396553859114647e-03
4.863983194809406996e-04
-3.837272059172391891e-03
1.830375404097139835e-03
-3.035250818356871605e-03
1.490938477218151093e-03
3.167105372995138168e-03
3.886013058945536613e-03
-2.579806023277342319e-04
7.275534444488584995e-04
-2.852610778063535690e-03
-1.485959277488291264e-03
-2.604389737825840712e-04
-1.338598201982676983e-03
-6.694100011372938752e-05
-3.742758184671401978e-03
3.412379184737801552e-03
3.310211468487977982e-03
-3.567891661077737808e-03
2.592762932181358337e-03
-1.639465335756540298e-03
2.768255071714520454e-03
-3.468428738415241241e-03
2.673505572602152824e-03
2.702868543565273285e-03
2.586571732535958290e-03
-1.099125482141971588e-03
-1.898598857223987579e-03
-2.269823104143142700e-03
-2.785856835544109344e-03
1.920562703162431717e-03
-1.502068247646093369e-03
1.249372377060353756e-03
-1.652709324844181538e-03
1.649130834266543388e-03
-2.539685694500803947e-03
-4.864076327066868544e-04
-3.094563726335763931e-03
1.648990204557776451e-03
-1.872095861472189426e-03
-9.024463361129164696e-04
1.214491669088602066e-03
2.440276788547635078e-03
