-2.248843200504779816e-03
-4.468131228350102901e-04
3.240832127630710602e-03
-1.150281983427703381e-03
-1.806649670470505953e-04
-3.155561164021492004e-03
-2.075187396258115768e-03
-3.909110091626644135e-03
-1.358804758638143539e-03
9.821486892178654671e-04
-1.479665283113718033e-03
1.412769197486341000e-04
-2.256681909784674644e-03
-3.330906620249152184e-04
2.962227445095777512e-03
1.877297065220773220e-03
-2.657865697983652353e-04
-1.906583638628944755e-04
2.814511768519878387e-03
-3.608961706049740314e-04
2.265543909743428230e-03
-7.843549246899783611e-04
2.806810662150382996e-03
1.530929119326174259e-03
-3.225065767765045166e-03
2.366786124184727669e-03
2.423807512968778610e-03
-2.348224632441997528e-03
-2.808221383020281792e-03
2.888009184971451759e-03
-3.354367101565003395e-03
-2.287687268108129501e-03
1.279204385355114937e-03
-3.907349426299333572e-03
1.021459465846419334e-03
-2.886522561311721802e-04
6.368884933181107044e-04
-2.065102336928248405e-03
1.398228807374835014e-03
1.239473698660731316e-03
1.559714903123676777e-03
1.925599644891917706e-03
8.346731192432343960e-04
3.223735140636563301e-03
-9.121238836087286472e-04
1.210234127938747406e-03
2.752390690147876740e-03
1.243979088030755520e-03
-2.713612746447324753e-03
-3.529142588376998901e-03
5.534485098905861378e-04
1.757834805175662041e-03
-2.472275635227560997e-03
1.029008068144321442e-03
-2.738121664151549339e-03
3.175075864419341087e-03
-2.151088556274771690e-03
1.898900838568806648e-03
-2.292843768373131752e-03
6.722193793393671513e-04
2.300565829500555992e-03
3.732374170795083046e-04
-3.319343784824013710e-03
-4.143785627093166113e-04
-3.789213718846440315e-03
3.034898079931735992e-03
-3.630663035437464714e-03
-1.962053123861551285e-03
-3.527201479300856590e-03
-1.141836983151733875e-03
2.570774173364043236e-03
1.894940854981541634e-03
-5.804924294352531433e-04
2.205033320933580399e-03
-2.999554155394434929e-03
1.111305900849401951e-03
3.945197677239775658e-04
3.464747453108429909e-03
1.225430751219391823e-03
3.009418724104762077e-03
-3.726878436282277107e-03
3.586567705497145653e-03
1.579679665155708790e-03
2.993711503222584724e-03
-3.111492842435836792e-03
3.292487002909183502e-03
-1.222867867909371853e-03
1.053397194482386112e-03
-3.435884835198521614e-03
1.915829605422914028e-03
3.625839250162243843e-03
-2.142585348337888718e-03
4.753135726787149906e-04
-2.517269225791096687e-03
3.737320657819509506e-03
1.209525042213499546e-03
3.779150545597076416e-03
-2.823728136718273163e-03
1.787832821719348431e-03
-1.444118097424507141e-03
-1.210630987770855427e-03
-2.981834113597869873e-03
1.653898973017930984e-03
-1.377539592795073986e-03
5.757353501394391060e-04
2.469578292220830917e-03
-3.278617747128009796e-03
-3.604818368330597878e-03
3.798443125560879707e-03
-2.570904092863202095e-03
1.690970268100500107e-03
1.346647390164434910e-03
3.450818359851837158e-03
-1.620546448975801468e-03
-2.141175355063751340e-04
2.228550147265195847e-03
2.967461245134472847e-03
2.519096247851848602e-03
-2.035309094935655594e-03
-3.440409898757934570e-03
1.559301454108208418e-04
8.718258468434214592e-04
2.522723516449332237e-03
8.457423537038266659e-04
-7.470921264030039310e-04
-5.184091860428452492e-04
-8.587884949520230293e-04
-2.772336127236485481e-03
2.646700479090213776e-03
-2.970871981233358383e-03
-3.657993162050843239e-03
-3.160399617627263069e-03
1.730357995256781578e-03
8.019006927497684956e-04
-3.362349234521389008e-03
2.039254875853657722e-03
-3.506576409563422203e-03
-3.825791412964463234e-03
8.558907429687678814e-04
3.494607750326395035e-03
-3.024986013770103455e-03
-2.525777556002140045e-03
3.012728178873658180e-03
-2.422068268060684204e-03
3.045048331841826439e-03
-3.846548264846205711e-03
-2.257151529192924500e-03
4.521911905612796545e-04
3.648202866315841675e-03
1.896735280752182007e-03
1.409448217600584030e-03
-3.855847520753741264e-03
2.406603889539837837e-03
1.945892581716179848e-03
7.427249802276492119e-04
3.653248073533177376e-03
-2.663576044142246246e-03
-2.879326930269598961e-03
2.505360171198844910e-03
-3.864279016852378845e-03
-1.144469832070171833e-03
-2.423663390800356865e-03
-2.996020717546343803e-03
-3.604397876188158989e-03
-1.012033550068736076e-03
2.325287787243723869e-03
2.807878190651535988e-03
-3.054646542295813560e-03
7.102342788130044937e-04
-2.547874581068754196e-03
-2.078448422253131866e-03
-3.348367055878043175e-03
3.479852806776762009e-03
8.377170888707041740e-04
1.139385276474058628e-03
2.335759490961208940e-04
2.530614612624049187e-03
3.582827514037489891e-03
-7.021342171356081963e-04
1.277479575946927071e-03
4.680828133132308722e-04
1.513796159997582436e-03
-2.366323489695787430e-03
-1.387772150337696075e-03
-3.716768929734826088e-03
-3.480937564745545387e-03
1.726740039885044098e-03
-3.395934822037816048e-03
-9.658758062869310379e-05
-2.484034281224012375e-03
-1.566800288856029510e-03
3.441943787038326263e-03
6.204881356097757816e-04
-1.534696901217103004e-03
7.578390068374574184e-04
-3.705659764818847179e-04
4.832282720599323511e-04
-1.503051462350413203e-04
3.058469621464610100e-03
-2.866174036171287298e-04
-9.567911620251834393e-04
8.769598025537561625e-06
-1.775298034772276878e-03
2.114446833729743958e-03
2.772871870547533035e-03
-1.092678285203874111e-03
-1.429419731721282005e-03
1.131133758462965488e-03
1.193223433801904321e-04
3.497141646221280098e-03
-8.037204388529062271e-04
1.642213435843586922e-03
7.595061324536800385e-04
2.283525391248986125e-04
4.552352766040712595e-05
-2.667269436642527580e-03
1.928189769387245178e-03
-3.424975089728832245e-03
2.483464311808347702e-03
5.467506707645952702e-04
-3.696364816278219223e-03
-3.681733971461653709e-03
-1.864981488324701786e-03
9.333753841929137707e-04
2.699825214222073555e-03
3.478174097836017609e-03
-4.791275714524090290e-04
-2.743801102042198181e-03
3.326914738863706589e-03
1.167066278867423534e-03
-2.484013326466083527e-03
-3.563304897397756577e-03
1.954751089215278625e-03
2.783045638352632523e-03
-2.569810603745281696e-04
-3.214448690414428711e-03
-3.290390130132436752e-03
1.777259283699095249e-03
-4.137185169383883476e-04
-5.562491132877767086e-04
2.740440191701054573e-03
3.646566765382885933e-03
-2.857296727597713470e-03
2.249552635475993156e-03
1.138394436566159129e-04
8.070147014223039150e-04
6.632375880144536495e-04
3.312251355964690447e-04
-7.170876488089561462e-04
1.451900112442672253e-03
3.430374665185809135e-03
-6.730799213983118534e-04
2.548978431150317192e-03
2.305915812030434608e-03
-4.752508248202502728e-04
9.156520827673375607e-04
