-2.610592171549797058e-03
-5.220110761001706123e-04
-2.701027551665902138e-03
-1.139425206929445267e-03
-2.012312645092606544e-03
6.478150608018040657e-04
1.136839622631669044e-03
2.884976798668503761e-03
-8.730431436561048031e-04
-1.737096579745411873e-03
1.227323780767619610e-03
1.821266254410147667e-03
-2.075282158330082893e-03
1.580679090693593025e-03
-2.040878898696973920e-04
-3.234301228076219559e-03
2.596846083179116249e-03
4.885272210231050849e-05
3.330483334138989449e-03
-3.449997864663600922e-03
9.291258757002651691e-04
9.240327053703367710e-04
-8.369114948436617851e-04
-3.580019809305667877e-03
-2.595912897959351540e-03
3.108129894826561213e-04
6.493354449048638344e-04
-5.496044177561998367e-04
1.653281622566282749e-03
1.390158315189182758e-03
6.109356763772666454e-04
-1.139178057201206684e-03
1.873247907496988773e-03
-7.502185180783271790e-04
-1.127205090597271919e-03
6.376925739459693432e-04
3.308769548311829567e-03
1.744614797644317150e-03
2.332474105060100555e-03
-2.504331758245825768e-03
-2.570725919213145971e-04
3.840753575786948204e-03
-1.315274508669972420e-03
-3.114594379439949989e-03
2.227253746241331100e-03
7.834506104700267315e-04
5.230560200288891792e-04
2.833785023540258408e-03
3.399320645257830620e-03
1.069206395186483860e-03
-1.678427332080900669e-03
2.124966355040669441e-03
1.048808800987899303e-03
-2.622804837301373482e-03
-2.510941354557871819e-03
2.249001525342464447e-03
8.405206026509404182e-04
-1.455703895771875978e-04
1.745485351420938969e-03
-3.231451613828539848e-03
7.195300422608852386e-04
-1.347775454632937908e-03
1.362976967357099056e-03
3.258114447817206383e-03
3.073500003665685654e-03
3.758310573175549507e-03
-3.463868284597992897e-03
6.452511879615485668e-04
-1.285688369534909725e-03
-1.394180930219590664e-03
2.400588011369109154e-03
3.896934445947408676e-03
5.275995354168117046e-04
2.239639637991786003e-03
-1.007668761303648353e-04
1.919481321237981319e-03
-3.275976283475756645e-03
-2.641614992171525955e-03
6.379038677550852299e-05
-2.795049222186207771e-03
1.450940326321870089e-04
1.915977452881634235e-03
2.501762937754392624e-03
1.482697436586022377e-03
5.119092529639601707e-04
-2.681560581550002098e-03
-1.559691736474633217e-04
2.203159267082810402e-03
3.795112948864698410e-03
2.912962227128446102e-04
-8.257281151600182056e-04
-8.392077288590371609e-04
-3.819581819698214531e-03
-1.235667878063395619e-04
-2.723304554820060730e-03
2.773209707811474800e-03
-2.640688326209783554e-03
-1.469260081648826599e-03
1.836547278799116611e-03
-9.992481209337711334e-04
2.603258762974292040e-04
-1.362411654554307461e-03
-3.306421218439936638e-03
-1.461125095374882221e-03
2.454744419082999229e-03
1.167041016742587090e-03
-6.751145119778811932e-04
-1.347929472103714943e-03
-2.710995613597333431e-04
4.181111289653927088e-04
-1.729166368022561073e-03
1.857164432294666767e-03
-3.148206276819109917e-03
-1.576851900608744472e-05
6.013259990140795708e-04
5.857853684574365616e-04
-7.554040348622947931e-05
-1.970448764041066170e-03
3.005565144121646881e-03
-3.647668519988656044e-03
-2.124081132933497429e-03
-3.372225910425186157e-03
-6.564995856024324894e-04
1.860457705333828926e-03
-2.703902544453740120e-03
-2.245602663606405258e-03
3.160749329254031181e-03
4.477059410419315100e-04
-1.874660491012036800e-03
-3.529858076944947243e-03
3.270951099693775177e-03
-3.579507349058985710e-03
-2.595031633973121643e-03
3.498513251543045044e-03
-1.360324211418628693e-03
1.392192090861499310e-03
5.019050513510592282e-05
-2.692247042432427406e-03
2.164322882890701294e-03
-3.206979949027299881e-03
-8.721548365429043770e-04
6.930590607225894928e-04
2.357890363782644272e-03
-3.148126648738980293e-03
3.274519927799701691e-03
-3.300624957773834467e-04
-4.301500739529728889e-04
3.881090553477406502e-03
2.511269878596067429e-03
-3.411403624340891838e-03
3.482414176687598228e-03
-2.571946009993553162e-03
9.116505971178412437e-04
-3.272606758400797844e-03
-1.919854694278910756e-04
2.941411687061190605e-03
-3.857429372146725655e-03
1.979454187676310539e-03
1.931604929268360138e-03
-3.426241921260952950e-03
-2.889145398512482643e-03
9.480788139626383781e-04
1.877607894130051136e-03
1.438502571545541286e-03
3.451836295425891876e-03
1.121571054682135582e-03
-2.929177135229110718e-03
-1.760503975674510002e-03
1.825357903726398945e-04
2.887287992052733898e-04
9.077407885342836380e-04
-1.447230111807584763e-03
3.216236364096403122e-03
-3.231365932151675224e-03
-7.211704505607485771e-04
-3.847928950563073158e-03
3.159545361995697021e-03
-2.718510571867227554e-03
2.279775217175483704e-03
-3.158831736072897911e-03
2.624127548187971115e-03
-1.910061575472354889e-03
-3.664390649646520615e-03
8.432413451373577118e-04
1.703304471448063850e-03
2.013017190620303154e-03
2.688426058739423752e-03
-3.759659361094236374e-03
1.398977241478860378e-03
-1.190757262520492077e-03
-3.285435959696769714e-03
-2.944859908893704414e-03
8.117624092847108841e-04
-1.550203422084450722e-03
-7.252928335219621658e-04
1.895550522021949291e-03
9.247094858437776566e-04
-3.676017804536968470e-04
3.520550439134240150e-03
2.661513164639472961e-03
1.895051682367920876e-03
-3.401368623599410057e-03
2.477414906024932861e-03
-3.710541175678372383e-03
3.330074716359376907e-03
3.052317071706056595e-03
1.161963795311748981e-03
-2.729304134845733643e-03
-1.958352047950029373e-03
-1.867123530246317387e-03
1.349900383502244949e-03
2.963894512504339218e-03
-2.902018837630748749e-03
1.949954428710043430e-03
-6.988456007093191147e-04
2.678121905773878098e-03
1.960356254130601883e-03
1.173981814645230770e-03
2.782523399218916893e-03
9.242075611837208271e-04
-5.361493094824254513e-04
-1.519917044788599014e-03
3.750625764951109886e-03
3.353735199198126793e-03
-1.229992252774536610e-03
2.565924543887376785e-03
-1.928061945363879204e-03
1.487825182266533375e-03
-7.022848149063065648e-05
-2.297710394486784935e-03
7.164021953940391541e-04
1.447042450308799744e-03
2.736316761001944542e-03
-2.149907872080802917e-03
-1.124555361457169056e-03
2.564586699008941650e-03
-3.562810888979583979e-04
1.258693169802427292e-03
4.904502420686185360e-04
-4.091928130947053432e-04
7.084091193974018097e-04
1.818762393668293953e-03
-2.524355193600058556e-03
2.544536837376654148e-04
-1.475765020586550236e-03
-3.409497439861297607e-03
1.897998299682512879e-04
-3.649310674518346786e-03
3.407910233363509178e-03
4.811706312466412783e-04
-1.517459750175476074e-03
1.859861426055431366e-03
2.421519951894879341e-03
3.286434570327401161e-03
-2.666444284841418266e-03
2.278721192851662636e-03
