2.294585341587662697e-03
4.053815500810742378e-04
-1.857470721006393433e-03
-2.709237858653068542e-03
2.087128348648548126e-03
7.900026976130902767e-04
3.434374695643782616e-03
4.418411408551037312e-04
-3.665822790935635567e-03
2.247565425932407379e-03
-8.077585516730323434e-05
2.530060010030865669e-03
-8.239078451879322529e-04
-3.176862141117453575e-03
1.027332153171300888e-03
-3.501581028103828430e-03
3.189630107954144478e-03
-4.249505582265555859e-04
-2.531887264922261238e-03
-1.418885542079806328e-03
5.690241232514381409e-04
-7.322604069486260414e-04
-8.147662156261503696e-04
2.626825822517275810e-03
2.686924533918499947e-03
7.167966687120497227e-04
2.265934832394123077e-03
1.503450330346822739e-03
3.657065331935882568e-03
-2.866467926651239395e-03
-2.714208676479756832e-04
-3.632934531196951866e-03
2.207756508141756058e-03
-1.824751379899680614e-04
-2.217744011431932449e-03
-3.697979031130671501e-03
3.477178397588431835e-04
9.766856674104928970e-04
-1.157905091531574726e-03
3.432387718930840492e-03
6.579315522685647011e-04
-4.729782813228666782e-04
-3.188423579558730125e-03
8.763844380155205727e-04
6.101831095293164253e-04
-2.618827158585190773e-03
-1.663523958995938301e-03
-1.968332100659608841e-03
2.578305138740688562e-04
-3.275836817920207977e-03
-1.691460609436035156e-03
-3.374282503500580788e-03
3.235234646126627922e-03
-1.182741834782063961e-03
3.039093222469091415e-03
-2.756275702267885208e-03
3.376553650014102459e-04
1.495951204560697079e-03
-3.585918166209012270e-04
2.533409977331757545e-03
-3.359715454280376434e-03
-2.014008117839694023e-03
-3.018495626747608185e-03
-1.973924925550818443e-03
-2.121821744367480278e-03
3.303027711808681488e-03
1.227174419909715652e-03
-1.678306143730878830e-03
2.161616925150156021e-03
-2.170945517718791962e-03
-2.492522587999701500e-03
6.238016067072749138e-04
-2.933922223746776581e-03
1.711519551463425159e-03
-3.260888624936342239e-03
3.985429357271641493e-04
3.321028547361493111e-03
3.651645034551620483e-03
9.715985506772994995e-04
-4.763992619700729847e-04
-2.936592325568199158e-03
-1.588565100973937660e-05
-7.232536445371806622e-04
-3.388850716874003410e-03
3.293121466413140297e-03
2.921924693509936333e-03
2.137717790901660919e-03
7.429569959640502930e-04
3.004889236763119698e-03
-2.721139229834079742e-03
3.218608209863305092e-03
2.581286709755659103e-03
-3.637729445472359657e-03
-2.716651652008295059e-03
-1.975308114197105169e-04
1.921173534356057644e-03
-2.374558709561824799e-03
2.487319987267255783e-03
3.478639526292681694e-03
1.553581212647259235e-03
1.880491763586178422e-04
-6.667463458143174648e-04
2.070270245894789696e-03
-6.421152502298355103e-04
8.226454156101681292e-06
-1.084256335161626339e-03
2.985974075272679329e-03
6.996448501013219357e-04
8.727114764042198658e-04
-3.294514957815408707e-03
2.695939037948846817e-04
1.241223188117146492e-03
-3.777827601879835129e-03
-3.448378760367631912e-03
-1.377738080918788910e-03
3.486773348413407803e-04
2.464172895997762680e-03
-2.829448785632848740e-04
3.588381689041852951e-03
2.109735039994120598e-03
6.074707489460706711e-04
8.063443819992244244e-04
-3.495689015835523605e-03
2.260990673676133156e-03
-2.141575561836361885e-03
2.573729725554585457e-03
-2.699347212910652161e-03
-1.383590424666181207e-04
1.536491443403065205e-03
1.076256623491644859e-03
-2.064239961327984929e-04
-3.477818332612514496e-03
6.391836213879287243e-04
3.886238904669880867e-03
-5.097058019600808620e-04
2.501402050256729126e-03
-1.936434186063706875e-03
-2.568068681284785271e-03
-3.899735165759921074e-03
-4.599787644110620022e-04
-8.948192698881030083e-04
-3.705372000695206225e-05
8.084186119958758354e-04
1.106930896639823914e-03
-5.972802682663314044e-05
1.153355697169899940e-03
-2.658260345924645662e-04
5.009940359741449356e-04
2.302520624652970582e-05
2.996630501002073288e-03
5.834263865835964680e-04
-2.052618190646171570e-03
-2.617046411614865065e-04
-3.566071391105651855e-03
-2.642806852236390114e-03
-2.070037880912423134e-03
3.415069077163934708e-03
-1.330523751676082611e-03
-2.192832762375473976e-03
3.676927881315350533e-03
-5.902720731683075428e-04
-3.750906558707356453e-03
3.837887896224856377e-03
-2.145107602700591087e-03
-1.697528641670942307e-03
3.483631880953907967e-03
6.205585668794810772e-04
1.913275802507996559e-03
2.466798992827534676e-03
8.005657582543790340e-04
1.649202604312449694e-04
-8.675173739902675152e-04
2.859181258827447891e-03
8.635007543489336967e-04
3.735637990757822990e-03
-1.522503909654915333e-03
2.774065826088190079e-03
8.927750604925677180e-05
2.930801420006901026e-04
1.026123762130737305e-03
3.559758188202977180e-03
3.666868666186928749e-03
-2.434444846585392952e-03
3.462337190285325050e-04
-9.831612696871161461e-04
2.596398117020726204e-03
3.908576443791389465e-03
-3.018314251676201820e-03
-5.425543058663606644e-04
-1.685549854300916195e-03
-3.747238544747233391e-03
8.173547685146331787e-04
1.063707866705954075e-03
3.693963168188929558e-03
1.369889941997826099e-03
6.416185060515999794e-04
3.892828011885285378e-03
1.465170935261994600e-04
-1.622913056053221226e-03
-4.601705586537718773e-04
-1.629125676117837429e-03
-3.453209763392806053e-03
3.263588994741439819e-03
1.445856294594705105e-03
3.121657297015190125e-03
-3.260830882936716080e-03
2.626727335155010223e-03
2.746744314208626747e-03
-1.188304508104920387e-03
-1.782328356057405472e-03
-4.102406383026391268e-04
2.453295164741575718e-04
-1.237373100593686104e-03
1.837447751313447952e-03
3.617614042013883591e-03
2.472973661497235298e-03
3.669989760965108871e-03
-2.848622854799032211e-03
2.923839027062058449e-03
-9.697545319795608521e-04
-1.561598852276802063e-03
1.784656313247978687e-03
-3.106328891590237617e-03
3.875355934724211693e-03
1.102647394873201847e-03
-2.788205631077289581e-03
1.454052398912608624e-03
3.308842424303293228e-03
2.253799466416239738e-03
-2.771713072434067726e-03
2.966530853882431984e-03
1.275135145988315344e-04
2.284128917381167412e-03
3.296985814813524485e-04
-2.359983976930379868e-03
3.152155317366123199e-03
8.769481210038065910e-04
3.638817230239510536e-03
-6.921236636117100716e-04
-3.773337230086326599e-03
5.455169011838734150e-04
2.218482550233602524e-03
-2.064507687464356422e-03
3.045241814106702805e-03
3.148519434034824371e-03
-3.518964163959026337e-03
2.655671676620841026e-03
2.719772746786475182e-03
3.533857641741633415e-03
2.626316854730248451e-03
2.732977271080017090e-03
3.323155455291271210e-03
-2.430087886750698090e-03
3.284145146608352661e-03
1.178673934191465378e-03
-1.508043264038860798e-03
