1.211056369356811047e-03
-2.032828284427523613e-03
-1.283588819205760956e-03
3.129312535747885704e-03
8.199218427762389183e-05
-2.877027494832873344e-03
3.698002314195036888e-03
4.781614698003977537e-04
-1.071105012670159340e-03
2.853543264791369438e-03
1.668186741881072521e-03
3.118861699476838112e-03
-1.672107842750847340e-03
-3.384045092388987541e-03
1.860266551375389099e-03
8.666102658025920391e-04
2.590701216831803322e-03
-1.661049318499863148e-03
-5.860636010766029358e-04
2.836060244590044022e-03
1.644442090764641762e-03
8.455840543319936842e-06
2.037238329648971558e-03
1.817168784327805042e-03
3.326331789139658213e-04
1.571310451254248619e-03
8.910858887247741222e-04
3.002489218488335609e-03
3.036990994587540627e-03
-9.467502241022884846e-04
3.413065336644649506e-03
8.956438396126031876e-04
2.280895132571458817e-03
1.397040432493668050e-05
2.262154826894402504e-03
-8.445522980764508247e-04
-1.340630115009844303e-03
5.288871470838785172e-04
7.936490583233535290e-04
-1.154843019321560860e-03
-2.343953121453523636e-03
-2.075956203043460846e-03
-3.855089889839291573e-03
3.527875058352947235e-03
-2.065371081698685884e-04
2.965969964861869812e-03
3.237897530198097229e-03
1.495183678343892097e-03
2.077121287584304810e-03
-2.382997889071702957e-03
-2.917945617809891701e-03
5.807924317196011543e-04
-2.177371876314282417e-03
2.037528669461607933e-03
-3.146004863083362579e-03
6.354422657750546932e-04
2.608931390568614006e-03
1.875583897344768047e-03
3.289932617917656898e-03
1.257491298019886017e-03
-1.135649741627275944e-03
1.388859585858881474e-03
-3.350643208250403404e-03
-1.843939069658517838e-03
5.806939952890388668e-05
2.714874222874641418e-03
8.969904156401753426e-04
3.038719063624739647e-03
-1.326240017078816891e-04
-1.365100179100409150e-04
-2.026928355917334557e-03
-4.436679591890424490e-04
-2.138721756637096405e-03
-2.000269014388322830e-03
-6.338667590171098709e-04
2.047354209935292602e-04
-3.874080954119563103e-03
2.746713347733020782e-03
3.402358386665582657e-03
2.467629732564091682e-03
-3.004200523719191551e-03
1.000390970148146152e-03
-1.030925544910132885e-03
-2.100691432133316994e-03
3.347389865666627884e-03
2.335481112822890282e-03
2.347775967791676521e-03
-2.251773141324520111e-03
-5.167991548660211265e-05
3.852989990264177322e-03
3.783299820497632027e-03
-8.366068941541016102e-04
2.073674928396940231e-03
7.322342571569606662e-05
-2.425180136924609542e-04
5.843307590112090111e-04
-3.377732355147600174e-03
1.427110517397522926e-03
-5.899967163713881746e-06
2.700436161831021309e-03
-7.082512020133435726e-04
3.712395438924431801e-03
5.988495540805160999e-04
2.764131641015410423e-03
-3.806042950600385666e-03
-3.313105553388595581e-03
3.218480851501226425e-03
2.401965437456965446e-03
1.735663390718400478e-03
-3.133316989988088608e-03
-1.517162774689495564e-03
-1.539934164611622691e-04
5.800142535008490086e-04
7.633202476426959038e-04
-9.551169350743293762e-04
1.515166251920163631e-03
-3.436708124354481697e-03
-1.867018872871994972e-03
2.707869745790958405e-03
-3.623047843575477600e-03
3.204515669494867325e-03
-2.009450923651456833e-03
1.362379407510161400e-03
-2.192295389249920845e-03
6.203540833666920662e-04
-2.379766665399074554e-03
2.991937100887298584e-03
-2.986378734931349754e-03
1.505168911535292864e-04
-2.164579229429364204e-03
3.626995021477341652e-03
6.582532660104334354e-04
3.452414530329406261e-04
3.898155875504016876e-03
-2.423580503091216087e-03
5.218453006818890572e-04
3.549122018739581108e-03
3.028819337487220764e-03
-6.526185316033661366e-04
-1.258058124221861362e-03
-4.654734802898019552e-04
-2.002060413360595703e-03
3.135562175884842873e-03
3.456837497651576996e-03
3.896902315318584442e-03
1.713940990157425404e-03
-3.832696937024593353e-03
-8.665461791679263115e-04
-1.937358872964978218e-03
-3.229584079235792160e-03
2.374270465224981308e-03
-2.100519835948944092e-03
-2.810483099892735481e-03
-7.400357280857861042e-04
2.978742588311433792e-03
-3.715571947395801544e-03
-2.991505665704607964e-03
2.506656339392066002e-03
-2.612225944176316261e-03
-4.987283609807491302e-04
2.579784952104091644e-03
2.524437382817268372e-03
2.675156341865658760e-03
3.481537860352545977e-04
1.713409088551998138e-03
3.847356187179684639e-03
3.324366174638271332e-03
-5.891117616556584835e-04
-3.777945647016167641e-03
8.050063624978065491e-04
9.013398084789514542e-04
-1.434874953702092171e-03
1.163539476692676544e-03
-2.312294906005263329e-03
-3.202581137884408236e-05
-2.439707983285188675e-03
-3.749129595234990120e-03
1.407685340382158756e-04
-8.478718227706849575e-04
-2.344449050724506378e-03
1.231081783771514893e-03
-3.457783721387386322e-03
7.725527393631637096e-04
4.610389005392789841e-04
2.426074352115392685e-03
-1.534389215521514416e-03
3.659218782559037209e-03
1.467474037781357765e-03
-7.864208309911191463e-04
-1.841687248088419437e-03
3.159251355100423098e-04
-1.154644298367202282e-03
2.219003625214099884e-03
3.047065576538443565e-03
-4.190400941297411919e-04
3.876608330756425858e-03
-1.114898943342268467e-03
-1.671923208050429821e-03
-4.884019144810736179e-04
-1.321307063335552812e-04
3.377910470589995384e-04
7.899611373431980610e-04
7.012282148934900761e-04
-5.648732185363769531e-04
3.470618044957518578e-03
-2.624770568218082190e-04
1.995584694668650627e-03
-6.596426828764379025e-04
-1.274900976568460464e-03
-2.623686799779534340e-03
-3.282319055870175362e-03
-3.889539744704961777e-03
3.333158325403928757e-03
-2.564348978921771049e-03
-3.103415947407484055e-03
2.285985276103019714e-03
1.048009493388235569e-03
-1.923910225741565228e-03
2.101483521983027458e-03
3.318098606541752815e-03
1.605575322173535824e-03
3.233790630474686623e-03
8.154477691277861595e-04
-3.509829519316554070e-03
3.813158255070447922e-04
-1.941301394253969193e-03
2.833058591932058334e-03
3.013644134625792503e-03
-3.149753203615546227e-03
-2.477294765412807465e-03
-1.651957747526466846e-03
-2.362889703363180161e-03
1.265196828171610832e-03
4.201815754640847445e-04
3.346615470945835114e-03
-1.734623103402554989e-03
-2.676669973880052567e-03
3.985734074376523495e-04
3.862505778670310974e-03
1.945362775586545467e-03
3.084507305175065994e-03
4.158408501098165289e-06
-4.378708836156874895e-04
-3.087366931140422821e-03
-5.380491493269801140e-04
2.789787249639630318e-03
2.022106054937466979e-04
-8.358413469977676868e-04
1.316457288339734077e-03
-2.855951199308037758e-03
1.467939699068665504e-03
-2.254131482914090157e-03
1.111538498662412167e-03
1.854598056524991989e-03
1.167433219961822033e-03
5.868102307431399822e-04
