-7.349485531449317932e-05
1.143520581535995007e-03
-1.308583538047969341e-03
1.351726677967235446e-04
5.054360954090952873e-04
-9.156503365375101566e-04
3.066256176680326462e-03
-4.607653245329856873e-04
1.788437017239630222e-03
-3.118115942925214767e-03
-3.534816903993487358e-03
-5.096354871056973934e-04
-1.823625876568257809e-03
7.394998683594167233e-04
3.580215619876980782e-03
-1.289628096856176853e-03
-2.649102360010147095e-03
1.952462247572839260e-03
-3.021744079887866974e-03
-1.299880212172865868e-03
2.384783234447240829e-03
-2.877197461202740669e-03
-6.847655167803168297e-04
-6.467247731052339077e-04
-2.144542755559086800e-03
3.545582061633467674e-03
-4.963002866134047508e-04
3.282232908532023430e-03
-1.102167880162596703e-03
-3.300470300018787384e-03
-2.537577413022518158e-03
-1.836790470406413078e-03
-2.262062160298228264e-03
1.232744427397847176e-03
-3.766563255339860916e-03
-3.895798698067665100e-03
2.428179373964667320e-03
-2.763924130704253912e-04
1.085701747797429562e-03
-5.274363793432712555e-04
-2.864791546016931534e-03
3.652113256976008415e-03
-1.910115708597004414e-03
-3.530039219185709953e-03
-3.102873743046075106e-04
1.906760851852595806e-03
-3.489775117486715317e-03
5.832687020301818848e-04
1.530693029053509235e-03
2.372754825046285987e-04
7.671861094422638416e-04
-2.854415681213140488e-03
-1.895803143270313740e-03
2.767029916867613792e-03
-8.476073853671550751e-04
-2.101604593917727470e-03
-1.102837384678423405e-03
6.453128298744559288e-04
1.334032393060624599e-03
2.630402101203799248e-03
3.394240979105234146e-03
-3.139936132356524467e-03
6.843828014098107815e-04
-2.517405897378921509e-03
-6.966015207581222057e-04
1.424622838385403156e-03
1.593108638189733028e-03
-2.769359853118658066e-03
-1.032783533446490765e-03
-7.863510400056838989e-04
-3.295915666967630386e-03
-3.009339794516563416e-03
3.849555738270282745e-03
-2.142959507182240486e-03
-3.270370420068502426e-03
2.536190208047628403e-03
-1.368079101666808128e-03
-4.016378952655941248e-04
-1.596794812940061092e-03
1.151650445535778999e-03
-2.079216996207833290e-03
-5.204604240134358406e-04
-3.186538117006421089e-03
2.441455377265810966e-03
-3.116925014182925224e-03
-4.920285427942872047e-04
1.096603344194591045e-03
1.159591949544847012e-03
9.380692499689757824e-04
-3.846336156129837036e-03
-2.409998793154954910e-03
-3.169548464938998222e-03
3.209896152839064598e-03
8.286369265988469124e-04
1.032554660923779011e-03
-1.247867243364453316e-03
1.134741352871060371e-03
-1.122652902267873287e-03
3.400893416255712509e-03
2.390757668763399124e-03
1.368722878396511078e-03
1.153621473349630833e-03
1.461804495193064213e-03
-1.551323453895747662e-03
2.679630648344755173e-03
8.088818867690861225e-04
7.351500680670142174e-04
1.847668085247278214e-03
6.639970815740525723e-04
-2.628033515065908432e-03
2.113424008712172508e-03
5.454703932628035545e-04
7.970469887368381023e-04
-2.842775546014308929e-03
-1.891167717985808849e-03
3.248873632401227951e-03
-2.293016063049435616e-03
-2.348135691136121750e-03
-2.576800761744379997e-03
-1.053054467774927616e-03
-1.142006600275635719e-03
-5.277533200569450855e-04
1.264957711100578308e-03
-5.817157798446714878e-04
-6.191174034029245377e-04
2.892368007451295853e-03
3.653807565569877625e-03
-1.908997190184891224e-03
1.673822262091562152e-04
-1.342939678579568863e-03
3.021550830453634262e-03
3.061167895793914795e-03
3.645953256636857986e-03
1.258198870345950127e-03
-2.814079402014613152e-03
4.765027260873466730e-04
6.954671698622405529e-04
9.986300719901919365e-04
-7.144340197555720806e-04
2.662963932380080223e-03
2.498975722119212151e-03
-2.729375613853335381e-03
1.407708623446524143e-03
-6.066047935746610165e-04
-3.425615839660167694e-03
2.553579630330204964e-03
1.290953485295176506e-03
1.424146699719130993e-03
1.834258786402642727e-03
-1.305745565332472324e-03
-1.512999995611608028e-03
2.261078683659434319e-03
-1.153537741629406810e-04
1.835000934079289436e-03
-3.506928682327270508e-03
3.767066402360796928e-03
-2.834904880728572607e-04
-1.605043304152786732e-03
1.110923709347844124e-03
-2.890417585149407387e-03
-2.372049028053879738e-03
1.251277863048017025e-03
2.883150475099682808e-03
-3.455590689554810524e-03
-3.233716823160648346e-03
-2.097861375659704208e-03
2.581136766821146011e-03
7.312656089197844267e-05
-1.110334647819399834e-03
1.227809814736247063e-03
1.305337529629468918e-03
3.626747289672493935e-03
2.097541699185967445e-03
-5.147852934896945953e-04
-1.784200663678348064e-03
-3.087475779466331005e-04
1.829808810725808144e-03
1.484982785768806934e-03
-1.099433517083525658e-03
-3.303297795355319977e-03
1.285013393498957157e-03
3.784163855016231537e-03
-5.675246356986463070e-04
-2.500551752746105194e-03
9.127093362621963024e-04
-3.606964368373155594e-03
-2.678907243534922600e-03
2.014192752540111542e-03
2.073148731142282486e-03
1.335767097771167755e-03
-3.347140736877918243e-03
-2.873631601687520742e-04
2.755726163741201162e-04
2.170408377423882484e-03
6.821773131377995014e-04
-1.632458530366420746e-03
-3.144484711810946465e-03
1.439262647181749344e-03
3.678523469716310501e-03
1.006247766781598330e-04
1.133988043875433505e-04
-8.210532832890748978e-04
-9.841283317655324936e-04
-2.862913534045219421e-03
1.442598761059343815e-03
-2.422838704660534859e-03
-2.388451015576720238e-03
3.149954136461019516e-03
5.020122625865042210e-04
-3.644906682893633842e-03
-2.313701901584863663e-03
2.168084029108285904e-03
3.689302830025553703e-03
-8.616313607490155846e-06
1.050304505042731762e-03
-7.876809104345738888e-04
3.841968253254890442e-03
3.710418939590454102e-03
9.318972006440162659e-04
-2.083737403154373169e-03
-1.859260373748838902e-03
-2.657778328284621239e-03
-2.681956160813570023e-03
1.559385331347584724e-03
-3.017390845343470573e-03
-8.963192231021821499e-04
-3.845766419544816017e-03
-2.146557439118623734e-03
-6.937201833352446556e-04
-3.319778770674020052e-04
2.702476456761360168e-03
-1.308363280259072781e-03
-3.820472164079546928e-03
3.283014288172125816e-03
1.083277864381670952e-03
3.904138226062059402e-03
3.038865979760885239e-03
9.850899368757382035e-05
3.442059038206934929e-03
3.775851801037788391e-03
-2.336186589673161507e-03
1.438567531295120716e-03
3.281995188444852829e-03
-2.510175807401537895e-03
3.066901117563247681e-03
-5.202022730372846127e-04
-9.957595029845833778e-04
1.183726009912788868e-03
-3.317283000797033310e-03
2.152961678802967072e-04
2.736438298597931862e-03
-3.789606271311640739e-03
3.517545061185956001e-03
2.785335760563611984e-03
2.419159980490803719e-03
1.193454838357865810e-03
