1.171901822090148926e-03
2.596309408545494080e-03
-9.307999280281364918e-04
1.637621549889445305e-03
3.476481360848993063e-04
3.687474643811583519e-03
2.103134524077177048e-03
2.664127852767705917e-03
-2.679124241694808006e-03
-8.837429340928792953e-04
-1.169963157735764980e-03
3.831780981272459030e-03
2.058431971818208694e-03
-1.204653410241007805e-03
-3.316769143566489220e-03
2.886489033699035645e-03
-3.594123525545001030e-03
5.227968795225024223e-04
3.223478794097900391e-03
-2.951228059828281403e-03
3.705658018589019775e-03
3.631822066381573677e-03
-9.446085896342992783e-04
-1.514726202003657818e-03
-3.638439346104860306e-03
-1.493673189543187618e-03
7.163724512793123722e-04
-1.303381868638098240e-03
-1.799400197342038155e-03
-1.547480700537562370e-03
-2.358143450692296028e-03
3.111187834292650223e-03
-1.129076699726283550e-03
2.562753390520811081e-03
-6.430214270949363708e-04
-2.939051017165184021e-03
3.513060742989182472e-03
-1.382043818011879921e-03
-2.972510410472750664e-03
1.559186959639191628e-03
7.193046621978282928e-04
2.372853225097060204e-03
3.364596341270953417e-04
1.162116299383342266e-03
-2.380488906055688858e-03
5.361075163818895817e-04
-1.472465926781296730e-03
2.874054247513413429e-03
2.186971483752131462e-03
1.276641618460416794e-03
1.504811458289623260e-03
-3.574624191969633102e-03
-5.814310279674828053e-04
1.294435118325054646e-03
3.276061033830046654e-03
-2.830360317602753639e-03
1.405514194630086422e-03
3.178357146680355072e-03
1.113671693019568920e-03
-2.114532049745321274e-03
3.614489469327963889e-05
2.438427880406379700e-03
1.693020923994481564e-03
-3.159209387376904488e-03
-5.210150266066193581e-04
1.393702230416238308e-03
1.442403066903352737e-03
-2.343754749745130539e-03
-2.753187902271747589e-03
7.001881022006273270e-04
1.724504400044679642e-03
1.992714824154973030e-03
3.506633220240473747e-03
2.335858298465609550e-03
2.758456161245703697e-03
1.069050282239913940e-03
-3.154325997456908226e-03
1.348321675322949886e-03
3.149946220219135284e-03
1.952053396962583065e-03
3.270440967753529549e-03
-2.531035337597131729e-03
-3.614343469962477684e-03
-3.397027729079127312e-03
1.921528746606782079e-04
3.209070535376667976e-03
5.179768777452409267e-04
-2.321743377251550555e-04
3.317674854770302773e-04
2.548957476392388344e-03
3.228945191949605942e-03
-2.787490608170628548e-03
-1.531916903331875801e-03
-1.761188963428139687e-03
1.170549541711807251e-03
3.748467192053794861e-03
-2.797525841742753983e-03
2.244808012619614601e-03
2.103745704516768456e-03
3.481399267911911011e-03
3.482443862594664097e-04
-3.097472945228219032e-03
1.311352825723588467e-03
1.646029064431786537e-03
-6.986158550716936588e-04
-3.057300578802824020e-03
-2.190102590247988701e-03
1.044248929247260094e-03
1.051018480211496353e-03
3.504036925733089447e-03
-3.376768669113516808e-03
3.582180477678775787e-03
-4.436758172232657671e-04
2.637837547808885574e-03
-1.137211453169584274e-03
3.557177027687430382e-03
1.673657330684363842e-03
1.941316062584519386e-03
-1.922305091284215450e-03
-1.737276441417634487e-03
8.160380530171096325e-04
-1.913008280098438263e-03
1.750934898154810071e-04
1.490161055698990822e-03
-2.033223398029804230e-03
3.667698183562606573e-05
-2.860808745026588440e-03
-2.454179048072546721e-04
-1.025188597850501537e-03
1.842828205553814769e-04
1.880461233668029308e-03
1.581324147991836071e-03
1.034610089845955372e-03
-3.642986062914133072e-03
2.768001286312937737e-03
1.394256018102169037e-03
-3.483987413346767426e-03
-2.084029838442802429e-03
2.449286635965108871e-03
3.362131305038928986e-03
2.776478650048375130e-03
2.569431671872735023e-03
-3.739820094779133797e-03
-2.803470415528863668e-04
3.757012309506535530e-04
1.527674030512571335e-03
-3.544084494933485985e-03
-2.978126984089612961e-03
-6.102203042246401310e-04
-4.937250632792711258e-04
-2.977636642754077911e-03
-1.190136652439832687e-03
-9.071435197256505489e-04
2.482139505445957184e-03
-1.647670986130833626e-03
3.320923773571848869e-03
1.896612695418298244e-03
2.709315856918692589e-03
-2.710041124373674393e-03
-3.664962016046047211e-03
-2.960169455036520958e-03
-3.518241224810481071e-03
1.805672072805464268e-03
1.782305771484971046e-03
-2.276410348713397980e-03
3.564405720680952072e-03
2.978982403874397278e-03
2.137251431122422218e-03
2.429168671369552612e-03
1.043486408889293671e-03
3.167455550283193588e-03
2.588651608675718307e-03
-1.126974937506020069e-03
-3.122317139059305191e-03
-7.814407581463456154e-04
1.312337466515600681e-03
2.594174351543188095e-03
-2.208045218139886856e-03
-1.538109732791781425e-03
1.444312743842601776e-03
-1.058210982591845095e-04
1.249291817657649517e-04
1.924195559695363045e-03
-5.199228762648999691e-04
-3.554440103471279144e-03
1.654477091506123543e-03
-2.702601719647645950e-03
2.419464755803346634e-03
-2.421722048893570900e-03
-4.400674661155790091e-04
-1.415670383721590042e-03
-3.380810376256704330e-03
-2.722652396187186241e-03
-2.509853104129433632e-03
1.317539485171437263e-03
-2.439471893012523651e-03
-3.775131888687610626e-03
1.599934417754411697e-03
3.321942873299121857e-03
-1.619061804376542568e-03
-3.558945842087268829e-03
-1.972106983885169029e-03
1.311552943661808968e-03
9.626643150113523006e-04
-2.559662330895662308e-03
-7.651222404092550278e-04
-2.214748179540038109e-03
-3.109425771981477737e-03
-2.558001084253191948e-03
1.185072236694395542e-03
-2.674523741006851196e-03
-2.296342281624674797e-03
2.910456387326121330e-03
-2.426238730549812317e-03
3.893202636390924454e-03
-2.932166913524270058e-03
2.480869647115468979e-03
3.564081154763698578e-03
-1.402842695824801922e-03
-3.711634082719683647e-03
9.284002007916569710e-04
4.840328765567392111e-04
-3.136944491416215897e-03
-2.792951650917530060e-03
-1.793455099686980247e-03
-3.133524151053279638e-04
-3.157630097121000290e-03
-1.511892653070390224e-03
-8.764936937950551510e-04
-2.708896645344793797e-04
2.625745488330721855e-03
2.265437738969922066e-03
3.459933213889598846e-03
7.422545459121465683e-04
2.122559119015932083e-03
1.439251238480210304e-03
-1.594610046595335007e-03
2.227773657068610191e-03
-2.998984884470701218e-03
-1.996462699025869370e-03
-5.254549905657768250e-04
2.384737133979797363e-03
1.495709875598549843e-03
8.385974069824442267e-05
4.600909014698117971e-04
3.300493117421865463e-03
5.834125331602990627e-04
1.542215613881126046e-04
-3.017922863364219666e-03
-2.392258495092391968e-03
5.684185307472944260e-04
-1.000896445475518703e-03
4.680626152548938990e-04
3.353993175551295280e-03
-2.064663683995604515e-03
7.306571933440864086e-05
