-6.408571789506822824e-05
1.394820050336420536e-03
2.870384778361767530e-04
2.575033577159047127e-03
1.888939295895397663e-03
2.730865031480789185e-03
2.668672008439898491e-03
-3.495468292385339737e-03
-2.200662624090909958e-03
2.460007555782794952e-03
1.008510822430253029e-03
3.008083906024694443e-03
3.357345936819911003e-03
4.033279838040471077e-04
-3.490119241178035736e-03
-3.791111754253506660e-03
4.802251060027629137e-04
-6.237885681912302971e-04
6.109123933129012585e-04
2.921663457527756691e-03
3.147825133055448532e-03
3.073999891057610512e-03
1.250579603947699070e-03
-7.278228295035660267e-04
1.093936967663466930e-03
-8.245459757745265961e-04
-2.540218876674771309e-03
-2.966002793982625008e-03
3.255674848333001137e-03
8.819081122055649757e-04
1.604197430424392223e-03
-3.740528831258416176e-03
-1.166828908026218414e-03
-2.516891108825802803e-03
-1.708211493678390980e-03
3.760533640161156654e-03
3.160089720040559769e-03
-3.261404577642679214e-03
-2.810825360938906670e-03
-3.130249446257948875e-03
7.439982146024703979e-04
5.294137517921626568e-04
1.426934613846242428e-03
-1.564441830851137638e-03
2.192098647356033325e-03
5.130794597789645195e-04
2.722835633903741837e-03
3.880642587319016457e-03
-2.776066306978464127e-03
1.012337743304669857e-03
-2.257447340525686741e-04
-2.676107222214341164e-03
1.941823516972362995e-03
-1.111345482058823109e-03
-1.616985304281115532e-03
-3.604531055316329002e-03
-1.075805397704243660e-03
2.406976884230971336e-03
-3.034430323168635368e-03
-1.661697286181151867e-03
-6.195180321810767055e-05
-6.796058733016252518e-04
-8.826095727272331715e-04
3.348322352394461632e-04
1.669949502684175968e-03
-2.799262991175055504e-03
-3.321799216791987419e-03
-3.404318820685148239e-03
1.246864558197557926e-03
8.364489767700433731e-04
-3.276198403909802437e-03
-3.133812686428427696e-03
-1.168612972833216190e-03
-9.390276391059160233e-04
2.952523529529571533e-03
8.958464604802429676e-04
-1.656658947467803955e-03
2.271996112540364265e-03
1.577215385623276234e-03
3.833137918263673782e-03
-3.773772856220602989e-03
3.365624463185667992e-03
-1.216007367474958301e-04
2.088603796437382698e-03
-2.472590422257781029e-04
8.181835291907191277e-04
1.676650019362568855e-03
-5.747947143390774727e-04
4.068255293532274663e-05
1.722670625895261765e-03
1.249562599696218967e-03
-7.644171710126101971e-04
9.685584518592804670e-05
1.752302283421158791e-03
2.533345948904752731e-03
2.565412549301981926e-03
3.886844031512737274e-03
-6.818019319325685501e-04
2.181353513151407242e-03
-1.678313594311475754e-03
2.622342901304364204e-03
1.240961282746866345e-04
-2.260827226564288139e-03
-2.281107706949114799e-03
-2.975822892040014267e-03
1.652945065870881081e-03
-2.810781297739595175e-04
1.039926864905282855e-04
-3.903109114617109299e-03
7.648047903785482049e-05
2.825504634529352188e-03
3.507425077259540558e-03
-5.856504430994391441e-04
1.890863291919231415e-03
-8.320611668750643730e-04
-1.129974727518856525e-03
2.971117850393056870e-03
-6.873324164189398289e-04
-2.046294976025819778e-03
-1.319781178608536720e-03
-2.417031442746520042e-03
-1.112391590140759945e-03
-1.360346359433606267e-04
-2.212794031947851181e-03
1.746035064570605755e-03
-3.340207040309906006e-03
-2.937590237706899643e-03
-2.886089496314525604e-03
-9.971660329028964043e-04
1.559553667902946472e-03
2.142782090231776237e-03
1.797090866602957249e-03
2.884566551074385643e-03
1.512334565632045269e-03
-2.353854943066835403e-03
-2.583447378128767014e-03
3.703751834109425545e-03
-1.919644768349826336e-03
-3.563806414604187012e-03
2.265124116092920303e-03
9.242656233254820108e-05
1.245331834070384502e-03
7.613701163791120052e-04
-2.453099237754940987e-03
9.314264752902090549e-05
-6.798507529310882092e-04
1.464904402382671833e-03
-2.612040610983967781e-03
9.617921896278858185e-04
-1.966006821021437645e-03
-2.883290639147162437e-03
3.509416244924068451e-03
1.492763170972466469e-03
3.777119796723127365e-03
2.973014023154973984e-03
6.350069306790828705e-04
-3.861304838210344315e-03
-3.187392838299274445e-03
3.863164223730564117e-03
-3.000302938744425774e-03
-1.283491001231595874e-04
-2.260933397337794304e-03
-1.554999616928398609e-03
-1.364769064821302891e-03
-1.746524241752922535e-03
-7.275183452293276787e-05
1.643325318582355976e-03
1.416843151673674583e-03
-1.492284703999757767e-03
2.406067360425367951e-04
9.485654882155358791e-04
-1.281587523408234119e-03
4.345108172856271267e-04
1.556186134621384554e-06
8.037969819270074368e-04
1.478971564210951328e-03
3.697101958096027374e-03
-3.001135773956775665e-04
-2.535007195547223091e-03
-3.681161208078265190e-03
-1.853059045970439911e-03
-1.956363441422581673e-03
-2.886403352022171021e-03
1.413162797689437866e-03
2.406088897259905934e-04
1.873522764071822166e-03
-1.228655455633997917e-03
1.382351474603638053e-04
3.064991440623998642e-03
3.490030998364090919e-03
2.257370797451585531e-04
2.072303090244531631e-03
2.512547653168439865e-03
3.616791509557515383e-04
2.278885949635878205e-04
2.721011405810713768e-03
2.764497883617877960e-03
1.105781047954224050e-04
-1.025547506287693977e-03
2.682885620743036270e-03
3.038709517568349838e-03
2.580716041848063469e-03
3.345050790812820196e-04
2.387040294706821442e-04
3.391600213944911957e-03
1.095444778911769390e-03
2.030128147453069687e-03
-2.223766787210479379e-04
5.226665525697171688e-04
2.251031110063195229e-03
-3.551989793777465820e-03
-3.160377964377403259e-03
-2.253068145364522934e-03
-2.618900267407298088e-03
-1.448530354537069798e-03
2.505525015294551849e-03
2.572306897491216660e-03
2.837213454768061638e-03
3.082518815062940121e-04
-3.415053710341453552e-03
-2.660155994817614555e-03
2.005390822887420654e-03
-2.383240964263677597e-03
-1.376825734041631222e-03
5.737142055295407772e-04
-3.619031514972448349e-03
1.798051176592707634e-03
2.617226447910070419e-03
-1.048574573360383511e-03
-1.853616413427516818e-04
-1.371618360280990601e-03
-2.678190357983112335e-03
-1.775830751284956932e-03
1.911140978336334229e-03
3.786092624068260193e-03
2.781650284305214882e-03
-3.214606549590826035e-03
2.768186852335929871e-03
-7.304379250854253769e-04
1.355105923721566796e-04
4.573485625769535545e-07
1.876721624284982681e-03
-1.036022440530359745e-03
-2.036521676927804947e-03
-1.926921890117228031e-03
-2.515508327633142471e-03
-2.189464867115020752e-03
-1.384497387334704399e-03
2.149102743715047836e-03
-3.851216519251465797e-03
2.751397434622049332e-03
3.488052869215607643e-03
2.621137071400880814e-03
-1.654827268794178963e-03
1.101011643186211586e-03
1.846223167376592755e-04
