8.684467757120728493e-04
-9.191235294565558434e-04
-7.471934659406542778e-04
-3.732991870492696762e-03
3.439574968069791794e-03
-3.903147531673312187e-03
2.079868223518133163e-03
2.836504136212170124e-04
-3.136410843580961227e-03
-2.489991020411252975e-03
-3.164957510307431221e-03
1.421792781911790371e-03
3.452038392424583435e-03
1.982378540560603142e-03
3.759142127819359303e-04
3.108507022261619568e-03
-3.861146746203303337e-03
3.006406186614185572e-04
-3.285854108980856836e-05
1.555673894472420216e-03
-2.965145744383335114e-03
-3.036009613424539566e-03
-1.901369687402620912e-04
-1.445961999706923962e-03
-8.308563265018165112e-04
5.883039557375013828e-04
1.041792100295424461e-03
4.033659934066236019e-04
-7.577455253340303898e-04
-3.778327023610472679e-03
1.325327903032302856e-03
-2.828862983733415604e-03
1.833011978305876255e-03
1.007553073577582836e-03
-6.317881798167945817e-06
-4.886730457656085491e-04
1.095475046895444393e-03
-3.462773747742176056e-03
-5.262037666398100555e-05
-3.512038150802254677e-03
2.355559117859229445e-04
2.110324334353208542e-03
1.840007258579134941e-03
3.734115045517683029e-03
2.120243851095438004e-03
-2.655117074027657509e-03
-3.341681323945522308e-03
2.066978020593523979e-03
9.910074295476078987e-04
-2.853841288015246391e-03
-7.065898971632122993e-04
-1.533122500404715538e-03
1.769050257280468941e-03
1.119286636821925640e-03
-2.309965668246150017e-03
-1.194246928207576275e-03
1.375600579194724560e-03
-3.140011802315711975e-03
3.566008526831865311e-03
3.021878655999898911e-03
-1.826625433750450611e-03
-1.473780139349400997e-03
1.809027162380516529e-03
2.757617505267262459e-03
-3.086918499320745468e-03
-3.398240543901920319e-03
3.310664091259241104e-03
-2.741230186074972153e-03
-3.423471935093402863e-03
-3.067472425755113363e-04
-2.915180521085858345e-03
3.788329893723130226e-03
8.836116758175194263e-04
1.425653463229537010e-03
2.084060804918408394e-03
2.889659663196653128e-04
-3.698097541928291321e-03
-3.904884681105613708e-03
-3.176745667587965727e-04
-2.116003306582570076e-03
-6.845124880783259869e-04
-1.240563433384522796e-04
-1.904156990349292755e-03
3.828880377113819122e-03
-3.582834498956799507e-03
-1.801007078029215336e-03
1.783475978299975395e-03
6.051008240319788456e-04
-3.492201212793588638e-03
-5.581066943705081940e-04
-2.428113482892513275e-03
-3.773564472794532776e-03
3.820267738774418831e-03
3.796094795688986778e-03
-2.226446755230426788e-03
-2.383671235293149948e-03
-4.878850595559924841e-04
3.766095265746116638e-03
-1.994965597987174988e-03
-1.701034139841794968e-03
-1.440741354599595070e-03
1.428005401976406574e-03
-4.175785579718649387e-04
-1.073777908459305763e-03
-3.152382560074329376e-03
-3.376964945346117020e-03
1.608299557119607925e-03
1.996690640226006508e-03
1.226281165145337582e-03
8.536795503459870815e-04
-2.663431921973824501e-03
3.810424823313951492e-03
-1.539413700811564922e-03
-4.228235338814556599e-04
5.305102677084505558e-04
9.753802441991865635e-04
-3.523954190313816071e-03
1.603132579475641251e-03
-3.576542949303984642e-03
2.844211179763078690e-03
-3.702366258949041367e-03
-1.216149772517383099e-03
3.620210103690624237e-03
-3.066648496314883232e-03
2.422033110633492470e-03
-3.016580827534198761e-03
2.574366284534335136e-03
-2.900292398408055305e-03
-3.625302342697978020e-03
2.685874467715620995e-03
3.369924088474363089e-04
-2.317688195034861565e-03
7.495167083106935024e-04
-1.939237845363095403e-04
3.346979618072509766e-03
1.482135034166276455e-03
-1.926645985804498196e-03
2.539152046665549278e-03
3.709023352712392807e-03
-3.805410582572221756e-03
2.335063647478818893e-03
-5.204228218644857407e-04
-3.726053051650524139e-03
4.484613018576055765e-04
3.381369460839778185e-04
1.862774253822863102e-03
1.040683710016310215e-03
6.120708421804010868e-04
-5.987713229842483997e-04
-2.568435855209827423e-03
-2.593636279925704002e-03
-1.094148377887904644e-03
2.597763435915112495e-03
1.673417515121400356e-03
-9.135226719081401825e-04
3.229560330510139465e-03
-1.599539420567452908e-03
-1.955587882548570633e-03
2.366919536143541336e-03
3.645854536443948746e-03
-1.027175574563443661e-03
-1.517887925729155540e-03
3.817567368969321251e-03
-1.567591098137199879e-03
3.217444289475679398e-03
3.172399010509252548e-03
5.019269883632659912e-04
1.513372175395488739e-03
-1.244641491211950779e-03
1.907832629512995481e-04
-8.163583115674555302e-04
-2.955488860607147217e-03
3.673879196867346764e-03
-2.977702300995588303e-03
-2.258268417790532112e-03
-1.722082495689392090e-03
1.083025126717984676e-03
3.516198368743062019e-03
1.843243488110601902e-03
-1.634384156204760075e-03
1.150044612586498260e-03
2.510802121832966805e-03
5.170231452211737633e-04
-1.262399600818753242e-03
1.619776827283203602e-03
-1.919436035677790642e-04
1.555594382807612419e-03
1.596721936948597431e-03
-3.330028150230646133e-03
-2.694510621950030327e-03
1.811660244129598141e-03
2.461140276864171028e-03
1.885908190160989761e-03
-1.667116419412195683e-03
-4.435982555150985718e-04
-1.347151817753911018e-03
4.122146347071975470e-04
1.573268207721412182e-03
1.935686101205646992e-03
1.055980566889047623e-03
-8.517407113686203957e-04
-1.263444661162793636e-03
2.776934998109936714e-03
-3.174170153215527534e-03
3.180321771651506424e-03
1.428248244337737560e-03
1.315990579314529896e-03
2.681277459487318993e-03
-3.507825080305337906e-03
4.008825344499200583e-04
-3.265669802203774452e-03
2.086106222122907639e-03
-5.613961839117109776e-04
1.486751018092036247e-03
-1.864867750555276871e-03
2.903956687077879906e-03
-2.388346707448363304e-03
-1.822137855924665928e-03
1.982746616704389453e-04
-3.769250353798270226e-03
-1.501449965871870518e-03
-1.907656085677444935e-03
2.900725230574607849e-03
-1.610369537957012653e-03
6.786746089346706867e-04
1.970752840861678123e-03
-1.011109678074717522e-03
2.276550949318334460e-04
-2.941808896139264107e-03
2.909892704337835312e-03
2.864646725356578827e-03
-2.186033409088850021e-03
-1.603065291419625282e-03
1.895045279525220394e-03
8.862748509272933006e-04
7.734301616437733173e-04
-3.657504217699170113e-03
-2.036913763731718063e-03
2.152251778170466423e-03
2.878139726817607880e-03
1.536892494186758995e-03
-3.353290725499391556e-03
-2.989141270518302917e-03
3.423877991735935211e-03
-2.012291457504034042e-03
1.929144025780260563e-03
-3.720095846801996231e-04
-1.669240882620215416e-04
2.446598606184124947e-03
3.959712339565157890e-04
-2.101633930578827858e-03
9.907898493111133575e-04
1.409633085131645203e-03
2.234407933428883553e-03
2.845874056220054626e-03
2.637694822624325752e-03
