-2.307581482455134392e-03
-2.762175630778074265e-03
2.303476212546229362e-03
-5.604192265309393406e-04
1.730107702314853668e-03
-9.740537643665447831e-05
1.138839055784046650e-03
6.349069299176335335e-04
1.978030428290367126e-03
-1.779190148226916790e-03
-4.526810371316969395e-04
6.873968522995710373e-04
-2.809738216456025839e-04
3.682638634927570820e-04
1.661009620875120163e-03
2.723841462284326553e-03
-3.463779343292117119e-03
-1.662104274146258831e-03
-1.411873265169560909e-03
-1.232109265401959419e-03
4.365475615486502647e-04
7.505354005843400955e-04
3.374613123014569283e-03
-2.446746686473488808e-03
4.679707926698029041e-04
2.323149004951119423e-03
2.761840121820569038e-03
-3.404930466786026955e-03
-1.209720852784812450e-03
2.676580566912889481e-03
1.643799128942191601e-03
-3.255871590226888657e-03
2.062976593151688576e-03
2.671515569090843201e-03
3.443406894803047180e-03
-5.515977973118424416e-04
-2.852832432836294174e-03
-1.830234657973051071e-03
3.756400430575013161e-03
2.185420366004109383e-03
1.545787905342876911e-03
1.383787457598373294e-04
8.123036241158843040e-04
-1.766461064107716084e-04
2.608339302241802216e-03
3.723051631823182106e-03
-3.800299018621444702e-03
-6.857083644717931747e-04
7.147444412112236023e-04
-2.252215985208749771e-03
-2.824584953486919403e-03
2.164812292903661728e-03
1.587964245118200779e-03
1.043358119204640388e-03
-1.882019801996648312e-03
-3.191018942743539810e-03
2.946142572909593582e-03
3.086011623963713646e-03
5.709835095331072807e-04
-2.464699093252420425e-03
1.067559351213276386e-03
2.728104358538985252e-03
-7.975682383403182030e-04
5.725061782868579030e-06
-1.877295202575623989e-03
-9.067756473086774349e-04
3.807503497228026390e-03
2.281027380377054214e-03
1.612231833860278130e-03
-3.281052689999341965e-03
7.562229293398559093e-04
3.526428947225213051e-03
9.924792684614658356e-04
-2.644529100507497787e-03
2.034026896581053734e-03
2.113839611411094666e-03
1.694515813142061234e-03
1.574247842654585838e-03
-1.452222350053489208e-03
-2.009849529713392258e-03
3.620798233896493912e-03
2.653683302924036980e-03
-1.628442085348069668e-03
-8.783590747043490410e-04
-2.211042447015643120e-03
-2.010948956012725830e-03
-2.948396373540163040e-03
1.091630430892109871e-03
3.580732271075248718e-03
-2.131512621417641640e-03
2.122751669958233833e-03
2.102608093991875648e-03
-2.438822295516729355e-03
-1.263955375179648399e-03
-2.734787296503782272e-03
1.720916363410651684e-03
-3.429877804592251778e-03
-5.307983883540146053e-05
2.674866991583257914e-04
-2.816182095557451248e-03
-3.649591468274593353e-03
-1.121382461860775948e-03
1.110118813812732697e-03
2.174167893826961517e-03
2.561797853559255600e-03
1.706904615275561810e-03
-9.240852668881416321e-04
-1.992715056985616684e-03
-2.265021437779068947e-03
2.798730740323662758e-03
7.214947836473584175e-04
4.424536891747266054e-04
5.647359066642820835e-04
2.237125998362898827e-03
8.631156524643301964e-04
-2.722722245380282402e-03
1.554285263409838080e-04
-2.000871812924742699e-03
1.647445838898420334e-03
-3.899105067830532789e-04
9.799392428249120712e-04
-3.156661521643400192e-03
-1.705597969703376293e-03
-3.400570247322320938e-03
-5.782478256151080132e-04
1.229889458045363426e-03
-3.010438056662678719e-03
2.104861894622445107e-03
3.848375752568244934e-03
-2.348539652302861214e-03
-9.883948368951678276e-04
-3.583118785172700882e-03
2.942951628938317299e-03
-2.047402551397681236e-03
-3.685013623908162117e-03
-1.607475103810429573e-03
2.715881215408444405e-03
-3.757990489248186350e-04
1.284214551560580730e-03
6.412891088984906673e-04
-2.382598817348480225e-03
1.019711722619831562e-03
-1.504417043179273605e-03
3.691585152409970760e-04
1.403541304171085358e-03
-3.591771470382809639e-03
-1.879025483503937721e-03
3.553385380655527115e-03
-1.143006025813519955e-03
1.402374007739126682e-03
2.146847313269972801e-03
1.928887795656919479e-03
-2.317377220606431365e-04
4.395879223011434078e-04
-3.397716674953699112e-03
-3.843752900138497353e-03
-3.704520058818161488e-04
-1.510625006631016731e-04
2.847846597433090210e-03
-4.018287290818989277e-04
4.376635188236832619e-04
2.289305673912167549e-03
-1.550911576487123966e-03
-3.311840191599912941e-05
-1.588697312399744987e-03
-1.088355085812509060e-03
2.046886656899005175e-04
-2.555238548666238785e-03
-2.987790619954466820e-03
1.781419618055224419e-03
2.827203599736094475e-03
8.559391135349869728e-04
-1.138043007813394070e-03
-2.576772123575210571e-03
6.719221128150820732e-04
3.023353638127446175e-03
-3.428044146858155727e-04
-4.175530630163848400e-04
1.588949467986822128e-03
-7.968829013407230377e-04
-2.614578464999794960e-03
-2.000461332499980927e-03
3.487457986921072006e-03
1.695017213933169842e-03
2.836983418092131615e-03
-7.380870520137250423e-04
3.072919091209769249e-03
-2.527043689042329788e-03
-1.244755461812019348e-03
8.016102947294712067e-04
-1.568707404658198357e-03
-1.666065771132707596e-03
6.974590942263603210e-04
-1.133658341132104397e-03
1.883140997961163521e-03
3.386992961168289185e-03
-9.711317252367734909e-04
3.388068638741970062e-03
-1.466866116970777512e-03
1.398471416905522346e-03
-3.040857845917344093e-03
-2.621266059577465057e-03
2.710304688662290573e-03
-3.413282567635178566e-03
2.364379120990633965e-03
-3.811263479292392731e-03
5.552177317440509796e-04
-1.983583206310868263e-03
3.428689436987042427e-03
-6.483565666712820530e-04
-2.385472878813743591e-03
-1.449175644665956497e-03
5.022348486818373203e-04
-1.757727819494903088e-03
1.546780928038060665e-03
1.861599856056272984e-03
2.839076332747936249e-03
-3.765567671507596970e-03
-3.376730019226670265e-03
1.777333382051438093e-04
-3.379024099558591843e-03
-3.827334847301244736e-03
3.894851077347993851e-03
-2.883880631998181343e-03
3.631128696724772453e-03
-3.491935320198535919e-03
-3.081476548686623573e-03
1.124752336181700230e-03
-2.167478203773498535e-03
3.025642829015851021e-03
-9.166760137304663658e-04
1.144554000347852707e-03
6.040013395249843597e-04
3.187536960467696190e-03
6.007526535540819168e-04
-3.076753113418817520e-03
2.392291324213147163e-03
-1.635668100789189339e-03
-6.852679071016609669e-04
8.266730583272874355e-05
3.464457346126437187e-03
-4.691412323154509068e-04
1.248056301847100258e-03
-2.772645791992545128e-03
3.542611375451087952e-03
2.609234943520277739e-04
1.751012285239994526e-03
-1.625793287530541420e-03
1.170471659861505032e-03
1.258755102753639221e-03
1.481133396737277508e-03
-1.166199566796422005e-03
-1.860202872194349766e-03
9.082098840735852718e-04
-2.853836165741086006e-03
1.477148151025176048e-03
