-1.738903345540165901e-03
7.274757372215390205e-04
-2.850601449608802795e-03
1.217534998431801796e-03
-2.393373055383563042e-03
-1.585235120728611946e-03
-1.671309699304401875e-03
2.271544421091675758e-03
8.079705294221639633e-04
-3.061517374590039253e-03
-2.698116295505315065e-04
-1.973515027202665806e-04
1.513764611445367336e-03
-2.119729062542319298e-03
-1.657638349570333958e-03
2.864881651476025581e-03
-1.596122398041188717e-03
-2.802870701998472214e-03
1.818546559661626816e-03
2.945005660876631737e-03
-2.036899328231811523e-03
2.421252662315964699e-03
1.334198983386158943e-03
-1.391994534060359001e-03
-1.093573519028723240e-03
-1.112090074457228184e-03
3.520730417221784592e-03
-3.498563775792717934e-03
2.484560012817382812e-03
2.987421583384275436e-03
1.930442987941205502e-03
-4.721431760117411613e-04
-7.246599998325109482e-04
-1.930077909491956234e-03
-3.160593099892139435e-03
-3.209523623809218407e-03
-1.621174276806414127e-03
-3.320561489090323448e-03
-2.716684481129050255e-03
5.992446094751358032e-04
1.165812020190060139e-03
-3.865710459649562836e-04
-1.126755261793732643e-03
-1.989695010706782341e-03
-2.680103993043303490e-03
8.736192248761653900e-04
6.078389196773059666e-05
-1.382494810968637466e-03
-1.284538768231868744e-03
-1.596774091012775898e-03
-3.849298460409045219e-03
-1.826781895942986012e-03
-8.126420434564352036e-04
-2.094834635499864817e-04
6.447782507166266441e-04
-3.271955996751785278e-03
1.690517645329236984e-03
-3.740645945072174072e-03
-3.286105347797274590e-03
2.484316937625408173e-03
-3.218251746147871017e-03
2.070239046588540077e-03
-2.784177893772721291e-03
1.466878456994891167e-03
-2.692555543035268784e-03
6.299471133388578892e-04
3.226279513910412788e-03
-1.035374356433749199e-03
-3.904845565557479858e-03
8.201093878597021103e-04
2.046111738309264183e-03
1.788249472156167030e-03
1.949694706127047539e-03
-2.571417251601815224e-03
2.381666796281933784e-03
-3.518291516229510307e-03
-6.903242901898920536e-04
-1.370718237012624741e-03
-1.346263336017727852e-03
2.443525241687893867e-03
-3.206386099918745458e-05
2.996872877702116966e-03
2.585024805739521980e-03
-3.454448189586400986e-03
6.858323467895388603e-04
-2.321767620742321014e-03
1.486299908719956875e-03
-2.251200843602418900e-03
-1.964059425517916679e-03
9.385190787725150585e-04
1.605193247087299824e-03
1.427495619282126427e-03
5.194218829274177551e-04
-3.517437726259231567e-03
3.016662085428833961e-03
2.120996592566370964e-03
6.002683658152818680e-04
-2.966195577755570412e-03
-1.870861393399536610e-03
-8.078380487859249115e-04
-7.306807092390954494e-04
3.808162000495940447e-05
1.348423771560192108e-03
-1.327858190052211285e-03
-8.981618448160588741e-04
-1.026554848067462444e-03
3.698557149618864059e-03
1.649567857384681702e-03
2.916829427704215050e-03
2.272528130561113358e-03
-3.670146688818931580e-03
2.744193188846111298e-04
3.276906791143119335e-04
-1.573533751070499420e-03
9.134681313298642635e-04
-1.560103148221969604e-03
3.301577642560005188e-03
-3.018596908077597618e-03
-7.409917307086288929e-04
1.674390514381229877e-03
8.705992950126528740e-04
-3.977795422542840242e-04
-6.274568731896579266e-04
-3.104208968579769135e-03
3.210403257980942726e-03
-1.347618410363793373e-03
3.131571924313902855e-03
-1.161732710897922516e-03
3.542348742485046387e-03
9.781291009858250618e-04
3.860060125589370728e-03
-2.828515134751796722e-03
3.496406134217977524e-03
-2.097519580274820328e-03
-2.121605677530169487e-03
-2.602597232908010483e-04
2.545138413552194834e-04
1.659869012655690312e-04
2.677034062799066305e-04
4.574860504362732172e-04
2.205053111538290977e-03
-1.963143469765782356e-03
2.582011511549353600e-03
3.017294919118285179e-03
-5.525281303562223911e-04
-2.963256090879440308e-03
-6.780836265534162521e-04
1.196807366795837879e-03
-5.188511204323731363e-05
1.577530521899461746e-03
2.844677772372961044e-03
-9.050770895555615425e-04
1.515124924480915070e-03
-3.573987865820527077e-03
-3.598785551730543375e-04
-2.901720348745584488e-03
-2.456592628732323647e-03
1.798586919903755188e-03
-3.582996083423495293e-03
-7.474263547919690609e-04
-1.218771794810891151e-03
-3.310834988951683044e-03
3.488563466817140579e-03
-1.929233781993389130e-03
-1.440794207155704498e-03
2.059869701042771339e-03
3.324246965348720551e-03
-1.491741393692791462e-03
-1.171446056105196476e-03
2.141499659046530724e-03
-2.733155270107090473e-04
-2.170754829421639442e-03
3.325402271002531052e-03
-1.909097190946340561e-04
3.172783879563212395e-03
7.587199215777218342e-04
3.281009383499622345e-03
-2.426808787276968360e-04
2.994649577885866165e-03
2.846254734322428703e-03
-4.024451482109725475e-04
2.893817843869328499e-03
-6.782763521187007427e-04
1.990703633055090904e-03
2.618726342916488647e-03
-2.074118936434388161e-03
-3.035854548215866089e-03
2.325343433767557144e-03
-4.000428598374128342e-04
2.439744072034955025e-03
8.702822960913181305e-04
-2.358237688895314932e-04
-8.859302033670246601e-04
6.439749267883598804e-04
3.041777061298489571e-03
-2.196083078160881996e-03
1.502822968177497387e-03
4.654876538552343845e-04
9.079850278794765472e-04
6.465780315920710564e-04
-1.730558462440967560e-03
-1.867132814368233085e-04
3.362552030012011528e-03
2.479183895047754049e-04
2.822144655510783195e-03
2.904498716816306114e-03
2.530719386413693428e-03
2.180865034461021423e-03
2.753059146925806999e-03
2.620622050017118454e-03
1.656672335229814053e-03
6.625134847126901150e-04
-1.568304374814033508e-03
2.249022945761680603e-03
-5.928564351052045822e-04
-2.061153529211878777e-03
-5.036509828642010689e-04
8.131464710459113121e-04
5.757073522545397282e-04
-2.208058023825287819e-03
1.690193457761779428e-04
2.868258394300937653e-03
-3.355839522555470467e-03
-2.312188502401113510e-03
-2.097975928336381912e-03
2.293203258886933327e-03
2.879510866478085518e-03
5.886550061404705048e-04
2.879359060898423195e-03
1.525597297586500645e-03
3.088574390858411789e-03
-1.925921882502734661e-03
2.038008999079465866e-03
-1.004069112241268158e-03
2.330490387976169586e-04
-1.518560573458671570e-03
-3.893270622938871384e-03
-2.095242962241172791e-03
-7.302567246370017529e-04
3.611594147514551878e-04
-3.174907527863979340e-03
-2.040873747318983078e-03
-2.005128888413310051e-03
3.431823570281267166e-03
1.581412972882390022e-03
3.127631789539009333e-04
4.832532140426337719e-04
-1.030106563121080399e-03
6.131986738182604313e-04
3.182654967531561852e-03
-2.725068712607026100e-03
-3.723715199157595634e-04
-3.264663973823189735e-03
5.228975205682218075e-04
1.740673207677900791e-03
-1.170939649455249310e-03
