-1.033469801768660545e-03
2.587010618299245834e-03
-1.900390780065208673e-04
-3.728547599166631699e-03
2.813355997204780579e-03
3.742264525499194860e-04
-2.179601462557911873e-03
1.204807194881141186e-03
1.141931745223701000e-03
-7.735549006611108780e-04
1.468782662414014339e-03
3.651865699794143438e-04
-2.416269388049840927e-03
-3.309428691864013672e-03
1.601869007572531700e-03
-3.789969719946384430e-03
1.313902612309902906e-04
8.115413365885615349e-04
2.023907145485281944e-03
-7.171854958869516850e-04
9.435141691938042641e-05
1.129855751059949398e-03
2.758099697530269623e-03
-1.698415726423263550e-03
-1.872212742455303669e-04
-8.077642996795475483e-04
2.642930019646883011e-03
-1.307624159380793571e-03
-2.567501273006200790e-03
-2.946656662970781326e-03
-3.615990979596972466e-03
3.438506042584776878e-03
-3.626790829002857208e-03
-3.128781216219067574e-03
-1.722672022879123688e-03
-8.775593014433979988e-04
2.470553386956453323e-03
2.778454916551709175e-03
2.740149851888418198e-03
-1.624663593247532845e-03
-2.709988737478852272e-03
1.391360885463654995e-03
-2.531583188101649284e-03
2.002554712817072868e-03
1.312127104029059410e-03
2.047060290351510048e-03
-3.527081804350018501e-03
1.295084366574883461e-03
3.797790734097361565e-03
-2.749205741565674543e-04
2.976481569930911064e-03
-4.837297601625323296e-04
-8.445001003565266728e-05
-3.477300284430384636e-03
2.557023661211133003e-03
-1.629565609619021416e-03
-1.169007504358887672e-03
-1.355223939754068851e-03
7.042945944704115391e-04
1.773209776729345322e-03
3.165224101394414902e-03
-2.193095162510871887e-03
3.418770851567387581e-03
2.234305284218862653e-04
7.412583800032734871e-04
3.190739953424781561e-04
-1.225556479766964912e-03
1.433992641977965832e-03
-1.867811661213636398e-03
1.364494557492434978e-03
-1.589201390743255615e-03
-1.056514331139624119e-03
6.099531892687082291e-04
-3.388785757124423981e-03
-1.889869919978082180e-03
-2.101070713251829147e-03
5.605025799013674259e-04
2.183634933317080140e-04
-2.279640873894095421e-03
7.001576595939695835e-04
-1.387808239087462425e-03
9.867832995951175690e-04
-3.384496551007032394e-03
2.026321366429328918e-03
2.185650402680039406e-03
3.103666473180055618e-03
1.951022772118449211e-03
-2.028951887041330338e-03
4.343543259892612696e-04
-2.544844988733530045e-03
-3.650017781183123589e-03
-3.217262215912342072e-03
-5.700968322344124317e-04
-3.518338082358241081e-03
1.498606987297534943e-03
-3.460998414084315300e-03
2.554815495386719704e-03
-3.476479789242148399e-03
-3.731899487320333719e-04
8.450432214885950089e-04
-1.640263246372342110e-03
-5.823447136208415031e-04
-1.406054710969328880e-03
-3.020900767296552658e-03
6.248921999940648675e-05
2.472984604537487030e-03
-7.727527408860623837e-04
-6.608925759792327881e-04
-3.075477201491594315e-03
-2.350202761590480804e-03
-1.698325155302882195e-03
2.021946245804429054e-03
2.702928322833031416e-04
-1.413396908901631832e-03
3.263161052018404007e-03
6.300357053987681866e-04
3.155981190502643585e-03
-2.647118410095572472e-03
1.129247597418725491e-03
-2.936822129413485527e-03
1.482299412600696087e-03
-2.463582204654812813e-03
4.596693906933069229e-04
6.824984448030591011e-04
2.128677209839224815e-03
-2.464253047946840525e-04
-3.498674603179097176e-03
-1.154245692305266857e-03
3.878712886944413185e-03
-2.811277983710169792e-03
-6.158545147627592087e-04
2.480116672813892365e-03
2.419155556708574295e-03
2.018725266680121422e-03
3.843148937448859215e-03
1.470960676670074463e-03
-1.112951664254069328e-03
-1.682214089669287205e-03
-4.295019316487014294e-04
3.334343666210770607e-03
-2.982341684401035309e-03
1.019079471006989479e-03
2.486273879185318947e-03
2.811962622217833996e-04
3.410022705793380737e-03
1.971000339835882187e-03
3.349904669448733330e-03
-1.088573626475408673e-04
-5.186352645978331566e-04
-1.645855256356298923e-03
3.425383474677801132e-03
-2.278263680636882782e-03
-2.113519702106714249e-03
1.298340270295739174e-03
-1.590333995409309864e-03
-9.687811252661049366e-04
1.075029140338301659e-03
3.225615480914711952e-03
-2.810236299410462379e-03
2.252407575724646449e-04
-8.618356077931821346e-04
2.920399187132716179e-03
-1.064211246557533741e-03
-6.771373446099460125e-04
-2.387382555752992630e-03
1.898340065963566303e-03
-1.172970281913876534e-03
2.415039110928773880e-03
1.667228993028402328e-03
2.282004803419113159e-03
-3.237110795453190804e-03
-1.320486189797520638e-03
-1.599251292645931244e-03
4.533636383712291718e-04
-7.219397230073809624e-04
-2.468067687004804611e-03
1.673247199505567551e-03
3.638068214058876038e-03
-5.084174335934221745e-04
-1.679120352491736412e-03
-7.871314883232116699e-04
6.379314581863582134e-04
4.312076780479401350e-04
2.302587265148758888e-03
-1.191570539958775043e-03
-2.553642261773347855e-04
1.234139665029942989e-03
2.320147119462490082e-03
-1.512643764726817608e-03
7.429018733091652393e-04
-3.486168570816516876e-03
-2.314939629286527634e-03
1.940784160979092121e-03
6.846356554888188839e-04
-3.308709245175123215e-03
-3.854069858789443970e-03
-3.527977271005511284e-03
-2.433742163702845573e-03
-3.092114115133881569e-03
3.266441868618130684e-03
3.206889596185646951e-05
-6.137810996733605862e-04
-3.404590766876935959e-03
3.098736982792615891e-03
2.988731255754828453e-03
1.730789314024150372e-03
-6.491221138276159763e-04
7.199393585324287415e-04
-3.296362236142158508e-03
3.322874195873737335e-03
-3.305315040051937103e-03
-1.458555343560874462e-03
2.316450234502553940e-03
-7.780526648275554180e-04
-1.261256169527769089e-03
-5.651555256918072701e-04
-3.793077077716588974e-03
2.857734449207782745e-03
-1.314472174271941185e-03
-2.844000002369284630e-03
-9.834654629230499268e-04
-2.632457530125975609e-03
2.872779266908764839e-03
-1.503264298662543297e-03
3.453782701399177313e-04
-1.662319642491638660e-03
-5.414593033492565155e-04
-1.256861141882836819e-03
-2.957199001684784889e-03
9.276125929318368435e-04
-3.104458795860409737e-03
-2.647328888997435570e-03
2.291205106303095818e-03
-7.955003529787063599e-04
1.516558113507926464e-03
-3.726680297404527664e-03
6.895531550981104374e-04
1.048696343787014484e-03
-3.722374793142080307e-03
4.519064386840909719e-04
-6.345239817164838314e-04
-3.842180827632546425e-03
5.549344932660460472e-04
3.027169499546289444e-03
3.345306729897856712e-03
-3.877546172589063644e-03
2.797109540551900864e-03
-2.589873271062970161e-03
1.711378921754658222e-03
-3.359994385391473770e-03
-3.582781413570046425e-03
-2.623987384140491486e-04
-1.072397455573081970e-03
2.449802355840802193e-03
1.383147435262799263e-03
2.353670424781739712e-04
