-1.131348617491312325e-04
1.143347588367760181e-03
3.813821589574217796e-03
2.779466565698385239e-03
-3.057004883885383606e-03
-1.304567209444940090e-03
-3.463818226009607315e-03
1.423453941242769361e-04
-7.575906929560005665e-04
6.374365766532719135e-04
-3.877126146107912064e-04
7.416862645186483860e-04
1.295552123337984085e-03
-1.594248897163197398e-04
-7.486552349291741848e-04
1.889929408207535744e-04
7.929455605335533619e-04
3.391432343050837517e-03
6.006338517181575298e-04
-2.176195150241255760e-03
-2.182872267439961433e-03
3.288511885330080986e-03
-1.459852675907313824e-03
3.603675868362188339e-03
-5.822012899443507195e-04
2.494322368875145912e-03
1.883478835225105286e-03
3.685470437631011009e-04
-2.356314333155751228e-03
-2.404085593298077583e-03
2.805425785481929779e-03
6.029673968441784382e-04
-1.442961278371512890e-03
-3.401126712560653687e-03
2.936471486464142799e-03
-1.425676513463258743e-03
2.242876216769218445e-03
3.202235791832208633e-03
-1.198233454488217831e-03
3.345385426655411720e-03
1.081493566744029522e-03
-2.565295901149511337e-03
1.928012352436780930e-03
3.953861305490136147e-04
-1.561216311529278755e-03
-1.765484106726944447e-03
-2.338836668059229851e-03
-1.618269307073205709e-04
2.741320757195353508e-03
-3.705445560626685619e-04
1.601040014065802097e-03
-1.536143943667411804e-03
-3.433500882238149643e-03
-3.120834007859230042e-03
-3.832231042906641960e-03
-3.784887492656707764e-03
1.635530352359637618e-04
-2.070272330456646159e-06
1.294932328164577484e-03
-2.632855670526623726e-03
2.715757582336664200e-03
-3.661482129245996475e-03
1.117722364142537117e-03
3.583916928619146347e-03
-5.834867624798789620e-05
3.204811830073595047e-03
-1.674950122833251953e-03
2.712182700634002686e-03
-2.292781602591276169e-03
-4.266479518264532089e-04
-2.911794581450521946e-04
-1.902717398479580879e-03
3.641569055616855621e-03
3.859255521092563868e-04
-1.257626805454492569e-03
-2.507131546735763550e-03
1.482521416619420052e-03
-5.309681291691958904e-04
-2.664946019649505615e-03
-3.045690478757023811e-03
4.551241290755569935e-04
-2.405754523351788521e-03
-3.676808904856443405e-03
2.094047609716653824e-03
8.308883989229798317e-04
-2.270318509545177221e-04
7.597732474096119404e-04
-1.315320376306772232e-03
-3.162566106766462326e-03
-1.812916947528719902e-03
1.309308456256985664e-03
-7.602972618769854307e-05
1.757537364028394222e-03
-1.755924080498516560e-03
3.795146010816097260e-03
1.169076131191104650e-04
1.133846817538142204e-03
-1.994404476135969162e-03
-3.379119094461202621e-03
2.732866210862994194e-03
2.324624685570597649e-03
1.180919120088219643e-03
2.774508437141776085e-03
1.608754158951342106e-03
2.552906516939401627e-03
-2.807280514389276505e-03
3.254841081798076630e-03
-3.433927893638610840e-03
1.926629774970933795e-04
-1.460500410757958889e-03
2.855320461094379425e-03
-3.697838867083191872e-03
-2.690200461074709892e-03
3.693599952384829521e-03
2.953286282718181610e-03
1.220658188685774803e-03
2.353764837607741356e-03
2.373951021581888199e-03
-2.870656084269285202e-03
2.628656337037682533e-03
-2.884108980651944876e-04
3.902886295691132545e-03
-3.639952978119254112e-03
8.464804850518703461e-04
-1.707229996100068092e-03
2.530334517359733582e-03
3.450676100328564644e-03
-2.165668644011020660e-03
3.328530292492359877e-04
-2.088690642267465591e-03
1.795130199752748013e-03
1.937545835971832275e-03
-9.106458164751529694e-04
-1.207546680234372616e-03
3.582147881388664246e-03
-2.193853491917252541e-03
2.659620251506567001e-03
-1.305743237026035786e-03
-1.529620261862874031e-03
2.477344358339905739e-03
1.064253621734678745e-03
-2.307596616446971893e-03
-5.492063355632126331e-04
-2.995711052790284157e-03
-2.893612487241625786e-03
1.498624915257096291e-03
-2.553894883021712303e-03
-1.850401051342487335e-03
-1.536755356937646866e-03
-2.409277483820915222e-03
2.754769520834088326e-03
2.036840654909610748e-03
-2.169551560655236244e-03
6.333139026537537575e-04
-6.495647830888628960e-04
1.674293656833469868e-03
-3.130949335172772408e-03
-3.203504253178834915e-03
1.500511076301336288e-03
4.415620060171931982e-04
-2.076223725453019142e-03
-1.373024308122694492e-03
3.766582347452640533e-03
3.591095563024282455e-03
-1.170378178358078003e-03
-1.088761840946972370e-03
-3.006699727848172188e-03
-3.291906556114554405e-03
1.452225144021213055e-03
-1.427031122148036957e-03
-1.048034609993919730e-04
-3.765866393223404884e-03
2.920569619163870811e-03
-2.882483648136258125e-03
2.982525620609521866e-03
3.608732018619775772e-03
1.485881395637989044e-03
1.336007117060944438e-04
1.182006089948117733e-03
-3.111496800556778908e-03
-6.107550580054521561e-04
-3.628454869613051414e-03
1.626720768399536610e-03
-2.040399238467216492e-03
2.745724050328135490e-03
-1.783060492016375065e-03
2.827163785696029663e-03
-5.514735239557921886e-04
-5.036125658079981804e-04
3.693806705996394157e-03
-2.285025548189878464e-03
-8.909773896448314190e-04
4.547295975498855114e-04
-3.565852297469973564e-03
-2.611168893054127693e-04
-2.276780549436807632e-03
1.053395913913846016e-03
-1.238371711224317551e-03
1.106473617255687714e-03
5.562938749790191650e-04
1.161315478384494781e-03
-3.882820485159754753e-03
-1.609173021279275417e-03
4.514171450864523649e-04
-7.414785068249329925e-05
2.703976118937134743e-03
1.040233182720839977e-03
-1.073842169716954231e-03
2.628655405715107918e-03
3.311282955110073090e-03
-5.566651234403252602e-04
-8.782371878623962402e-04
-1.749475137330591679e-03
2.667804248631000519e-03
2.392972528468817472e-04
-1.092680031433701515e-03
-2.646093955263495445e-03
-1.235463772900402546e-03
-2.219382440671324730e-03
-4.236705717630684376e-04
2.045477041974663734e-03
-2.747732913121581078e-03
2.858748193830251694e-03
3.767298534512519836e-03
2.759246854111552238e-03
1.545937149785459042e-03
1.664172275923192501e-03
1.732894917950034142e-03
2.229884732514619827e-03
-2.409515669569373131e-03
1.539385848445817828e-04
1.019657705910503864e-03
1.002557924948632717e-03
-8.894731872715055943e-04
-3.800535108894109726e-03
-6.068003131076693535e-04
1.907531055621802807e-03
8.754004375077784061e-04
-3.728912677615880966e-03
3.747362410649657249e-03
2.599256986286491156e-04
1.958507113158702850e-03
3.202110528945922852e-03
3.662618808448314667e-03
3.164827125146985054e-03
-2.274364698678255081e-03
-4.608443123288452625e-04
-1.516829710453748703e-03
3.548264736309647560e-03
3.869733540341258049e-03
1.156329177320003510e-03
1.751740463078022003e-03
-7.986093405634164810e-04
-1.633993379073217511e-04
2.837093546986579895e-03
-2.525579184293746948e-03
