-2.662135753780603409e-03
1.473995973356068134e-03
2.725220052525401115e-03
3.170319134369492531e-03
2.741063944995403290e-03
-1.357963192276656628e-03
-3.232684393879026175e-04
3.731601173058152199e-03
8.727175300009548664e-04
2.486104844138026237e-03
2.819213550537824631e-03
2.984845312312245369e-03
-2.626188565045595169e-03
-8.256466826424002647e-04
2.854633843526244164e-03
-1.753536169417202473e-03
8.089268230833113194e-04
-5.441338289529085159e-04
2.265750197693705559e-03
-6.483485922217369080e-04
2.323491964489221573e-03
-2.904891036450862885e-03
-1.230692956596612930e-03
1.674487721174955368e-03
5.771201103925704956e-04
-2.630540169775485992e-03
-1.870127627626061440e-03
-3.833346767351031303e-03
-2.966275438666343689e-03
-3.499464131891727448e-03
1.337594585493206978e-03
-2.510709920898079872e-03
9.371597552672028542e-04
-3.254565643146634102e-03
3.630044171586632729e-03
-2.293925732374191284e-03
-1.139683172368677333e-05
-3.328975290060043335e-03
3.278573974967002869e-03
-3.682730952277779579e-03
-3.611728083342313766e-03
1.798581564798951149e-03
1.888535771286115050e-04
-2.482772804796695709e-03
5.475802463479340076e-04
1.837534364312887192e-03
2.277676016092300415e-03
-5.069389007985591888e-04
-2.860508626326918602e-03
-1.822342397645115852e-03
-6.995990406721830368e-04
-1.671794307185336947e-04
-1.447128946892917156e-03
-2.926514483988285065e-03
-2.031837648246437311e-04
-1.971766119822859764e-03
2.082767197862267494e-03
2.069320529699325562e-03
-2.341159386560320854e-03
2.630593720823526382e-03
-2.731870627030730247e-04
2.742647426202893257e-03
-7.067582919262349606e-04
-2.697879681363701820e-03
-3.315665060654282570e-03
1.735641038976609707e-03
-4.472387081477791071e-04
-3.053458174690604210e-03
3.423070593271404505e-04
-3.141022752970457077e-03
2.277448540553450584e-03
2.515838248655200005e-03
3.167375223711133003e-03
-1.141208485933020711e-06
-3.126725787296891212e-03
-1.375611987896263599e-03
-2.285699825733900070e-03
2.853104146197438240e-03
2.001097425818443298e-03
-8.443773840554058552e-04
-1.104910857975482941e-03
1.169453607872128487e-03
4.932114388793706894e-04
-2.234827261418104172e-03
6.292369216680526733e-04
2.656374592334032059e-03
3.438624844420701265e-04
-1.682988251559436321e-03
2.131498651579022408e-03
-2.880283398553729057e-03
-1.084033283405005932e-03
-2.087646164000034332e-03
-1.572030829265713692e-03
-6.833535735495388508e-04
-3.841645317152142525e-03
-1.535644056275486946e-03
2.527686592657119036e-04
-1.956277992576360703e-03
-2.748920815065503120e-03
2.592169679701328278e-03
2.576309721916913986e-03
-2.223852556198835373e-03
-1.698588021099567413e-03
1.398129388689994812e-03
-1.578741124831140041e-03
-2.851875964552164078e-03
1.989439595490694046e-03
-1.638187444768846035e-03
-1.614392735064029694e-03
2.926185494288802147e-03
1.687955045781563967e-05
7.689664926147088408e-05
-1.611181884072721004e-03
-2.400459023192524910e-03
-2.945034066215157509e-03
1.549278851598501205e-03
-1.084950286895036697e-03
2.687759115360677242e-04
-2.173977205529808998e-03
1.353775383904576302e-03
3.652582177892327309e-03
5.133376689627766609e-04
2.960006939247250557e-03
-2.454909736115951091e-05
2.507258439436554909e-03
-2.827901858836412430e-03
-1.251000212505459785e-03
2.781786490231752396e-03
3.151032142341136932e-03
-2.941215410828590393e-03
-3.050390630960464478e-03
1.660674228332936764e-03
1.690002100076526403e-04
-2.583381021395325661e-03
-5.170537624508142471e-04
-3.313230816274881363e-03
5.791754228994250298e-04
3.140918910503387451e-03
-1.967496005818247795e-03
-1.088212244212627411e-03
-2.178201684728264809e-03
4.118168362765572965e-05
-3.557779593393206596e-03
-3.645366523414850235e-03
6.290146848186850548e-04
-8.624987676739692688e-04
3.626436227932572365e-03
3.596689319238066673e-03
-2.145630074664950371e-03
-5.543017177842557430e-04
1.817973097786307335e-03
2.028505317866802216e-03
-1.943353447131812572e-03
1.308424398303031921e-04
9.475207480136305094e-05
2.235153224319219589e-03
2.911345334723591805e-03
-1.206938759423792362e-03
-1.032540341839194298e-03
-1.388361444696784019e-03
-2.214173087850213051e-03
-2.991746412590146065e-03
8.526949095539748669e-04
3.147163428366184235e-03
-3.308083862066268921e-03
-2.100677229464054108e-03
-3.209082176908850670e-03
4.889281117357313633e-04
3.634787863120436668e-03
-3.852920839563012123e-03
1.705172704532742500e-03
3.742133034393191338e-03
-1.876024296507239342e-03
-2.212219173088669777e-03
-3.203719388693571091e-03
1.091084093786776066e-03
2.086146734654903412e-03
-2.543919021263718605e-03
3.293465357273817062e-03
1.803878694772720337e-03
-3.212298965081572533e-03
1.810471178032457829e-03
-3.322987584397196770e-03
3.724622074514627457e-03
1.208932138979434967e-03
-4.546173295238986611e-05
-1.416816530763753690e-06
1.241909805685281754e-03
6.618273328058421612e-04
1.371174934320151806e-03
1.030871062539517879e-03
-2.227467717602849007e-03
-7.164140115492045879e-04
-2.029419876635074615e-03
2.499204594641923904e-03
7.507405098294839263e-05
2.217303030192852020e-03
2.408464060863479972e-04
1.448464114218950272e-03
-2.854402875527739525e-03
9.873551316559314728e-04
-2.050511306151747704e-03
1.473757787607610226e-03
2.140761062037199736e-04
1.430682459613308311e-04
2.001552376896142960e-03
-1.617857720702886581e-03
3.447479335591197014e-03
-1.804255298338830471e-03
3.624561242759227753e-03
3.377964952960610390e-03
3.433842444792389870e-03
-3.484281478449702263e-03
2.958307974040508270e-03
-4.167380975559353828e-04
-7.747499039396643639e-04
1.160804647952318192e-03
-3.045244375243782997e-03
3.712207777425646782e-03
-1.950816600583493710e-03
1.508684712462127209e-03
-3.038404509425163269e-03
-1.022864133119583130e-03
-2.704536309465765953e-03
1.240109791979193687e-03
-2.171739004552364349e-03
-1.921127295645419508e-05
-9.431510115973651409e-04
4.052819567732512951e-04
-3.582099452614784241e-03
-1.170175499282777309e-03
2.920815255492925644e-03
2.608575625345110893e-03
-2.763652708381414413e-03
-1.097043277695775032e-03
-2.899628598242998123e-03
1.416689716279506683e-03
1.256844843737781048e-03
2.936630044132471085e-03
2.590196905657649040e-03
3.284121630713343620e-03
1.587165170349180698e-03
3.540966659784317017e-03
-3.616034286096692085e-03
-1.957159256562590599e-03
-2.226235577836632729e-03
-1.200143597088754177e-03
-3.851788118481636047e-03
-1.385871320962905884e-03
-5.080644623376429081e-04
-2.301562781212851405e-04
-1.935650827363133430e-03
2.320698462426662445e-03
-1.113737467676401138e-03
3.223335836082696915e-03
-2.825753996148705482e-03
