2.601743442937731743e-03
-7.803433109074831009e-04
-3.654214786365628242e-03
-2.604179084300994873e-03
2.007880248129367828e-03
-3.091537393629550934e-03
-3.403052687644958496e-03
-5.665058270096778870e-04
-2.001882996410131454e-03
7.881248020566999912e-04
1.539544784463942051e-03
-1.066263881511986256e-03
2.597365295514464378e-03
-3.947011427953839302e-04
1.150189782492816448e-03
1.816122210584580898e-03
2.561117289587855339e-03
-3.523383755236864090e-03
-2.539693377912044525e-04
2.538283588364720345e-04
3.831582143902778625e-03
2.746178302913904190e-03
-2.936209319159388542e-03
3.654527477920055389e-03
-1.456453697755932808e-03
-1.875581569038331509e-03
1.450581039534881711e-04
2.234614454209804535e-03
-3.287388011813163757e-03
1.151270233094692230e-03
-2.636212622746825218e-03
-3.311459207907319069e-03
-1.799833378754556179e-03
3.359516151249408722e-03
3.853076603263616562e-03
1.656971639022231102e-03
-2.664906787686049938e-04
-2.973460592329502106e-03
1.003534125629812479e-04
5.081479903310537338e-04
7.885146769694983959e-04
3.582054283469915390e-03
-3.154058707877993584e-03
4.723260644823312759e-04
-2.499687951058149338e-03
-9.430322097614407539e-04
7.817008008714765310e-05
-1.426011673174798489e-03
-6.211569998413324356e-04
4.967910936102271080e-04
2.104707062244415283e-03
-1.048331730999052525e-03
1.784678664989769459e-03
-1.724072615616023540e-03
2.295450940437149256e-05
3.196405712515115738e-03
-1.310209045186638832e-03
3.772965865209698677e-03
6.116586737334728241e-04
-1.518259174190461636e-03
-3.223740030080080032e-03
3.398466622456908226e-03
-1.996000530198216438e-03
-2.332935575395822525e-03
-1.251590903848409653e-03
-1.395960338413715363e-03
7.041736535029485822e-05
-2.971800975501537323e-03
1.823542639613151550e-03
-3.122899215668439865e-03
1.742746826494112611e-04
-3.355610417202115059e-03
3.486430738121271133e-03
-2.358150668442249298e-03
8.407252025790512562e-04
-1.901209237985312939e-03
-3.109291719738394022e-04
1.811343245208263397e-03
3.781406674534082413e-03
2.663351828232407570e-03
-2.154565416276454926e-03
3.238226287066936493e-03
-1.123540685512125492e-03
1.753923133946955204e-03
2.367227338254451752e-03
1.509802066721022129e-03
4.468591359909623861e-04
-2.358985075261443853e-04
1.902071562653873116e-05
-2.392025926383212209e-04
-1.314046210609376431e-03
2.345584332942962646e-03
7.002350175753235817e-04
-1.623822608962655067e-03
2.590247429907321930e-03
-1.176643418148159981e-03
8.235696004703640938e-04
-1.367181772366166115e-03
2.404436701908707619e-03
2.605080837383866310e-03
1.902524614706635475e-03
1.664282899582758546e-04
-3.497725119814276695e-03
-6.665100227110087872e-04
-9.868135675787925720e-04
8.811615407466888428e-04
-6.730874883942306042e-04
2.879226114600896835e-03
-3.640855662524700165e-03
1.962685026228427887e-03
-2.646314445883035660e-03
2.592372940853238106e-03
3.610410960391163826e-03
3.062169300392270088e-03
-2.829457167536020279e-03
-2.960081037599593401e-04
1.140467356890439987e-03
1.519368845038115978e-03
-1.074844622053205967e-03
2.859595231711864471e-03
8.396686171181499958e-04
-3.592470893636345863e-03
-2.508778823539614677e-03
-2.117595169693231583e-03
-1.029152306728065014e-03
-2.040980150923132896e-03
3.234237665310502052e-03
-2.176110167056322098e-03
-1.269631204195320606e-03
-1.447709626518189907e-03
8.848783909343183041e-04
-3.490236820653080940e-03
-4.050342831760644913e-04
3.116840263828635216e-03
-1.301547628827393055e-03
3.721176646649837494e-03
1.724199508316814899e-03
3.348764264956116676e-03
-8.165779290720820427e-04
2.878795377910137177e-03
-1.963540911674499512e-03
6.044151377864181995e-04
-2.241367707028985023e-03
2.637754427269101143e-03
-1.563447061926126480e-03
1.569377374835312366e-03
-5.049985702498815954e-05
1.859761541709303856e-03
2.026998554356396198e-04
1.717387349344789982e-03
-2.314752433449029922e-03
-2.348422305658459663e-03
1.196558005176484585e-03
-1.835096627473831177e-03
-1.353465369902551174e-03
2.152727218344807625e-03
-1.747224945574998856e-03
-3.571206005290150642e-03
-3.802780760452151299e-03
3.036194015294313431e-03
-3.025406040251255035e-03
3.080645808950066566e-03
-3.208631183952093124e-03
3.230015980079770088e-03
3.089361125603318214e-03
1.068956218659877777e-03
-2.333788899704813957e-03
-2.653486095368862152e-03
-2.184418030083179474e-03
-2.223810413852334023e-03
9.853758911049226299e-07
1.975857885554432869e-03
2.799800422508269548e-04
-8.737679454497992992e-04
-1.234898900293046609e-05
-2.381657948717474937e-03
3.538455348461866379e-03
6.158120231702923775e-04
3.848966211080551147e-03
-3.194923338014632463e-04
3.523011459037661552e-03
3.328260499984025955e-03
-3.060357412323355675e-03
-1.207411754876375198e-03
1.205291948281228542e-03
1.504388055764138699e-03
2.475851797498762608e-04
-1.597315073013305664e-03
-1.264355611056089401e-03
1.024818047881126404e-03
-2.653997158631682396e-03
-7.029523258097469807e-04
4.832048725802451372e-04
2.125725382938981056e-03
-1.474088523536920547e-03
-1.788174267858266830e-03
1.842347206547856331e-03
2.520240377634763718e-03
2.496384317055344582e-03
1.439762301743030548e-03
1.596704125404357910e-03
1.236825250089168549e-03
2.602285007014870644e-03
2.124066464602947235e-03
1.383619150146842003e-03
3.651329083368182182e-03
-1.804439700208604336e-03
-2.206299686804413795e-03
6.463180761784315109e-04
1.808463275665417314e-04
-1.266107778064906597e-03
3.406516974791884422e-03
6.441307486966252327e-04
-1.643568975850939751e-03
2.889766357839107513e-03
-1.137890722020529211e-04
1.676511019468307495e-03
3.045270917937159538e-03
-9.267026907764375210e-04
1.989712938666343689e-03
1.217417884618043900e-03
1.793967327103018761e-03
-3.025605343282222748e-03
2.634677570313215256e-03
-1.694115228019654751e-03
1.092924852855503559e-03
3.770061070099473000e-03
-4.832927079405635595e-04
1.959851011633872986e-03
2.889460185542702675e-03
-2.656140597537159920e-03
-1.612418564036488533e-03
3.386782947927713394e-03
-1.918566180393099785e-03
-2.373506780713796616e-03
3.645061224233359098e-04
5.790088907815515995e-04
2.859463682398200035e-03
2.229353412985801697e-03
1.634330721572041512e-03
-3.277234733104705811e-03
-3.667570417746901512e-03
2.473981119692325592e-03
-3.655926091596484184e-03
2.759692724794149399e-03
-3.450879827141761780e-03
-2.018753875745460391e-04
-7.373373955488204956e-04
-2.793606603518128395e-03
6.704778061248362064e-04
-1.399142201989889145e-03
-1.972559257410466671e-04
2.843021182343363762e-03
-2.590275544207543135e-04
2.465396188199520111e-03
3.725759917870163918e-03
