2.324905013665556908e-03
-9.619028423912823200e-04
-1.555415337861631997e-06
2.007642993703484535e-03
-2.735416928771883249e-04
-2.549568889662623405e-03
-1.721488777548074722e-03
-1.990264048799872398e-03
-4.214726504869759083e-04
-1.874119770945981145e-04
3.590392647311091423e-03
2.604574197903275490e-03
8.715211879462003708e-04
-3.526436630636453629e-04
1.341698109172284603e-03
2.206755336374044418e-03
2.089621732011437416e-03
-1.293613342568278313e-03
-9.073336841538548470e-04
-7.511115400120615959e-04
2.496163360774517059e-03
-1.611817569937556982e-04
-3.529897658154368401e-03
-2.618179656565189362e-03
-1.751923933625221252e-03
-1.284228637814521790e-03
-1.225179759785532951e-03
-1.296012662351131439e-03
1.482338993810117245e-03
6.161092314869165421e-04
-1.232132897712290287e-03
-2.839844441041350365e-03
9.381285635754466057e-04
2.064695116132497787e-03
-2.599053084850311279e-03
1.973226666450500488e-03
1.365073490887880325e-03
1.424855785444378853e-03
-1.996198436245322227e-03
-1.510942238382995129e-03
-1.684858143562451005e-04
2.783143660053610802e-03
2.756677335128188133e-03
-1.249228254891932011e-03
-1.732699456624686718e-03
-1.300956355407834053e-03
-3.143845824524760246e-03
-2.559216227382421494e-03
-1.644612057134509087e-03
-3.556139767169952393e-03
-3.535295138135552406e-03
1.169183640740811825e-03
1.986321527510881424e-03
-2.225095959147438407e-04
3.169557312503457069e-04
-2.117776311933994293e-03
1.214028103277087212e-03
-9.939990704879164696e-04
-5.897409864701330662e-04
-4.396858857944607735e-04
1.448454800993204117e-03
-1.897341571748256683e-03
-2.596766920760273933e-03
-1.943996059708297253e-03
1.253114198334515095e-03
-3.281134180724620819e-03
3.731003263965249062e-03
-2.402972895652055740e-03
-1.234179828315973282e-03
-3.842740785330533981e-03
-1.028212835080921650e-03
-1.013113535009324551e-03
-8.216109708882868290e-04
-2.615836448967456818e-03
1.527362735942006111e-03
1.893975968414451927e-05
3.455659680184908211e-05
3.456386271864175797e-03
-2.182042924687266350e-03
-1.817086158553138375e-04
-2.954975003376603127e-03
-7.570767775177955627e-04
2.879999577999114990e-03
3.193780081346631050e-03
-2.254925901070237160e-03
5.106391035951673985e-04
2.103523118421435356e-03
4.360057355370372534e-04
3.234518924728035927e-03
-1.873269909992814064e-03
-2.722815610468387604e-03
2.860261825844645500e-03
1.956256572157144547e-03
3.881472861394286156e-03
7.312872330658137798e-04
-3.296079346910119057e-03
5.674390704371035099e-04
-1.266460632905364037e-03
-3.716463455930352211e-03
2.751324092969298363e-03
-3.732330864295363426e-03
-2.551998244598507881e-03
-4.802188486792147160e-04
1.820080215111374855e-03
1.134842867031693459e-03
1.762459636665880680e-03
2.143361140042543411e-03
1.091118669137358665e-03
3.630968742072582245e-03
-1.290820655412971973e-03
-1.089442812371999025e-04
1.204280648380517960e-03
5.749785923399031162e-04
9.770538890734314919e-04
-1.149062998592853546e-03
1.765113440342247486e-03
1.660256530158221722e-03
-7.786562200635671616e-04
-2.107496839016675949e-03
1.042311196215450764e-03
-1.844343263655900955e-03
-3.771146060898900032e-03
-1.232016133144497871e-03
-3.379414789378643036e-03
2.885573310777544975e-03
-2.374179428443312645e-03
2.940655940619762987e-05
-3.348350757732987404e-03
-2.723637968301773071e-03
-1.671354548307135701e-04
1.456282567232847214e-03
1.645453739911317825e-03
9.512701071798801422e-04
-3.820633282884955406e-03
2.180587500333786011e-03
5.202017491683363914e-04
-1.821719924919307232e-03
2.322223270311951637e-03
-7.732849917374551296e-04
-8.770574640948325396e-05
-1.043402589857578278e-03
1.652833423577249050e-03
-2.671665512025356293e-03
2.789413789287209511e-03
-1.923998235724866390e-03
-6.658787024207413197e-04
-3.389252349734306335e-03
-3.364103613421320915e-03
-3.609112463891506195e-03
-2.232905477285385132e-03
1.096249325200915337e-04
-3.695437684655189514e-03
3.229604801163077354e-03
-1.818451681174337864e-03
-3.500820836052298546e-03
2.654721029102802277e-03
-2.906423062086105347e-03
1.019968767650425434e-03
2.576001919806003571e-03
2.147165127098560333e-03
3.514580195769667625e-03
2.315081655979156494e-03
-2.773779677227139473e-03
1.267925836145877838e-03
2.291580429300665855e-03
-1.554067363031208515e-03
-2.876395126804709435e-03
-7.241463172249495983e-04
-1.943644456332549453e-04
-1.444924389943480492e-03
3.473474644124507904e-03
-2.392187714576721191e-03
3.513587173074483871e-03
1.617235364392399788e-03
-3.141429508104920387e-03
-2.922622952610254288e-03
9.319584933109581470e-04
1.806004205718636513e-03
-1.673261635005474091e-03
1.062913914211094379e-03
3.337652189657092094e-03
2.998290583491325378e-03
1.145592657849192619e-03
-8.796949405223131180e-04
1.262412639334797859e-03
2.742022508755326271e-03
4.747769853565841913e-04
2.362802624702453613e-03
-3.171956399455666542e-03
-4.310044459998607635e-05
2.375402953475713730e-03
1.425378606654703617e-03
-2.774495631456375122e-03
-9.949312079697847366e-04
2.782056340947747231e-03
-3.692278405651450157e-03
-3.626744437497109175e-04
6.670657894574105740e-04
-6.809316982980817556e-05
-1.535168034024536610e-03
-3.744483226910233498e-03
2.099210629239678383e-03
4.530607839114964008e-04
-3.843412036076188087e-03
5.251120892353355885e-04
-3.007814055308699608e-03
-2.537388820201158524e-03
-1.778929494321346283e-03
2.341888466617092490e-05
-5.924102151766419411e-04
1.553820911794900894e-03
1.883391989395022392e-03
-3.473914926871657372e-03
3.202288644388318062e-03
2.540889196097850800e-03
-3.701250243466347456e-04
6.346462178044021130e-04
2.526422729715704918e-03
2.456361195072531700e-03
1.220434438437223434e-03
-9.287103894166648388e-04
-2.887468785047531128e-03
2.238247310742735863e-03
-2.808686811476945877e-03
-1.910392602439969778e-04
-1.712923287414014339e-03
-1.373686478473246098e-03
3.090921789407730103e-03
-1.610673149116337299e-03
-3.867191495373845100e-03
-2.784218871966004372e-03
-3.887658007442951202e-03
3.064412157982587814e-03
2.769374288618564606e-03
1.998090185225009918e-03
2.026007743552327156e-03
-3.399851033464074135e-03
2.726161386817693710e-03
-1.575839123688638210e-03
1.589581603184342384e-03
3.856974886730313301e-03
2.400781027972698212e-03
1.742420368827879429e-03
-3.162579378113150597e-03
-1.280000316910445690e-03
6.045355694368481636e-04
-3.025377634912729263e-03
-1.128742354921996593e-03
8.312268764711916447e-04
2.832230820786207914e-04
-3.897238057106733322e-03
-1.450927113182842731e-03
-2.512323204427957535e-03
-2.206873381510376930e-03
3.575534792616963387e-03
-2.472622320055961609e-03
