-2.552140969783067703e-03
-5.450833705253899097e-04
-1.172362710349261761e-03
1.346340286545455456e-03
-2.522543072700500488e-04
3.599958727136254311e-03
-1.324206357821822166e-03
9.227410773746669292e-04
2.672129077836871147e-03
1.373820123262703419e-03
-1.105402261600829661e-04
-1.730362419039011002e-03
-6.520891329273581505e-04
1.254142494872212410e-03
-3.733150660991668701e-03
3.319059032946825027e-03
-9.372054482810199261e-04
3.717266721650958061e-03
-1.228330773301422596e-03
-2.328436356037855148e-03
3.380761016160249710e-03
8.078730315901339054e-04
-2.358361147344112396e-03
-3.175155026838183403e-03
-2.894066739827394485e-03
-3.158248960971832275e-03
-3.262727288529276848e-03
-1.745218876749277115e-03
5.423643742688000202e-04
2.927635563537478447e-03
-2.427739324048161507e-03
2.119213109835982323e-03
-5.984854578855447471e-05
1.835392671637237072e-03
-1.838696916820481420e-04
-1.634644577279686928e-04
-3.639362519606947899e-03
2.519401721656322479e-03
2.970104338601231575e-03
3.300120588392019272e-03
1.830878667533397675e-03
2.375771757215261459e-03
-1.568556530401110649e-03
1.533649279735982418e-03
6.255764164961874485e-04
1.385876967106014490e-04
1.247829641215503216e-03
-3.036327892914414406e-03
-2.593332668766379356e-03
-7.651617634110152721e-04
2.471982967108488083e-03
2.107568318024277687e-03
3.722614375874400139e-03
1.866407692432403564e-03
5.368040292523801327e-04
-5.904712597839534283e-04
-1.265389029867947102e-03
1.131855649873614311e-03
-1.197115518152713776e-03
1.160544226877391338e-03
3.075563581660389900e-03
-1.991993980482220650e-03
-3.166256705299019814e-03
3.779209451749920845e-03
-3.843153826892375946e-03
-1.786433393135666847e-03
-3.826552769169211388e-03
3.178526647388935089e-03
1.388119417242705822e-03
3.507676068693399429e-03
-2.712511690333485603e-03
-6.909604417160153389e-04
-4.035155870951712132e-04
2.739949384704232216e-03
1.565490383654832840e-03
1.369976554997265339e-03
1.615373534150421619e-03
3.031260799616575241e-03
-1.432377146556973457e-03
-2.222792012616991997e-03
3.187197260558605194e-03
-2.987470477819442749e-03
2.080256585031747818e-03
3.336027264595031738e-03
-1.789763104170560837e-03
-1.364405616186559200e-03
1.617669244296848774e-03
2.016635145992040634e-03
2.100313780829310417e-03
2.094400580972433090e-03
-1.941878872457891703e-04
1.074706320650875568e-03
3.143967827782034874e-03
3.143444657325744629e-03
1.098755863495171070e-03
7.811358664184808731e-04
-7.675602682866156101e-04
-1.211564405821263790e-03
-5.108250479679554701e-05
-1.009511994197964668e-03
-7.293423404917120934e-04
-1.654456136748194695e-04
-1.541348290629684925e-03
7.402685005217790604e-04
3.162516746670007706e-03
-1.706906943581998348e-03
-1.328786718659102917e-03
2.245242707431316376e-03
1.366335083730518818e-03
-3.221963997930288315e-03
-2.592085162177681923e-03
-2.610012423247098923e-03
1.801432343199849129e-03
2.825918840244412422e-03
-2.867538481950759888e-03
-2.240821486338973045e-03
8.231186657212674618e-04
8.530559134669601917e-04
3.427136689424514771e-03
-1.226796070113778114e-03
-1.726240036077797413e-03
-1.793813076801598072e-03
-1.916864566737785935e-04
2.711741952225565910e-03
-2.143827499821782112e-03
1.982863526791334152e-03
1.842620084062218666e-03
-2.430170541629195213e-03
-1.579457311891019344e-03
-1.402890309691429138e-03
3.072072518989443779e-03
-3.623874159529805183e-03
1.667181379161775112e-03
2.223697956651449203e-03
-1.417278661392629147e-03
-3.371066180989146233e-03
9.141434566117823124e-04
-2.099837874993681908e-03
-2.527292585000395775e-03
1.906573073938488960e-03
3.356767818331718445e-03
3.110411809757351875e-03
-7.102102390490472317e-04
3.039969364181160927e-03
2.642283216118812561e-03
-1.602241303771734238e-03
-3.218750702217221260e-03
3.650885540992021561e-03
-1.202040002681314945e-03
-1.880517578683793545e-03
-1.802981714718043804e-03
-1.343748881481587887e-03
-9.443573071621358395e-04
9.668249404057860374e-04
2.247686730697751045e-03
2.506703138351440430e-03
-3.072278108447790146e-03
-3.128538141027092934e-03
2.233078237622976303e-03
-7.893382571637630463e-04
2.143625402823090553e-03
1.604025252163410187e-03
-5.007662111893296242e-04
6.819973350502550602e-04
2.682464895769953728e-03
-8.035259088501334190e-04
2.842743182554841042e-03
3.937924338970333338e-04
-2.571401884779334068e-03
-1.790012029232457280e-04
-3.626112826168537140e-03
2.378933131694793701e-03
-2.000251086428761482e-03
1.057791407220065594e-03
-2.779309172183275223e-03
1.106309122405946255e-03
3.565284190699458122e-03
-2.762712538242340088e-04
2.777616260573267937e-03
-3.660426707938313484e-03
1.233372022397816181e-03
3.165401052683591843e-03
-3.693408565595746040e-03
-7.159794331528246403e-04
-3.210512688383460045e-03
-3.036989830434322357e-03
-3.322642529383301735e-03
3.299116389825940132e-03
-2.632068470120429993e-03
-1.704523107036948204e-03
3.571295412257313728e-03
-2.895730314776301384e-03
-1.264765625819563866e-03
8.021917892619967461e-04
4.742829187307506800e-04
-9.795469231903553009e-04
-1.820338511606678367e-04
1.087390119209885597e-03
-1.141756889410316944e-03
5.916756927035748959e-04
1.916344335768371820e-04
1.153574790805578232e-03
-1.612460589967668056e-03
1.633484964258968830e-03
2.919727470725774765e-03
-1.639032270759344101e-03
1.782197854481637478e-03
-1.238859957084059715e-03
-3.323818556964397430e-03
-1.579648233018815517e-03
-1.536357100121676922e-03
-2.781384857371449471e-03
-3.034829627722501755e-03
-2.916558296419680119e-04
3.307131119072437286e-03
-2.752865198999643326e-03
-1.323860953561961651e-03
-2.969160908833146095e-03
-2.434290945529937744e-03
-4.726242332253605127e-04
-9.281103848479688168e-05
1.572675537317991257e-03
-7.899128104327246547e-05
-1.100389519706368446e-03
2.805265597999095917e-03
3.659680078271776438e-04
-2.747014164924621582e-03
2.507759956642985344e-03
-4.115399206057190895e-04
2.538568340241909027e-03
3.038592170923948288e-03
-2.058008918538689613e-03
2.426713239401578903e-03
-3.016645787283778191e-03
-9.660123032517731190e-04
2.190149389207363129e-03
3.249822184443473816e-04
3.363284049555659294e-03
-3.207704983651638031e-03
3.770744195207953453e-03
2.264329697936773300e-03
2.248852048069238663e-03
1.027235062792897224e-03
1.296779606491327286e-03
-2.819315530359745026e-03
1.115651451982557774e-03
-1.665348303504288197e-03
-2.118909033015370369e-03
2.343811094760894775e-03
-4.026265523862093687e-04
-1.478805439546704292e-03
2.730738488025963306e-04
2.626456553116440773e-03
-3.811647766269743443e-04
-2.141485922038555145e-03
-3.901265561580657959e-03
