2.125968458130955696e-03
-2.889398252591490746e-03
-4.150288878008723259e-04
2.288591116666793823e-03
9.579173638485372066e-05
3.247131593525409698e-03
2.546121133491396904e-03
3.641654737293720245e-03
1.934550004079937935e-03
-2.392584690824151039e-03
6.875827675685286522e-04
2.793651539832353592e-03
1.752381795085966587e-03
5.002747057005763054e-04
-9.081738244276493788e-05
-3.433559089899063110e-03
4.182218690402805805e-04
-2.159439027309417725e-03
-2.194809028878808022e-03
-2.770941006019711494e-03
-3.897808957844972610e-03
1.770261442288756371e-03
2.596058882772922516e-03
1.966195646673440933e-03
3.159022191539406776e-03
2.824305091053247452e-03
2.376698423177003860e-03
-2.789442893117666245e-03
-1.658095512539148331e-03
2.570762066170573235e-03
-2.343721454963088036e-03
7.896159077063202858e-04
2.097997814416885376e-03
-2.147788880392909050e-03
2.105284947901964188e-03
-4.038253682665526867e-04
-9.159288601949810982e-04
-3.749274415895342827e-03
-1.729711220832541585e-04
3.631237894296646118e-03
1.035106834024190903e-03
-2.512704813852906227e-04
-4.017488754470832646e-05
-1.203102990984916687e-03
2.175796544179320335e-03
4.118841316085308790e-04
-3.798777237534523010e-03
3.048959886655211449e-03
1.839175471104681492e-03
1.623265794478356838e-03
6.491176318377256393e-04
-2.337665529921650887e-03
8.871895843185484409e-04
-1.566159189678728580e-03
-3.623932367190718651e-03
-2.668879693374037743e-03
9.863240411505103111e-04
-2.971383219119161367e-05
8.616871200501918793e-04
2.870913827791810036e-03
-3.198413178324699402e-03
-3.356030676513910294e-03
7.617498049512505531e-04
3.702496411278843880e-03
3.706226125359535217e-03
2.651839284226298332e-03
-2.335778204724192619e-03
-2.150187967345118523e-03
1.881619566120207310e-03
-1.152241835370659828e-03
-1.033408116200007498e-04
7.251458591781556606e-04
8.513708598911762238e-04
-2.456396352499723434e-03
9.116104338318109512e-04
2.202143659815192223e-03
-1.067610573954880238e-03
4.654715012293308973e-04
3.609571838751435280e-03
1.545772422105073929e-03
1.319032162427902222e-04
3.821198595687747002e-03
3.359799273312091827e-03
-9.319815435446798801e-04
-1.151774078607559204e-03
-2.843374677468091249e-04
3.036683192476630211e-03
-4.293653182685375214e-04
-8.181495650205761194e-05
1.553239417262375355e-03
2.740323252510279417e-04
1.356450608000159264e-03
-3.223340725526213646e-03
-2.663290128111839294e-03
-1.701339962892234325e-03
3.372933017089962959e-03
1.238198601640760899e-03
7.180778775364160538e-04
1.369618461467325687e-03
1.002836506813764572e-03
-2.594913356006145477e-03
3.682336071506142616e-03
-3.226253436878323555e-03
-1.769652008078992367e-03
3.480244195088744164e-03
-2.763085067272186279e-03
2.342262538149952888e-03
6.912648677825927734e-04
2.734363079071044922e-03
3.398370463401079178e-03
-3.065872937440872192e-03
-3.105338895693421364e-03
-3.003736492246389389e-03
-3.258487675338983536e-03
3.033080371096730232e-03
1.589990803040564060e-03
2.927559893578290939e-03
9.154035360552370548e-04
3.822179976850748062e-03
-6.684011896140873432e-04
-3.689888864755630493e-03
1.950531615875661373e-03
-3.817768767476081848e-03
3.810147289186716080e-03
4.520782385952770710e-05
-3.218177473172545433e-03
-3.160595661029219627e-03
9.595916490070521832e-04
3.788239089772105217e-03
-3.012606466654688120e-04
-2.201334340497851372e-03
-1.205137348733842373e-03
-1.664785668253898621e-03
-2.936669392511248589e-03
2.740429714322090149e-03
-3.612018423154950142e-03
1.697263214737176895e-03
1.286758226342499256e-03
-4.190315667074173689e-05
-5.243979394435882568e-04
2.774839755147695541e-03
-7.680974667891860008e-04
-4.097297278349287808e-05
2.431588945910334587e-03
3.020038362592458725e-03
-3.647468052804470062e-03
3.037595422938466072e-03
-3.739173291251063347e-03
-2.477439120411872864e-03
8.139100391417741776e-04
-1.246939064003527164e-04
-1.693923026323318481e-03
1.352569554001092911e-03
-4.707849002443253994e-04
-1.848771818913519382e-03
2.433949121041223407e-04
1.181393163278698921e-03
1.874179346486926079e-03
-1.631275517866015434e-03
2.019347448367625475e-04
-3.062171395868062973e-03
2.809908241033554077e-03
3.117260755971074104e-03
-2.902786945924162865e-03
1.386718708090484142e-03
-2.617801073938608170e-04
1.889536855742335320e-03
5.635278066620230675e-04
-4.156663781031966209e-04
1.829941407777369022e-03
-2.085509710013866425e-03
2.198528731241822243e-03
3.857532748952507973e-03
-3.122108755633234978e-03
-2.382316160947084427e-03
8.449773304164409637e-05
2.572350902482867241e-03
3.557425690814852715e-03
-3.412894438952207565e-03
-1.041091978549957275e-03
3.816966200247406960e-04
-3.292066976428031921e-03
-8.124971645884215832e-04
-7.126342970877885818e-04
-1.919515198096632957e-03
-2.580965403467416763e-03
2.561996225267648697e-03
1.676469808444380760e-03
1.570835476741194725e-03
3.665532218292355537e-03
2.475463086739182472e-03
2.817817963659763336e-03
-1.972169149667024612e-03
1.598790637217462063e-03
-2.185801859013736248e-04
3.869549604132771492e-03
2.899044193327426910e-03
-1.514428411610424519e-03
1.441063825041055679e-03
1.165598281659185886e-03
2.736218506470322609e-03
3.638072230387479067e-04
3.609428531490266323e-04
8.162729209288954735e-04
5.862850957782939076e-05
-3.869143547490239143e-04
-1.705441973172128201e-03
3.466206369921565056e-03
-1.685951487161219120e-03
-2.796193584799766541e-03
-1.211143913678824902e-03
1.841787365265190601e-03
-5.703404895029962063e-04
4.256855754647403955e-04
-1.072785118594765663e-03
-4.795432323589920998e-04
3.243511309847235680e-03
-1.941755530424416065e-03
-7.262145663844421506e-05
-6.173398578539490700e-04
2.019342966377735138e-03
-1.643655588850378990e-03
-2.238682471215724945e-03
3.465916495770215988e-03
-1.943041570484638214e-03
-1.788379391655325890e-03
3.468207782134413719e-03
-1.764836633810773492e-04
-2.893969649448990822e-03
3.260089782997965813e-03
-3.198563354089856148e-03
-6.938282167539000511e-04
2.032319316640496254e-03
5.243927007541060448e-04
2.651889342814683914e-03
3.401555819436907768e-03
-3.157441504299640656e-03
2.252241363748908043e-03
7.439943146891891956e-05
3.598300740122795105e-03
2.800794900394976139e-04
1.758475787937641144e-03
-2.499399241060018539e-03
2.567521762102842331e-03
-4.603793495334684849e-04
1.676009618677198887e-03
2.134421840310096741e-03
-1.116190222091972828e-03
-1.425399794243276119e-03
2.834653481841087341e-03
-7.610330358147621155e-04
-5.561346188187599182e-04
-2.830057172104716301e-03
-3.515178395900875330e-04
-1.127143390476703644e-03
1.673177932389080524e-03
