3.026368794962763786e-03
-3.787883615586906672e-04
-2.438346855342388153e-03
3.825646999757736921e-04
-3.933881816919893026e-05
2.616762649267911911e-03
1.371354446746408939e-03
-3.836924210190773010e-03
3.165411762893199921e-03
-2.891732146963477135e-03
1.164528192020952702e-03
-9.020389406941831112e-04
2.597878454253077507e-03
1.966913696378469467e-03
2.172554377466440201e-03
-3.281173063442111015e-03
-2.719607204198837280e-03
2.903249347582459450e-03
-2.253549406304955482e-03
2.616946585476398468e-03
-3.581314813345670700e-03
-2.896635094657540321e-03
-2.318314509466290474e-03
-2.933306852355599403e-03
1.320140552707016468e-03
-3.546925028786063194e-03
3.132929326966404915e-03
2.860621549189090729e-03
-3.002060810104012489e-03
6.647075060755014420e-04
-2.561328234151005745e-03
2.363220555707812309e-03
-9.107756777666509151e-04
1.556635834276676178e-03
-1.617317204363644123e-03
-3.695432795211672783e-03
2.627283800393342972e-03
-2.737583825364708900e-03
1.457679201848804951e-03
6.221666117198765278e-04
3.335936053190380335e-04
1.241687103174626827e-03
-3.477058140560984612e-03
3.526294371113181114e-03
3.134365193545818329e-03
1.070827827788889408e-03
-3.532989881932735443e-03
-1.260338816791772842e-03
-1.948786666616797447e-03
2.088887384161353111e-03
-2.067037392407655716e-03
3.903805045410990715e-03
-3.896230598911643028e-03
2.403823891654610634e-03
2.489143749698996544e-03
3.494094358757138252e-03
5.979253546684049070e-05
1.096009626053273678e-03
-2.910158131271600723e-03
2.775667933747172356e-03
-3.803090658038854599e-03
-3.740491112694144249e-03
1.609766506589949131e-03
2.381144091486930847e-03
6.741544930264353752e-04
2.791663864627480507e-03
7.873314898461103439e-04
-1.797950710169970989e-03
2.071871655061841011e-03
-1.768335001543164253e-03
-6.538826855830848217e-04
2.076722448691725731e-03
2.812761580571532249e-03
9.902413003146648407e-04
-3.141969209536910057e-04
-2.706388477236032486e-03
-3.633550368249416351e-03
-3.172850469127297401e-03
-8.327795512741431594e-05
-3.485381137579679489e-03
-3.414435544982552528e-03
-2.790285507217049599e-03
-1.378535525873303413e-03
-3.417967353016138077e-03
2.414802089333534241e-03
-1.214699936099350452e-03
3.945902062696404755e-05
1.010017469525337219e-03
-2.176178153604269028e-03
-1.122500048950314522e-03
1.941596739925444126e-03
2.741480013355612755e-03
9.717632201500236988e-04
-3.105498151853680611e-03
3.831163048744201660e-04
-3.491906449198722839e-03
9.433849481865763664e-04
-3.689983859658241272e-03
3.452306380495429039e-03
-2.915958873927593231e-03
5.360418581403791904e-04
2.414610236883163452e-03
1.386829186230897903e-03
-2.799767302349209785e-03
9.152858401648700237e-04
-7.874319562688469887e-04
3.477273043245077133e-03
-1.797129632905125618e-03
-2.341114217415452003e-03
-2.959377830848097801e-03
-1.376984291709959507e-03
2.027903217822313309e-03
-1.289278385229408741e-03
-3.356593661010265350e-03
-1.503051724284887314e-03
-1.260628574527800083e-03
-3.461723099462687969e-05
3.766108304262161255e-03
1.841981080360710621e-03
2.870091004297137260e-03
8.983275038190186024e-04
3.565361024811863899e-03
-2.359783044084906578e-03
4.048694972880184650e-04
-1.637190347537398338e-03
2.114326227456331253e-03
-2.770423307083547115e-04
3.122657304629683495e-03
-2.552697900682687759e-03
-1.435685553587973118e-03
-1.977474428713321686e-03
-2.298088365932926536e-04
-3.493670374155044556e-04
1.908204867504537106e-03
-1.074819592759013176e-03
-5.160546861588954926e-04
9.868486085906624794e-04
-1.423271722160279751e-03
2.316830214112997055e-03
8.417322533205151558e-04
1.176416662929113954e-05
-3.085266333073377609e-03
-3.402497153729200363e-03
-2.673301612958312035e-03
-2.394059440121054649e-03
2.257821848616003990e-03
2.365626161918044090e-03
-2.284370595589280128e-03
-2.701326506212353706e-03
2.970621688291430473e-03
-2.607434056699275970e-03
-1.774001750163733959e-03
-2.254767809063196182e-03
3.841283032670617104e-03
6.899357540532946587e-04
3.303403966128826141e-03
-3.151330864056944847e-03
3.134249942377209663e-03
-2.433048794046044350e-03
3.422195557504892349e-03
1.028248225338757038e-03
-1.385489576932741329e-05
1.187024536193348467e-04
-2.340636681765317917e-03
5.951765342615544796e-04
2.386055886745452881e-03
1.484616775996983051e-03
1.306119374930858612e-03
2.364645944908261299e-03
8.102705469354987144e-04
3.982777416240423918e-04
-2.074273070320487022e-03
1.040613511577248573e-03
-3.662493545562028885e-03
-3.435785183683037758e-03
6.637132610194385052e-04
-1.417391031282022595e-04
2.802975242957472801e-03
3.893011016771197319e-03
-2.568461233749985695e-03
3.535148920491337776e-03
-2.155805239453911781e-03
3.330583567731082439e-04
3.755094483494758606e-03
1.206303481012582779e-03
-3.886166960000991821e-03
1.354601001366972923e-03
1.706377137452363968e-03
3.367141471244394779e-04
-1.852622954174876213e-03
-7.618900854140520096e-04
-2.422587247565388680e-03
-2.351297531276941299e-03
-2.449824940413236618e-03
-2.649033674970269203e-03
1.955758780241012573e-03
-2.734113950282335281e-03
-1.260740449652075768e-03
1.668472425080835819e-03
-3.019485389813780785e-03
-1.236019772477447987e-03
-1.187375281006097794e-03
-6.823532748967409134e-04
-2.534558996558189392e-03
-4.510844009928405285e-04
-2.639445301610976458e-04
3.891434520483016968e-03
-1.325061894021928310e-03
-2.434744732454419136e-03
2.902351552620530128e-03
3.826912725344300270e-03
3.111116529908031225e-04
9.302786784246563911e-04
1.666995463892817497e-03
-2.611874835565686226e-03
3.634579945355653763e-03
-3.548358799889683723e-03
-1.748534385114908218e-03
2.068108180537819862e-03
3.662721253931522369e-03
7.227426976896822453e-04
-1.023983815684914589e-03
2.337079029530286789e-03
-2.420474076643586159e-03
-2.869002521038055420e-03
-2.895015059038996696e-03
2.264075912535190582e-03
4.297500709071755409e-04
-2.033728873357176781e-03
-2.126142382621765137e-03
-1.102266905945725739e-04
6.834675441496074200e-04
-2.361750695854425430e-03
3.795388038270175457e-04
2.280012937262654305e-03
-6.082027684897184372e-04
-2.215442014858126640e-03
1.850933622336015105e-04
-2.439378877170383930e-04
-3.312636632472276688e-03
3.414003411307930946e-03
2.457466442137956619e-03
-2.110171597450971603e-03
-2.147388877347111702e-03
-2.411717083305120468e-03
-1.491719740442931652e-03
3.275191644206643105e-03
-2.959714271128177643e-03
3.599390620365738869e-03
-1.836232142522931099e-03
-3.184268251061439514e-03
-3.228100482374429703e-03
1.826553605496883392e-03
-1.429671887308359146e-03
-2.952574286609888077e-03
3.845497965812683105e-03
