-3.599168965592980385e-03
-1.109695760533213615e-03
2.575958613306283951e-03
6.226361147128045559e-04
-1.020804862491786480e-03
-2.094937954097986221e-03
1.471009454689919949e-04
-3.247474320232868195e-03
8.307856041938066483e-04
-1.801391830667853355e-03
2.908016787841916084e-03
-3.737160703167319298e-03
2.937878016382455826e-03
-3.860372584313154221e-03
-1.932364888489246368e-03
3.038771916180849075e-03
1.117848558351397514e-03
2.382509643211960793e-03
-1.008972292765974998e-03
-2.665658714249730110e-03
-2.044925931841135025e-03
-2.547811891417950392e-04
-2.086387714371085167e-03
-1.183817745186388493e-03
-1.149868709035217762e-03
4.968514549545943737e-04
2.354714088141918182e-03
-2.380121964961290359e-03
-3.719006199389696121e-04
2.981914905831217766e-03
-1.521067460998892784e-03
2.331295516341924667e-03
2.871900098398327827e-03
-2.634292235597968102e-03
6.223500822670757771e-04
1.006197766400873661e-03
1.184385968372225761e-03
-8.787895203568041325e-04
3.290227381512522697e-03
-3.800365375354886055e-03
2.245081122964620590e-03
-2.200195565819740295e-03
-2.841572510078549385e-03
1.373267150484025478e-04
7.864584913477301598e-04
1.606742385774850845e-03
3.712961217388510704e-03
-3.689119359478354454e-03
-1.434239675290882587e-03
2.531956881284713745e-03
-7.256576209329068661e-04
3.694074926897883415e-03
3.395821433514356613e-03
-8.388398564420640469e-04
3.008875530213117599e-03
3.453496377915143967e-03
-4.688820336014032364e-04
-1.094853723770938814e-04
7.764569600112736225e-04
3.344991244375705719e-03
1.187519053928554058e-03
2.468297956511378288e-03
-3.551854053512215614e-03
4.816027940250933170e-04
-7.407917291857302189e-04
-1.898746937513351440e-03
2.900527557358145714e-03
-1.019725576043128967e-03
3.384536132216453552e-03
-2.020253334194421768e-03
9.982944466173648834e-04
-2.669358393177390099e-03
2.469321945682168007e-03
-3.857684554532170296e-03
-3.112704958766698837e-03
1.564992708154022694e-03
-1.550603774376213551e-04
-7.819265592843294144e-04
-2.857808023691177368e-03
7.540047517977654934e-04
-3.560774726793169975e-03
-3.398003056645393372e-03
-2.932800911366939545e-03
9.889320936053991318e-04
-3.461554646492004395e-03
8.003399125300347805e-04
-9.211045107804238796e-04
-1.079711131751537323e-03
2.932681702077388763e-03
-1.349438913166522980e-03
-1.632859464734792709e-03
2.787043340504169464e-03
2.466939855366945267e-03
1.500048441812396049e-03
-2.786386758089065552e-03
2.745722187682986259e-03
-3.002653596922755241e-03
-5.035627982579171658e-04
3.078104928135871887e-03
2.846583491191267967e-03
1.759165432304143906e-03
-5.581209552474319935e-04
-2.813118044286966324e-03
-2.994533861055970192e-03
-1.282280310988426208e-03
-1.024498342303559184e-04
-1.572837500134482980e-04
1.201041624881327152e-03
3.506873967126011848e-03
3.487792564556002617e-03
-7.415933650918304920e-04
-9.664316166890785098e-05
2.371019683778285980e-03
2.991416724398732185e-03
2.586363581940531731e-03
1.151289208792150021e-03
2.577605890110135078e-03
5.664068157784640789e-04
1.387265394441783428e-03
1.384868985041975975e-03
-3.274512710049748421e-03
2.855715109035372734e-03
-1.069696387276053429e-03
-2.290890086442232132e-03
-4.922135267406702042e-04
3.673353698104619980e-03
-3.086307784542441368e-03
-1.183112617582082748e-03
1.547094900161027908e-03
3.812209237366914749e-03
-8.933261269703507423e-04
2.768444595858454704e-03
1.281616277992725372e-03
-3.523880848661065102e-03
1.082812203094363213e-03
5.647588986903429031e-04
-3.696109168231487274e-03
1.100652851164340973e-03
-3.646186087280511856e-03
-2.222776412963867188e-03
-1.407641684636473656e-03
-3.707114839926362038e-03
-3.080283990129828453e-03
7.075464818626642227e-04
2.436756622046232224e-03
-3.566335886716842651e-03
-2.448001876473426819e-03
2.438538474962115288e-03
8.060609106905758381e-04
-2.977909520268440247e-03
2.631349954754114151e-03
-1.442622975446283817e-03
-3.076799213886260986e-03
8.595019462518393993e-04
-1.285267528146505356e-03
-2.599797677248716354e-03
3.004986559972167015e-03
1.387236756272614002e-03
7.570505258627235889e-04
-1.395570696331560612e-03
-2.018711529672145844e-03
-2.506725722923874855e-03
2.603085245937108994e-03
6.142625934444367886e-04
3.837281838059425354e-04
-1.320480019785463810e-03
1.653758925385773182e-03
1.417409395799040794e-03
-3.778845071792602539e-03
3.309585852548480034e-03
1.894516637548804283e-03
-1.891545369289815426e-03
5.870333407074213028e-04
-1.579246832989156246e-03
3.659077920019626617e-03
1.682167407125234604e-03
-3.511583199724555016e-03
-3.503720217850059271e-04
-7.968944264575839043e-04
3.168395254760980606e-03
-3.613858716562390327e-03
-2.745992969721555710e-03
2.738374518230557442e-03
-3.187247784808278084e-03
2.528606913983821869e-03
2.376241842284798622e-03
3.664048621430993080e-03
-3.674889216199517250e-03
-2.306755864992737770e-03
6.677685887552797794e-04
-2.528565470129251480e-03
2.641271334141492844e-03
2.722918055951595306e-03
-3.314096713438630104e-03
-8.456046925857663155e-04
2.639101585373282433e-03
-3.397120861336588860e-03
-7.152936886996030807e-04
6.599846528843045235e-05
3.496103221550583839e-03
-5.803954554721713066e-04
-3.838568693026900291e-03
2.340375911444425583e-03
1.569002750329673290e-03
-1.850446802563965321e-03
-2.243022900074720383e-03
-1.736975042149424553e-03
-1.685613679001107812e-04
-1.479471917264163494e-03
-5.858329823240637779e-04
-2.814610023051500320e-03
1.923859701491892338e-03
3.805597079917788506e-03
-1.169089577160775661e-03
5.526569439098238945e-04
-3.385495161637663841e-03
8.394028409384191036e-04
1.490195980295538902e-03
2.774866297841072083e-03
-3.541258862242102623e-03
3.443353343755006790e-03
3.006957238540053368e-03
-7.041963544907048345e-05
-8.410522132180631161e-04
8.453071350231766701e-04
-2.582645043730735779e-03
3.693898033816367388e-04
-3.223334904760122299e-03
2.864858368411660194e-03
3.206876805052161217e-03
-3.816126380115747452e-03
-3.158841980621218681e-03
-7.882307399995625019e-04
3.595036920160055161e-03
3.804642707109451294e-03
-3.702656133100390434e-03
-2.268708776682615280e-03
-2.199632115662097931e-03
-3.840032266452908516e-03
-2.178582872147671878e-05
1.323792501352727413e-03
-9.575760923326015472e-04
3.421610686928033829e-03
-3.123976988717913628e-03
-2.735558431595563889e-03
-4.536790947895497084e-04
4.970508161932229996e-04
2.582012675702571869e-03
-1.666875323280692101e-03
-1.915775006636977196e-03
-3.729967633262276649e-03
-8.891277830116450787e-04
-3.260474186390638351e-04
-7.419786415994167328e-04
-4.498276975937187672e-04
3.168940776959061623e-03
