-2.094937372021377087e-04
-3.019604773726314306e-04
-2.115978626534342766e-03
-3.723302856087684631e-03
1.307726051891222596e-05
-2.514133695513010025e-03
1.854440080933272839e-03
-2.353817224502563477e-03
-3.047081409022212029e-03
-1.895634573884308338e-03
3.485718276351690292e-03
-4.539315996225923300e-04
-2.055660588666796684e-03
-3.463547676801681519e-03
-1.769332331605255604e-03
-2.130187815055251122e-03
2.243117196485400200e-03
1.267503597773611546e-03
-2.100930316373705864e-03
4.016388265881687403e-04
-3.115442115813493729e-03
-1.578781870193779469e-03
-1.256685354746878147e-03
-1.802962855435907841e-03
2.072657225653529167e-03
-1.879585441201925278e-03
-1.783569809049367905e-03
2.218102235929109156e-05
-3.109152894467115402e-03
-3.021393436938524246e-03
1.276734656130429357e-05
6.799958646297454834e-05
3.368884325027465820e-03
-2.413214417174458504e-03
-1.520204590633511543e-03
2.747416961938142776e-03
3.310665255412459373e-03
-3.508575959131121635e-03
7.849831017665565014e-04
3.071836661547422409e-03
-3.381085349246859550e-03
-3.062850562855601311e-03
3.880800446495413780e-03
-2.797705586999654770e-03
-1.078245695680379868e-03
2.944992622360587120e-03
1.907969126477837563e-03
1.961055677384138107e-03
8.964971057139337063e-04
-3.106749209109693766e-04
1.868708874098956585e-03
1.898551126942038536e-03
6.317326915450394154e-04
2.244525123387575150e-03
-3.030408406630158424e-03
-2.874596611945889890e-05
-1.169308961834758520e-04
-7.857323507778346539e-04
1.575943664647638798e-03
3.332856809720396996e-03
-3.671259153634309769e-03
3.949703532271087170e-04
-3.134192957077175379e-04
-1.201220089569687843e-03
-3.256029682233929634e-03
3.632667474448680878e-03
3.353119129315018654e-03
8.519016409991309047e-05
9.550577960908412933e-04
2.024055691435933113e-03
-1.243415288627147675e-03
1.303258584812283516e-03
1.279664342291653156e-03
-1.685166498646140099e-03
-2.648369641974568367e-03
-1.011968473903834820e-03
-2.596311969682574272e-03
-1.524873077869415283e-04
-2.293904777616262436e-03
1.063826493918895721e-03
-1.957340864464640617e-04
1.298757153563201427e-03
9.862595470622181892e-04
-8.216202841140329838e-04
3.909845836460590363e-03
-5.781172658316791058e-04
3.835581475868821144e-03
2.332530682906508446e-03
3.391292644664645195e-03
-1.503445790149271488e-03
2.287438372150063515e-03
-1.291006337851285934e-03
5.651167011819779873e-04
2.722031436860561371e-03
-1.358841196633875370e-03
-3.589729545637965202e-03
6.209498387761414051e-04
-3.750791074708104134e-03
-2.392360038356855512e-04
1.673348480835556984e-03
-2.396202879026532173e-03
2.734926994889974594e-03
2.713255351409316063e-03
8.423430263064801693e-04
-6.235009059309959412e-04
-2.753919688984751701e-03
2.712544286623597145e-03
-2.413027454167604446e-03
-1.225787331350147724e-03
-3.506355220451951027e-03
-1.277921721339225769e-03
3.510243957862257957e-03
3.860370488837361336e-03
-1.027286401949822903e-03
3.535333671607077122e-04
5.366706755012273788e-04
1.392882899381220341e-03
1.691828714683651924e-03
2.501777606084942818e-03
-2.764489501714706421e-03
1.274488517083227634e-03
-3.947327495552599430e-04
-5.222039180807769299e-04
-3.299740143120288849e-03
5.737768369726836681e-04
2.261395333334803581e-03
-7.694463129155337811e-04
9.200714994221925735e-04
-3.732566488906741142e-03
-3.239519894123077393e-03
-2.608793321996927261e-03
-2.835026942193508148e-03
8.724333019927144051e-05
-3.404508111998438835e-03
2.533379476517438889e-03
-5.505915032699704170e-04
3.820147132501006126e-03
3.389948746189475060e-03
-1.265269587747752666e-03
-2.822830108925700188e-03
-4.215930821374058723e-04
2.432024106383323669e-03
-1.167901646113023162e-04
-1.670024357736110687e-03
-3.216805169358849525e-03
3.106845542788505554e-03
-2.403954975306987762e-03
3.683700226247310638e-03
-1.701030414551496506e-03
3.373310668393969536e-03
-1.385280513204634190e-03
-1.334215048700571060e-04
2.579252002760767937e-03
3.776491619646549225e-03
-9.859908604994416237e-04
2.170295454561710358e-03
1.073812163667753339e-04
-8.598487474955618382e-04
-2.552374731749296188e-03
-2.570307813584804535e-03
-2.470065141096711159e-03
-3.636053064838051796e-03
-7.176244398579001427e-04
3.238206729292869568e-03
-3.201790386810898781e-04
1.436232123523950577e-03
1.527722692117094994e-03
-1.921904971823096275e-03
-2.795394975692033768e-04
-3.295037429779767990e-03
2.851861063390970230e-03
-1.191808842122554779e-03
6.786160520277917385e-04
3.380512585863471031e-03
8.560225833207368851e-04
-2.047567861154675484e-03
2.061385428532958031e-03
1.544605940580368042e-03
-3.106132382526993752e-03
1.288638304686173797e-04
-3.135685343295335770e-03
3.043440403416752815e-03
3.183047519996762276e-03
-1.177118392661213875e-03
-2.700338955037295818e-04
1.105221919715404510e-03
-5.018182564526796341e-04
-2.746821613982319832e-03
-2.140743890777230263e-04
8.635355043224990368e-04
-3.520443802699446678e-03
3.651339793577790260e-03
3.287530504167079926e-03
-3.810302587226033211e-03
7.543146493844687939e-04
-3.147351089864969254e-03
-1.177909085527062416e-03
-8.445149287581443787e-04
2.620847895741462708e-03
2.532475627958774567e-03
3.688990138471126556e-03
3.428512020036578178e-03
-2.959919162094593048e-03
-2.708111191168427467e-03
7.064797100611031055e-04
-7.275250391103327274e-04
-3.374255029484629631e-03
-3.799229161813855171e-03
-1.193606294691562653e-05
1.842956058681011200e-03
-3.637492191046476364e-03
-2.514725318178534508e-03
-8.003644179552793503e-04
-3.835805458948016167e-03
-8.134533418342471123e-04
5.553186638280749321e-04
5.902221892029047012e-04
2.975572831928730011e-03
-3.651841077953577042e-03
-1.140679116360843182e-03
3.853328060358762741e-03
-3.047991194762289524e-04
2.292938297614455223e-03
-1.130333519540727139e-03
-9.062889730557799339e-04
1.344967458862811327e-04
-1.482738298363983631e-03
-8.497626986354589462e-04
-4.524860123638063669e-04
-2.054973039776086807e-03
1.405314076691865921e-03
-7.644051220268011093e-04
3.821229794993996620e-03
-8.073028293438255787e-04
1.979888882488012314e-03
3.653490683063864708e-03
-3.433111123740673065e-03
-3.408386837691068649e-03
2.109647728502750397e-03
2.610369119793176651e-04
1.349803205812349916e-04
3.499196376651525497e-03
-1.344009942840784788e-04
-2.022027547354809940e-05
8.719641482457518578e-04
-3.221757244318723679e-03
9.609810076653957367e-04
3.361721523106098175e-03
-2.338472986593842506e-03
2.910980256274342537e-03
2.813647268339991570e-03
1.016965485177934170e-03
3.001429140567779541e-03
2.110138593707233667e-04
2.631257055327296257e-03
2.128908643499016762e-03
