-1.297410461120307446e-03
2.853452460840344429e-03
-2.610476687550544739e-03
-3.784754779189825058e-03
-2.920260885730385780e-03
1.923445262946188450e-03
3.537895623594522476e-03
2.463420387357473373e-03
-2.479884424246847630e-04
-2.799290232360363007e-03
1.921306597068905830e-03
3.750346135348081589e-03
3.106213873252272606e-03
-1.659985049627721310e-03
1.959386427188292146e-04
1.896727044368162751e-04
-7.499883067794144154e-04
-3.158000297844409943e-03
-2.681165933609008789e-03
-1.644511008635163307e-03
-1.836702693253755569e-03
3.411523939575999975e-04
-3.875121008604764938e-03
3.207440022379159927e-03
-1.930426078615710139e-04
-8.339901796716731042e-06
2.328651957213878632e-03
-2.687510335817933083e-03
-7.378232548944652081e-04
1.870381878688931465e-03
3.636084496974945068e-03
2.310062060132622719e-03
6.308203446678817272e-04
1.719061518087983131e-03
2.621392020955681801e-03
1.333487452939152718e-03
-3.400851273909211159e-03
1.090736477635800838e-03
3.363191615790128708e-03
1.167428214102983475e-03
-3.503059037029743195e-03
3.147615818306803703e-03
-8.016847423277795315e-04
2.221529139205813408e-03
-4.748188075609505177e-04
1.641848502913489938e-04
1.002439297735691071e-03
-1.447341404855251312e-03
-3.570800414308905602e-03
3.716962819453328848e-04
3.352375468239188194e-03
-9.756403160281479359e-04
2.717839088290929794e-04
2.427350264042615891e-03
-2.008337527513504028e-03
-3.144839080050587654e-03
1.547620515339076519e-03
3.271239576861262321e-03
2.689898014068603516e-03
-3.452328965067863464e-03
1.858041505329310894e-04
1.351460814476013184e-03
8.391803712584078312e-04
7.219357648864388466e-04
1.943600480444729328e-03
-2.073401119560003281e-03
2.938716672360897064e-03
-2.254339633509516716e-03
8.839469519443809986e-04
8.084360160864889622e-04
-7.446960662491619587e-04
-2.250268822535872459e-03
-2.189174992963671684e-03
2.438024617731571198e-03
-2.877414692193269730e-03
9.914811234921216965e-04
-4.285483446437865496e-04
3.678335575386881828e-03
1.640336238779127598e-03
-3.669234924018383026e-03
-1.888991682790219784e-03
3.008343745023012161e-03
4.539907677099108696e-04
8.866081043379381299e-05
-3.846406936645507812e-03
-2.087967703118920326e-03
3.097408683970570564e-03
2.207685960456728935e-03
-6.723098922520875931e-04
-1.593213295564055443e-03
2.592326374724507332e-03
3.507998539134860039e-03
1.412219484336674213e-03
-9.413777734152972698e-04
-1.309478393523022532e-04
-5.770084317191503942e-05
1.918980386108160019e-03
1.860212883912026882e-03
-9.918862488120794296e-04
-1.916683046147227287e-03
-3.141236491501331329e-03
3.648431273177266121e-03
-2.004554728046059608e-03
-2.563280053436756134e-03
4.097227356396615505e-04
3.614062443375587463e-04
3.891686908900737762e-03
-3.226516768336296082e-03
-1.230696216225624084e-03
8.206073543988168240e-04
-3.050246043130755424e-03
2.123351150657981634e-04
-2.726922044530510902e-03
-9.577040327712893486e-04
3.598179668188095093e-03
1.780291902832686901e-03
-1.121336012147367001e-03
-2.061220817267894745e-03
-3.419702406972646713e-04
-6.078593432903289795e-04
2.264957875013351440e-03
-1.566564751556143165e-04
-3.302703611552715302e-03
-2.678192453458905220e-03
2.533380640670657158e-03
-3.882644232362508774e-03
-2.514955354854464531e-03
-8.576781256124377251e-04
-2.059505553916096687e-03
-2.680380130186676979e-03
1.578494324348866940e-03
-2.417063573375344276e-03
3.762988606467843056e-03
-8.717539021745324135e-04
5.711973244615364820e-06
2.341944200452417135e-04
3.140124608762562275e-04
-3.803739557042717934e-03
5.353981759981252253e-05
-3.510174341499805450e-03
-7.685277960263192654e-04
-3.788341302424669266e-03
1.104453927837312222e-03
2.468226477503776550e-03
-3.377686021849513054e-03
-2.635753946378827095e-03
-1.957215834408998489e-03
-6.985872169025242329e-04
-4.510568687692284584e-04
-3.741089254617691040e-03
1.059168716892600060e-03
3.166180802509188652e-03
1.327372970990836620e-03
1.095277955755591393e-03
2.126000821590423584e-03
1.664910349063575268e-03
-2.378973411396145821e-03
-6.705955020152032375e-04
-1.146817230619490147e-03
-2.117188414558768272e-03
-6.707948050461709499e-04
3.810334717854857445e-03
-3.129147225990891457e-03
2.241489477455615997e-03
1.897829584777355194e-03
-2.400826662778854370e-03
2.524523762986063957e-03
1.517153927125036716e-03
-3.475610865280032158e-03
2.649012487381696701e-03
-1.776106073521077633e-03
3.374553518369793892e-03
1.001611701212823391e-03
2.242130460217595100e-03
-3.450065851211547852e-03
-3.635546891018748283e-03
2.550392644479870796e-03
2.927495632320642471e-03
1.543686026707291603e-03
-2.983672311529517174e-04
-2.872463082894682884e-03
-1.972885569557547569e-03
-2.856552833691239357e-03
3.251979942433536053e-04
-3.552224487066268921e-03
3.337587462738156319e-03
-2.177524613216519356e-03
-2.913089992944151163e-04
4.330862429924309254e-04
7.397080480586737394e-05
-2.113679656758904457e-03
-2.005090238526463509e-03
3.467357717454433441e-03
-3.169764066115021706e-03
-3.471592441201210022e-03
-3.411137731745839119e-03
1.270835986360907555e-03
3.201236715540289879e-03
3.887811210006475449e-03
-3.054939908906817436e-03
-2.784820273518562317e-03
-1.713855890557169914e-03
2.654386917129158974e-03
2.530875150114297867e-03
2.123712096363306046e-03
-2.020260551944375038e-03
-3.093558363616466522e-03
3.495456418022513390e-03
-2.741572912782430649e-03
2.352369716390967369e-03
-7.043153746053576469e-04
1.595019130036234856e-03
-3.848671680316329002e-03
-3.369732992723584175e-03
-1.598992384970188141e-03
-1.420807675458490849e-04
5.012750625610351562e-04
-3.040080191567540169e-03
1.264632563106715679e-03
1.329313497990369797e-03
2.138427924364805222e-03
3.121001180261373520e-03
3.014577087014913559e-04
-9.087144280783832073e-04
2.018255181610584259e-03
-3.908347338438034058e-03
2.621268387883901596e-03
2.385807223618030548e-03
-2.771941071841865778e-04
-2.323677297681570053e-03
1.224797917529940605e-03
5.485974252223968506e-04
2.348105888813734055e-03
1.678063301369547844e-03
2.561502624303102493e-03
-2.417646814137697220e-03
1.033988548442721367e-03
-1.902446150779724121e-03
2.151158172637224197e-03
-2.609290881082415581e-03
2.972339745610952377e-03
-2.518173772841691971e-03
-2.777905669063329697e-03
-3.627539845183491707e-03
2.237135078758001328e-03
-2.185808698413893580e-04
5.620122537948191166e-04
3.107447410002350807e-03
3.664039773866534233e-03
6.339841638691723347e-04
-2.047757850959897041e-03
-5.631610401906073093e-04
2.698435215279459953e-03
-3.679356304928660393e-03
1.476436038501560688e-03
1.202527550049126148e-03
