2.354635216761380434e-04
1.983474794542416930e-05
1.855622278526425362e-03
-1.132317353039979935e-03
2.316934755071997643e-03
-2.590047195553779602e-03
4.406171210575848818e-04
2.937747864052653313e-03
-1.032743952237069607e-03
-1.780577236786484718e-03
-1.796828000806272030e-03
-1.161896390840411186e-03
7.588720181956887245e-04
-3.803936997428536415e-03
2.080510137602686882e-03
-4.032751603517681360e-04
-3.309450985398143530e-04
-2.436904702335596085e-03
5.722603527829051018e-04
1.881045871414244175e-03
-5.677464068867266178e-04
-2.113039372488856316e-03
2.356749493628740311e-03
-2.392648253589868546e-03
-3.538724733516573906e-03
-1.803944236598908901e-03
2.722362754866480827e-03
-2.872865414246916771e-03
3.406729549169540405e-03
-3.530170302838087082e-03
-3.334924404043704271e-04
-7.730867946520447731e-04
1.595905749127268791e-03
-2.859771018847823143e-03
-3.744274144992232323e-03
-3.903091710526496172e-04
2.439248608425259590e-03
-9.396522655151784420e-04
2.219154965132474899e-03
-3.818087498075328767e-05
-1.935199019499123096e-03
3.354527289047837257e-03
-1.259685726836323738e-03
-1.904473989270627499e-03
2.167994156479835510e-03
2.452217740938067436e-03
1.783554325811564922e-03
-3.838038304820656776e-03
4.688231001637177542e-06
-2.571553923189640045e-03
3.025731304660439491e-03
-4.025340022053569555e-04
-1.417045481503009796e-03
-1.979847671464085579e-03
-1.125001814216375351e-03
-3.423860995098948479e-03
2.165594371035695076e-03
-8.091004565358161926e-04
1.017023925669491291e-03
-3.581964876502752304e-03
-2.597657730802893639e-03
-5.883005796931684017e-04
2.130500506609678268e-03
-3.203609259799122810e-03
3.705868031829595566e-03
6.041201995685696602e-04
-2.323843305930495262e-03
-1.242006779648363590e-03
-3.739621723070740700e-03
-3.360587870702147484e-03
-1.393630373058840632e-04
7.427545497193932533e-04
-1.709882752038538456e-03
-3.582866862416267395e-03
-2.607171190902590752e-03
-2.283002482727169991e-03
1.954474719241261482e-03
-2.500181086361408234e-03
3.805182932410389185e-04
-9.776334045454859734e-04
-5.747951217927038670e-04
1.707202522084116936e-03
3.126774216070771217e-03
-1.205096719786524773e-03
-3.613932523876428604e-03
3.203319152817130089e-03
-3.823701990768313408e-03
-1.699225511401891708e-03
-3.791402559727430344e-03
-4.315758415032178164e-04
3.008835017681121826e-03
-3.874027635902166367e-03
-5.073078209534287453e-04
-1.725749927572906017e-03
-1.132414210587739944e-03
3.743315115571022034e-03
1.049405895173549652e-03
-1.652590115554630756e-03
2.053080359473824501e-03
-2.119212178513407707e-03
-4.976696800440549850e-04
2.377773926127701998e-04
-2.948924433439970016e-03
1.069448655471205711e-03
-2.256637904793024063e-03
-3.410029690712690353e-03
-1.573988120071589947e-03
2.562608104199171066e-03
1.717810519039630890e-03
-3.851212328299880028e-03
3.642997471615672112e-03
-2.255368279293179512e-03
9.227291448041796684e-04
-2.615337027236819267e-03
-1.139701227657496929e-03
8.400125807384029031e-05
-7.467121467925608158e-04
4.260664572939276695e-04
3.908731974661350250e-03
-3.077723085880279541e-03
2.825458301231265068e-03
9.822779102250933647e-04
3.181054722517728806e-03
2.959271194413304329e-03
2.951313508674502373e-03
1.623140880838036537e-03
-1.329684513621032238e-03
2.208875957876443863e-03
-2.409277949482202530e-03
3.273997455835342407e-03
3.345951263327151537e-04
6.294997292570769787e-04
2.003795001655817032e-03
-1.291665539611130953e-04
2.043491462245583534e-03
-4.299348802305757999e-04
1.624246477149426937e-03
-1.795457908883690834e-03
-1.588987186551094055e-03
2.840073429979383945e-04
2.456638496369123459e-03
3.677864558994770050e-03
-1.661310554482042789e-03
-2.972633810713887215e-04
-2.759208437055349350e-03
3.868489526212215424e-03
-2.434582165733445436e-05
3.628874197602272034e-03
-7.491572177968919277e-04
-3.014023823197931051e-04
8.112477371469140053e-04
6.987210945226252079e-04
3.174216486513614655e-03
1.138624851591885090e-03
2.608684124425053596e-03
-1.332239626208320260e-04
2.217618981376290321e-03
-3.693650010973215103e-03
-3.101759590208530426e-03
-6.824955926276743412e-04
-6.507614743895828724e-04
-1.919684815220534801e-03
1.385087525704875588e-04
-1.958295935764908791e-03
2.910438226535916328e-03
1.044402131810784340e-03
-3.156939521431922913e-03
-2.764075063169002533e-03
3.690963378176093102e-03
8.114379597827792168e-04
2.341695129871368408e-03
-4.476690664887428284e-04
-6.859439308755099773e-04
2.218025969341397285e-03
3.531855763867497444e-03
-1.263337675482034683e-03
1.902275136671960354e-03
-1.153512974269688129e-03
8.778356714174151421e-04
2.157466020435094833e-03
1.231901987921446562e-04
3.876804141327738762e-03
-1.369871199131011963e-03
-3.613532287999987602e-03
-3.883729921653866768e-03
1.297887298278510571e-03
1.437128870747983456e-03
-1.997117185965180397e-03
-1.660787034779787064e-03
2.140815369784832001e-03
-5.625498015433549881e-04
2.330060116946697235e-03
-1.785016851499676704e-03
-2.966130618005990982e-03
-2.391000743955373764e-03
-2.631289418786764145e-03
-1.317311078310012817e-03
5.433679325506091118e-04
-1.591191743500530720e-03
-2.714013680815696716e-03
-5.355746834538877010e-04
-3.087566699832677841e-03
3.292774199508130550e-04
1.258571632206439972e-03
-3.804107662290334702e-03
3.259247634559869766e-03
-2.704982412979006767e-03
-7.183917332440614700e-04
3.022290300577878952e-03
6.985070067457854748e-04
-2.288589952513575554e-03
-3.874288406223058701e-03
3.843177575618028641e-03
-1.570663880556821823e-03
-1.469079521484673023e-03
-6.755935610271990299e-04
8.328523254022002220e-04
-3.311992622911930084e-03
2.491472521796822548e-03
-8.797182235866785049e-04
1.573333749547600746e-03
-2.707456587813794613e-04
2.201357623562216759e-03
3.068655962124466896e-03
3.558490891009569168e-03
-7.494101882912218571e-04
2.092134440317749977e-03
-3.145252587273716927e-03
-1.647684955969452858e-03
-2.498386893421411514e-03
4.555152554530650377e-04
6.359815015457570553e-04
1.971817109733819962e-03
9.133343119174242020e-04
-1.461166189983487129e-03
2.468478400260210037e-03
-3.544554347172379494e-03
3.388367127627134323e-03
-7.394913700409233570e-04
4.800488532055169344e-04
9.489893564023077488e-04
-1.625239965505897999e-03
1.684840652160346508e-03
-2.853261306881904602e-03
-2.244836185127496719e-03
-2.774473046883940697e-03
-6.919625448063015938e-04
3.887502243742346764e-03
-1.530174980871379375e-03
3.392826765775680542e-03
-2.811936661601066589e-03
-1.652269973419606686e-03
3.155383514240384102e-03
2.071633003652095795e-03
-1.312922919169068336e-03
-5.673678242601454258e-04
