5.233151023276150227e-05
-1.982613466680049896e-03
-2.436728915199637413e-03
-2.082658233121037483e-03
7.014245493337512016e-04
-4.053884476888924837e-04
-9.762843837961554527e-04
1.569244195707142353e-03
1.150543335825204849e-03
3.466806956566870213e-04
3.146299161016941071e-03
2.408976899459958076e-03
-3.816686104983091354e-03
-1.805158681236207485e-03
2.148926025256514549e-03
-1.245294115506112576e-03
3.127082483842968941e-03
3.894546767696738243e-03
2.571812598034739494e-03
2.945571439340710640e-03
-1.195778721012175083e-03
1.542974030598998070e-03
-3.416619729250669479e-03
1.806677202694118023e-03
-9.181216009892523289e-04
1.980029046535491943e-03
3.333590459078550339e-03
-9.020690413308329880e-06
7.972466992214322090e-04
-3.658801317214965820e-03
2.885350491851568222e-03
-2.325429581105709076e-03
-2.762413816526532173e-03
-3.437519073486328125e-03
3.079961286857724190e-03
1.685640658251941204e-03
-4.839266184717416763e-04
-6.171150598675012589e-04
-8.892783080227673054e-04
-1.483344123698771000e-03
-5.116522661410272121e-04
5.450822936836630106e-05
-1.503830542787909508e-03
2.038925653323531151e-03
-1.642788411118090153e-03
2.210347702202852815e-05
2.568501280620694160e-03
-2.846253104507923126e-03
2.864436944946646690e-03
-8.615364786237478256e-04
1.556281815283000469e-03
-2.732155146077275276e-03
3.222731640562415123e-03
3.838561009615659714e-03
1.052494975738227367e-03
1.993023557588458061e-03
3.526951186358928680e-03
2.916088269557803869e-04
3.325893310829997063e-03
3.269196487963199615e-03
1.508859451860189438e-03
2.613818505778908730e-03
-2.975813811644911766e-03
1.629041042178869247e-03
1.297030132263898849e-03
-1.583336503244936466e-03
2.642252715304493904e-03
2.057878533378243446e-03
2.043104730546474457e-03
-1.815233030356466770e-03
3.856809576973319054e-03
8.148472988978028297e-04
4.148761508986353874e-04
6.131418922450393438e-05
3.246930427849292755e-03
-1.443960820324718952e-03
-3.126794937998056412e-03
3.122639609500765800e-03
-3.030032617971301079e-03
1.038132701069116592e-03
2.347713103517889977e-03
-1.069056335836648941e-03
-3.606433048844337463e-03
-1.774429809302091599e-03
2.943930216133594513e-03
-3.365812299307435751e-04
-1.518844044767320156e-03
1.721177104627713561e-04
-2.336471574380993843e-03
-3.671634010970592499e-03
-3.516849596053361893e-03
-3.628270700573921204e-03
-3.552094334736466408e-03
3.573373192921280861e-03
-3.755626268684864044e-03
-1.889104023575782776e-03
3.059560898691415787e-03
-3.107991768047213554e-03
3.755025332793593407e-03
-1.616171095520257950e-03
1.470621558837592602e-03
2.439830677758436650e-05
2.790980397548992187e-05
-2.730768173933029175e-03
4.280607099644839764e-04
5.789402057416737080e-04
8.810946019366383553e-04
1.331382314674556255e-03
-3.682560287415981293e-03
-3.482203232124447823e-03
-6.164466030895709991e-04
2.917977049946784973e-03
6.783023127354681492e-04
3.128596814349293709e-03
1.715508638881146908e-03
5.823146202601492405e-04
6.439823191612958908e-04
-1.820853678509593010e-03
-3.752942662686109543e-03
-2.640923252329230309e-03
3.070766571909189224e-03
-2.323461696505546570e-03
-2.151708118617534637e-03
-9.604742517694830894e-04
1.540506840683519840e-03
-2.607824979349970818e-03
3.805203130468726158e-03
-2.805860014632344246e-03
-3.520612517604604363e-05
-5.901175318285822868e-04
-1.531509449705481529e-03
7.073488668538630009e-04
4.800792958121746778e-04
-5.291823181323707104e-04
3.837109077721834183e-03
-2.406440442427992821e-03
1.686469884589314461e-03
-2.820851514115929604e-04
-8.765974780544638634e-04
-2.181139541789889336e-03
-2.095785690471529961e-03
1.339048496447503567e-03
-3.248495282605290413e-03
2.175093628466129303e-03
-3.718665568158030510e-03
2.931267023086547852e-03
-1.770683011272922158e-04
-3.440092084929347038e-03
1.443252898752689362e-03
-1.978748710826039314e-03
3.470210358500480652e-04
3.276406787335872650e-03
-1.035189023241400719e-03
1.342415460385382175e-03
-2.612278098240494728e-03
8.679880993440747261e-04
-3.184692002832889557e-03
3.028897568583488464e-03
-1.051803235895931721e-03
2.905536442995071411e-03
3.514460986480116844e-03
6.847532858955673873e-06
1.534524024464190006e-03
2.556024119257926941e-03
-3.601720323786139488e-03
3.497597761452198029e-03
-1.357767847366631031e-03
8.260197355411946774e-04
-3.569002961739897728e-03
2.796564716845750809e-03
-3.094883169978857040e-03
1.222474093083292246e-04
-3.430331591516733170e-03
-3.160764754284173250e-04
1.150898635387420654e-03
-2.392351860180497169e-03
2.132687950506806374e-03
1.586135709658265114e-03
1.844440936110913754e-03
-2.440737560391426086e-03
-1.262371311895549297e-03
-2.931494032964110374e-03
-2.678228542208671570e-03
1.188024762086570263e-03
2.901026047766208649e-03
-3.082572249695658684e-03
3.510574344545602798e-03
-3.803667612373828888e-03
-3.114083549007773399e-03
-1.830236171372234821e-03
-3.469007322564721107e-03
3.341120900586247444e-03
7.149662706069648266e-04
-1.137802959419786930e-03
-1.028127502650022507e-03
1.584768295288085938e-03
3.367971861734986305e-03
1.199288060888648033e-03
1.346988370642066002e-03
1.966564916074275970e-03
-2.737819682806730270e-03
-3.081252332776784897e-03
1.006929436698555946e-03
-3.771207761019468307e-03
3.641011891886591911e-03
2.242434071376919746e-03
2.632139658089727163e-04
2.546263160184025764e-03
4.976225318387150764e-04
3.456632839515805244e-03
-1.102883717976510525e-03
1.248140353709459305e-03
1.890341751277446747e-03
3.259424120187759399e-03
-2.155014546588063240e-03
-2.552989171817898750e-04
3.529298119246959686e-04
-2.600623760372400284e-03
-1.802711631171405315e-03
-2.044997643679380417e-03
-1.627465710043907166e-03
-1.280742348171770573e-03
1.558225252665579319e-03
3.500788705423474312e-03
-2.882282842620043084e-06
-8.612925012130290270e-05
-1.505447726231068373e-04
-1.303607597947120667e-03
-2.820628229528665543e-03
2.364200772717595100e-03
2.494604792445898056e-03
-3.626342397183179855e-03
-1.099733435694361106e-05
1.497387769632041454e-03
2.892830409109592438e-03
-3.892212407663464546e-03
7.779749576002359390e-04
-1.406159834004938602e-03
-3.808494890108704567e-03
-3.746535163372755051e-03
-3.686454147100448608e-03
-2.720202086493372917e-03
2.398745156824588776e-03
3.580847289413213730e-03
-2.487065503373742104e-03
-1.448759459890425205e-03
-6.403257721103727818e-04
2.684098668396472931e-03
3.506962442770600319e-03
2.349917078390717506e-03
2.595581579953432083e-03
2.854572609066963196e-03
-2.307583781657740474e-04
-1.349355443380773067e-03
-1.318167196586728096e-03
-1.041856827214360237e-03
