1.559775904752314091e-03
3.058045404031872749e-03
1.660579582676291466e-03
8.424233528785407543e-04
3.346785670146346092e-03
-1.696823630481958389e-03
1.625524368137121201e-03
1.162215135991573334e-03
-3.113611135631799698e-03
-4.545326373772695661e-05
-1.136465696617960930e-03
5.325647653080523014e-04
-2.975287614390254021e-03
7.461984059773385525e-04
5.167669733054935932e-04
3.736926882993429899e-04
-3.438321175053715706e-03
1.492027309723198414e-03
3.376852255314588547e-03
-4.716897092293947935e-04
-2.790220547467470169e-03
-2.665655221790075302e-03
-1.076509244740009308e-03
-2.907426562160253525e-03
3.557371674105525017e-03
3.630641847848892212e-03
7.632340420968830585e-04
-3.323408018331974745e-04
-1.876558060757815838e-03
-2.342545893043279648e-03
3.214771160855889320e-03
-2.122040139511227608e-03
-8.791476138867437840e-04
2.718318719416856766e-03
-1.689250202616676688e-04
2.090603113174438477e-03
-6.100164027884602547e-04
3.391030943021178246e-03
-1.394942752085626125e-03
-2.299850166309624910e-04
1.192721829283982515e-04
6.455201073549687862e-04
-1.165212524938397110e-04
3.544625127688050270e-03
2.917582169175148010e-03
-5.602256278507411480e-04
1.407171948812901974e-03
-1.842177589423954487e-03
-7.528035202994942665e-04
1.272837864235043526e-03
-3.823696635663509369e-03
-3.888527164235711098e-03
-3.065074328333139420e-03
-1.564529375173151493e-03
3.664864460006356239e-03
-3.483511041849851608e-03
2.780436770990490913e-03
-1.731201889924705029e-03
3.332592314109206200e-03
-3.306538797914981842e-03
6.850570935057476163e-05
-1.654951018281280994e-03
-6.343313725665211678e-04
-2.009990625083446503e-03
-3.650664817541837692e-03
3.273056121543049812e-03
2.522382885217666626e-03
-8.064920984907075763e-05
-3.425795817747712135e-03
-2.005134047067258507e-05
1.249396009370684624e-03
2.031166339293122292e-03
1.627591555006802082e-04
2.941055921837687492e-03
-2.057612175121903419e-03
2.591790864244103432e-03
-3.458432620391249657e-03
-2.823992166668176651e-03
1.889853039756417274e-03
3.115353640168905258e-03
1.426344038918614388e-03
-2.909829374402761459e-03
3.713537240400910378e-03
-3.134717466309666634e-03
2.543749869801104069e-04
3.481010207906365395e-05
3.656554035842418671e-03
-1.598976436071097851e-03
3.968196397181600332e-04
-3.191029420122504234e-03
-7.257371325977146626e-04
-1.665664254687726498e-03
-1.089937752112746239e-03
-8.146334439516067505e-04
-9.311104076914489269e-04
-1.541144563816487789e-03
-2.604257548227906227e-03
1.349457656033337116e-03
-3.191077557858079672e-04
3.405703697353601456e-03
3.547363681718707085e-03
2.049695700407028198e-03
2.093110699206590652e-03
9.631450520828366280e-04
-1.169792492873966694e-03
-3.836086951196193695e-03
3.551760455593466759e-03
1.144739100709557533e-03
-2.952776150777935982e-03
2.305095782503485680e-03
2.672550035640597343e-03
-2.861993154510855675e-03
-3.604242112487554550e-03
-3.997164822067134082e-05
3.084183670580387115e-03
2.193880034610629082e-03
3.203822299838066101e-03
1.727124676108360291e-03
-1.533497590571641922e-03
8.106218883767724037e-04
1.293447334319353104e-03
3.709165379405021667e-03
-2.051734598353505135e-03
-5.483133718371391296e-04
2.577179810032248497e-03
3.342194482684135437e-03
-2.474611625075340271e-03
1.869435189291834831e-03
-1.431335811503231525e-03
3.142806468531489372e-03
-1.971997699001803994e-04
-1.417472609318792820e-03
1.688710413873195648e-03
-2.749369479715824127e-03
3.553465474396944046e-03
3.075978485867381096e-03
-1.837345305830240250e-03
3.099154680967330933e-03
2.105042338371276855e-03
1.277644536457955837e-03
6.654519238509237766e-04
2.479110844433307648e-03
-3.858225885778665543e-03
-1.032685977406799793e-03
2.310333075001835823e-03
-3.370255930349230766e-03
-3.112154547125101089e-03
1.408926444128155708e-03
7.460064371116459370e-04
-1.480325357988476753e-03
1.550750574097037315e-03
-2.661780919879674911e-03
3.722457215189933777e-03
7.206650916486978531e-04
-2.944737439975142479e-03
-1.620163558982312679e-03
-1.490378199378028512e-04
3.177876351401209831e-03
-2.353794116061180830e-04
-3.834048111457377672e-04
3.393405815586447716e-03
-3.396556014195084572e-03
-2.878818893805146217e-03
3.779781749472022057e-03
1.095477375201880932e-03
-3.755475627258419991e-03
-2.977901836857199669e-03
3.522546496242284775e-03
-1.064191339537501335e-03
-1.756345387548208237e-03
2.879624720662832260e-03
-3.255804535001516342e-03
-2.349454211071133614e-03
-3.207212779670953751e-03
3.736814716830849648e-03
-9.140978218056261539e-04
-3.745213616639375687e-03
-4.157232469879090786e-04
-2.481214760337024927e-04
-1.791935064829885960e-03
1.704535447061061859e-03
3.844749648123979568e-03
-8.729025139473378658e-04
3.768451511859893799e-03
3.261110745370388031e-03
-1.357575645670294762e-03
1.278507406823337078e-03
-2.233915962278842926e-03
1.877459115348756313e-03
-2.148948144167661667e-03
-3.155753714963793755e-03
3.758523380383849144e-03
4.121943129575811327e-05
-2.180272713303565979e-03
1.142079490819014609e-04
2.897508908063173294e-03
3.487423527985811234e-04
-3.064834745600819588e-03
2.462239935994148254e-03
2.357636112719774246e-03
-3.367427736520767212e-03
-3.094394225627183914e-03
-2.587236929684877396e-03
2.903791610151529312e-03
2.762188436463475227e-03
3.620119066908955574e-03
-1.767318230122327805e-03
-2.537308726459741592e-03
1.183098880574107170e-03
3.257394069805741310e-03
-9.806646266952157021e-04
7.755138794891536236e-04
3.593377536162734032e-03
-3.798147430643439293e-03
1.548525760881602764e-03
1.430804957635700703e-03
-2.540812711231410503e-04
3.191658528521656990e-03
-3.102128626778721809e-03
5.929272738285362720e-04
-1.371902995742857456e-03
3.895533736795186996e-03
-4.003195790573954582e-04
-3.355926135554909706e-03
-1.689460128545761108e-03
-3.631950530689209700e-04
-5.823149331263266504e-05
-2.177169546484947205e-03
-1.705602509900927544e-03
2.606025198474526405e-03
-3.618456656113266945e-03
-2.451713662594556808e-03
4.320207517594099045e-04
-2.469791332259774208e-03
2.600936568342149258e-04
3.724081441760063171e-03
6.838769186288118362e-04
2.651932416483759880e-03
2.577201696112751961e-03
3.021383192390203476e-03
7.203718996606767178e-05
9.491061209701001644e-04
1.218159450218081474e-03
-8.476632065139710903e-04
3.245315281674265862e-03
-9.298761142417788506e-04
-1.944323885254561901e-03
5.602584496955387294e-05
-3.412846941500902176e-03
-2.205542114097625017e-04
1.439971150830388069e-03
2.550938632339239120e-03
3.854301292449235916e-03
-1.466589310439303517e-04
2.553057158365845680e-03
8.611642988398671150e-04
