-1.465919660404324532e-03
8.097405079752206802e-04
4.341476233093999326e-05
2.766106277704238892e-03
1.242660451680421829e-03
2.428493229672312737e-03
-1.832943642511963844e-03
3.189168637618422508e-03
1.089420984499156475e-03
-1.779540209099650383e-03
-3.012830158695578575e-03
1.320493989624083042e-03
3.411098616197705269e-03
-3.873923094943165779e-03
-3.153735538944602013e-03
-5.928324535489082336e-04
1.808928675018250942e-03
-2.198081929236650467e-03
3.178683109581470490e-03
2.997183473780751228e-03
2.503735478967428207e-03
-8.189915679395198822e-04
1.221070415340363979e-03
3.674402134492993355e-03
1.612103427760303020e-03
-1.836956944316625595e-03
3.619813127443194389e-03
3.759676823392510414e-03
2.229050733149051666e-04
1.608930295333266258e-03
-2.701769117265939713e-04
1.654547057114541531e-03
-1.556574366986751556e-03
4.116375930607318878e-04
3.542568068951368332e-03
-3.153516212478280067e-03
9.660957148298621178e-04
-1.808447763323783875e-03
-1.439278363250195980e-03
-1.327112113358452916e-05
1.485099433921277523e-03
1.605159835889935493e-03
-1.730312760628294200e-05
-4.195585643174126744e-05
1.169119146652519703e-03
-2.308953087776899338e-03
2.212705556303262711e-03
-2.653748495504260063e-03
-1.749454764649271965e-03
2.126220148056745529e-03
-3.165008500218391418e-03
1.849675318226218224e-03
-2.401585457846522331e-03
1.091654412448406219e-03
2.145065373042598367e-04
-6.394407828338444233e-04
3.553139511495828629e-03
-3.491668961942195892e-03
-1.807154738344252110e-03
-9.981867624446749687e-04
-1.582061231601983309e-04
2.046808600425720215e-03
3.515357151627540588e-03
-2.504465403035283089e-03
5.770067800767719746e-04
1.377241453155875206e-03
2.391821006312966347e-03
-3.314167959615588188e-03
-1.250603469088673592e-03
3.719425061717629433e-03
-1.998859457671642303e-03
3.462277352809906006e-03
6.039832951501011848e-04
-1.115512219257652760e-03
-8.548761834390461445e-04
-2.918000798672437668e-03
-2.775195287540555000e-03
1.433395547792315483e-03
-2.450075233355164528e-03
-1.418159576132893562e-03
-3.131039207801222801e-03
-5.695487488992512226e-04
2.357793971896171570e-03
5.768682603957131505e-05
4.999957745894789696e-04
1.992542529478669167e-03
-3.615598427131772041e-03
1.347313169389963150e-03
-3.858095500618219376e-03
7.602765690535306931e-04
-1.623642863705754280e-03
-3.093269187957048416e-03
8.052972843870520592e-04
5.780545761808753014e-04
1.695862971246242523e-03
3.793246811255812645e-03
-1.701437518931925297e-03
3.798653837293386459e-03
6.725993007421493530e-04
2.826780546456575394e-03
-1.587817911058664322e-03
-2.532552927732467651e-03
5.196906859055161476e-04
-2.545056864619255066e-03
1.290051150135695934e-03
-3.907505422830581665e-03
1.354164443910121918e-03
-1.700572756817564368e-04
-3.122934373095631599e-03
1.391767989844083786e-03
1.833153190091252327e-03
-2.698131371289491653e-03
-1.365066389553248882e-03
-1.779739512130618095e-03
-1.901407144032418728e-03
-1.460202765883877873e-04
-7.089859573170542717e-04
1.117424806579947472e-03
3.480412065982818604e-03
2.491677179932594299e-03
-9.236974292434751987e-04
3.485150169581174850e-03
2.055430551990866661e-03
2.325578127056360245e-03
-2.065287902951240540e-03
3.719205502420663834e-03
-1.749125192873179913e-03
-2.871032571420073509e-03
3.745844820514321327e-03
-2.260991372168064117e-03
-3.377974499017000198e-03
-3.754170844331383705e-03
9.627190302126109600e-04
-2.038961043581366539e-03
-1.565786660648882389e-03
-3.220090875402092934e-03
3.354833927005529404e-03
3.000550670549273491e-03
-4.245818417984992266e-04
-2.084578387439250946e-03
-2.751343417912721634e-03
7.448706310242414474e-04
-2.397698845015838742e-04
7.356922724284231663e-04
-3.526927321217954159e-04
3.047981532290577888e-03
8.714942377991974354e-04
-3.173691686242818832e-03
2.344814594835042953e-03
1.434447709470987320e-03
-6.692536408081650734e-04
1.820012112148106098e-03
3.262546379119157791e-03
-7.085371180437505245e-04
-1.708131283521652222e-03
-1.220938516780734062e-03
1.503946841694414616e-03
-3.901011950802057981e-04
-3.858299460262060165e-04
-1.396694686263799667e-03
2.493163570761680603e-03
-3.249071305617690086e-03
3.066205885261297226e-03
5.370773142203688622e-04
-2.723883837461471558e-03
-3.020140808075666428e-03
5.178879946470260620e-04
-3.701533190906047821e-03
-1.980110304430127144e-03
1.681642024777829647e-03
3.098009387031197548e-03
-5.051214830018579960e-04
2.586374990642070770e-03
2.211870625615119934e-03
-3.812579598161391914e-05
-2.235240070149302483e-03
4.688406188506633043e-04
2.938686171546578407e-03
-5.622525350190699100e-04
1.337908557616174221e-03
-3.508152673020958900e-03
-3.114222083240747452e-03
-3.557309275493025780e-03
-2.004073932766914368e-03
2.830538142006844282e-04
-3.012493834830820560e-04
3.697314299643039703e-03
-3.317542141303420067e-03
3.626694437116384506e-03
-1.139727653935551643e-03
9.909268701449036598e-04
1.272632507607340813e-03
2.790421945974230766e-03
5.934221553616225719e-05
1.604042365215718746e-03
2.082856837660074234e-03
-3.220863000024110079e-04
1.564442180097103119e-03
3.859117394313216209e-03
2.036431571468710899e-03
-2.339212951483204961e-04
1.661670510657131672e-03
-1.424569345545023680e-04
2.340530627407133579e-04
-3.478341270238161087e-03
2.759101102128624916e-03
2.887603593990206718e-03
-1.973336329683661461e-03
3.529703477397561073e-03
1.678942469879984856e-03
-1.049325801432132721e-03
1.319857663474977016e-03
-1.174055738374590874e-03
1.625335542485117912e-03
-1.711122109554708004e-03
-1.937581691890954971e-03
3.029081504791975021e-03
1.989840529859066010e-03
3.639822592958807945e-03
3.858279669657349586e-03
3.807281143963336945e-03
-4.330767260398715734e-04
-8.879186934791505337e-04
-3.009769599884748459e-03
1.407260773703455925e-03
3.310723928734660149e-03
9.620952187106013298e-05
-3.107361961156129837e-03
-3.016335191205143929e-03
-3.443849040195345879e-03
3.766509238630533218e-03
-3.398458706215023994e-03
8.536499226465821266e-04
-1.751211821101605892e-03
-3.689957316964864731e-03
2.128086285665631294e-03
-1.337455469183623791e-03
7.433334831148386002e-04
1.459351973608136177e-03
-1.864634803496301174e-03
-1.698249019682407379e-03
3.609754843637347221e-03
-3.184725064784288406e-03
-8.504181168973445892e-04
-3.781429491937160492e-03
1.085901050828397274e-03
1.383663970045745373e-03
1.958105713129043579e-03
-2.382965991273522377e-03
3.051238600164651871e-03
4.814742715097963810e-05
-2.184008713811635971e-03
2.051990944892168045e-03
-4.951709415763616562e-04
-2.725130616454407573e-05
-1.369380508549511433e-03
