-3.789599752053618431e-03
-3.261011443100869656e-04
-3.190839663147926331e-03
3.179941326379776001e-03
-3.584234509617090225e-03
7.010271656326949596e-04
-2.074571093544363976e-03
3.744020592421293259e-03
1.303377794101834297e-03
-2.300597494468092918e-03
-3.346723678987473249e-05
-9.093125700019299984e-04
-3.638708963990211487e-03
-9.600879857316613197e-04
-3.885673591867089272e-03
-2.065123990178108215e-03
1.181353814899921417e-03
1.559259602800011635e-03
2.783471252769231796e-03
-2.160613425076007843e-03
-3.552787937223911285e-03
4.050187708344310522e-04
-3.594396868720650673e-03
3.347070189192891121e-03
7.339401636272668839e-04
3.271220950409770012e-03
3.589363535866141319e-03
3.675546729937195778e-03
1.727876951918005943e-04
-1.341412193141877651e-03
-2.225534059107303619e-03
1.759122242219746113e-04
-2.332069445401430130e-03
-3.620768431574106216e-03
3.680119989439845085e-04
1.835346920415759087e-03
1.384195289574563503e-03
-1.586080528795719147e-03
9.370129555463790894e-05
3.532066475600004196e-03
3.029608400538563728e-03
1.982580870389938354e-03
1.981426496058702469e-03
3.628053469583392143e-03
3.570377128198742867e-03
3.254026407375931740e-03
-2.611756324768066406e-03
-1.391190919093787670e-03
-5.048363236710429192e-04
-3.670821606647223234e-04
-2.745080739259719849e-03
1.554097514599561691e-03
-2.687674015760421753e-03
-1.348219346255064011e-03
-1.527340151369571686e-03
-3.051089297514408827e-04
-6.018329877406358719e-04
3.654719796031713486e-03
-1.543624326586723328e-03
2.934254007413983345e-03
1.391726545989513397e-04
1.817372511141002178e-03
-1.431790413334965706e-03
2.810856967698782682e-04
3.760538063943386078e-03
-3.534293035045266151e-03
1.798220095224678516e-03
3.021914046257734299e-03
-3.530603135004639626e-03
9.528601076453924179e-04
2.447151811793446541e-03
-8.995580719783902168e-04
1.713566831313073635e-03
-4.637926758732646704e-04
-2.548364864196628332e-04
-2.342230873182415962e-03
-3.176839090883731842e-03
1.719248830340802670e-03
2.153092296794056892e-03
-1.908420934341847897e-03
1.711268792860209942e-03
-2.043248619884252548e-03
3.470810828730463982e-03
1.980066299438476562e-03
-1.448252587579190731e-03
-2.493384061381220818e-03
3.616449423134326935e-03
1.066609751433134079e-03
1.187311019748449326e-03
3.060605085920542479e-04
-1.641932176426053047e-03
-2.091064117848873138e-03
-1.925949705764651299e-03
3.303855890408158302e-03
-3.834088565781712532e-03
-2.384996972978115082e-03
-1.313278335146605968e-03
-3.433173522353172302e-03
-2.635909942910075188e-03
2.611177507787942886e-03
6.209871498867869377e-04
1.614602631889283657e-03
6.856669788248836994e-04
1.322446274571120739e-03
7.393689011223614216e-04
-1.734984689392149448e-03
1.341689930995926261e-04
1.972713740542531013e-03
3.846522187814116478e-03
-2.256976906210184097e-03
3.830925328657031059e-03
3.710724646225571632e-03
-2.400222700089216232e-03
2.916766330599784851e-03
-1.788525492884218693e-03
3.183242166414856911e-03
-1.629934413358569145e-03
-3.315895097330212593e-03
2.066506538540124893e-03
-1.580918207764625549e-03
-1.237281598150730133e-03
3.651595441624522209e-03
-3.513303352519869804e-03
6.915705744177103043e-04
6.191481370478868484e-04
-2.097954740747809410e-03
-2.619931241497397423e-03
2.482299751136451960e-04
2.701808931306004524e-03
-3.376257838681340218e-03
1.871526357717812061e-03
2.978231525048613548e-03
1.010576728731393814e-03
3.297909162938594818e-03
-9.190459386445581913e-04
1.496701268479228020e-03
-2.930576447397470474e-03
6.767060258425772190e-04
-3.047603786399122328e-05
3.187671536579728127e-03
-7.656190427951514721e-04
2.180705778300762177e-03
2.741579664871096611e-03
1.447243383154273033e-03
1.911026658490300179e-03
2.761500887572765350e-03
3.310159780085086823e-03
3.845218569040298462e-03
-9.509254596196115017e-05
3.687978256493806839e-03
1.034828819683752954e-04
3.804411506280303001e-03
-1.670735538937151432e-03
3.807211760431528091e-03
3.339204704388976097e-05
-1.866582897491753101e-03
3.411561716347932816e-03
-1.735928351990878582e-03
-2.865420421585440636e-03
3.393932012841105461e-03
3.017669077962636948e-03
-7.648955215699970722e-04
1.773226307705044746e-03
2.730056410655379295e-03
1.879889983683824539e-03
1.854885835200548172e-03
1.154541503638029099e-03
-3.077680012211203575e-03
3.035915084183216095e-03
1.938954577781260014e-03
2.250971039757132530e-03
-3.551059344317764044e-04
2.048889873549342155e-03
2.655068412423133850e-03
2.643685322254896164e-03
3.562480444088578224e-03
9.628362022340297699e-04
-1.727779395878314972e-03
-1.669878838583827019e-04
1.134923892095685005e-03
2.808640245348215103e-03
-1.295410474995151162e-04
-2.788246842101216316e-03
-8.360552601516246796e-04
-3.582278499379754066e-03
5.520014674402773380e-04
-3.002232871949672699e-03
-5.179581930860877037e-04
-1.960894092917442322e-03
-4.661838465835899115e-04
1.573896151967346668e-03
7.172341429395601153e-05
2.168057719245553017e-03
1.482279854826629162e-03
1.656564418226480484e-04
-1.081826281733810902e-03
1.028270809911191463e-03
-1.581128919497132301e-03
-3.758099861443042755e-03
1.228559704031795263e-04
2.539298729971051216e-03
1.239139470271766186e-03
8.469898020848631859e-04
-1.115961465984582901e-03
6.584781804122030735e-04
-1.647749450057744980e-03
1.496980898082256317e-03
-2.823931397870182991e-03
2.414534566923975945e-03
-3.139721928164362907e-03
-1.904135337099432945e-03
-2.938238903880119324e-03
-6.630203279200941324e-05
3.576018789317458868e-04
-3.382566850632429123e-03
1.239355071447789669e-03
2.967271953821182251e-03
2.882908098399639130e-03
-1.138801802881062031e-03
-3.834730479866266251e-03
3.681488800793886185e-03
2.776955487206578255e-03
6.163426442071795464e-04
-1.661658287048339844e-03
-2.852934179827570915e-03
-2.345152199268341064e-03
3.181933425366878510e-03
2.937102224677801132e-03
2.696759998798370361e-03
2.497518900781869888e-03
2.936466829851269722e-03
8.798181079328060150e-04
3.871757071465253830e-03
8.292002603411674500e-04
-9.779590182006359100e-04
3.333911532536149025e-03
3.887658240273594856e-03
-2.968417014926671982e-03
-2.252727863378822803e-04
-1.296484726481139660e-03
2.380157820880413055e-03
-1.930334023199975491e-03
3.231020877137780190e-03
-3.900113049894571304e-03
3.330550156533718109e-03
1.872437307611107826e-03
3.688976634293794632e-03
-3.148996969684958458e-03
-9.670945000834763050e-04
-1.863083220086991787e-03
-3.526922781020402908e-03
1.643032534047961235e-03
3.473566612228751183e-04
2.224910771474242210e-03
-1.966457348316907883e-03
2.791762584820389748e-03
