-2.312194788828492165e-03
2.643085084855556488e-03
-7.765250629745423794e-04
2.728841966018080711e-03
1.107770600356161594e-03
-2.785357879474759102e-03
1.221306272782385349e-03
-2.082346007227897644e-03
-3.000830532982945442e-03
4.242773866280913353e-04
5.651771207340061665e-04
9.139577159658074379e-04
2.137736883014440536e-03
-3.377159126102924347e-03
-3.544307546690106392e-03
-1.231936737895011902e-03
2.309536561369895935e-03
1.315981382504105568e-03
2.233640523627400398e-03
-1.982046756893396378e-03
1.512746443040668964e-03
-2.807772718369960785e-03
2.759116701781749725e-03
-3.351186169311404228e-04
-1.942354138009250164e-03
-1.564063015393912792e-03
-5.021251272410154343e-04
-3.847582265734672546e-03
1.229500281624495983e-03
-3.766685957089066505e-03
3.733678488060832024e-03
-1.369076315313577652e-03
-1.058933208696544170e-03
3.014848800376057625e-03
-1.967599615454673767e-03
-3.708221716806292534e-03
1.318139024078845978e-03
-1.093375540222041309e-04
-1.545061357319355011e-03
1.656733336858451366e-03
3.085190430283546448e-03
3.499617334455251694e-03
-1.848890795372426510e-03
-3.212165320292115211e-04
6.840061978437006474e-04
-2.833715174347162247e-03
8.279997273348271847e-04
-4.867008829023689032e-04
9.362640412291511893e-05
-3.252035239711403847e-03
2.615177305415272713e-03
-2.936618402600288391e-03
2.730451757088303566e-03
-3.387253309483639896e-05
9.575167205184698105e-04
1.502259285189211369e-03
3.661162219941616058e-03
-1.034195418469607830e-03
3.881984448526054621e-04
-2.275257604196667671e-03
1.929988939082249999e-04
-3.425965551286935806e-04
-2.867974806576967239e-03
-3.424677997827529907e-03
-3.062963252887129784e-03
2.791025443002581596e-03
2.292354824021458626e-03
2.679562428966164589e-03
3.809711197391152382e-03
4.972257884219288826e-04
-2.983798738569021225e-03
-2.077667275443673134e-03
-2.037176862359046936e-03
-1.609750092029571533e-03
-1.319109927862882614e-03
-2.251110738143324852e-03
1.688564079813659191e-03
3.767085494473576546e-03
-3.320756077300757170e-04
2.509489888325333595e-03
2.929174574092030525e-03
-2.736415481194853783e-03
-2.369522117078304291e-03
-3.095311578363180161e-03
-1.741884625516831875e-03
-3.044739423785358667e-04
-1.685476163402199745e-03
-4.464213852770626545e-04
-1.867401646450161934e-03
-5.120848072692751884e-04
-1.603581360541284084e-03
1.105202245526015759e-04
2.199618378654122353e-03
-3.798875957727432251e-03
-2.062481595203280449e-03
7.409061072394251823e-04
1.571937231346964836e-03
-2.171569503843784332e-03
-2.597375307232141495e-03
-3.461406799033284187e-03
2.276761457324028015e-03
4.514450847636908293e-04
6.592425634153187275e-04
-3.546088468283414841e-03
1.923803938552737236e-03
1.643741998123005033e-04
-3.722356632351875305e-03
-3.723358502611517906e-03
1.355905551463365555e-03
2.147836610674858093e-03
-4.687279870267957449e-04
3.842628328129649162e-03
4.657355020754039288e-05
1.019035335048101842e-04
-1.866261009126901627e-04
3.632795996963977814e-03
2.586803631857037544e-03
2.342092338949441910e-03
1.283004763536155224e-03
-2.372221089899539948e-03
-1.103863120079040527e-03
2.303777262568473816e-03
-2.334086224436759949e-03
1.127435592934489250e-03
-1.259136595763266087e-03
3.667486598715186119e-03
-1.467148889787495136e-03
7.215909427031874657e-04
4.802497278433293104e-04
1.648480654694139957e-03
-2.422626595944166183e-03
-5.688686505891382694e-04
5.878029041923582554e-04
3.513043979182839394e-03
1.066663608071394265e-04
-1.201392617076635361e-03
3.273492911830544472e-03
-2.591312164440751076e-03
-2.830727957189083099e-03
-1.355853048153221607e-03
2.402825513854622841e-03
-9.226823458448052406e-04
-2.099208300933241844e-03
3.162564244121313095e-03
1.953530590981245041e-03
1.242306898348033428e-03
2.059211255982518196e-03
1.501952763646841049e-03
9.263724205084145069e-04
9.503573528490960598e-04
3.127736272290349007e-04
-1.077145687304437160e-03
-2.775806467980146408e-03
7.064196397550404072e-04
7.415506988763809204e-04
-2.433802466839551926e-03
1.160934567451477051e-03
-2.745234232861548662e-04
5.241102189756929874e-04
-2.786546247079968452e-03
-3.018428105860948563e-03
-3.607645165175199509e-03
-2.316966652870178223e-03
-2.511288039386272430e-03
4.357284342404454947e-04
2.772824605926871300e-03
-8.201029268093407154e-04
3.234041854739189148e-03
2.552505815401673317e-03
-1.977760344743728638e-03
-2.668369095772504807e-03
3.422606270760297775e-03
4.399018871481530368e-05
-1.235304167494177818e-03
7.085735560394823551e-04
-4.125982522964477539e-04
2.208916936069726944e-03
1.223505241796374321e-03
-4.707107436843216419e-04
-2.381048398092389107e-03
3.861337667331099510e-03
-1.319949980825185776e-03
-3.554556984454393387e-03
3.087383462116122246e-03
1.503994106315076351e-03
3.077945904806256294e-03
2.625222085043787956e-03
-3.734683385118842125e-03
-5.533847142942249775e-04
-1.924296841025352478e-03
-2.810460980981588364e-03
-2.641158644109964371e-03
-8.089344482868909836e-04
-3.647203324362635612e-03
5.961307906545698643e-04
1.720583968563005328e-04
1.677531749010086060e-03
-4.666252061724662781e-04
-1.739358995109796524e-03
-2.021303167566657066e-03
3.177270293235778809e-03
-1.806472660973668098e-03
2.516687382012605667e-03
1.761053572408854961e-03
-1.669969060458242893e-03
-8.022557594813406467e-04
9.770100004971027374e-04
-2.849499462172389030e-03
7.547780405730009079e-04
7.176683866418898106e-04
-1.738615683279931545e-03
-3.275662660598754883e-03
2.405798062682151794e-03
2.474311273545026779e-03
-3.146060043945908546e-03
-2.045659581199288368e-03
3.837474854663014412e-03
-3.690475365146994591e-03
3.863856196403503418e-03
3.871610853821039200e-03
3.368818433955311775e-03
-2.382223727181553841e-03
1.168741029687225819e-03
2.322183223441243172e-03
-2.029975177720189095e-03
-6.502823089249432087e-04
2.909255679696798325e-03
-2.736213209573179483e-04
-1.270657405257225037e-03
1.566045917570590973e-03
-2.786715282127261162e-03
2.770730527117848396e-03
-1.417163526639342308e-03
-3.524897620081901550e-03
7.217100937850773335e-04
-1.114295213483273983e-03
-2.234145998954772949e-03
-3.106297459453344345e-03
-2.823187271133065224e-03
-5.309794796630740166e-04
2.200492599513381720e-04
-2.407974243396893144e-04
2.346947323530912399e-03
-1.806683954782783985e-03
1.232957292813807726e-04
2.709579421207308769e-03
-9.370413026772439480e-04
-2.906162291765213013e-03
2.198579255491495132e-03
-2.415143826510757208e-04
-3.822148777544498444e-03
5.433338810689747334e-04
3.173991804942488670e-03
3.614960587583482265e-05
-1.296091126278042793e-03
-2.002594294026494026e-03
