1.096590422093868256e-03
3.810539841651916504e-03
2.777167130261659622e-03
-2.991812303662300110e-03
-2.291992539539933205e-03
-2.641881583258509636e-03
-2.894682809710502625e-03
-2.389504952589049935e-04
1.532262307591736317e-03
2.374937525019049644e-03
-7.562601240351796150e-04
1.080833957530558109e-03
8.608215721324086189e-04
-2.280681161209940910e-03
1.060357550159096718e-03
2.822435460984706879e-03
-1.454375218600034714e-03
1.394467079080641270e-03
3.555634291842579842e-03
-2.326288959011435509e-03
1.558977644890546799e-03
-3.445680020377039909e-03
-7.897567120380699635e-04
-4.673857183661311865e-04
-1.060785842128098011e-03
-2.034734468907117844e-03
3.675423096865415573e-03
1.915569184347987175e-03
3.257714910432696342e-03
2.249793382361531258e-03
-6.107880035415291786e-04
-1.484886044636368752e-03
-2.691446337848901749e-03
-3.353585256263613701e-03
3.707424271851778030e-03
-2.941560931503772736e-03
2.161793177947402000e-03
-1.594113768078386784e-03
-2.116770949214696884e-03
3.707868745550513268e-03
-3.076661843806505203e-03
-3.030551131814718246e-03
1.222288934513926506e-03
-4.141709359828382730e-04
3.310085041448473930e-03
-3.482362721115350723e-03
1.142598775913938880e-04
4.931918228976428509e-04
-3.472343320026993752e-03
-2.337375044589862227e-04
-2.506504068151116371e-03
9.211755241267383099e-04
2.136306138709187508e-03
-1.149349380284547806e-03
2.145002363249659538e-03
6.160074262879788876e-04
-9.781859116628766060e-04
2.176257548853754997e-03
1.497822464443743229e-03
3.255906747654080391e-03
1.171673182398080826e-03
-1.159028266556560993e-03
2.160226460546255112e-03
-2.036087913438677788e-03
3.004516765940934420e-04
7.727788761258125305e-04
-1.475451746955513954e-03
3.381527494639158249e-03
-6.937339203432202339e-04
-2.057675970718264580e-03
-2.560184802860021591e-03
2.202169853262603283e-04
1.447499147616326809e-03
1.856233691796660423e-03
2.098389901220798492e-03
2.479677554219961166e-03
3.358373185619711876e-03
5.822670646011829376e-04
-1.845691120252013206e-03
-5.840153899043798447e-04
-8.452252950519323349e-04
-7.470317650586366653e-04
2.957967575639486313e-03
-4.976013442501425743e-04
-2.238448476418852806e-03
1.795805990695953369e-03
-1.312253298237919807e-04
-3.223482286557555199e-03
1.504208194091916084e-03
-1.020074356347322464e-03
-2.204468473792076111e-03
3.595037618651986122e-03
2.322833053767681122e-03
-1.218334306031465530e-03
-1.939920126460492611e-03
-3.327157115563750267e-03
-2.944858977571129799e-03
3.472779644653201103e-03
-1.430454431101679802e-03
3.078508190810680389e-03
2.377877943217754364e-03
-3.883118741214275360e-03
4.757699207402765751e-04
2.910414477810263634e-03
-3.223942592740058899e-03
3.401057794690132141e-03
3.675454529002308846e-03
-1.634760876186192036e-03
2.182737225666642189e-04
1.270142151042819023e-03
3.546053194440901279e-04
-3.358836285769939423e-03
-1.598807284608483315e-03
-1.010671840049326420e-03
3.070446662604808807e-03
-3.623434808105230331e-03
2.291415119543671608e-03
-2.597176062408834696e-04
-8.187107741832733154e-04
8.831364684738218784e-04
8.520001429133117199e-04
-2.349562477320432663e-03
-2.768499543890357018e-03
-3.370120830368250608e-04
-8.077337406575679779e-04
3.756261197850108147e-03
8.699164027348160744e-04
-1.058529713191092014e-03
-4.506019467953592539e-04
-2.845221897587180138e-03
-1.261715427972376347e-03
-3.658458823338150978e-03
-2.511189552024006844e-03
-3.273360896855592728e-03
-2.032540505751967430e-03
-3.323019947856664658e-03
-7.876427844166755676e-05
3.909064456820487976e-03
3.709840821102261543e-03
-3.725363407284021378e-03
-2.628089394420385361e-03
2.016078215092420578e-03
1.247162144863978028e-04
-2.522989874705672264e-03
3.766814246773719788e-03
3.376294160261750221e-03
-3.480926156044006348e-03
3.269533393904566765e-03
5.322013748809695244e-04
2.333219628781080246e-03
2.350230701267719269e-03
-1.943945069797337055e-03
-2.735862508416175842e-03
-8.126588654704391956e-04
3.392809303477406502e-04
-3.120939247310161591e-03
-1.700880355201661587e-03
3.719040658324956894e-03
2.715602517127990723e-03
2.800438320264220238e-03
1.388581120409071445e-03
-2.672539558261632919e-03
3.188366768881678581e-03
3.886254737153649330e-03
3.433454839978367090e-04
-2.861819695681333542e-03
-3.855327609926462173e-03
-1.350144040770828724e-03
-3.799401922151446342e-03
-1.046335441060364246e-03
-7.939530187286436558e-04
3.882586490362882614e-03
-1.604675897397100925e-03
2.659844001755118370e-03
3.570997389033436775e-03
1.670505735091865063e-03
1.676124702498782426e-05
-2.183282282203435898e-03
-2.379386452957987785e-03
-2.313961274921894073e-03
-3.231283044442534447e-03
-1.523226383142173290e-03
1.728083123452961445e-03
-3.238250967115163803e-03
1.152120064944028854e-03
-4.876087768934667110e-04
9.433574741706252098e-04
2.153400098904967308e-03
-3.490618895739316940e-03
-3.507035318762063980e-03
7.897768955444917083e-05
-3.640064678620547056e-04
3.497334662824869156e-03
-6.886927876621484756e-04
-2.429421525448560715e-03
2.645162167027592659e-03
1.903368160128593445e-03
-1.795065356418490410e-03
-3.064680378884077072e-03
2.388245891779661179e-03
1.144409528933465481e-03
-6.497476133517920971e-04
3.822221653535962105e-03
-3.473255084827542305e-03
4.534221370704472065e-04
9.675527689978480339e-04
3.260206431150436401e-03
2.405030187219381332e-03
-2.260122913867235184e-03
-1.157661434262990952e-03
2.501129638403654099e-03
8.575753308832645416e-04
3.541824175044894218e-03
3.870407119393348694e-03
-2.162140328437089920e-03
-1.907921279780566692e-03
-2.556485356763005257e-03
1.206606160849332809e-03
8.887032745406031609e-04
-1.451012562029063702e-03
3.758988343179225922e-03
-6.416053511202335358e-04
-1.743715838529169559e-03
-4.413221904542297125e-05
-3.693355480208992958e-03
-2.449235878884792328e-03
-1.644107105676084757e-04
6.987990345805883408e-04
3.665653755888342857e-03
-1.134791644290089607e-03
4.404092906042933464e-04
-3.211434464901685715e-03
3.741433378309011459e-03
1.544463681057095528e-03
-3.385689109563827515e-03
1.004662335617467761e-04
3.446029732003808022e-03
2.458995440974831581e-03
2.148655476048588753e-03
1.950976322405040264e-03
-9.022052399814128876e-04
3.742295084521174431e-03
-1.455713994801044464e-03
-1.426794799044728279e-03
-3.544602775946259499e-03
-7.908178959041833878e-04
-1.565393409691751003e-03
3.785255597904324532e-03
-9.595580049790441990e-04
7.028135005384683609e-04
-2.430532127618789673e-03
1.924967160448431969e-03
3.830935806035995483e-03
1.407841686159372330e-03
1.793112605810165405e-03
1.420935965143144131e-03
