3.639618400484323502e-03
-2.327622845768928528e-03
2.039551502093672752e-03
5.206494824960827827e-04
-2.903676824644207954e-03
-1.380813540890812874e-03
1.221992191858589649e-03
-2.380661666393280029e-03
2.629036549478769302e-03
-2.259363187476992607e-03
3.786945948377251625e-03
1.657750341109931469e-03
-2.765600802376866341e-04
-2.034293720498681068e-03
1.894619897939264774e-03
-3.580190939828753471e-03
-3.683222690597176552e-03
-1.470098155550658703e-03
3.024555277079343796e-03
-2.419767668470740318e-03
-1.157388673163950443e-03
-1.940164016559720039e-03
-4.183868586551398039e-04
1.459172344766557217e-04
-2.415635855868458748e-03
3.772499505430459976e-03
-1.839909818954765797e-03
1.935411943122744560e-03
2.051085466518998146e-04
2.478022594004869461e-03
-3.123299393337219954e-04
3.365835174918174744e-03
-2.541600260883569717e-03
1.472672331146895885e-03
-3.445493988692760468e-03
-1.273227040655910969e-03
-3.106293268501758575e-03
2.980640623718500137e-03
1.022862968966364861e-03
1.258724834769964218e-03
2.108599757775664330e-03
-3.831168171018362045e-03
1.838807133026421070e-03
3.408261341974139214e-03
-1.193566276924684644e-04
-7.555262418463826180e-04
-3.132800804451107979e-03
8.041834807954728603e-04
1.523919054307043552e-03
-1.471951953135430813e-03
-4.025182861369103193e-04
3.292073262855410576e-03
-1.598782720975577831e-03
-3.772611729800701141e-03
-1.967417047126218677e-04
-1.856405055150389671e-03
-1.706727896817028522e-03
3.829168854281306267e-03
-2.464398508891463280e-03
2.431098604574799538e-03
2.766642021015286446e-03
-1.029929146170616150e-03
1.087484997697174549e-03
-3.057895228266716003e-03
2.763952827081084251e-03
-1.945857424288988113e-03
3.687603631988167763e-03
7.211404154077172279e-04
-3.626252990216016769e-03
3.067336801905184984e-04
-2.125417115166783333e-03
1.107105490518733859e-04
6.521956674987450242e-05
2.469172701239585876e-03
-3.324030200019478798e-03
-1.062217634171247482e-03
-3.649220569059252739e-03
1.726433285512030125e-03
3.693743492476642132e-04
3.571127017494291067e-04
2.018679166212677956e-03
1.577592687681317329e-03
-1.080273941624909639e-04
-1.102090463973581791e-03
-2.635851502418518066e-03
1.751132425852119923e-03
2.741095842793583870e-03
1.191149000078439713e-03
2.733787754550576210e-03
7.422245107591152191e-04
-3.282146761193871498e-03
1.659777364693582058e-03
-1.829109503887593746e-03
-6.167738465592265129e-04
3.823289414867758751e-03
3.810346126556396484e-03
2.171774394810199738e-03
3.335562767460942268e-03
6.455736001953482628e-05
2.847901545464992523e-03
-1.200600527226924896e-03
-1.342129195109009743e-03
-2.149650128558278084e-03
1.196426921524107456e-03
1.261812401935458183e-03
2.082738326862454414e-03
1.973293488845229149e-03
-1.610792125575244427e-03
3.338990965858101845e-03
1.053068903274834156e-03
7.589612505398690701e-04
8.889884338714182377e-04
2.271618694067001343e-03
-1.926788478158414364e-03
-7.661058916710317135e-04
3.625738201662898064e-03
2.968196989968419075e-03
1.636321889236569405e-03
2.350610448047518730e-03
-1.569573942106217146e-05
-1.171798096038401127e-03
-2.081824466586112976e-03
-1.678401720710098743e-03
-1.302166492678225040e-03
3.208281472325325012e-03
1.127489493228495121e-03
-1.591566600836813450e-03
2.708283485844731331e-03
1.954869600012898445e-03
-3.415603656321763992e-03
2.891024574637413025e-03
1.498902202001772821e-05
3.294947324320673943e-03
3.330277686472982168e-04
-5.386689445003867149e-04
3.303606063127517700e-03
2.272768411785364151e-03
1.150001422502100468e-03
-3.627064405009150505e-03
-3.276076400652527809e-03
1.690128701739013195e-03
-5.558253615163266659e-04
-1.156131387688219547e-03
-2.186444588005542755e-03
-3.489580005407333374e-03
-2.439759438857436180e-03
1.067424309439957142e-03
-5.470011965371668339e-04
4.517055931501090527e-04
-1.982250949367880821e-03
1.394427497871220112e-03
3.721229732036590576e-03
2.286249306052923203e-03
-3.134307917207479477e-03
3.427716903388500214e-03
5.707481177523732185e-04
-8.086069137789309025e-04
-1.595067908056080341e-03
1.385887619107961655e-03
-2.578571671620011330e-03
-2.732159104198217392e-03
-2.614934463053941727e-03
-1.094459788873791695e-03
1.888200640678405762e-03
2.765333745628595352e-03
-3.808132605627179146e-03
-9.821143466979265213e-04
3.614580957219004631e-03
-2.271658740937709808e-03
7.645684527233242989e-04
-4.961770027875900269e-04
2.372046932578086853e-03
1.570683438330888748e-03
3.879792988300323486e-03
2.368600573390722275e-03
2.348836744204163551e-03
-1.973779173567891121e-03
-2.764147473499178886e-03
3.385676303878426552e-03
8.688552188687026501e-04
3.090777667239308357e-03
-3.564320504665374756e-03
7.911609718576073647e-04
1.439156825654208660e-03
-2.264762064442038536e-03
2.377598546445369720e-03
-3.460108302533626556e-03
1.121756853535771370e-03
2.303353976458311081e-03
1.816814998164772987e-03
-3.449772251769900322e-03
-3.807991277426481247e-03
3.724896814674139023e-03
3.653866006061434746e-03
-1.885054807644337416e-04
3.332730615511536598e-03
-3.060790710151195526e-03
-2.672211267054080963e-04
3.725330810993909836e-03
3.882903140038251877e-03
1.731356751406565309e-04
5.959626287221908569e-04
1.404946669936180115e-03
1.771501381881535053e-03
7.924137753434479237e-05
-2.818319946527481079e-03
3.346256213262677193e-03
-4.306878836359828711e-04
-9.885106701403856277e-04
-2.601491985842585564e-03
-2.744457684457302094e-03
2.167978818761184812e-04
4.283599555492401123e-04
-9.501960012130439281e-04
3.496021265164017677e-03
-1.608319580554962158e-03
3.717512299772351980e-04
-3.492057556286454201e-03
1.399370958097279072e-03
8.223516051657497883e-04
3.257825155742466450e-04
-2.580442465841770172e-03
2.683531725779175758e-03
-3.607142483815550804e-03
-3.021235577762126923e-03
2.931260503828525543e-03
-3.276222152635455132e-03
1.406271592713892460e-03
1.472166390158236027e-03
-3.301654709503054619e-03
-5.722760761273093522e-05
2.288204152137041092e-03
-3.601105650886893272e-03
-1.455756282666698098e-04
2.504509640857577324e-03
-4.285276518203318119e-04
2.146793762221932411e-03
-2.729748608544468880e-03
3.250804496929049492e-03
-5.729980184696614742e-04
1.512004528194665909e-03
3.679307410493493080e-03
8.430758316535502672e-05
-1.608858001418411732e-04
-2.822341863065958023e-03
2.369115361943840981e-03
3.087961114943027496e-03
-1.305538113228976727e-03
3.024800214916467667e-03
-2.734348177909851074e-03
2.194195054471492767e-03
7.862008642405271530e-04
-3.718864638358354568e-03
3.269190201535820961e-03
-3.500305349007248878e-03
-2.910936716943979263e-03
