7.948333513922989368e-04
3.172832075506448746e-03
-1.344916643574833870e-03
-1.351577113382518291e-03
-6.997664459049701691e-04
1.126722083427011967e-03
-1.448409166187047958e-03
-1.785189728252589703e-03
-2.153753535822033882e-03
3.677652217447757721e-03
-3.144674934446811676e-03
1.705137197859585285e-03
-1.467448309995234013e-03
-2.302829874679446220e-03
-9.826679015532135963e-04
-7.124285912141203880e-04
-2.407049294561147690e-03
3.762971144169569016e-03
1.740052830427885056e-03
-3.082292678300291300e-04
-1.482473802752792835e-03
-2.007608301937580109e-03
2.638040110468864441e-03
-7.792303222231566906e-04
1.251732697710394859e-03
-1.976341474801301956e-03
-2.685750368982553482e-03
1.058100722730159760e-03
3.486949717625975609e-03
-1.360625261440873146e-03
3.477599006146192551e-03
3.763827844522893429e-04
-1.178783364593982697e-03
2.185422694310545921e-03
1.657111919485032558e-03
-5.664982600137591362e-04
3.756483318284153938e-03
-3.478024853393435478e-03
-2.372038783505558968e-03
2.914041979238390923e-03
-2.531399717554450035e-03
-2.204139018431305885e-03
3.268984844908118248e-03
-2.652289113029837608e-03
-2.105449093505740166e-03
-1.869089668616652489e-03
-2.361493185162544250e-03
-1.440453110262751579e-03
2.898333827033638954e-03
-8.049229654716327786e-05
2.499464666470885277e-03
-8.848415454849600792e-04
-1.998361665755510330e-03
-3.525666659697890282e-03
-3.084343625232577324e-03
2.966458676382899284e-03
-2.085582353174686432e-03
1.166024827398359776e-03
-3.403880866244435310e-03
2.638124395161867142e-03
1.405373797751963139e-03
-2.714539645239710808e-03
-1.281421398743987083e-03
-1.223786850459873676e-03
2.284430898725986481e-03
2.816264284774661064e-03
8.688569068908691406e-04
-3.831784473732113838e-03
1.251348410733044147e-03
-3.300420474261045456e-03
1.852911314927041531e-03
-9.897714480757713318e-04
-2.533903345465660095e-03
-3.074705600738525391e-03
2.254553372040390968e-03
-3.063252661377191544e-04
1.646029297262430191e-03
-1.117713749408721924e-03
-3.244568826630711555e-03
1.852389192208647728e-03
1.571792527101933956e-03
-3.540528006851673126e-03
-1.841569435782730579e-03
-1.266372040845453739e-03
1.370041631162166595e-03
-6.781413103453814983e-04
-2.538886619731783867e-03
3.156528109684586525e-03
1.304794452153146267e-03
3.762409323826432228e-03
3.225499996915459633e-03
-1.403930829837918282e-03
1.320612267591059208e-03
6.688761641271412373e-04
-2.195583423599600792e-03
2.774126362055540085e-03
-1.893075183033943176e-03
2.433876041322946548e-03
3.349741222336888313e-03
2.374382689595222473e-03
-2.159817842766642570e-03
-1.776526682078838348e-03
1.135470578446984291e-03
-4.402595805004239082e-04
-6.199266063049435616e-04
3.208089387044310570e-03
1.121545908972620964e-03
1.886447542347013950e-03
-3.187311114743351936e-03
1.221678976435214281e-04
-3.073020139709115028e-03
2.036336809396743774e-03
-6.312212644843384624e-05
3.508799418341368437e-04
6.780638359487056732e-04
-1.096332911401987076e-03
1.398696913383901119e-03
-1.098512511816807091e-04
-3.383591771125793457e-03
-3.738376079127192497e-03
3.448916133493185043e-03
-2.606078283861279488e-03
9.171487763524055481e-04
3.362254239618778229e-03
2.439340343698859215e-03
-3.360265633091330528e-03
3.587725514080375433e-04
-9.924421319738030434e-04
3.141327295452356339e-03
2.595537516754120588e-04
3.864594036713242531e-03
1.090472564101219177e-03
-2.160036703571677208e-03
-1.181089552119374275e-03
-3.446777351200580597e-03
4.449326952453702688e-04
-1.554064103402197361e-03
-2.951768692582845688e-03
6.515984423458576202e-04
3.755821846425533295e-03
2.917843405157327652e-03
3.887278027832508087e-03
-3.259144490584731102e-03
7.781966705806553364e-04
2.982462290674448013e-03
5.988595657981932163e-04
1.209575450047850609e-03
-3.442552639171481133e-03
3.027224680408835411e-03
2.725452417507767677e-03
-7.941395742818713188e-04
2.772107953205704689e-03
-2.038206206634640694e-03
1.549449050799012184e-03
6.327115261228755116e-05
1.278450130484998226e-03
-2.228428376838564873e-03
1.025030622258782387e-03
-6.856988184154033661e-04
2.161481650546193123e-03
-3.878469811752438545e-03
-5.609597428701817989e-04
-2.902599051594734192e-03
2.960411657113581896e-04
-2.966964151710271835e-03
-8.751330897212028503e-04
-2.595782512798905373e-03
-1.611508312635123730e-03
1.841749413870275021e-03
-1.349898520857095718e-04
-2.822492737323045731e-03
3.126435680314898491e-03
2.559121057856827974e-04
1.384377363137900829e-03
-1.106395284296013415e-04
-2.236078958958387375e-03
-1.439930289052426815e-03
2.375959651544690132e-03
-1.563527272082865238e-03
1.735582598485052586e-03
1.767150970408692956e-04
-1.557191484607756138e-03
-1.151849632151424885e-03
-5.046122823841869831e-04
-1.909895567223429680e-03
-3.238449338823556900e-03
2.020811662077903748e-03
1.733462326228618622e-03
1.599671784788370132e-03
3.310880856588482857e-03
-7.614439819008111954e-04
1.020502648316323757e-03
7.029559928923845291e-04
6.578116444870829582e-04
3.670700825750827789e-04
-1.607492566108703613e-03
-3.817360382527112961e-03
9.627687395550310612e-04
3.069192636758089066e-03
-2.452861284837126732e-03
1.943764742463827133e-03
3.689922159537672997e-04
-1.862055505625903606e-03
-3.607484977692365646e-03
-2.654004376381635666e-03
-1.250620814971625805e-03
-3.758555278182029724e-03
-8.823071839287877083e-04
-1.337233930826187134e-03
-1.956305466592311859e-03
7.467421819455921650e-04
1.750813098624348640e-03
-3.636062145233154297e-03
-7.992209866642951965e-04
-1.964598195627331734e-04
-2.054574899375438690e-03
-8.702788618393242359e-04
-2.642472274601459503e-03
1.488151028752326965e-03
2.873356686905026436e-03
-2.490964019671082497e-03
-1.500517595559358597e-03
-3.174271667376160622e-03
-2.485269913449883461e-03
3.697701497003436089e-03
-3.872435307130217552e-03
8.076562080532312393e-04
-2.039654500549659133e-04
-2.523405710235238075e-03
-3.476101905107498169e-03
-2.245806623250246048e-03
-1.149756368249654770e-03
1.700958120636641979e-03
1.138026826083660126e-03
5.376437911763787270e-04
-2.145638922229409218e-03
-2.772459061816334724e-03
-8.169627981260418892e-04
1.029735067277215421e-04
3.887188155204057693e-03
2.641626866534352303e-03
-1.712312223389744759e-03
-1.669618999585509300e-03
-1.001730328425765038e-03
8.960906998254358768e-04
-2.075668191537261009e-03
1.324738404946401715e-04
5.193451652303338051e-04
-2.363031264394521713e-03
-3.417213214561343193e-03
-2.679993398487567902e-03
5.363367381505668163e-04
-1.055922359228134155e-03
2.278137253597378731e-03
-3.795685945078730583e-03
2.965519670397043228e-03
