5.324341327650472522e-05
-1.976885367184877396e-03
-2.440375508740544319e-03
-2.077734563499689102e-03
6.961044855415821075e-04
-4.061356594320386648e-04
-9.828967740759253502e-04
1.567176310345530510e-03
1.140307518653571606e-03
3.411378711462020874e-04
3.144771326333284378e-03
2.408609259873628616e-03
-3.820018144324421883e-03
-1.802238286472856998e-03
2.153103705495595932e-03
-1.250353176146745682e-03
3.123585833236575127e-03
3.888377454131841660e-03
2.578499959781765938e-03
2.944243140518665314e-03
-1.197897130623459816e-03
1.546792453154921532e-03
-3.417208092287182808e-03
1.803965657018125057e-03
-9.109007660299539566e-04
1.980001106858253479e-03
3.332603257149457932e-03
-6.816346285631880164e-06
7.981238886713981628e-04
-3.661930328235030174e-03
2.880432875826954842e-03
-2.332917880266904831e-03
-2.764288801699876785e-03
-3.431503660976886749e-03
3.074178704991936684e-03
1.686643227003514767e-03
-4.814773565158247948e-04
-6.185924285091459751e-04
-8.809610153548419476e-04
-1.475875265896320343e-03
-5.002085235901176929e-04
4.803367119166068733e-05
-1.495040138252079487e-03
2.041693776845932007e-03
-1.650581252761185169e-03
2.677116390259470791e-05
2.571465680375695229e-03
-2.847620286047458649e-03
2.864193171262741089e-03
-8.650674135424196720e-04
1.551970024593174458e-03
-2.738090464845299721e-03
3.225722815841436386e-03
3.838394302874803543e-03
1.052568550221621990e-03
1.996005652472376823e-03
3.530786139890551567e-03
2.974090748466551304e-04
3.325110068544745445e-03
3.272651694715023041e-03
1.506969332695007324e-03
2.609614748507738113e-03
-2.967498032376170158e-03
1.628779456950724125e-03
1.288980711251497269e-03
-1.572956214658915997e-03
2.640130463987588882e-03
2.054220531135797501e-03
2.047759247943758965e-03
-1.823217608034610748e-03
3.862462472170591354e-03
8.242498151957988739e-04
4.217026871629059315e-04
5.929763210588134825e-05
3.250410081818699837e-03
-1.444456051103770733e-03
-3.118081483989953995e-03
3.133508143946528435e-03
-3.022602992132306099e-03
1.038972870446741581e-03
2.352423965930938721e-03
-1.064548734575510025e-03
-3.612305503338575363e-03
-1.771724550053477287e-03
2.944820327684283257e-03
-3.329023020341992378e-04
-1.526535372249782085e-03
1.715955149848014116e-04
-2.342012478038668633e-03
-3.667915472760796547e-03
-3.512814408168196678e-03
-3.633443033322691917e-03
-3.562070662155747414e-03
3.582483623176813126e-03
-3.753661178052425385e-03
-1.889831153675913811e-03
3.051550826057791710e-03
-3.107475815340876579e-03
3.746448317542672157e-03
-1.617652014829218388e-03
1.463426393456757069e-03
2.089005465677473694e-05
3.433357051108032465e-05
-2.726924140006303787e-03
4.285588802304118872e-04
5.777914193458855152e-04
8.748236577957868576e-04
1.343886833637952805e-03
-3.677862696349620819e-03
-3.479068167507648468e-03
-6.137529853731393814e-04
2.916176803410053253e-03
6.808702019043266773e-04
3.123451489955186844e-03
1.720468630082905293e-03
5.866212304681539536e-04
6.447235355153679848e-04
-1.822287798859179020e-03
-3.751721233129501343e-03
-2.639691578224301338e-03
3.071122337132692337e-03
-2.331400988623499870e-03
-2.153436420485377312e-03
-9.651472792029380798e-04
1.544742146506905556e-03
-2.606233116239309311e-03
3.803737927228212357e-03
-2.802308648824691772e-03
-2.723105535551439971e-05
-5.817800411023199558e-04
-1.528731081634759903e-03
7.039804477244615555e-04
4.823118506465107203e-04
-5.281757912598550320e-04
3.846995066851377487e-03
-2.404566388577222824e-03
1.683810492977499962e-03
-2.822645474225282669e-04
-8.808585116639733315e-04
-2.186722820624709129e-03
-2.095549833029508591e-03
1.340595888905227184e-03
-3.246577223762869835e-03
2.173453569412231445e-03
-3.725010668858885765e-03
2.925049513578414917e-03
-1.712059311103075743e-04
-3.442960791289806366e-03
1.448663300834596157e-03
-1.983209745958447456e-03
3.598139446694403887e-04
3.268990200012922287e-03
-1.028319587931036949e-03
1.345478929579257965e-03
-2.610715571790933609e-03
8.723973296582698822e-04
-3.179727820679545403e-03
3.031644737347960472e-03
-1.053505693562328815e-03
2.902671927586197853e-03
3.511189715936779976e-03
9.491358468949329108e-06
1.536754425615072250e-03
2.566735260188579559e-03
-3.598207840695977211e-03
3.494488773867487907e-03
-1.349868718534708023e-03
8.283787756226956844e-04
-3.574926173314452171e-03
2.800794085487723351e-03
-3.092728089541196823e-03
1.253011432709172368e-04
-3.431896213442087173e-03
-3.211149014532566071e-04
1.147551694884896278e-03
-2.391632180660963058e-03
2.128250198438763618e-03
1.581619726493954659e-03
1.842320896685123444e-03
-2.435205504298210144e-03
-1.267008716240525246e-03
-2.928213914856314659e-03
-2.679146826267242432e-03
1.184081891551613808e-03
2.899381332099437714e-03
-3.088762750849127769e-03
3.518070327118039131e-03
-3.800633829087018967e-03
-3.112337784841656685e-03
-1.821902347728610039e-03
-3.457984887063503265e-03
3.351875348016619682e-03
7.074575987644493580e-04
-1.132059609517455101e-03
-1.022273325361311436e-03
1.579561503604054451e-03
3.376671113073825836e-03
1.210297108627855778e-03
1.346211065538227558e-03
1.959276385605335236e-03
-2.735897433012723923e-03
-3.081509377807378769e-03
1.001367229036986828e-03
-3.773025702685117722e-03
3.640651702880859375e-03
2.246532589197158813e-03
2.676490694284439087e-04
2.558961976319551468e-03
4.972165334038436413e-04
3.455252619460225105e-03
-1.092489925213158131e-03
1.247473992407321930e-03
1.886371639557182789e-03
3.271271707490086555e-03
-2.157452283427119255e-03
-2.565316681284457445e-04
3.565853112377226353e-04
-2.601849846541881561e-03
-1.806796179153025150e-03
-2.040200633928179741e-03
-1.623681280761957169e-03
-1.274373847991228104e-03
1.565796439535915852e-03
3.499738639220595360e-03
-4.028831426694523543e-06
-8.476336370222270489e-05
-1.478637277614325285e-04
-1.312931766733527184e-03
-2.824685303494334221e-03
2.368980087339878082e-03
2.485754666849970818e-03
-3.634034888818860054e-03
-1.585345489729661494e-05
1.502434723079204559e-03
2.891717711463570595e-03
-3.900096518918871880e-03
7.747092749923467636e-04
-1.398138003423810005e-03
-3.803685773164033890e-03
-3.740821732208132744e-03
-3.678833367303013802e-03
-2.706999424844980240e-03
2.400004304945468903e-03
3.575616981834173203e-03
-2.489804988726973534e-03
-1.447226619347929955e-03
-6.416711839847266674e-04
2.678719814866781235e-03
3.510459093376994133e-03
2.352660754695534706e-03
2.596197184175252914e-03
2.850356744602322578e-03
-2.342944208066910505e-04
-1.342579722404479980e-03
-1.312323031015694141e-03
-1.033972133882343769e-03
