1.265945495106279850e-03
9.982442861655727029e-05
-1.882454496808350086e-03
-3.466709982603788376e-03
-1.141508459113538265e-03
2.087586326524615288e-03
8.069638279266655445e-04
-1.803560007829219103e-04
2.798081375658512115e-03
2.251683967188000679e-03
-2.535628853365778923e-03
5.734704900532960892e-04
1.544650527648627758e-03
9.095438290387392044e-04
-1.076419139280915260e-03
3.407581243664026260e-03
5.427362048067152500e-04
-2.519859932363033295e-03
-3.663567826151847839e-03
-6.441792938858270645e-04
2.753747627139091492e-03
1.254924107342958450e-03
-3.308146493509411812e-03
3.517160424962639809e-03
2.084664301946759224e-03
2.734756330028176308e-03
3.335548099130392075e-03
-3.162259701639413834e-03
-2.338215708732604980e-03
1.596634043380618095e-03
1.098847831599414349e-03
-2.176048234105110168e-03
-9.036296978592872620e-04
1.951446640305221081e-03
-2.350972034037113190e-03
-3.745345398783683777e-03
-1.597720663994550705e-03
1.478211022913455963e-03
-3.749706549569964409e-03
1.792416092939674854e-03
3.647478064522147179e-03
1.399166649207472801e-03
4.469514533411711454e-04
-2.935248427093029022e-03
-3.806694410741329193e-03
-3.301525488495826721e-03
2.140307333320379257e-03
6.603599758818745613e-04
-3.351369523443281651e-04
-7.132703321985900402e-04
9.868024062598124146e-05
3.684877185150980949e-03
2.878664527088403702e-04
-1.325713936239480972e-03
2.770002698525786400e-03
-1.046292833052575588e-03
-2.374978270381689072e-03
-1.970626646652817726e-03
-1.335106440819799900e-03
3.488417714834213257e-04
-5.941722192801535130e-04
2.365566178923472762e-04
-3.605755977332592010e-03
-2.217630244558677077e-04
2.800988964736461639e-03
-8.499725372530519962e-04
-4.075673059560358524e-04
2.659095218405127525e-03
1.234192168340086937e-03
3.208478214219212532e-03
2.544018905609846115e-03
6.826804019510746002e-04
-1.619759132154285908e-03
4.010990378446877003e-04
2.538162050768733025e-03
-2.478631446138024330e-03
-3.692487953230738640e-03
1.230877707712352276e-03
3.676003776490688324e-03
-1.859287265688180923e-03
-1.590901054441928864e-03
-3.237986005842685699e-03
1.304576726397499442e-04
-1.040331437252461910e-03
-1.268881140276789665e-03
5.130268618813715875e-05
-1.930068247020244598e-03
2.367141278227791190e-04
1.985532231628894806e-03
-6.208242266438901424e-04
-5.565418396145105362e-04
-2.874252619221806526e-03
2.893395023420453072e-03
-1.435686717741191387e-03
2.245790790766477585e-03
1.977543113753199577e-03
3.157078521326184273e-03
1.890331186586990952e-04
-2.949576359242200851e-03
2.704328158870339394e-03
3.340647090226411819e-03
1.703177695162594318e-03
-9.350667241960763931e-04
-2.833578269928693771e-03
-2.438875846564769745e-03
-1.041400595568120480e-03
-9.814285440370440483e-04
2.558356150984764099e-03
-1.860473188571631908e-03
1.335940905846655369e-04
-2.034062752500176430e-03
-1.530634937807917595e-03
-3.678935579955577850e-03
-1.551871682750061154e-04
3.349703503772616386e-03
-6.432789959944784641e-04
3.998071188107132912e-04
-3.855841001495718956e-03
1.519196084700524807e-03
1.878004055470228195e-03
-1.627009245567023754e-03
3.882474731653928757e-03
1.572131150169298053e-04
-1.072030514478683472e-03
-5.870235618203878403e-04
2.603669650852680206e-03
-3.488153917714953423e-03
-9.653008310124278069e-04
-1.378429355099797249e-03
3.173880511894822121e-03
-2.226181793957948685e-03
-3.205909393727779388e-03
-3.598908660933375359e-03
-1.994034973904490471e-03
2.293108031153678894e-03
-1.750199007801711559e-04
2.253222512081265450e-03
3.977740125264972448e-04
7.819568272680044174e-04
-2.926727524027228355e-03
8.896137005649507046e-04
-1.264218706637620926e-03
4.887715913355350494e-04
-2.399056917056441307e-03
-2.917570294812321663e-03
1.182863488793373108e-03
-3.114486346021294594e-03
-6.709562730975449085e-04
1.099953777156770229e-03
-2.997003262862563133e-03
-3.964176285080611706e-04
2.986955223605036736e-03
-2.399957273155450821e-03
9.888439672067761421e-04
2.180467825382947922e-03
2.748343162238597870e-03
-2.424649661406874657e-03
5.146068360772915184e-05
-3.260256489738821983e-03
1.883061020635068417e-03
-1.514977309852838516e-03
-4.838109307456761599e-04
-2.158919582143425941e-03
1.269458298338577151e-04
-2.802140079438686371e-03
-3.918031870853155851e-04
2.245785435661673546e-03
3.221038030460476875e-03
3.053897758945822716e-03
-1.850613509304821491e-03
2.927265828475356102e-03
2.347607631236314774e-03
1.137191080488264561e-03
-3.628580132499337196e-03
6.305655115284025669e-04
-1.635908614844083786e-03
-2.949193352833390236e-03
1.441636472009122372e-03
5.649704253301024437e-04
3.299894975498318672e-03
-1.949034864082932472e-03
-1.821707002818584442e-03
3.367913654074072838e-03
-3.549456130713224411e-03
1.341364346444606781e-03
1.975479768589138985e-03
-3.701933659613132477e-03
-5.300682387314736843e-04
1.571643981151282787e-03
1.063405303284525871e-03
-4.658165853470563889e-04
2.293325960636138916e-03
-1.581411110237240791e-03
-3.573418129235506058e-03
-2.535625826567411423e-03
2.869399730116128922e-03
3.066646168008446693e-03
-1.733560231514275074e-03
-3.245099680498242378e-03
3.070596139878034592e-03
2.893048571422696114e-03
-1.266660285182297230e-03
-1.407858682796359062e-03
-1.630884013138711452e-03
2.950214548036456108e-03
-3.369450860191136599e-04
-3.263520775362849236e-04
-3.828378394246101379e-03
-3.514882409945130348e-03
-3.340260358527302742e-03
2.353103336645290256e-04
2.152302302420139313e-03
-3.116560168564319611e-03
-1.007326529361307621e-03
-1.608688849955797195e-03
3.263505641371011734e-03
-3.608427708968520164e-03
-2.440639305859804153e-03
-3.533687209710478783e-03
2.271635923534631729e-03
-2.238136803498491645e-04
3.806575841736048460e-04
1.884810859337449074e-03
-1.513673341833055019e-03
-3.289872780442237854e-03
-2.556140534579753876e-04
3.280440345406532288e-03
5.870584864169359207e-04
3.565049031749367714e-03
2.181343501433730125e-03
-2.070514019578695297e-03
3.766526468098163605e-03
2.045036526396870613e-03
1.651707338169217110e-03
7.490614079870283604e-04
-5.282584461383521557e-04
2.805825788527727127e-03
2.370219212025403976e-03
1.942138187587261200e-04
-3.813540097326040268e-03
2.015933860093355179e-03
-3.876120084896683693e-03
-2.537770429626107216e-03
1.363485935144126415e-03
-3.633093554526567459e-03
-1.525444560684263706e-03
-1.993778394535183907e-03
2.086001448333263397e-03
1.884113764390349388e-03
3.497963072732090950e-03
-2.257491229102015495e-03
1.321336720138788223e-03
-1.170663046650588512e-03
-6.775042274966835976e-04
7.201320840977132320e-04
-5.194853874854743481e-04
