-1.902293646708130836e-03
-3.517329460009932518e-03
-1.383420894853770733e-03
7.874662405811250210e-04
3.523519961163401604e-03
-2.337421057745814323e-03
3.217983758077025414e-03
-3.269869135692715645e-03
-3.906270023435354233e-03
3.026669146493077278e-03
-4.343772889114916325e-04
-2.887739334255456924e-03
-6.645044195465743542e-04
2.341754036024212837e-03
-3.425656817853450775e-03
1.651501632295548916e-03
2.126521198078989983e-03
-3.096993546932935715e-03
1.742030726745724678e-03
-1.329496037214994431e-03
9.739499073475599289e-04
-3.166834358125925064e-03
2.391564194113016129e-03
-1.117918174713850021e-03
-3.442408284172415733e-03
-9.172210120595991611e-04
8.387025445699691772e-04
8.896300569176673889e-04
-2.777901478111743927e-03
1.796068041585385799e-03
-3.102835733443498611e-03
-2.727173268795013428e-03
1.379047986119985580e-03
2.120786812156438828e-03
-1.337996684014797211e-03
1.178942387923598289e-03
1.658164430409669876e-03
-1.409317250363528728e-03
-6.095019052736461163e-04
-5.097839748486876488e-04
2.450486877933144569e-03
-4.701756406575441360e-04
1.404571929015219212e-03
-2.089177956804633141e-03
4.237851535435765982e-04
-3.726289141923189163e-03
3.639255883172154427e-04
-1.005302881821990013e-03
-3.333792556077241898e-03
1.952746999450027943e-03
-2.683168975636363029e-03
-1.206936431117355824e-03
8.386053377762436867e-04
-7.312716916203498840e-04
2.374987379880622029e-04
1.383121474646031857e-03
-2.865322167053818703e-03
2.443034900352358818e-03
-7.281688158400356770e-04
5.473031706060282886e-05
2.294379752129316330e-03
-3.467620408628135920e-04
1.433418015949428082e-03
2.061272040009498596e-03
-6.987423403188586235e-04
-1.261746860109269619e-03
3.202313673682510853e-04
1.124531845562160015e-04
1.652184640988707542e-03
-2.733623550739139318e-04
-1.493135467171669006e-03
-2.523598494008183479e-03
-1.703849760815501213e-03
3.030455904081463814e-03
1.085695228539407253e-03
-2.367255743592977524e-03
-7.955148466862738132e-04
2.033164724707603455e-03
2.170388819649815559e-03
2.641652710735797882e-03
-3.717075102031230927e-03
1.822848920710384846e-03
3.482508473098278046e-03
3.425113391131162643e-03
-1.469455193728208542e-03
3.021578304469585419e-03
3.076230641454458237e-03
-1.807940861908718944e-05
3.605041420087218285e-03
1.177997095510363579e-03
-8.409809670411050320e-04
7.529577706009149551e-04
-1.444701571017503738e-03
-2.671966794878244400e-03
3.273974405601620674e-03
2.378023928031325340e-03
-3.615753026679158211e-03
-1.986446324735879898e-03
-3.167467191815376282e-03
1.409551594406366348e-03
3.057430032640695572e-03
-2.436358481645584106e-04
9.165254305116832256e-04
1.503488980233669281e-03
2.536854299250990152e-04
-9.261636296287178993e-04
3.261617617681622505e-03
2.238280838355422020e-03
-2.469269093126058578e-03
-6.969836540520191193e-04
-3.517428413033485413e-03
-3.132248297333717346e-03
7.845208747312426567e-04
-9.734272607602179050e-04
-5.852500326000154018e-04
-3.218280849978327751e-03
-7.413778803311288357e-04
-2.768185804598033428e-04
1.109257456846535206e-03
-2.065713983029127121e-03
-3.030555089935660362e-03
7.339423173107206821e-04
3.272311529144644737e-03
1.163424109108746052e-03
3.591940039768815041e-03
-3.190094139426946640e-03
-1.365228090435266495e-03
-5.001624813303351402e-04
2.742819022387266159e-03
1.563786412589251995e-03
3.457756247371435165e-03
1.070211641490459442e-03
-3.715002909302711487e-03
8.830698061501607299e-05
-7.602008990943431854e-04
-1.719834282994270325e-03
-2.233442850410938263e-03
-2.931836294010281563e-03
-1.116324099712073803e-03
-2.550468780100345612e-03
-2.315914956852793694e-03
1.343081588856875896e-03
3.682289039716124535e-03
-3.034453548025339842e-04
-1.240750774741172791e-03
3.602086799219250679e-04
-2.676722360774874687e-03
-2.022811910137534142e-03
-3.460576699580997229e-04
2.705599879845976830e-03
-2.466097241267561913e-03
3.367208410054445267e-03
3.246535547077655792e-03
2.356792334467172623e-03
1.282075652852654457e-03
2.138567389920353889e-03
1.208819565363228321e-03
4.684508603531867266e-04
-9.699056390672922134e-04
-6.131681730039417744e-04
-5.667525110766291618e-04
-9.110560058616101742e-04
1.022107317112386227e-03
2.870868775062263012e-04
-1.702443114481866360e-03
3.679584013298153877e-03
-1.413297955878078938e-03
-4.370553360786288977e-04
-2.739245770499110222e-03
-2.643016166985034943e-03
-6.121363257989287376e-04
-1.129008713178336620e-03
-2.450476400554180145e-03
-3.735422389581799507e-03
-2.701780758798122406e-03
-2.273300895467400551e-03
-2.316510071977972984e-03
-3.744712332263588905e-03
2.570617245510220528e-03
1.288953237235546112e-03
3.762667533010244370e-03
-5.628688450087793171e-05
-9.905729675665497780e-04
6.222967058420181274e-04
1.573899528011679649e-03
-4.419302422320470214e-05
1.694053527899086475e-03
1.975613879039883614e-03
2.315269783139228821e-03
-2.452871296554803848e-03
-2.150256768800318241e-04
-1.003967248834669590e-03
2.654880052432417870e-03
-1.569797750562429428e-03
1.693094527581706643e-04
7.223303546197712421e-04
-1.250271918252110481e-03
-2.938825928140431643e-04
-2.157151699066162109e-03
1.763992826454341412e-03
-2.964324317872524261e-03
3.779844148084521294e-03
-5.863004480488598347e-04
-2.874704077839851379e-03
2.642916748300194740e-03
3.023213008418679237e-03
-2.559425309300422668e-03
-2.152703469619154930e-03
-2.944189123809337616e-03
1.911795698106288910e-03
-2.156109083443880081e-03
2.101430203765630722e-03
2.439236966893076897e-03
-7.470866548828780651e-04
-2.693927381187677383e-03
3.192768665030598640e-03
-2.772442530840635300e-03
2.251390600576996803e-03
7.230570190586149693e-04
-2.244760747998952866e-03
3.493625670671463013e-03
1.853442518040537834e-03
-1.254852977581322193e-03
-3.747762239072471857e-04
2.346352557651698589e-04
6.962655461393296719e-04
1.818910124711692333e-03
-3.515137126669287682e-03
-2.362340688705444336e-03
3.209258895367383957e-03
1.943617593497037888e-03
-2.868286683224141598e-04
-3.722409950569272041e-03
-2.655562013387680054e-03
1.754793222062289715e-03
-2.558115171268582344e-03
-1.162899308837950230e-03
-1.447820104658603668e-03
-1.928140292875468731e-03
3.356212109792977571e-04
1.083983734133653343e-04
-5.879220552742481232e-04
-3.659971058368682861e-03
3.184653120115399361e-03
2.708622487261891365e-03
-2.466133330017328262e-03
-1.482697116443887353e-04
3.339431481435894966e-03
-3.424833063036203384e-03
3.082256531342864037e-03
-1.626686193048954010e-03
-2.126190112903714180e-03
1.453892327845096588e-03
-4.763492615893483162e-04
-1.259672571904957294e-03
8.063172572292387486e-05
