1.200068276375532150e-03
-1.635983004234731197e-03
-1.163895823992788792e-03
-3.067847806960344315e-03
1.727555063553154469e-03
-1.991714234463870525e-04
2.683399245142936707e-03
-2.321304986253380775e-03
-1.679594279266893864e-03
-3.131418488919734955e-04
2.575249411165714264e-03
2.922767540439963341e-03
-1.976256258785724640e-03
1.323639531619846821e-03
-1.676938147284090519e-03
-3.707885509356856346e-03
-4.023614164907485247e-04
-1.552772941067814827e-03
5.910721956752240658e-04
-2.216952852904796600e-03
-3.675135783851146698e-03
1.488843699917197227e-03
-5.454188794828951359e-04
3.108231583610177040e-03
3.506213892251253128e-03
7.091488805599510670e-04
-9.590729605406522751e-04
2.483647316694259644e-03
3.526492975652217865e-03
2.114549512043595314e-03
-6.311527977231889963e-05
-2.980225719511508942e-03
-2.257318701595067978e-03
2.462839707732200623e-03
2.810121281072497368e-03
1.916921581141650677e-03
-1.766977366060018539e-03
2.186336554586887360e-03
1.844304846599698067e-03
-2.986202889587730169e-04
-3.500190796330571175e-03
2.916843164712190628e-03
-2.933246782049536705e-03
-2.570186974480748177e-03
-2.620060695335268974e-03
-2.967491280287504196e-03
-3.467597300186753273e-03
3.253048053011298180e-03
-2.948991954326629639e-03
2.139233518391847610e-03
3.214648226276040077e-03
-8.583603630540892482e-06
-4.879855259787291288e-04
1.755612087436020374e-03
3.413080004975199699e-03
-7.776818820275366306e-04
7.701262366026639938e-04
-2.657347591593861580e-03
1.341912196949124336e-03
-3.753814380615949631e-03
-1.370834535919129848e-03
2.130339154973626137e-03
1.937730237841606140e-03
-3.331783227622509003e-03
3.476217156276106834e-03
-5.732739227823913097e-04
1.228497014380991459e-03
-7.799558807164430618e-05
-2.197947585955262184e-03
2.935984870418906212e-03
9.531179093755781651e-04
1.142378896474838257e-03
-9.069918305613100529e-04
-1.982171321287751198e-03
3.195298602804541588e-03
-1.081886352039873600e-03
1.981255598366260529e-03
-1.687430194579064846e-03
-2.428494160994887352e-03
1.461832900531589985e-03
8.947392343543469906e-04
5.712563870474696159e-04
-2.563642105087637901e-03
-1.416579005308449268e-03
-2.816352993249893188e-03
-1.046903547830879688e-03
2.901747589930891991e-03
1.740364008583128452e-03
-1.712121418677270412e-03
-2.275598963024094701e-04
-1.092958613298833370e-03
-1.014950685203075409e-04
-6.752946064807474613e-04
-1.590393076185137033e-04
3.830299247056245804e-03
2.072569681331515312e-03
2.007478615269064903e-03
2.245473209768533707e-03
6.745708524249494076e-04
-3.841571975499391556e-03
-2.089352114126086235e-03
-2.930725459009408951e-03
-1.414122176356613636e-03
-2.736102091148495674e-03
-1.943357870914041996e-03
-1.346891629509627819e-03
-2.020430052652955055e-03
6.292721373029053211e-04
-2.045569475740194321e-03
-6.243152893148362637e-04
3.062585834413766861e-03
3.018108662217855453e-03
-3.383503528311848640e-03
1.215148833580315113e-03
5.025800783187150955e-04
-2.513858024030923843e-03
-5.675132269971072674e-04
-4.145377315580844879e-04
1.339001231826841831e-03
3.841783152893185616e-03
-6.474236142821609974e-04
2.208318328484892845e-03
7.857577875256538391e-04
2.968740649521350861e-03
-1.602612552233040333e-03
-3.232914488762617111e-03
-3.717007115483283997e-03
-1.210981863550841808e-03
-1.157677033916115761e-03
-3.308623097836971283e-03
-8.722202619537711143e-04
1.847487408667802811e-03
1.495036063715815544e-03
3.690997837111353874e-04
-1.568832667544484138e-03
1.922807074151933193e-03
-3.683479735627770424e-03
9.659814531914889812e-04
2.052064985036849976e-03
1.187003101222217083e-03
3.013531677424907684e-03
1.509023713879287243e-03
2.796484623104333878e-03
1.847264706157147884e-03
-2.804762043524533510e-04
-2.559481654316186905e-03
-3.258298616856336594e-03
3.182345535606145859e-03
-3.451531985774636269e-03
-1.618785667233169079e-03
-2.082386519759893417e-03
2.068745205178856850e-03
-2.680418547242879868e-03
1.851161941885948181e-03
-1.305866171605885029e-03
-1.314923138124868274e-04
2.820549067109823227e-03
-3.080253256484866142e-03
-1.575339701958000660e-03
2.618801314383745193e-03
2.208807040005922318e-03
-2.508315024897456169e-03
2.090486232191324234e-03
1.580515061505138874e-03
2.516051172278821468e-04
-1.585847698152065277e-03
-2.616897225379943848e-03
-2.742020646110177040e-03
-4.584770649671554565e-04
-7.067733095027506351e-04
-3.171120537444949150e-03
-3.345896722748875618e-03
-2.386033069342374802e-03
2.423544938210397959e-04
-2.356277545914053917e-04
-1.716263592243194580e-03
-2.039044484263285995e-04
3.869059262797236443e-03
2.363765845075249672e-03
-1.586085068993270397e-03
3.457374637946486473e-03
-3.143667243421077728e-03
3.170136362314224243e-03
-3.495329758152365685e-03
1.929040299728512764e-03
-2.177870599552989006e-03
-1.995320781134068966e-04
-3.505010623484849930e-03
-7.136849453672766685e-04
-1.937984954565763474e-03
-4.774291592184454203e-04
1.757483929395675659e-03
2.879068488255143166e-03
1.274042646400630474e-03
-4.267322947271168232e-04
3.380423877388238907e-03
-7.975267362780869007e-05
-2.937147626653313637e-03
8.975326200015842915e-04
1.419474028807599097e-05
-7.576710049761459231e-05
5.562822334468364716e-04
3.345202421769499779e-03
-3.396216314285993576e-03
-1.232006237842142582e-03
-1.307841157540678978e-03
3.720938460901379585e-03
3.604380646720528603e-03
-1.307385391555726528e-03
-3.186694346368312836e-03
2.593422774225473404e-03
1.836421666666865349e-03
1.834387367125600576e-04
-1.565236947499215603e-03
-2.317022444913163781e-04
9.782683337107300758e-04
-3.082401352003216743e-03
1.643067342229187489e-03
2.057309960946440697e-03
2.958824625238776207e-04
6.074580596759915352e-05
2.340218517929315567e-03
2.035759389400482178e-03
-3.490451024845242500e-03
3.789796261116862297e-03
5.747362156398594379e-04
6.995053263381123543e-04
-3.293467918410897255e-03
8.112601935863494873e-04
-2.060706261545419693e-03
4.172066692262887955e-04
3.120397683233022690e-03
-3.276845905929803848e-03
3.384418785572052002e-03
2.306669484823942184e-03
1.205268665216863155e-03
-3.186160465702414513e-03
3.074269276112318039e-03
-3.274651709944009781e-03
-1.330010010860860348e-03
-2.376318210735917091e-03
-1.593845430761575699e-03
1.432799617759883404e-03
-2.950607798993587494e-03
5.018801894038915634e-04
-2.958345925435423851e-03
2.078252146020531654e-03
2.602606778964400291e-03
1.554869930259883404e-03
2.347615547478199005e-03
-1.712935161776840687e-03
-3.322973847389221191e-03
-1.656213426031172276e-03
-1.245387364178895950e-03
-2.763823373243212700e-03
-1.884948287624865770e-04
