1.703893765807151794e-03
1.517777331173419952e-03
-2.599631203338503838e-03
-2.606128342449665070e-03
-3.163585672155022621e-03
-1.891292864456772804e-03
2.832426689565181732e-03
2.639672486111521721e-03
-1.518148696050047874e-03
3.379504894837737083e-03
1.441811327822506428e-04
1.807768945582211018e-03
-9.325842256657779217e-04
-1.312366919592022896e-03
-1.019523711875081062e-03
-1.306463032960891724e-03
2.992349211126565933e-03
1.899114460684359074e-03
-3.795813769102096558e-03
2.011828124523162842e-03
-3.328635822981595993e-03
4.423249629326164722e-04
-2.443088218569755554e-03
-3.535205032676458359e-03
2.545491734053939581e-04
1.877889386378228664e-03
7.780996966175734997e-04
3.734154161065816879e-04
-2.163178753107786179e-03
1.651599450269713998e-05
-2.122699515894055367e-03
-6.553780985996127129e-04
-3.325791563838720322e-03
-1.438659615814685822e-03
-2.798514033202081919e-04
2.025526715442538261e-03
6.390163325704634190e-04
-2.055775839835405350e-03
-2.754742512479424477e-03
2.781384624540805817e-03
-6.808639154769480228e-04
3.810410620644688606e-03
2.528448356315493584e-03
-1.809829496778547764e-03
-6.815172964707016945e-04
-3.547115251421928406e-03
5.142649170011281967e-04
-3.450693096965551376e-03
1.773958560079336166e-03
-3.687717253342270851e-03
-1.153466990217566490e-03
1.850342028774321079e-03
2.548323245719075203e-03
2.645230153575539589e-03
-6.633208977291360497e-05
-7.700842106714844704e-04
-2.782781375572085381e-03
2.801267663016915321e-03
1.462388900108635426e-03
-1.706446520984172821e-03
3.702693153172731400e-03
-3.564424579963088036e-03
1.723558758385479450e-03
2.287802984938025475e-03
5.171696102479472756e-05
1.251789042726159096e-03
1.370882819173857570e-04
1.659130211919546127e-03
-3.090559504926204681e-03
2.969907363876700401e-03
-7.886659586802124977e-04
3.432773519307374954e-03
-3.177198814228177071e-03
-1.212861621752381325e-03
-4.395122523419559002e-04
1.706232549622654915e-03
-1.507554203271865845e-03
-1.906872494146227837e-03
5.709987599402666092e-04
1.377449807478114963e-04
-2.439208910800516605e-04
2.291465178132057190e-03
-7.273569353856146336e-04
-3.614040324464440346e-04
-3.163565415889024734e-03
3.619350492954254150e-03
2.048483351245522499e-03
2.858898602426052094e-03
3.159619402140378952e-03
-5.304780788719654083e-04
6.951168179512023926e-04
2.585157519206404686e-03
2.713416703045368195e-03
1.590962056070566177e-04
-1.194505253806710243e-03
3.165653673931956291e-03
-1.506960052211070433e-05
2.320987172424793243e-03
3.488221904262900352e-03
1.143862376920878887e-03
-3.146579721942543983e-03
5.628177896142005920e-04
-3.548801178112626076e-03
-2.957530959974974394e-04
-2.502569986972957850e-04
3.747330512851476669e-03
3.715154714882373810e-03
8.369180723093450069e-04
-3.297386690974235535e-03
8.293511345982551575e-04
4.834285937249660492e-04
1.375654712319374084e-03
3.184177912771701813e-03
-1.872014399850741029e-04
-3.395738778635859489e-03
-3.441317006945610046e-03
2.154050162062048912e-03
1.188952825032174587e-03
6.159334443509578705e-04
-3.632406471297144890e-03
-3.848424414172768593e-03
-1.345502445474267006e-03
8.726031519472599030e-04
-1.347888377495110035e-03
3.095433581620454788e-03
-2.438078168779611588e-03
-7.925179670564830303e-04
2.931335009634494781e-03
4.768123617395758629e-04
1.257594441995024681e-03
2.503072144463658333e-03
-6.670149159617722034e-04
3.112398844677954912e-04
1.886699930764734745e-03
-3.172983415424823761e-03
1.331938547082245350e-03
-6.540113827213644981e-04
-2.580638043582439423e-03
-4.046237445436418056e-04
-1.187512301839888096e-03
-6.539961905218660831e-04
-3.907151054590940475e-03
-1.534461742267012596e-03
2.417214680463075638e-03
1.686611096374690533e-03
1.111136865802109241e-03
1.345369499176740646e-03
-2.863773610442876816e-03
-1.441795029677450657e-03
3.212301759049296379e-03
3.015298396348953247e-03
3.367468947544693947e-03
-1.342795439995825291e-03
2.582993358373641968e-03
1.309352926909923553e-03
1.958540873602032661e-03
3.585529280826449394e-03
-9.748661541379988194e-04
1.439008628949522972e-03
-3.522525541484355927e-03
-1.069158664904534817e-03
-1.482503954321146011e-03
-1.156720216386020184e-03
-3.178196959197521210e-03
1.633879728615283966e-03
-3.233442781493067741e-03
1.186501584015786648e-03
-2.807654673233628273e-03
2.812427119351923466e-04
-2.094807336106896400e-03
2.196638815803453326e-04
2.383415121585130692e-03
-6.279716035351157188e-05
1.134048099629580975e-03
-1.029685838147997856e-03
5.029463209211826324e-04
-1.181517378427088261e-03
1.253520022146403790e-04
-2.101107966154813766e-03
-3.552106907591223717e-03
5.968432524241507053e-04
-3.000338329002261162e-03
-3.499476471915841103e-03
6.705442792735993862e-04
-2.090719528496265411e-03
-1.373405248159542680e-04
3.592676017433404922e-03
3.888776060193777084e-03
3.606516169384121895e-03
-1.259705633856356144e-03
8.272152626886963844e-04
8.062808192335069180e-04
-1.880685915239155293e-03
9.107788791880011559e-04
-1.899680501082912087e-04
-1.720035215839743614e-03
-9.788492752704769373e-05
-2.827771473675966263e-03
-3.026232821866869926e-03
-2.956168726086616516e-03
1.404603477567434311e-03
3.323814598843455315e-03
2.057760721072554588e-03
2.806510077789425850e-03
3.771342104300856590e-03
-3.199313068762421608e-03
3.530501853674650192e-03
3.106385469436645508e-03
1.038169255480170250e-03
3.851315705105662346e-03
-2.701854391489177942e-04
-3.376561682671308517e-03
-3.035105764865875244e-04
3.716045757755637169e-03
-2.020284766331315041e-03
-3.373313462361693382e-03
-3.186285262927412987e-03
1.840797485783696175e-03
1.965604024007916451e-03
-1.158921979367733002e-03
4.199199902359396219e-04
-1.657520537264645100e-03
-2.071996423183009028e-04
3.054250264540314674e-03
-7.180662942118942738e-04
-1.463451073504984379e-03
-2.146202139556407928e-03
3.303978592157363892e-03
-4.417285963427275419e-04
2.292169723659753799e-03
-3.544833743944764137e-03
3.201581304892897606e-03
2.631625626236200333e-03
-3.474959870800375938e-03
2.099686302244663239e-03
1.474674209021031857e-04
3.759938990697264671e-03
-1.410493510775268078e-03
2.760859671980142593e-03
2.460564952343702316e-03
1.571298809722065926e-03
9.266664856113493443e-04
6.523835472762584686e-04
3.138210740871727467e-04
2.561208093538880348e-03
7.303908932954072952e-04
-3.543280065059661865e-03
-6.922056782059371471e-04
-3.372552804648876190e-03
-3.207939211279153824e-03
-3.653245978057384491e-03
-2.540184184908866882e-03
2.146647544577717781e-03
-1.607073820196092129e-03
2.963886363431811333e-03
1.065521137206815183e-04
