-2.476095920428633690e-03
3.099665977060794830e-03
-1.347607321804389358e-04
2.326699439436197281e-03
-5.290657281875610352e-04
-1.746215275488793850e-03
3.790841146837919950e-04
-3.266296582296490669e-03
-2.289107767865061760e-03
-2.977895550429821014e-03
3.133577993139624596e-03
-2.313333330675959587e-03
3.289723768830299377e-03
4.027870018035173416e-04
-9.857952827587723732e-04
1.917294692248106003e-03
1.634498767089098692e-04
3.433970734477043152e-03
1.102250418625771999e-03
2.009044634178280830e-03
-3.558604978024959564e-03
2.961594844236969948e-03
1.198000856675207615e-03
3.008820349350571632e-04
2.816716209053993225e-03
-2.933016046881675720e-03
3.225377527996897697e-03
-1.777163823135197163e-03
7.251111092045903206e-04
-2.220645779743790627e-03
3.241812344640493393e-03
3.745755646377801895e-03
1.820227480493485928e-03
-3.803490428254008293e-03
-1.618242007680237293e-03
-1.740183332003653049e-03
1.490717288106679916e-03
3.545580198988318443e-03
-2.623739186674356461e-03
-2.152879489585757256e-03
-3.866655984893441200e-03
-2.933892188593745232e-03
-1.216442207805812359e-03
-1.681516441749408841e-04
-2.361785387620329857e-03
-3.814612049609422684e-03
7.859760662540793419e-04
2.918682293966412544e-03
-2.724683843553066254e-03
3.252812195569276810e-03
1.097441345336847007e-04
1.436782804375980049e-05
-3.201800398528575897e-03
2.111135981976985931e-03
-1.251282636076211929e-03
-1.197802834212779999e-03
-4.495370085351169109e-04
5.008021253161132336e-04
-1.284593716263771057e-03
-8.555467356927692890e-04
1.624369760975241661e-03
3.338587470352649689e-03
3.858850337564945221e-03
-3.614948131144046783e-03
2.687989617697894573e-04
2.715001581236720085e-03
2.723605139181017876e-03
1.235285773873329163e-03
2.678846707567572594e-03
1.691366080194711685e-03
-3.313070861622691154e-03
3.171717515215277672e-03
2.637145575135946274e-03
-3.447092836722731590e-03
-2.175210509449243546e-03
-2.158711198717355728e-03
-1.380214118398725986e-03
-6.020949222147464752e-04
-8.623681496828794479e-04
-3.821954363957047462e-03
1.639967784285545349e-03
-3.503983607515692711e-03
-3.558996831998229027e-03
7.993119652383029461e-05
-2.646514214575290680e-03
2.296836348250508308e-03
7.575002964586019516e-04
2.240316709503531456e-03
4.085062828380614519e-04
4.275389073882251978e-04
1.966972835361957550e-03
2.077695913612842560e-03
-3.022360848262906075e-03
3.050922416150569916e-03
1.950468053109943867e-03
3.774463839363306761e-04
-2.434500493109226227e-03
-2.502844203263521194e-03
3.260257421061396599e-03
1.035584951750934124e-03
-2.884530462324619293e-03
-3.354521002620458603e-03
2.855330007150769234e-03
-9.305254789069294930e-04
-2.909682807512581348e-04
7.882553036324679852e-04
2.310704730916768312e-04
-8.382650557905435562e-04
-8.354788878932595253e-04
-7.363613112829625607e-04
-1.227028667926788330e-03
-3.299328498542308807e-03
2.865473972633481026e-03
-2.603838685899972916e-03
-2.508723177015781403e-03
-2.076787175610661507e-03
-3.101144451647996902e-03
-2.994275651872158051e-03
1.247332780621945858e-03
-2.115831244736909866e-03
2.024673856794834137e-03
-3.564061829820275307e-03
3.687103162519633770e-04
2.044575987383723259e-03
-2.012021141126751900e-04
-2.538403961807489395e-03
-1.258751610293984413e-03
2.165021607652306557e-03
3.365561831742525101e-03
7.801791653037071228e-04
-2.644965192303061485e-03
9.262093226425349712e-04
-3.124619135633111000e-03
3.371885046362876892e-03
-3.714454360306262970e-04
-2.208458317909389734e-04
3.718672087416052818e-04
2.702726051211357117e-03
-7.486068643629550934e-04
-1.064874231815338135e-03
2.952642273157835007e-03
-5.617060232907533646e-04
-2.847048453986644745e-03
-4.639004473574459553e-04
3.128259908407926559e-03
-2.497189212590456009e-03
-3.544249571859836578e-03
2.046452864306047559e-04
9.295253548771142960e-04
-3.652648301795125008e-03
2.402377322141546756e-05
2.986337756738066673e-03
-2.816064283251762390e-03
8.498539100401103497e-04
-1.132782432250678539e-03
-2.111115492880344391e-03
2.309652976691722870e-03
1.503155566751956940e-03
1.887653488665819168e-04
-3.398889908567070961e-03
-3.234743780922144651e-04
-1.335277222096920013e-03
3.010733984410762787e-03
5.948389880359172821e-04
-7.596824434585869312e-05
3.192548407241702080e-03
-1.685036928392946720e-03
2.880631014704704285e-03
-1.097242231480777264e-03
2.343024127185344696e-03
1.664882176555693150e-03
1.204799977131187916e-03
3.895764239132404327e-04
3.365103912074118853e-04
-3.679462824948132038e-04
2.740089315921068192e-03
-4.311521188355982304e-04
1.058712077792733908e-04
-8.499235264025628567e-04
-6.690328591503202915e-04
-1.925120450323447585e-04
-2.658007666468620300e-03
3.469346789643168449e-03
-3.796195378527045250e-03
-6.821550778113305569e-04
-2.436283975839614868e-04
-4.330125811975449324e-04
-2.197405090555548668e-03
-8.774474263191223145e-04
-1.720864325761795044e-03
-2.762036863714456558e-03
-1.241822494193911552e-03
-3.340874973218888044e-04
4.953280440531671047e-04
-2.194886328652501106e-03
3.822969039902091026e-03
5.710844998247921467e-04
-1.156106940470635891e-03
3.143343841657042503e-03
3.005182836204767227e-03
-3.916380461305379868e-03
8.528547477908432484e-04
-1.836300245486199856e-03
2.601173939183354378e-03
-3.151563229039311409e-03
1.010517240501940250e-03
-2.769448095932602882e-03
-1.828317414037883282e-03
1.657822635024785995e-03
-2.167457947507500648e-03
3.914030268788337708e-03
2.891128417104482651e-03
-5.645079654641449451e-04
-2.058333950117230415e-03
1.286804559640586376e-03
-7.592790643684566021e-04
-2.695184957701712847e-04
2.425466664135456085e-03
6.819709669798612595e-04
-1.480372855439782143e-03
-1.358555979095399380e-03
-1.116335159167647362e-03
3.167108865454792976e-03
3.894535591825842857e-03
-7.461479981429874897e-05
1.971114194020628929e-03
2.630869392305612564e-03
-1.838762313127517700e-03
-1.084078452549874783e-03
9.923209436237812042e-04
2.146324375644326210e-03
-3.561270888894796371e-03
1.926289987750351429e-03
3.302722703665494919e-03
-1.292745932005345821e-03
-1.621078466996550560e-03
-2.614488825201988220e-03
-1.608025013410951942e-05
-2.335887111257761717e-04
3.454681718721985817e-03
1.165217418019892648e-05
-3.671510843560099602e-03
-1.036312780342996120e-03
-2.128179185092449188e-03
6.511397077701985836e-04
-1.005872152745723724e-03
6.899908185005187988e-04
-2.379300771281123161e-03
-3.461368032731115818e-04
-9.532353724353015423e-04
8.255986031144857407e-04
1.051406143233180046e-03
-1.422946341335773468e-03
1.717883860692381859e-03
-1.422955247107893229e-04
2.923482796177268028e-03
