-3.595048910938203335e-04
-3.141335619147866964e-04
1.809633220545947552e-03
2.921183768194168806e-04
-6.264151306822896004e-04
-3.300115698948502541e-03
-3.836133284494280815e-03
2.275440376251935959e-03
2.021183725446462631e-03
-3.245945088565349579e-03
1.155100995674729347e-03
-3.906276251655071974e-04
-2.867084927856922150e-03
3.018449526280164719e-03
1.217295648530125618e-03
-1.997673418372869492e-03
-1.428972114808857441e-03
1.498378464020788670e-03
-1.896931091323494911e-03
-2.133646514266729355e-03
3.143035573884844780e-03
1.598105649463832378e-03
-7.009856053628027439e-04
-2.591234166175127029e-03
2.738156355917453766e-03
1.881336793303489685e-03
-1.031336607411503792e-03
1.713263220153748989e-03
1.159406499937176704e-03
-2.315918914973735809e-03
-2.771817147731781006e-03
-6.665961700491607189e-04
-8.912127232179045677e-04
-3.261104458943009377e-03
6.371926283463835716e-04
3.369017038494348526e-03
3.470173571258783340e-03
2.904637949541211128e-03
2.796763321384787560e-03
2.446289407089352608e-03
-3.871666558552533388e-04
-1.299606752581894398e-03
1.676763640716671944e-03
3.090666607022285461e-03
1.923924661241471767e-03
-2.847757423296570778e-04
-2.421861281618475914e-03
1.346826902590692043e-03
2.722617937251925468e-03
-1.469042384997010231e-03
-2.582986839115619659e-03
-8.459211676381528378e-04
1.425828784704208374e-03
-2.397220814600586891e-03
2.192742424085736275e-03
1.671029371209442616e-03
3.780392929911613464e-03
-3.290834138169884682e-03
2.777679590508341789e-03
-4.772420215886086226e-04
3.879846539348363876e-03
-1.087911514332517982e-04
2.527676755562424660e-03
2.566470997408032417e-03
-8.622042951174080372e-04
-4.739731084555387497e-04
-1.787898130714893341e-03
9.978545131161808968e-04
3.388901939615607262e-03
-1.790776499547064304e-03
-1.686370000243186951e-03
1.596447196789085865e-03
-3.802783787250518799e-03
6.483667530119419098e-04
4.090122529305517673e-04
1.224612817168235779e-03
-3.055380890145897865e-03
-3.308702260255813599e-03
3.841466270387172699e-03
-2.860490232706069946e-03
-1.788946334272623062e-03
-3.758444916456937790e-03
3.672305261716246605e-03
-2.060828031972050667e-03
-7.737220148555934429e-04
7.529280846938490868e-04
-1.872344058938324451e-03
-3.786817658692598343e-03
7.924424135126173496e-04
-2.980676246806979179e-03
-2.337086480110883713e-03
-3.697494277730584145e-03
8.680912433192133904e-04
2.391024725511670113e-03
2.051870338618755341e-03
-3.326032601762562990e-04
2.338825725018978119e-03
3.583904821425676346e-03
1.422963687218725681e-03
-3.249980800319463015e-04
5.675885477103292942e-04
6.653321324847638607e-04
-3.575795330107212067e-03
1.086438307538628578e-03
-4.662291612476110458e-04
-8.875147323124110699e-04
-1.925165299326181412e-03
1.252280315384268761e-03
-2.181560499593615532e-03
1.911544590257108212e-03
2.974339295178651810e-03
2.676889998838305473e-03
-1.704299123957753181e-03
5.616214475594460964e-04
-3.637172980234026909e-03
-1.037492067553102970e-03
-3.691311459988355637e-03
3.360354341566562653e-03
-2.878442173823714256e-03
-1.411018776707351208e-03
3.816408338025212288e-03
3.582694800570607185e-03
-1.484984531998634338e-03
-1.229451736435294151e-03
-2.663686638697981834e-03
2.679884899407625198e-03
-2.364608953939750791e-04
2.673463663086295128e-03
3.055703127756714821e-03
-3.053249092772603035e-04
-1.298670889809727669e-03
2.392242196947336197e-03
2.290148288011550903e-03
2.125915372744202614e-03
-1.946386764757335186e-03
2.627927344292402267e-03
1.408461946994066238e-03
-3.402285045012831688e-03
3.076024353504180908e-03
4.577545914798974991e-04
-2.365447347983717918e-03
-3.069804981350898743e-03
-1.931748818606138229e-03
5.598882562480866909e-04
-3.410818288102746010e-03
3.708130680024623871e-04
9.875016985461115837e-04
-3.425820323172956705e-04
8.681435137987136841e-04
2.559674670919775963e-03
-3.584147663787007332e-03
-3.466175403445959091e-03
-2.846871968358755112e-03
5.659013986587524414e-04
-3.994021099060773849e-04
3.428503172472119331e-03
-3.470274386927485466e-03
8.285547373816370964e-04
-3.927924262825399637e-05
2.791034057736396790e-03
-2.081463811919093132e-03
-2.720159944146871567e-03
-3.850135253742337227e-03
-2.729224739596247673e-03
6.077669677324593067e-04
-2.328404458239674568e-03
1.894266926683485508e-03
3.697040490806102753e-03
3.253588452935218811e-03
1.380639499984681606e-03
3.466937690973281860e-03
8.981856517493724823e-04
-2.256068168208003044e-03
-3.516812110319733620e-03
2.620830666273832321e-03
-2.358706202358007431e-03
-2.451768144965171814e-03
2.354723634198307991e-03
-1.147313014371320605e-04
-3.757515456527471542e-03
3.609291452448815107e-04
-1.703859656117856503e-03
-1.887060003355145454e-03
-1.507583307102322578e-03
-2.822299720719456673e-03
1.466058893129229546e-04
-5.784922395832836628e-04
-5.265668005449697375e-05
2.921125385910272598e-03
2.417271025478839874e-03
-1.542867743410170078e-03
-3.472512122243642807e-03
-3.336688503623008728e-03
-2.208498626714572310e-04
9.453500388190150261e-04
-2.776297274976968765e-03
-2.637489931657910347e-03
2.633873373270034790e-03
3.197387093678116798e-03
3.563461126759648323e-03
3.765821456909179688e-03
3.860160242766141891e-03
-3.610648913308978081e-03
-3.629552666097879410e-03
2.683461876586079597e-03
-1.051443512551486492e-03
4.069355491083115339e-04
-3.238548059016466141e-03
1.347808982245624065e-03
-1.884629367850720882e-03
2.776358975097537041e-03
-4.666567838285118341e-04
7.679658592678606510e-04
3.837340511381626129e-03
-3.078697482123970985e-03
-3.713625250384211540e-03
3.840186167508363724e-03
-1.895250752568244934e-03
-3.857800969853997231e-03
-2.206414239481091499e-03
2.792693208903074265e-03
1.770213595591485500e-03
-5.331427091732621193e-04
-1.293883076868951321e-03
6.815114174969494343e-04
-3.555718809366226196e-03
-3.153408644720911980e-03
5.283295758999884129e-04
-2.110361820086836815e-03
2.067341469228267670e-03
3.015463240444660187e-03
2.989472122862935066e-04
-6.365887238644063473e-04
2.457140246406197548e-03
2.961679361760616302e-03
2.148536033928394318e-03
-1.612841850146651268e-03
6.181037169881165028e-04
4.200657131150364876e-04
-3.748264862224459648e-03
-8.958645048551261425e-04
-8.739327313378453255e-04
1.980621134862303734e-03
-3.104387549683451653e-03
1.319009461440145969e-03
1.681801280938088894e-03
-1.360061927698552608e-03
1.979176420718431473e-03
6.691533490084111691e-04
1.083181050489656627e-04
3.781371051445603371e-03
-3.072940977290272713e-03
1.027975114993751049e-03
3.074750202358700335e-05
3.234513802453875542e-03
1.325899647781625390e-04
