2.062073210254311562e-03
2.178675960749387741e-03
-2.140120137482881546e-03
-1.435776939615607262e-03
7.616303628310561180e-04
2.084579551592469215e-03
2.593518700450658798e-03
-2.986651146784424782e-03
1.094621024094521999e-03
-1.913152867928147316e-03
-2.075618132948875427e-03
3.675249172374606133e-03
-3.440040163695812225e-03
1.889723935164511204e-03
1.482636784203350544e-03
1.800669473595917225e-03
-5.074109649285674095e-04
3.708623349666595459e-03
-1.878548064269125462e-03
3.883948782458901405e-03
2.441502409055829048e-03
-3.773303702473640442e-03
3.483695676550269127e-03
2.710301661863923073e-03
3.092488506808876991e-03
2.721784869208931923e-03
-3.404024755582213402e-03
2.082951599732041359e-03
6.170358392409980297e-05
2.268354175612330437e-03
3.759460290893912315e-03
-3.633793443441390991e-03
1.426816103048622608e-03
2.828751166816800833e-04
-1.691941986791789532e-03
2.986099803820252419e-03
3.136497223749756813e-03
6.858925917185842991e-05
-3.348835743963718414e-04
2.119752345606684685e-03
1.036822330206632614e-03
1.763454289175570011e-03
-8.757550676818937063e-05
-3.435998223721981049e-03
-3.007074119523167610e-03
-3.022760385647416115e-03
-1.662931870669126511e-03
1.553784473799169064e-03
-2.443541539832949638e-03
3.697755979374051094e-03
5.377485067583620548e-04
2.648923546075820923e-03
-4.670667112804949284e-04
-1.908627338707447052e-03
-2.404696075245738029e-03
3.043852921109646559e-04
-8.252364350482821465e-04
1.374219660647213459e-03
6.748689338564872742e-04
-3.363645868375897408e-03
9.094072738662362099e-04
-1.237074029631912708e-03
3.247699001803994179e-03
-4.145001876167953014e-04
2.395202405750751495e-03
-1.659619505517184734e-03
-2.074232790619134903e-03
-1.763981534168124199e-03
-3.461340907961130142e-03
2.233060775324702263e-03
-1.519926474429666996e-03
-3.215339966118335724e-03
-1.466454355977475643e-03
-3.615268738940358162e-03
4.195639921817928553e-04
-2.638997830217704177e-05
-2.684450242668390274e-03
1.231081201694905758e-03
1.766725559718906879e-03
3.193512093275785446e-03
-3.270416054874658585e-03
1.106846146285533905e-03
-1.027580350637435913e-03
-2.120896941050887108e-03
3.549618646502494812e-03
2.293830038979649544e-03
3.449501935392618179e-03
-1.671797479502856731e-03
-6.666171830147504807e-04
-3.111548954620957375e-03
3.695956664159893990e-03
-2.833610866218805313e-03
2.257430460304021835e-03
3.878198331221938133e-03
3.681131638586521149e-03
2.036500722169876099e-03
-1.931846025399863720e-03
-5.868258303962647915e-04
-2.860173350200057030e-03
8.101498824544250965e-04
-1.571432687342166901e-03
7.934503955766558647e-04
-2.997206989675760269e-03
-2.633073134347796440e-03
2.550540957599878311e-03
-5.708858370780944824e-04
-2.112912712618708611e-03
2.640028251335024834e-03
1.676361309364438057e-03
3.473145654425024986e-03
2.297500846907496452e-03
-1.977410400286316872e-03
-3.156585386022925377e-03
4.037768303533084691e-05
3.212859854102134705e-03
2.811920712701976299e-04
1.558606978505849838e-03
1.875647343695163727e-03
-3.094944870099425316e-03
2.875451929867267609e-03
2.851725090295076370e-03
2.111074049025774002e-03
7.561726379208266735e-04
-3.900760551914572716e-03
3.814135678112506866e-03
3.212638664990663528e-03
1.311563653871417046e-03
-2.597702201455831528e-03
-3.861313743982464075e-04
1.246305881068110466e-03
-3.269195556640625000e-03
-2.522317925468087196e-03
6.643178639933466911e-04
-5.162932211533188820e-04
-1.952596503542736173e-04
1.466963789425790310e-03
3.583958838135004044e-03
1.515880459919571877e-03
-7.106796692823991179e-05
1.920423470437526703e-03
-2.114013070240616798e-03
-3.291333559900522232e-03
-3.558500669896602631e-03
-1.045104814693331718e-03
-1.307189813815057278e-04
-2.165963640436530113e-03
7.454007118212757632e-06
-8.038795785978436470e-04
2.901411149650812149e-03
-3.287216648459434509e-03
-1.113244332373142242e-03
-9.893651586025953293e-04
1.972111873328685760e-03
-2.988405758515000343e-03
2.912900876253843307e-03
-6.522406474687159061e-04
-2.287443028762936592e-03
-3.035297617316246033e-03
3.412117250263690948e-03
-1.356754801236093044e-03
-3.073269966989755630e-03
2.184089273214340210e-03
-1.868880819529294968e-03
3.628526348620653152e-03
-3.837071417365223169e-04
2.298210049048066139e-03
-6.554704741574823856e-04
-2.699808916077017784e-03
-3.172271186485886574e-03
-2.977443626150488853e-03
-1.846938044764101505e-03
1.072970917448401451e-03
6.592819117940962315e-04
-2.189384307712316513e-03
2.283472800627350807e-03
2.371217124164104462e-03
-3.301344579085707664e-03
8.181777084246277809e-04
2.752108499407768250e-03
1.168712275102734566e-03
-3.120598383247852325e-03
9.063808829523622990e-04
-1.963819144293665886e-03
-2.843225374817848206e-03
3.187486436218023300e-03
2.527067437767982483e-03
1.435958314687013626e-03
-3.224612912163138390e-03
-1.686734613031148911e-03
-3.739084932021796703e-04
-5.526961758732795715e-04
2.556068124249577522e-03
3.274927614256739616e-03
1.048870733939111233e-03
6.836798856966197491e-04
-1.299608498811721802e-03
2.659525955095887184e-03
-3.514431416988372803e-03
-3.775682300329208374e-03
-1.699893502518534660e-03
9.544061613269150257e-04
8.281831978820264339e-04
-3.674409585073590279e-03
-6.601018831133842468e-04
-2.283806214109063148e-03
-9.137634770013391972e-04
-3.647435223683714867e-04
3.604931524023413658e-03
3.737276652827858925e-03
2.101154299452900887e-03
-2.193716820329427719e-03
3.474334487691521645e-03
-2.280157059431076050e-03
-1.243265811353921890e-03
3.550181630998849869e-03
-1.045436714775860310e-03
2.281197812408208847e-03
-3.289546584710478783e-03
-1.127973548136651516e-03
-2.813384402543306351e-03
-2.182429889217019081e-03
1.859836047515273094e-03
-1.918929978273808956e-03
1.107513904571533203e-03
-2.311324467882514000e-03
1.789450470823794603e-04
3.270891262218356133e-03
7.506378460675477982e-04
3.035543952137231827e-03
-3.669402562081813812e-03
1.786405453458428383e-03
-3.667688288260251284e-04
-3.191414289176464081e-03
3.014146815985441208e-03
-2.800021087750792503e-03
1.478390186093747616e-03
-2.114350936608389020e-04
-5.708070821128785610e-04
8.908297168090939522e-04
-3.584126243367791176e-04
-1.561232609674334526e-03
-1.804024679586291313e-03
3.325761295855045319e-03
-3.837639000266790390e-03
1.829329645261168480e-03
-1.750783412717282772e-04
-1.759272650815546513e-03
-1.293039415031671524e-03
9.751717443577945232e-04
9.101364994421601295e-04
-7.345578633248806000e-04
1.294612069614231586e-03
8.200680022127926350e-04
2.713827881962060928e-03
3.252039896324276924e-03
4.886297974735498428e-04
