1.483056810684502125e-03
-3.017895855009555817e-03
2.453065710142254829e-03
5.524229491129517555e-04
3.605021396651864052e-03
-2.393195172771811485e-03
-1.373039674945175648e-03
3.937630026484839618e-05
-8.309442819154355675e-06
-4.666941822506487370e-04
1.734395627863705158e-03
-3.390263300389051437e-03
-1.161163323558866978e-03
-3.825687104836106300e-03
-6.003375165164470673e-04
1.211866037920117378e-03
-3.813668619841337204e-03
5.351539002731442451e-04
3.852475900202989578e-03
3.229590132832527161e-03
1.795046962797641754e-03
6.841929280199110508e-04
-3.491429844871163368e-03
3.037621965631842613e-03
-2.237595152109861374e-03
-2.700431039556860924e-03
-2.430635504424571991e-03
7.611700566485524178e-04
-2.622575033456087112e-03
-1.387266442179679871e-03
-3.572671907022595406e-03
1.710314420051872730e-03
-4.304336616769433022e-04
-2.752635860815644264e-03
3.606085898354649544e-03
-6.777394446544349194e-04
-1.946035074070096016e-03
1.698222476989030838e-03
-2.976506249979138374e-03
-2.189118415117263794e-03
-8.442520629614591599e-04
-8.098397520370781422e-04
-3.709539305418729782e-03
-2.855920232832431793e-03
3.280294185969978571e-04
3.640180686488747597e-03
-2.772562205791473389e-03
-3.228041750844568014e-04
-2.280855551362037659e-03
-1.948418910615146160e-03
-3.766384674236178398e-03
8.320693450514227152e-05
-1.967369171325117350e-04
-1.823146449169144034e-04
-9.862816659733653069e-04
-1.250887056812644005e-03
-8.744577062316238880e-04
1.343947369605302811e-03
-2.490141196176409721e-03
6.570790719706565142e-05
-2.167992526665329933e-03
6.272220343817025423e-05
-1.128055271692574024e-03
2.681674668565392494e-03
3.055281704291701317e-03
3.315331414341926575e-03
9.219534695148468018e-04
1.701599569059908390e-03
1.340432674624025822e-03
4.331019008532166481e-04
1.498746423749253154e-04
-1.087733617168851197e-04
1.488741952925920486e-03
-3.585434285923838615e-03
-2.079056110233068466e-03
1.311397529207170010e-03
2.498506335541605949e-03
3.662843955680727959e-04
-2.620605751872062683e-03
5.814519245177507401e-04
-4.399877798277884722e-04
2.825952135026454926e-03
3.519411839079111814e-04
-1.161694526672363281e-03
-2.630878472700715065e-03
4.476530011743307114e-04
-3.396571148186922073e-03
-2.456858521327376366e-03
-1.971747726202011108e-03
-2.896880498155951500e-03
-1.897465321235358715e-03
-1.053220592439174652e-03
2.481668954715132713e-03
-2.675136085599660873e-03
-1.760285580530762672e-03
-2.393225440755486488e-03
-3.586999446270056069e-05
-7.775024278089404106e-04
-1.193428295664489269e-03
3.680418711155653000e-03
5.633416585624217987e-04
-3.821799065917730331e-03
3.326295642182230949e-03
-1.167805399745702744e-03
-1.645808923058211803e-03
-4.187881713733077049e-04
-3.624108619987964630e-03
3.436192171648144722e-03
-1.813467126339673996e-03
-8.047405281104147434e-04
2.004094421863555908e-04
-4.390845715533941984e-04
1.932013314217329025e-03
-3.855708753690123558e-03
-2.254404826089739799e-03
1.209177076816558838e-03
-2.259274624520912766e-04
-1.807852764613926411e-03
-2.622284227982163429e-03
3.428310388699173927e-03
3.785355482250452042e-03
3.230324713513255119e-03
3.906352445483207703e-03
2.781302668154239655e-03
-6.026791525073349476e-04
1.421154942363500595e-03
-1.678767497651278973e-03
3.277542069554328918e-03
-8.556714165024459362e-04
-1.393441343680024147e-03
-1.789374276995658875e-03
-5.677498993463814259e-04
-1.869281521067023277e-03
-2.440805314108729362e-03
9.070347296074032784e-04
7.765677291899919510e-04
2.548293443396687508e-03
1.304013887420296669e-03
-3.309379564598202705e-03
1.385475508868694305e-03
-1.934636384248733521e-03
-1.229930319823324680e-03
3.606558777391910553e-03
6.597121246159076691e-04
2.604737528599798679e-04
-3.421223256736993790e-03
-1.228219014592468739e-03
1.782973064109683037e-03
3.012147266417741776e-03
1.055741304298862815e-04
-1.690746285021305084e-04
-2.802816219627857208e-03
-9.651335421949625015e-04
-9.776533115655183792e-04
-2.142085693776607513e-03
1.670066267251968384e-03
5.846241838298738003e-04
-1.708199153654277325e-03
1.946120406500995159e-03
-5.002143443562090397e-04
-2.636671299114823341e-03
2.941601211205124855e-03
5.026904400438070297e-04
-1.228475593961775303e-03
9.374431683681905270e-04
-1.685795956291258335e-03
-2.397476928308606148e-03
-6.554047577083110809e-04
2.038546372205018997e-03
2.898353617638349533e-03
-1.460323110222816467e-04
3.027357626706361771e-03
-3.498129663057625294e-04
-6.190668791532516479e-04
1.629906240850687027e-03
-3.119221422821283340e-03
-3.488336922600865364e-03
-3.110576188191771507e-03
-2.145674312487244606e-03
3.636847017332911491e-03
-1.674249768257141113e-03
-2.222456037998199463e-03
-1.067412900738418102e-03
2.588391304016113281e-03
1.386066782288253307e-03
-1.939732348546385765e-03
3.606299287639558315e-04
-9.485475020483136177e-04
1.460219966247677803e-03
-1.639200781937688589e-04
-2.677756128832697868e-04
1.546892221085727215e-03
-2.746165497228503227e-03
8.096472010947763920e-04
2.031979965977370739e-04
-2.593815093860030174e-03
1.867413287982344627e-03
-3.842558013275265694e-03
-2.585182897746562958e-03
-1.849416294135153294e-03
-1.511882641352713108e-03
2.863487927243113518e-03
2.030408242717385292e-03
7.180273678386583924e-05
-2.629281254485249519e-03
-2.880614716559648514e-03
2.482242416590452194e-03
-3.833423834294080734e-04
-1.554340473376214504e-03
-2.725672908127307892e-03
-2.399242948740720749e-03
-3.479063045233488083e-03
1.804865663871169090e-03
-1.416958170011639595e-03
2.119314623996615410e-03
3.533554496243596077e-03
8.701095357537269592e-04
7.776559796184301376e-04
-2.526360331103205681e-03
1.806501764804124832e-03
-2.060476399492472410e-04
-2.756867790594696999e-03
-3.384111914783716202e-03
-9.560631588101387024e-04
1.285253209061920643e-03
-3.454622579738497734e-03
6.824004813097417355e-04
2.607566537335515022e-03
3.699838882312178612e-03
1.467338297516107559e-03
-3.816531039774417877e-03
-4.801117465831339359e-04
-1.275963964872062206e-03
2.870566640922334045e-05
2.691732719540596008e-03
-6.745526916347444057e-04
3.772210795432329178e-03
-2.494574291631579399e-03
4.359179001767188311e-04
-2.757203765213489532e-03
3.552877577021718025e-03
-3.509111702442169189e-03
2.621240448206663132e-03
2.420582342892885208e-03
-3.397776279598474503e-03
-3.269582986831665039e-03
2.009049989283084869e-03
-1.955055166035890579e-03
3.809953341260552406e-03
6.727236323058605194e-04
3.665875177830457687e-03
3.869717242196202278e-03
3.350183134898543358e-03
-2.916294848546385765e-03
-8.316957973875105381e-04
-3.816611599177122116e-03
