-7.445568335242569447e-04
4.691049980465322733e-04
-7.875262526795268059e-04
-9.167044772766530514e-04
-4.288195923436433077e-04
-4.486063262447714806e-04
-1.454762648791074753e-03
9.626620449125766754e-04
1.495144679211080074e-03
-2.846473362296819687e-03
-1.609100494533777237e-03
2.236873377114534378e-03
2.722262637689709663e-03
8.003136608749628067e-04
2.490245737135410309e-03
9.572823764756321907e-04
-3.806505352258682251e-03
4.697793337982147932e-04
1.210890186484903097e-04
-3.712196135893464088e-03
3.198983147740364075e-03
-1.957342261448502541e-03
-3.672813298180699348e-03
-2.477485919371247292e-03
-1.113460981287062168e-03
1.649395795539021492e-03
3.073721192777156830e-03
-7.942785159684717655e-04
-4.888962139375507832e-04
-8.207700448110699654e-04
-3.041436430066823959e-03
6.501013995148241520e-04
-1.894965767860412598e-03
-4.627055022865533829e-04
1.196625409647822380e-03
2.463536802679300308e-03
-3.429483389481902122e-03
3.901122137904167175e-03
5.112412618473172188e-04
3.061794210225343704e-03
-7.133308099582791328e-04
-2.284878864884376526e-04
2.518210327252745628e-03
2.231066348031163216e-03
3.177131759002804756e-03
1.599016366526484489e-03
3.887281287461519241e-03
-3.118082648143172264e-03
1.481012208387255669e-03
-2.362634520977735519e-03
-8.232143009081482887e-04
-4.166448197793215513e-04
-1.914398162625730038e-03
1.041612486005760729e-04
-5.546240718103945255e-04
2.274357713758945465e-03
9.689562721177935600e-04
5.832603783346712589e-04
-2.112841699272394180e-03
2.323779743164777756e-03
1.720125554129481316e-03
2.564005553722381592e-03
-1.155124627985060215e-03
-2.555020386353135109e-03
3.003254067152738571e-03
2.512949984520673752e-03
2.738024340942502022e-03
2.460263203829526901e-03
7.279868586920201778e-04
-1.990592572838068008e-03
1.979767839657142758e-04
-2.688079839572310448e-03
7.241545245051383972e-04
-2.353199059143662453e-03
3.372216888237744570e-04
-3.373862477019429207e-03
-1.176332589238882065e-03
-2.752840984612703323e-03
-7.024578517302870750e-04
1.088213874027132988e-03
-2.740139840170741081e-03
2.339823404327034950e-03
1.958470791578292847e-03
1.726768387015908957e-04
1.593425986357033253e-03
1.216899370774626732e-03
-4.765481862705200911e-04
-3.130252007395029068e-03
-1.756362267769873142e-03
2.722057281062006950e-03
-3.283091122284531593e-03
3.529312554746866226e-03
5.325046367943286896e-04
1.183894928544759750e-03
2.534095197916030884e-03
-2.209305239375680685e-04
1.915424829348921776e-03
-2.199687063694000244e-03
1.693609869107604027e-03
2.801293041557073593e-03
2.434946509310975671e-04
-2.815091051161289215e-03
2.102375729009509087e-03
3.613406792283058167e-03
-1.444873982109129429e-03
-6.479175062850117683e-04
-1.972421014215797186e-04
-3.751108888536691666e-03
2.613365650177001953e-03
-2.441632328554987907e-03
2.142573939636349678e-03
7.217859383672475815e-04
2.102632774040102959e-03
-3.791722236201167107e-03
1.946550211869180202e-03
8.637534338049590588e-04
3.120942972600460052e-03
2.365129766985774040e-03
3.713841433636844158e-04
-1.862395671196281910e-03
-8.882353431545197964e-04
1.904586446471512318e-03
-2.568343188613653183e-03
-3.478959202766418457e-03
-6.499633309431374073e-05
-2.766544930636882782e-03
2.573358826339244843e-03
2.135641407221555710e-03
2.047037938609719276e-03
1.138238934800028801e-03
-1.806388259865343571e-03
1.709053525701165199e-03
5.767102120444178581e-04
-2.518899273127317429e-03
1.933303719852119684e-04
-6.635023164562880993e-04
-1.677676220424473286e-03
2.959688659757375717e-03
3.728035837411880493e-03
-3.196055768057703972e-03
1.851913839345797896e-04
4.840835463255643845e-04
1.112859812565147877e-03
1.438621780835092068e-03
-1.746334135532379150e-03
3.026454476639628410e-03
2.277965890243649483e-03
1.120419707149267197e-03
-3.335517598316073418e-03
3.754674689844250679e-03
-3.559410339221358299e-03
3.160555148497223854e-03
3.725539427250623703e-03
-2.668427536264061928e-03
6.332355405902490020e-05
9.762045228853821754e-04
-6.413867959054186940e-05
2.965262974612414837e-04
2.037421101704239845e-03
2.848577918484807014e-03
-1.608182676136493683e-03
3.466047579422593117e-03
-3.269684268161654472e-03
-2.390580950304865837e-03
-3.459107829257845879e-03
-9.434830863028764725e-04
-3.442452289164066315e-03
-3.549312241375446320e-03
1.911234110593795776e-03
-7.669422193430364132e-04
3.712364472448825836e-03
2.597274724394083023e-03
-1.018031965941190720e-03
-1.441887929104268551e-03
7.100026123225688934e-04
-3.686558688059449196e-03
8.551682112738490105e-04
-1.297216047532856464e-03
-3.047490725293755531e-03
-3.548545530065894127e-03
-3.596647409722208977e-03
2.341961255297064781e-03
-3.419274929910898209e-03
-1.335477107204496861e-03
2.586960326880216599e-03
-2.202140167355537415e-03
-3.690514480695128441e-03
-3.042048308998346329e-03
3.620204748585820198e-03
2.992481226101517677e-03
-2.051044575637206435e-04
-2.469449071213603020e-03
1.119985943660140038e-03
-2.270284341648221016e-03
-3.300514537841081619e-03
-2.948556561022996902e-03
2.745681907981634140e-03
-3.174295416101813316e-04
-1.291160704568028450e-03
1.870666397735476494e-03
1.755544450134038925e-03
-2.183182397857308388e-03
-3.681748406961560249e-03
-3.290107415523380041e-04
2.274817554280161858e-03
-2.642181003466248512e-03
2.778208116069436073e-03
9.082895703613758087e-04
3.522017970681190491e-03
-2.922083251178264618e-03
6.680881488136947155e-04
1.040953065967187285e-04
-2.499417401850223541e-03
-2.511259866878390312e-03
3.841472091153264046e-03
-1.380083616822957993e-03
7.148415897972881794e-04
-1.713605015538632870e-03
-4.717726187664084136e-05
-5.650101811625063419e-04
8.745546801947057247e-04
-3.056381538044661283e-04
-1.246203552000224590e-03
1.776530523784458637e-03
2.418197458609938622e-03
-1.641542417928576469e-03
-2.820864319801330566e-04
-3.457952290773391724e-03
-2.234861953184008598e-03
4.814214844373054802e-05
-7.591914618387818336e-04
3.388435579836368561e-03
-2.559763612225651741e-03
2.529111923649907112e-03
2.482336421962827444e-04
-7.135215564630925655e-04
2.228911034762859344e-04
2.137033035978674889e-03
-2.846629125997424126e-03
2.829426899552345276e-03
-3.753312164917588234e-03
3.330858424305915833e-03
1.966536510735750198e-03
3.864167723804712296e-03
9.235989418812096119e-04
2.360275713726878166e-03
-3.757834434509277344e-03
2.418133663013577461e-03
3.805955173447728157e-03
-1.134418416768312454e-03
9.065992780961096287e-04
-3.536712902132421732e-04
-2.778768539428710938e-03
-2.471671672537922859e-03
-7.800603052601218224e-04
6.644654204137623310e-04
