8.494510548189282417e-04
-5.565809551626443863e-04
-3.369580488651990891e-03
2.045760164037346840e-03
3.403544425964355469e-03
-7.137376815080642700e-04
3.597893810365349054e-04
-2.910265699028968811e-03
7.100201910361647606e-04
2.423151629045605659e-03
2.314741723239421844e-03
-1.784259104169905186e-03
-2.113881753757596016e-03
3.851342247799038887e-03
2.964838931802660227e-04
-5.700024121324531734e-05
-3.828214481472969055e-03
-7.826660294085741043e-05
2.632975578308105469e-03
-1.442783279344439507e-03
-2.743991091847419739e-03
-9.929933585226535797e-04
3.343411954119801521e-04
-1.734172226861119270e-03
3.149189287796616554e-03
-8.388698333874344826e-04
3.796500095631927252e-04
-1.804521190933883190e-03
4.010708071291446686e-04
3.479593899101018906e-03
-3.834591188933700323e-04
-3.458573017269372940e-03
3.560174664016813040e-04
2.304580761119723320e-03
2.551617333665490150e-03
-8.982272702269256115e-04
3.830038011074066162e-03
-1.394677907228469849e-03
2.082024002447724342e-03
-1.591614447534084320e-03
-2.419261261820793152e-03
-3.262989921495318413e-03
9.168795804725959897e-05
-2.757442882284522057e-03
-1.411892008036375046e-03
-3.666304284706711769e-03
1.673941500484943390e-03
1.535495510324835777e-03
2.242754213511943817e-03
-1.891151536256074905e-03
-3.374420339241623878e-03
3.347294637933373451e-03
-1.329364720731973648e-03
9.451094083487987518e-04
-1.638812595047056675e-03
-2.908383263275027275e-03
1.586241065524518490e-03
-1.865436206571757793e-03
3.005338658113032579e-04
2.005354734137654305e-03
-3.822169965133070946e-03
-2.965444466099143028e-03
3.328157588839530945e-03
-1.788643654435873032e-03
-2.366877160966396332e-03
-7.042006473056972027e-04
-4.015848389826714993e-04
-5.005944403819739819e-04
1.835215371102094650e-03
1.505794236436486244e-03
1.915156724862754345e-03
-3.670676611363887787e-03
-2.145431004464626312e-03
8.936035010265186429e-05
-1.243704609805718064e-04
-2.955694682896137238e-03
-1.200924511067569256e-03
3.862349316477775574e-03
5.385258700698614120e-04
-3.716080915182828903e-03
3.005353268235921860e-03
-3.727105678990483284e-03
8.379374048672616482e-04
3.303769975900650024e-03
2.093463204801082611e-03
3.909169230610132217e-03
3.573768306523561478e-03
-1.557886600494384766e-03
1.976948929950594902e-03
2.748408587649464607e-03
-2.382839098572731018e-03
-3.705362556502223015e-03
2.601200249046087265e-03
2.098489552736282349e-03
-1.788778114132583141e-03
2.724240999668836594e-03
3.097853157669305801e-03
-2.761336741968989372e-03
9.885897161439061165e-04
1.767491456121206284e-03
-6.975199794396758080e-04
-3.272165078669786453e-03
2.932780422270298004e-03
1.329288934357464314e-03
3.684269031509757042e-04
2.109166933223605156e-03
-1.065074582584202290e-03
-8.982546860352158546e-04
-3.544150386005640030e-03
1.996954903006553650e-03
-3.734767902642488480e-03
-7.928324048407375813e-04
-5.165832117199897766e-04
3.350063052494078875e-04
-3.241422353312373161e-03
2.785333199426531792e-03
-1.703463378362357616e-03
-1.345442607998847961e-03
-2.045988570898771286e-03
5.106909084133803844e-04
-2.763405500445514917e-04
4.547578282654285431e-04
-5.051760817877948284e-04
2.967170206829905510e-03
3.160912776365876198e-03
1.484349602833390236e-03
1.208523754030466080e-04
3.595233196392655373e-03
-3.738207509741187096e-03
2.890338422730565071e-03
-1.126084593124687672e-03
-7.129246369004249573e-04
1.288908882997930050e-03
-1.197322737425565720e-03
2.627302601467818022e-04
3.624080447480082512e-03
2.527291188016533852e-03
-1.320457668043673038e-03
2.407127292826771736e-03
-1.759560662321746349e-03
-1.902455114759504795e-03
-2.670449437573552132e-03
2.118821721524000168e-04
-3.336687106639146805e-03
-3.565943043213337660e-04
-1.597734517417848110e-03
1.532861730083823204e-03
2.195912820752710104e-04
2.882889239117503166e-03
2.132144523784518242e-03
-1.103322952985763550e-03
-3.741862601600587368e-04
2.776325563900172710e-04
-1.034431625157594681e-03
-1.248814514838159084e-03
-3.434219164773821831e-03
1.575494025018997490e-05
1.315526198595762253e-03
-2.496516797691583633e-03
2.898961538448929787e-03
8.823120151646435261e-04
-2.789471531286835670e-03
-3.261472797021269798e-03
-3.554274793714284897e-03
-3.423126472625881433e-04
8.885049028322100639e-04
-2.566405571997165680e-03
3.519518766552209854e-03
3.930279926862567663e-04
-2.669740235432982445e-03
-2.145961479982361197e-04
2.458124887198209763e-03
3.718257881700992584e-03
1.600889081601053476e-04
-3.869297914206981659e-03
-9.504471090622246265e-04
3.776686266064643860e-03
-1.160104409791529179e-03
-2.575615188106894493e-03
-1.491763861849904060e-03
2.527992939576506615e-03
-3.399208886548876762e-03
-9.802065324038267136e-04
-2.584119094535708427e-03
-1.437359140254557133e-03
-1.175864250399172306e-03
3.778416896238923073e-03
-2.269007498398423195e-03
1.791406888514757156e-03
1.048655249178409576e-03
5.188928917050361633e-04
-3.630781779065728188e-03
-1.976736093638464808e-04
-6.451524095609784126e-04
2.569828415289521217e-03
6.419374258257448673e-04
1.161222113296389580e-03
1.386562129482626915e-03
3.869036445394158363e-04
5.188176291994750500e-04
1.307552884100005031e-04
-2.174472901970148087e-03
3.476361045613884926e-03
-2.784010488539934158e-03
2.865571761503815651e-03
1.080116722732782364e-03
1.705369562841951847e-03
-1.614895532839000225e-03
2.066038781777024269e-03
-3.907918930053710938e-03
1.205123262479901314e-03
-2.981684403494000435e-03
1.249675522558391094e-03
1.993307960219681263e-04
-2.992908935993909836e-03
7.748815551167353988e-05
1.556980889290571213e-03
1.907277037389576435e-03
-1.814363175071775913e-03
-6.838780827820301056e-04
3.835032228380441666e-03
2.971941605210304260e-03
2.799422480165958405e-03
-2.306507434695959091e-03
-1.207752618938684464e-03
-2.626916160807013512e-03
9.781530388863757253e-05
-2.470048377290368080e-03
1.502334256656467915e-03
-1.791514572687447071e-03
-2.209588186815381050e-03
6.110218237154185772e-04
6.738336378475651145e-05
3.009394044056534767e-03
6.757440278306603432e-04
3.129623830318450928e-03
3.584182122722268105e-03
2.486720448359847069e-03
2.420200034976005554e-03
3.806085325777530670e-03
-3.423075890168547630e-03
-1.501337508670985699e-03
1.352457911707460880e-03
-1.767175272107124329e-03
3.691725898534059525e-03
2.526425290852785110e-03
8.462805417366325855e-04
-1.098703709430992603e-03
9.949126979336142540e-04
-2.126788254827260971e-03
5.567749030888080597e-04
-1.342893461696803570e-03
-5.234939744696021080e-04
-2.981056692078709602e-03
4.451556305866688490e-04
-8.457447984255850315e-04
