-1.767228357493877411e-03
3.121919929981231689e-03
2.724013756960630417e-03
-2.181018004193902016e-03
-2.266649156808853149e-03
-9.083981276489794254e-04
-3.738076891750097275e-03
-3.325510537251830101e-03
-2.582456450909376144e-03
-3.709207056090235710e-03
-2.194676082581281662e-03
2.663206541910767555e-03
-1.953722443431615829e-03
-3.272593312431126833e-04
1.861074939370155334e-03
2.828258089721202850e-03
2.662883838638663292e-03
-1.819899887777864933e-03
-1.841107965447008610e-03
-3.210568800568580627e-03
-3.807906992733478546e-03
-4.022223583888262510e-04
-2.582796616479754448e-03
3.097578883171081543e-03
3.394937084522098303e-04
3.905956167727708817e-03
-9.674825705587863922e-04
-5.036243237555027008e-04
5.509208858711645007e-05
-1.321274437941610813e-03
-1.309287967160344124e-03
-7.650026818737387657e-04
1.910914666950702667e-03
-3.560759359970688820e-03
-3.109309589490294456e-03
-1.499254372902214527e-03
-1.601608004420995712e-03
3.266302228439599276e-04
-3.048815298825502396e-03
-2.682195976376533508e-03
2.270734170451760292e-03
2.194560132920742035e-03
-4.352575342636555433e-04
3.300705866422504187e-04
2.858931664377450943e-03
-3.717085812240839005e-03
4.614418139681220055e-04
-2.193002961575984955e-03
-3.199861384928226471e-03
2.639996819198131561e-03
2.879052422940731049e-03
2.990244654938578606e-03
-1.984245609492063522e-04
1.022344455122947693e-03
-7.870688568800687790e-05
-2.712954999879002571e-03
-9.704196709208190441e-04
-1.580546726472675800e-03
-3.214857773855328560e-03
-8.265625219792127609e-04
-3.758433507755398750e-03
-2.791636390611529350e-03
-2.565516624599695206e-03
-2.459551906213164330e-03
-3.531130729243159294e-03
1.149593153968453407e-03
3.034105058759450912e-03
-3.215821459889411926e-03
-1.418398111127316952e-03
5.758538609370589256e-04
-5.486722147907130420e-05
-5.502036074176430702e-04
1.143649686127901077e-03
2.912788186222314835e-03
-1.653975232329685241e-05
-3.895200090482831001e-03
-2.725039608776569366e-03
3.292806213721632957e-03
2.684845589101314545e-03
3.575703594833612442e-03
-8.511566556990146637e-04
-2.240194706246256828e-03
-3.477180376648902893e-03
-3.845815081149339676e-03
-3.327122889459133148e-03
-1.314193126745522022e-03
-1.209588372148573399e-03
-3.595142392441630363e-03
-3.771721851080656052e-03
2.786410506814718246e-03
-1.354299718514084816e-03
2.319160412298515439e-04
-1.939536188729107380e-03
-1.053860411047935486e-03
1.084424089640378952e-03
-6.207075057318434119e-05
2.181700430810451508e-03
-2.653754549100995064e-03
-2.169835148379206657e-03
-2.257690764963626862e-03
1.448031980544328690e-03
-1.959497109055519104e-03
1.794333220459520817e-03
1.206167857162654400e-03
2.625565510243177414e-03
-2.219133079051971436e-03
3.883308731019496918e-03
-3.867049934342503548e-03
1.178320453618653119e-04
-3.548697568476200104e-03
-2.854889491572976112e-03
-1.096998108550906181e-03
-2.816656604409217834e-03
3.766612382605671883e-03
1.646878547035157681e-03
-3.102985443547368050e-03
-3.785584354773163795e-03
1.168470014818012714e-03
3.773196600377559662e-03
9.661948424763977528e-04
4.462194337975233793e-04
2.958680270239710808e-03
-3.884741163346916437e-04
-3.668819088488817215e-03
3.036008682101964951e-03
-1.732284319587051868e-03
-2.398689743131399155e-03
2.486193086951971054e-03
-2.912550931796431541e-03
3.723898902535438538e-03
-6.475251866504549980e-04
2.865301677957177162e-03
1.365245698252692819e-04
3.690425772219896317e-03
-4.478917107917368412e-04
-2.536934567615389824e-03
-1.401438144966959953e-03
-1.094827166525647044e-04
2.779831644147634506e-03
-2.738910960033535957e-03
-1.952855032868683338e-03
-1.640798407606780529e-03
-3.300193231552839279e-03
-2.382934791967272758e-03
3.234967589378356934e-03
-2.783000236377120018e-03
-4.411398549564182758e-04
-1.078128581866621971e-03
2.928752684965729713e-03
1.156090293079614639e-04
-5.924612050876021385e-04
-1.019495888613164425e-03
7.770817610435187817e-04
-7.896443130448460579e-04
-3.260659519582986832e-03
2.656601835042238235e-03
1.322144991718232632e-03
9.416207903996109962e-04
-1.258025295101106167e-03
3.290032269433140755e-03
3.159907879307866096e-03
1.578334602527320385e-03
-3.823058214038610458e-03
2.186534227803349495e-03
-3.473818534985184669e-03
-2.925390377640724182e-03
-8.067759918048977852e-04
8.023244299693033099e-05
-1.476315432228147984e-03
-3.332789288833737373e-03
-2.620613202452659607e-03
-2.286246046423912048e-03
-3.049536840990185738e-03
4.301554290577769279e-04
1.479172846302390099e-03
3.826542990282177925e-03
-2.901235129684209824e-03
-3.465658286586403847e-03
1.123965368606150150e-03
1.759866718202829361e-03
-1.761422259733080864e-03
3.413132857531309128e-03
-2.598678227514028549e-03
-8.858187356963753700e-04
-9.746596915647387505e-04
-3.510880051180720329e-03
3.462947439402341843e-03
2.243240596726536751e-03
-3.676278050988912582e-03
2.067125868052244186e-03
-1.179190818220376968e-03
2.109115303028374910e-04
2.100247656926512718e-03
3.681583097204566002e-03
2.342088613659143448e-03
7.791430689394474030e-04
1.489928341470658779e-03
-3.544068895280361176e-04
3.571920329704880714e-03
-2.206391189247369766e-03
9.116127621382474899e-04
-1.779872574843466282e-03
-2.072992734611034393e-03
-1.019514675135724247e-04
-1.506455591879785061e-03
-2.167436032323166728e-04
-3.855899907648563385e-03
3.177217207849025726e-03
-3.180764848366379738e-03
1.714887563139200211e-03
-1.085722586140036583e-03
2.518284134566783905e-03
-2.750031417235732079e-03
2.570991870015859604e-03
-2.858773106709122658e-03
-1.093973522074520588e-03
3.103895811364054680e-03
4.742568708024919033e-04
-9.215705795213580132e-04
-1.335556968115270138e-03
-1.310620573349297047e-03
-3.317990049254149199e-04
-2.633798634633421898e-03
1.199844060465693474e-03
3.523351042531430721e-04
-2.833230653777718544e-03
3.182932268828153610e-03
-5.038958042860031128e-04
4.589722375385463238e-04
-3.715345868840813637e-03
1.103058340959250927e-03
2.802092116326093674e-03
1.745917950756847858e-03
2.325256355106830597e-03
3.275706432759761810e-03
-9.642783552408218384e-04
-2.082307357341051102e-03
-1.964061229955404997e-04
3.537931945174932480e-03
-3.351421328261494637e-03
-1.118088606745004654e-03
3.626379184424877167e-03
-3.499867860227823257e-03
-3.045776160433888435e-03
3.768754424527287483e-03
-2.865500049665570259e-03
2.199356211349368095e-03
1.751462579704821110e-03
2.333691343665122986e-03
-2.568645169958472252e-03
3.813044168055057526e-04
-1.565975253470242023e-03
9.832478099269792438e-05
5.572531372308731079e-04
-3.003604244440793991e-03
-1.720750005915760994e-03
