-1.958425855264067650e-03
-5.691281403414905071e-04
3.791322931647300720e-03
2.517389832064509392e-03
3.883320838212966919e-03
2.822485053911805153e-03
-3.697241423651576042e-03
4.070347349625080824e-04
1.322767464444041252e-03
2.350929891690611839e-03
3.486389527097344398e-03
-3.133321413770318031e-03
-3.468370065093040466e-03
-3.009133739396929741e-03
-1.680324203334748745e-04
-3.738875966519117355e-03
2.172069158405065536e-03
-4.384031635709106922e-04
-1.688370975898578763e-04
1.324164797551929951e-03
-6.136173033155500889e-04
-2.798521891236305237e-03
-1.938411442097276449e-04
2.151398686692118645e-03
-1.980128465220332146e-03
-1.738037215545773506e-03
-3.625444835051894188e-03
1.185358269140124321e-03
-1.032960135489702225e-03
1.805425854399800301e-03
2.148042898625135422e-03
-2.841039095073938370e-03
-1.984506612643599510e-03
-3.585045924410223961e-03
2.397291129454970360e-03
4.347202775534242392e-04
1.131785800680518150e-03
3.906676545739173889e-03
-2.247958909720182419e-03
-1.404070411808788776e-03
3.168063471093773842e-03
-2.436020411550998688e-03
-8.885443094186484814e-04
3.143793146591633558e-04
1.627680263482034206e-03
-5.212540272623300552e-04
-2.099320292472839355e-03
1.846854924224317074e-03
2.686364809051156044e-03
2.597570419311523438e-03
-3.446769900619983673e-03
1.010000240057706833e-03
1.257524243555963039e-03
1.813341164961457253e-03
3.095892025157809258e-04
2.163242781534790993e-03
-3.737587714567780495e-03
-1.640114001929759979e-03
-3.168737981468439102e-03
4.097577475477010012e-04
2.108870539814233780e-03
-2.346961759030818939e-03
-4.633670032490044832e-04
-2.769716549664735794e-03
-2.137390896677970886e-03
8.622573222965002060e-04
-3.701255656778812408e-03
-4.395384748931974173e-04
-6.279892986640334129e-04
-3.085845382884144783e-03
1.731482334434986115e-03
2.338281134143471718e-03
-7.967814453877508640e-04
-5.699776229448616505e-04
1.607854850590229034e-03
-3.298021620139479637e-03
3.414456732571125031e-03
7.264898158609867096e-04
1.689399708993732929e-03
-1.014122390188276768e-03
1.659390749409794807e-03
-3.076717723160982132e-03
1.513769035227596760e-03
-2.595070516690611839e-03
-9.797876700758934021e-04
-1.998573075979948044e-03
3.547469386830925941e-03
1.484252745285630226e-03
7.539938669651746750e-04
-1.495601492933928967e-03
1.282108831219375134e-03
2.467582235112786293e-03
-1.440676260244799778e-05
-2.936296863481402397e-03
1.175943529233336449e-03
1.919241389259696007e-03
-1.793056959286332130e-03
-7.855786243453621864e-04
1.980547327548265457e-03
-1.864296151325106621e-03
3.851389279589056969e-03
1.368363504298031330e-03
2.845626557245850563e-03
-1.008135499432682991e-03
-3.995181468781083822e-04
-8.113252988550812006e-05
2.852165140211582184e-03
-3.458821680396795273e-03
-1.987890806049108505e-03
-1.543010119348764420e-03
-1.826849300414323807e-03
-1.367038814350962639e-03
2.874653553590178490e-03
-7.218584069050848484e-04
-1.829348271712660789e-03
2.680024364963173866e-03
1.792275346815586090e-03
3.559124888852238655e-03
-2.878506202250719070e-03
3.106462070718407631e-03
9.662722586654126644e-04
-3.532641800120472908e-03
-2.096174983307719231e-03
2.666816115379333496e-03
2.268002135679125786e-03
-1.757276826538145542e-03
1.674205064773559570e-03
-1.786927110515534878e-03
1.255147799383848906e-04
2.109866822138428688e-03
-3.268550382927060127e-03
-1.131621538661420345e-03
3.315631998702883720e-03
-1.441207015886902809e-03
-2.208332996815443039e-03
-6.769013998564332724e-05
-4.610903270076960325e-04
3.825570689514279366e-03
-6.319059757515788078e-04
9.776107035577297211e-04
1.214259536936879158e-03
1.294861198402941227e-03
-1.505382009781897068e-03
-2.235055901110172272e-03
-9.567258530296385288e-04
3.764530410990118980e-03
2.261553891003131866e-03
-5.808674541185609996e-05
-3.478689584881067276e-03
3.155053418595343828e-04
-1.647502765990793705e-03
-1.181971863843500614e-03
-1.282558776438236237e-03
-3.652452258393168449e-03
2.298543928191065788e-03
3.905513149220496416e-04
9.249351569451391697e-04
-3.179809311404824257e-03
-1.619792310521006584e-03
3.231127979233860970e-03
-9.055531700141727924e-04
-1.094663981348276138e-03
-1.972590107470750809e-03
-3.379309549927711487e-03
-3.837290860246866941e-04
-8.674371638335287571e-04
1.259824377484619617e-03
-2.447414444759488106e-03
-1.677989494055509567e-03
2.092359587550163269e-03
-2.205163938924670219e-03
3.562963334843516350e-03
-1.999896019697189331e-03
-3.375905333086848259e-03
-5.360196810215711594e-04
-1.547304796986281872e-03
-1.283337915083393455e-04
-3.217638470232486725e-03
1.950658624991774559e-03
-2.695276867598295212e-03
-8.949826587922871113e-04
-2.603863598778843880e-03
3.484607907012104988e-03
-3.544545266777276993e-03
1.563578261993825436e-03
-3.639216534793376923e-03
3.332943306304514408e-04
7.201659609563648701e-04
-4.618699022103101015e-04
1.643075956963002682e-03
3.080464201048016548e-03
-1.281633158214390278e-03
-2.385542960837483406e-03
1.907005062093958259e-04
1.561023178510367870e-03
3.317652037367224693e-03
-1.571961329318583012e-03
2.051698043942451477e-03
-2.123144455254077911e-03
-1.485280343331396580e-03
2.998067531734704971e-03
2.234227955341339111e-03
-1.992045203223824501e-03
3.604478202760219574e-03
2.785153628792613745e-04
2.082858991343528032e-04
-3.437006613239645958e-03
2.168764593079686165e-03
-9.721985552459955215e-04
-3.571609500795602798e-03
-2.698549069464206696e-03
-2.004032023251056671e-03
3.428900614380836487e-03
3.229015506803989410e-03
3.083037154283374548e-04
1.018012117128819227e-04
2.736441791057586670e-03
2.360447309911251068e-03
2.406369661912322044e-03
-3.213024931028485298e-03
-2.443161793053150177e-03
5.368444253690540791e-04
1.819405770220328122e-05
-1.715466962195932865e-03
1.706149312667548656e-03
7.983463001437485218e-04
-9.362928103655576706e-04
3.897804301232099533e-03
-3.671435872092843056e-03
1.814001239836215973e-03
-8.271957049146294594e-04
-2.855194034054875374e-03
-8.420136291533708572e-04
1.186623005196452141e-03
-1.586318365298211575e-03
-2.552850637584924698e-03
2.192254178225994110e-03
-1.563815400004386902e-03
-2.355598611757159233e-03
2.234268002212047577e-03
1.192921539768576622e-03
2.570339478552341461e-03
-2.615695819258689880e-03
3.022754797711968422e-03
2.316829049959778786e-03
2.363972133025527000e-03
2.149662701413035393e-03
-3.382897702977061272e-04
-3.436833154410123825e-03
-1.371630583889782429e-03
3.456276608631014824e-04
-3.548700362443923950e-03
-1.770828501321375370e-03
2.161612734198570251e-03
1.810616464354097843e-03
7.389353704638779163e-04
