-6.959470338188111782e-04
1.292211236432194710e-03
2.740180585533380508e-03
3.292499342933297157e-03
-2.189309307141229510e-04
-3.173248609527945518e-03
6.787383463233709335e-04
-3.017167036887258291e-04
-3.539637895300984383e-03
-3.188252216205000877e-03
-5.531670758500695229e-04
2.953029470518231392e-03
-1.310945255681872368e-03
-3.415332874283194542e-03
-4.899988416582345963e-04
2.547562355175614357e-03
1.281784148886799812e-03
-6.635099416598677635e-04
1.804071594960987568e-03
3.112860023975372314e-03
-1.955474959686398506e-03
-2.501886803656816483e-03
-3.602149372454732656e-04
3.276787931099534035e-03
-9.185259114019572735e-04
-1.793817616999149323e-03
-5.160380387678742409e-04
-9.344551945105195045e-04
2.599941217340528965e-04
3.495880868285894394e-03
-3.346629906445741653e-03
1.948105287738144398e-03
-3.793466370552778244e-03
-1.746054156683385372e-03
8.768648840487003326e-04
-3.041312796995043755e-03
4.591302131302654743e-04
1.801871112547814846e-04
-5.449321470223367214e-04
-6.161360652185976505e-04
-9.423755691386759281e-04
9.422673610970377922e-04
-3.364745061844587326e-04
-5.486792651936411858e-04
-1.582816010341048241e-03
-1.225169631652534008e-03
9.826468303799629211e-04
1.470225513912737370e-03
-1.711887191049754620e-03
-1.290699117816984653e-03
-3.786881861742585897e-04
8.744240039959549904e-04
-1.135658589191734791e-03
-3.593558212742209435e-03
2.183780306950211525e-03
3.777773818001151085e-03
-1.155036734417080879e-03
-7.192489574663341045e-04
-3.539535100571811199e-04
-2.494351239874958992e-03
3.794194490183144808e-04
-1.395042985677719116e-03
-1.747701782733201981e-03
-1.551698893308639526e-03
-1.977883744984865189e-03
2.234890824183821678e-03
-1.343455514870584011e-03
2.761088078841567039e-03
3.615723922848701477e-03
-2.620158484205603600e-03
-1.009412808343768120e-03
-2.917294157668948174e-03
-1.347399898804724216e-03
-2.302997978404164314e-03
-2.535389270633459091e-03
-1.409409102052450180e-03
-2.155132591724395752e-03
3.767772344872355461e-03
-2.250640420243144035e-03
-1.548722968436777592e-03
-2.835614373907446861e-03
-1.116648898459970951e-03
-1.859207637608051300e-03
-2.526968717575073242e-03
2.089937450364232063e-03
1.224337902385741472e-04
2.174817025661468506e-03
-3.275834722444415092e-03
-2.511666622012853622e-03
-6.523331649077590555e-06
1.904834061861038208e-03
3.849335480481386185e-03
-2.218796638771891594e-03
-8.222443284466862679e-04
2.342936582863330841e-03
-1.348361372947692871e-03
-1.732378383167088032e-03
2.955538686364889145e-03
2.470995299518108368e-03
-9.821286221267655492e-05
2.864415524527430534e-03
3.418105887249112129e-03
-2.484020311385393143e-03
6.903285975567996502e-04
-1.174702192656695843e-04
-4.259990237187594175e-04
-6.920454907231032848e-04
3.848453285172581673e-03
3.640934126451611519e-03
9.890400106087327003e-04
-1.612306339666247368e-03
-2.685248618945479393e-03
9.098695009015500546e-04
-3.225480904802680016e-03
-3.402308560907840729e-03
3.708063624799251556e-03
-2.473462373018264771e-03
-1.004532910883426666e-03
-1.518380129709839821e-03
-3.548111999407410622e-03
-3.393464256078004837e-03
3.497069701552391052e-03
1.902340212836861610e-03
-2.144129713997244835e-03
-2.377584809437394142e-03
-2.216761913587106392e-06
2.981457859277725220e-03
1.316328183747828007e-03
3.144247224554419518e-03
-2.447334583848714828e-03
-1.024562865495681763e-03
-3.852104069665074348e-03
1.520377263659611344e-04
4.070222203154116869e-04
-3.234894247725605965e-04
-5.460033426061272621e-04
3.419860033318400383e-03
2.402856247499585152e-03
-3.873512381687760353e-03
9.993610437959432602e-04
-5.943789146840572357e-04
-2.659003483131527901e-03
2.295048907399177551e-03
-3.650050843134522438e-03
-2.767950063571333885e-03
1.978449989110231400e-03
2.299684099853038788e-03
1.203999505378305912e-03
-6.346513982862234116e-04
-1.556197094032540917e-04
2.975783543661236763e-03
-2.006371971219778061e-03
1.663450733758509159e-03
-2.344764303416013718e-03
5.808252026326954365e-04
5.053200875408947468e-04
3.415875136852264404e-03
-2.210570528404787183e-04
-3.045225283131003380e-03
1.219647354446351528e-03
1.325369346886873245e-03
-3.769577713683247566e-03
-3.449451643973588943e-03
2.309205709025263786e-03
1.770477741956710815e-03
3.291473025456070900e-03
3.407836658880114555e-03
-1.733401790261268616e-03
1.376320724375545979e-03
-3.402135567739605904e-03
4.639085818780586123e-05
-3.360795089974999428e-03
-7.672312203794717789e-04
-2.944010775536298752e-03
3.670256817713379860e-03
4.319881263654679060e-04
-3.387542674317955971e-04
-1.684960909187793732e-03
1.980816246941685677e-03
3.779676277190446854e-03
3.199381753802299500e-03
2.563418354839086533e-03
-3.127670614048838615e-03
-9.097922593355178833e-04
6.731580942869186401e-04
1.364759053103625774e-03
9.769736789166927338e-04
-3.543186932802200317e-03
1.075546024367213249e-03
2.164792735129594803e-03
6.977160228416323662e-04
-1.279439544305205345e-03
-1.620631082914769650e-03
-1.870284788310527802e-03
-1.616107649169862270e-03
-3.778967075049877167e-03
2.791668521240353584e-03
1.461063046008348465e-03
3.763048676773905754e-03
-1.593814813531935215e-03
1.692927908152341843e-03
2.744045807048678398e-03
-3.649822436273097992e-03
8.115690434351563454e-04
-3.894747933372855186e-03
2.911938121542334557e-03
-2.484966069459915161e-03
-2.915652235969901085e-03
4.435440860106609762e-05
1.872545806691050529e-03
-3.594116307795047760e-03
-5.514363292604684830e-04
3.201873623766005039e-04
-3.167320974171161652e-03
-1.733489218167960644e-03
-2.112816320732235909e-03
2.424580976366996765e-03
-3.913801047019660473e-04
-3.240247257053852081e-03
-2.197937574237585068e-03
2.198260044679045677e-03
-1.142411027103662491e-03
-2.043667918769642711e-04
-5.016424111090600491e-04
-3.726101014763116837e-03
-3.636643290519714355e-03
-2.713897731155157089e-03
-2.544078975915908813e-03
-3.414676291868090630e-03
-2.669717650860548019e-03
-2.792427781969308853e-03
-7.917587645351886749e-04
2.573275007307529449e-03
6.248781573958694935e-04
3.419335698708891869e-03
-1.357038971036672592e-03
1.998548628762364388e-03
-2.430439228191971779e-03
-1.539371558465063572e-03
-3.271454246714711189e-03
-3.529303241521120071e-03
9.034989634528756142e-04
2.169260755181312561e-03
-1.150556025095283985e-03
-1.695794169791042805e-03
2.915704855695366859e-03
1.580247189849615097e-03
-6.472305976785719395e-04
-2.055144868791103363e-03
-3.662343835458159447e-03
3.733948338776826859e-03
-9.823064319789409637e-04
2.479580696672201157e-03
-3.686298616230487823e-03
-2.278200816363096237e-03
1.771938288584351540e-03
