-2.562961541116237640e-03
-3.008194500580430031e-03
1.928181736730039120e-03
6.494664121419191360e-04
2.372591057792305946e-03
3.716737497597932816e-03
-8.436911157332360744e-04
-5.071788909845054150e-04
2.139954129233956337e-03
3.754479112103581429e-04
3.045751014724373817e-03
-3.463998204097151756e-03
2.275497885420918465e-03
1.228655601153150201e-04
-7.871424895711243153e-04
-1.205042237415909767e-03
-2.238375367596745491e-03
-2.027275972068309784e-03
-3.737779334187507629e-04
3.633493091911077499e-03
-9.918415453284978867e-04
3.295850940048694611e-03
-1.661845017224550247e-03
8.460298413410782814e-04
3.388734767213463783e-03
2.055330434814095497e-03
-1.493932795710861683e-03
3.863098798319697380e-03
1.917642541229724884e-03
7.667910540476441383e-04
5.688534583896398544e-04
1.882151991594582796e-04
3.139969892799854279e-03
1.006771344691514969e-03
-3.571600886061787605e-03
3.687810385599732399e-04
3.263373160734772682e-03
-1.025770674459636211e-03
7.434607687173411250e-05
3.016730304807424545e-03
3.551239846274256706e-03
1.591876964084804058e-03
3.064292715862393379e-03
1.560981851071119308e-03
-6.206834223121404648e-04
-2.656938740983605385e-03
1.172863063402473927e-03
-1.855580485425889492e-04
-5.604400648735463619e-04
1.508288318291306496e-03
-2.997234230861067772e-03
7.294623064808547497e-04
-1.535946037620306015e-03
-1.616743858903646469e-03
-3.182098153047263622e-04
-3.273599315434694290e-03
-9.914582915371283889e-05
-2.864322159439325333e-03
3.753356213564984500e-05
-2.641672326717525721e-04
-1.539078308269381523e-03
1.920710667036473751e-03
7.780140149407088757e-04
4.100533551536500454e-04
1.680328859947621822e-03
-2.358730649575591087e-03
-2.014669589698314667e-03
2.659073332324624062e-03
-1.440817955881357193e-03
-3.028894716408103704e-04
-5.405960255302488804e-04
-3.117473097518086433e-03
-3.216807497665286064e-03
-1.106737647205591202e-03
-1.907789614051580429e-03
-1.505295163951814175e-03
-3.120049834251403809e-03
-5.377481575123965740e-04
3.369134385138750076e-03
-3.401842201128602028e-03
2.900102117564529181e-04
2.127659972757101059e-03
-3.517339238896965981e-03
3.736189391929656267e-04
-2.477385336533188820e-03
3.380224341526627541e-03
1.819747965782880783e-03
2.892218530178070068e-03
-1.876549562439322472e-03
-7.448283722624182701e-04
2.689152723178267479e-03
-1.362090581096708775e-03
-1.422452856786549091e-03
-3.205399494618177414e-03
9.900593431666493416e-04
-4.846784868277609348e-04
1.842375728301703930e-03
-3.404761198908090591e-03
1.795958611182868481e-03
-1.996244071051478386e-03
-2.311600605025887489e-03
2.663332270458340645e-03
9.372134227305650711e-04
2.125147031620144844e-03
-7.652925560250878334e-04
-2.662912884261459112e-04
-2.769057173281908035e-03
-3.342536278069019318e-03
-3.756135702133178711e-04
-3.292580600827932358e-03
-4.091794253326952457e-04
2.543000038713216782e-03
-2.288408810272812843e-03
-3.696506610140204430e-04
2.647277899086475372e-03
2.837198553606867790e-03
-4.237178363837301731e-04
5.183808389119803905e-04
2.261901274323463440e-03
1.161513719125650823e-04
-2.514432417228817940e-03
-2.395464573055505753e-03
-3.779440652579069138e-03
-2.877438208088278770e-03
-1.439852407202124596e-03
1.438903040252625942e-03
-2.894785720854997635e-03
-1.359647605568170547e-03
-2.604985143989324570e-03
2.268991665914654732e-03
3.329725703224539757e-03
3.484148532152175903e-03
1.369043602608144283e-03
-1.155152102001011372e-03
2.279674168676137924e-03
-2.234829356893897057e-03
7.552829920314252377e-04
-2.857475075870752335e-03
-1.422272413037717342e-03
-4.298597923479974270e-04
2.382240723818540573e-03
1.698736596154049039e-04
-3.756555262953042984e-03
-9.665155084803700447e-04
-6.099300808273255825e-04
-1.618862268514931202e-03
2.999049029313027859e-04
1.671138801611959934e-03
3.905979450792074203e-03
-2.831899793818593025e-03
1.671592239290475845e-03
1.646620221436023712e-03
1.968143507838249207e-03
5.380064831115305424e-04
3.531831316649913788e-03
2.587586175650358200e-03
-2.570967655628919601e-03
-5.006222054362297058e-04
-2.037892772932536900e-05
-1.832513604313135147e-03
2.624181564897298813e-03
1.786077395081520081e-03
-1.631934894248843193e-03
1.885330420918762684e-03
-2.779793925583362579e-03
1.596226939000189304e-03
1.029549515806138515e-03
2.614744240418076515e-03
-8.530291379429399967e-04
-2.348058391362428665e-03
-1.637453096918761730e-03
8.453086484223604202e-04
-8.837968343868851662e-04
3.219229402020573616e-03
3.191312309354543686e-03
3.299977630376815796e-03
1.409600605256855488e-03
3.291607368737459183e-03
1.402420224621891975e-03
3.442962653934955597e-03
6.284852279350161552e-04
2.965818857774138451e-03
1.797325792722404003e-03
1.228182227350771427e-03
2.679963130503892899e-03
-1.293353969231247902e-03
3.542087972164154053e-03
-3.794776974245905876e-03
-1.494571100920438766e-03
1.725937705487012863e-03
2.275014761835336685e-03
-1.227695844136178493e-03
-2.646877896040678024e-03
3.568298325262730941e-06
3.579433774575591087e-03
-2.050142735242843628e-03
-1.488242414779961109e-03
-1.542301499284803867e-03
1.225249958224594593e-03
-2.138817450031638145e-03
-8.817635825835168362e-04
-2.883222885429859161e-03
3.692009951919317245e-03
1.039327005855739117e-03
7.279145647771656513e-04
-1.400349312461912632e-03
-7.973053725436329842e-04
3.811271395534276962e-03
1.483362517319619656e-03
2.130018081516027451e-03
2.567868912592530251e-03
1.882014097645878792e-03
3.569578053429722786e-03
7.355033303610980511e-04
-3.866249462589621544e-03
1.372296712361276150e-03
9.136929875239729881e-04
8.292966522276401520e-04
-1.750065246596932411e-03
-3.317616181448101997e-03
-2.079843776300549507e-03
6.038876017555594444e-05
-2.633382566273212433e-03
6.646173424087464809e-04
-5.536314565688371658e-04
-1.195374279632233083e-04
1.623205374926328659e-03
-2.050922019407153130e-03
-2.770688384771347046e-03
2.871237695217132568e-03
2.771092811599373817e-03
1.884045545011758804e-03
1.582964439876377583e-03
-1.409342745319008827e-03
1.598803675733506680e-03
3.090512938797473907e-03
-2.417542971670627594e-03
-2.409313339740037918e-03
3.471747739240527153e-03
3.275691065937280655e-03
2.436032809782773256e-04
1.271407236345112324e-04
1.362162060104310513e-03
-1.633196952752768993e-03
3.733168821781873703e-03
-2.841704525053501129e-03
3.316070884466171265e-03
2.834325190633535385e-03
-1.984383212402462959e-03
-3.030247986316680908e-03
8.052911725826561451e-04
-9.046830236911773682e-04
2.010052092373371124e-03
2.287124749273061752e-03
3.036282723769545555e-04
1.934897387400269508e-03
