-3.871174994856119156e-03
-3.110047196969389915e-03
2.271685050800442696e-03
-2.114760922268033028e-03
6.317961961030960083e-04
-5.240253522060811520e-04
-3.403707232791930437e-04
-4.151099710725247860e-04
-2.107684733346104622e-03
5.602101446129381657e-04
-1.320340670645236969e-03
-1.377778360620141029e-03
-1.603527460247278214e-03
-3.119989531114697456e-03
-2.680745208635926247e-03
-3.486128291115164757e-03
-2.527400851249694824e-03
1.971714431419968605e-03
3.394176601432263851e-04
3.842376405373215675e-03
3.415569197386503220e-03
8.189182262867689133e-04
-3.901471151039004326e-03
2.408034168183803558e-03
-1.197268371470272541e-03
-1.536324620246887207e-03
3.376730950549244881e-03
2.008015988394618034e-03
-8.062214328674599528e-05
-2.826980780810117722e-04
-5.371993174776434898e-04
-9.624761878512799740e-04
-3.866062499582767487e-03
-2.577298320829868317e-03
-5.498495302163064480e-04
-3.388297511264681816e-03
-1.599303912371397018e-03
3.038752125576138496e-03
-2.427668077871203423e-03
2.539897104725241661e-03
3.702877089381217957e-03
2.269705990329384804e-03
-1.777980360202491283e-03
1.776652643457055092e-03
-3.754494246095418930e-03
-5.846954300068318844e-04
-1.388517557643353939e-03
-1.040832372382283211e-03
4.174867935944348574e-04
4.942627274431288242e-04
6.476619455497711897e-05
-2.626925706863403320e-03
-1.836751354858279228e-03
-2.065890002995729446e-03
5.839801742695271969e-04
1.661497750319540501e-03
-1.419091713614761829e-03
2.911439863964915276e-03
-1.286573708057403564e-03
1.011846587061882019e-03
2.868129871785640717e-03
3.117594402283430099e-03
2.688743872568011284e-03
-2.805606927722692490e-03
-1.564094418426975608e-04
1.829876331612467766e-03
2.942704362794756889e-03
5.567332846112549305e-04
-2.493292326107621193e-03
8.363312808796763420e-04
-3.426216077059507370e-03
-1.987935742363333702e-03
-2.292410237714648247e-03
9.974449640139937401e-04
-3.305303398519754410e-04
-3.904362441971898079e-03
4.858543106820434332e-04
-3.428736468777060509e-03
-2.113171620294451714e-03
2.323832595720887184e-03
-3.037397982552647591e-03
-3.024288685992360115e-03
3.338637179695069790e-04
-3.587756538763642311e-03
-2.607056172564625740e-03
-1.253225345863029361e-04
-2.402427489869296551e-04
-2.779797185212373734e-03
8.853896288201212883e-04
1.994623104110360146e-03
-4.190457402728497982e-04
7.865749066695570946e-04
1.848959131166338921e-03
1.937519118655472994e-04
3.188777249306440353e-03
-8.808700949884951115e-04
1.114071696065366268e-03
-3.684471827000379562e-03
-2.546835690736770630e-03
1.366057782433927059e-03
-3.580018877983093262e-03
-2.657696139067411423e-03
2.004344947636127472e-03
1.959432702278718352e-04
3.410849953070282936e-03
-1.433841767720878124e-03
-1.176967984065413475e-03
2.428180072456598282e-03
-2.271074801683425903e-03
-2.322089159861207008e-03
-3.237823722884058952e-03
2.409109438303858042e-04
9.465827606618404388e-04
-1.573526998981833458e-03
-3.746197558939456940e-03
7.593103800900280476e-04
2.930578077211976051e-03
3.375410567969083786e-03
-3.683532355353236198e-03
-3.668759483844041824e-03
1.213993760757148266e-03
-2.591279800981283188e-03
-1.752224197844043374e-04
1.539906254038214684e-03
-1.618423266336321831e-03
1.971523510292172432e-03
-2.230284735560417175e-03
1.516317366622388363e-03
2.018023282289505005e-03
-3.657734254375100136e-03
-3.552475711330771446e-03
-2.122308360412716866e-03
-1.884548692032694817e-03
4.300022555980831385e-04
2.337592188268899918e-03
3.390240250155329704e-03
2.831161720678210258e-03
8.081166888587176800e-04
1.042168238200247288e-03
3.386568510904908180e-03
-2.303523477166891098e-03
-3.080978989601135254e-03
8.701422484591603279e-04
-3.476052312180399895e-03
-3.249560948461294174e-03
3.624176606535911560e-03
-1.902957330457866192e-03
-7.673913496546447277e-04
-2.983646700158715248e-03
-3.665111726149916649e-03
-2.445930615067481995e-03
9.918485302478075027e-04
-1.695934683084487915e-03
3.724324749782681465e-03
3.677069209516048431e-03
1.328032580204308033e-03
2.646182896569371223e-03
-3.716055769473314285e-03
-7.191302138380706310e-04
1.204488566145300865e-03
-2.439370378851890564e-03
-3.866591956466436386e-03
-2.688130130991339684e-03
2.556571038439869881e-03
1.719080843031406403e-03
-2.381523838266730309e-03
1.886812737211585045e-03
1.624070573598146439e-03
2.115774666890501976e-03
-1.521150697953999043e-03
-9.102927870117127895e-04
-5.615551490336656570e-04
2.412880538031458855e-03
-3.440095810219645500e-03
1.895599765703082085e-03
-1.892305794171988964e-03
-1.968442229554057121e-03
2.027930459007620811e-03
-2.679147757589817047e-03
-1.523943967185914516e-03
2.063591964542865753e-03
3.437211271375417709e-04
-3.044458571821451187e-03
1.709693693555891514e-03
-2.674892777577042580e-03
-2.829448552802205086e-03
1.863307406893000007e-04
2.899700310081243515e-03
-2.772225998342037201e-03
2.870539203286170959e-03
-1.431585871614515781e-03
2.488142112269997597e-03
-3.547100350260734558e-04
2.428251318633556366e-03
-2.143719000741839409e-03
-2.296337392181158066e-03
9.036227711476385593e-04
3.209957852959632874e-03
-4.148402949795126915e-04
-1.565710175782442093e-03
7.358493749052286148e-04
7.910589338280260563e-04
1.984097296372056007e-03
9.419854031875729561e-04
-1.455694553442299366e-03
-9.724345291033387184e-04
3.197174286469817162e-03
-2.876255195587873459e-03
-5.311003769747912884e-04
8.720489568077027798e-04
8.127957116812467575e-04
-6.112565752118825912e-04
-3.527238732203841209e-03
-2.700049197301268578e-03
-2.853329991921782494e-03
-3.449375042691826820e-03
1.500220852904021740e-03
2.353121759369969368e-03
2.790385042317211628e-04
9.113733540289103985e-05
-2.528970129787921906e-03
1.300286385230720043e-03
-3.385974559932947159e-04
3.397784894332289696e-03
8.722380152903497219e-04
8.934488287195563316e-04
-3.882766468450427055e-04
2.616824116557836533e-03
-1.019104383885860443e-03
-3.777956124395132065e-03
-3.121289657428860664e-03
3.840591059997677803e-03
1.351452898234128952e-03
-2.584619447588920593e-03
2.610530704259872437e-03
3.151743672788143158e-03
2.443121979013085365e-03
1.770395436324179173e-03
-8.964060689322650433e-04
-1.448020193492993712e-04
-2.797552151605486870e-03
-6.082730833441019058e-04
2.305801492184400558e-03
4.935850156471133232e-04
-2.545426599681377411e-03
-5.683018825948238373e-04
2.445114776492118835e-03
3.104540752246975899e-03
-1.807571155950427055e-03
1.427021110430359840e-03
-1.407458184985443950e-04
3.115388797596096992e-03
2.769944840110838413e-04
1.944034709595143795e-03
-3.227603621780872345e-03
-4.947807756252586842e-04
