-2.101515419781208038e-03
2.954168245196342468e-03
-2.793023304548114538e-04
-2.802874660119414330e-03
-3.131692297756671906e-03
-3.761190455406904221e-03
-2.208367921411991119e-03
1.058241818100214005e-03
2.621899126097559929e-03
3.584244986996054649e-03
-2.639410318806767464e-03
1.675066770985722542e-03
-2.655526157468557358e-03
9.979224996641278267e-04
-4.123651015106588602e-04
-2.368487417697906494e-03
-6.292988837230950594e-05
4.875438753515481949e-04
-1.386366202495992184e-03
1.240191977558424696e-05
3.575408598408102989e-03
3.342500422149896622e-03
2.600464271381497383e-03
-7.873741560615599155e-05
3.347676014527678490e-03
-5.504159489646553993e-04
-3.535236697643995285e-03
3.001549746841192245e-03
-1.613157946849241853e-04
-2.139247953891754150e-04
-3.759701969102025032e-03
-9.866512846201658249e-04
-8.863121911417692900e-05
3.294426016509532928e-03
3.459899686276912689e-03
2.303608926013112068e-03
2.350772032514214516e-03
-2.923037391155958176e-03
-1.798398559913039207e-03
-1.588129787705838680e-03
3.451731055974960327e-03
2.195147797465324402e-03
1.555735711008310318e-03
3.318612463772296906e-03
2.835231134667992592e-03
-2.177419839426875114e-03
3.474177327007055283e-03
-7.751396042294800282e-04
4.161060787737369537e-04
2.856122097000479698e-03
2.590617223177105188e-04
1.133125624619424343e-03
2.238715300336480141e-03
3.543029306456446648e-03
-9.206004324369132519e-04
-1.902330899611115456e-03
6.578129832632839680e-04
2.390756038948893547e-03
3.656068583950400352e-03
3.084807889536023140e-03
3.225905587896704674e-03
-3.803322324529290199e-03
-3.778918646275997162e-03
2.476511523127555847e-03
-2.066734014078974724e-03
-2.589647658169269562e-03
-1.894956338219344616e-03
-2.826153766363859177e-03
4.611873009707778692e-04
-1.672926824539899826e-03
-3.675081999972462654e-03
3.393730614334344864e-03
-2.746626269072294235e-03
3.813667455688118935e-03
-6.425521860364824533e-06
-1.630525548534933478e-05
2.919477119576185942e-04
-9.148450917564332485e-04
-3.494574688374996185e-03
-4.435383016243577003e-04
-3.850696608424186707e-03
-1.880910131148993969e-03
3.897387359756976366e-04
-1.033662934787571430e-03
3.592771012336015701e-03
-1.818507676944136620e-03
1.622185227461159229e-03
-3.421941539272665977e-03
2.235370629932731390e-04
1.792980590835213661e-03
2.912427065894007683e-03
7.218050886876881123e-04
1.122971065342426300e-03
2.972224261611700058e-03
1.332205370999872684e-03
-1.974764047190546989e-03
3.904024837538599968e-03
1.320210169069468975e-03
2.949940506368875504e-03
2.597969025373458862e-03
2.238182583823800087e-03
-3.788847709074616432e-03
-1.573710702359676361e-03
2.832712372764945030e-03
2.826788462698459625e-03
9.424767922610044479e-04
5.990493082208558917e-05
-3.635572036728262901e-03
-1.535565592348575592e-03
-2.970169764012098312e-03
3.410407574847340584e-03
3.280689241364598274e-03
-2.046823829005006701e-05
3.694401122629642487e-03
-4.784383054357022047e-04
-3.512887982651591301e-03
1.508814631961286068e-03
2.832869067788124084e-03
7.806856301613152027e-04
-3.057052381336688995e-03
3.446300281211733818e-03
1.648022443987429142e-03
2.847215859219431877e-03
-8.065566362347453833e-05
3.735570004209876060e-03
2.111947862431406975e-03
1.800098922103643417e-03
3.971239493694156408e-04
1.070091675501316786e-04
2.822860842570662498e-03
-8.416521013714373112e-04
1.180358114652335644e-03
-3.558559808880090714e-03
-3.878041170537471771e-03
2.148285508155822754e-03
2.492601983249187469e-03
2.621635328978300095e-03
-6.050289957784116268e-04
-3.405154915526509285e-03
1.444847555831074715e-03
-8.866477583069354296e-05
3.448542905971407890e-03
-1.853244728408753872e-03
1.428884104825556278e-03
2.471320098266005516e-03
-3.450422082096338272e-03
-3.655899316072463989e-03
-4.480680581764318049e-05
-9.770699543878436089e-04
-1.725138165056705475e-03
2.164656762033700943e-03
3.027805825695395470e-03
1.858514384366571903e-03
1.957335043698549271e-03
-3.500637831166386604e-03
2.087134867906570435e-03
-1.291132066398859024e-03
1.470637944294139743e-04
2.574406331405043602e-03
-3.336080117151141167e-03
-1.431420678272843361e-03
1.143200555816292763e-03
5.349378334358334541e-04
3.679738147184252739e-03
1.955005340278148651e-03
-1.326531870290637016e-03
6.051416858099400997e-04
2.508912933990359306e-03
-1.373170642182230949e-03
-3.815976902842521667e-03
1.419027801603078842e-03
-2.464113291352987289e-03
-3.655706066638231277e-03
2.406325424090027809e-03
-3.794045886024832726e-03
-3.259998047724366188e-03
-2.323554363101720810e-03
-1.174421748146414757e-03
-2.814000239595770836e-03
-1.434498932212591171e-03
2.821163740009069443e-03
3.204792737960815430e-03
1.920062582939863205e-03
3.209218382835388184e-03
4.571856115944683552e-04
-3.344878554344177246e-03
3.503956133499741554e-03
-6.307558505795896053e-04
-1.486653927713632584e-03
2.586513292044401169e-03
-3.409016644582152367e-03
2.225275384262204170e-03
-6.364742876030504704e-04
-9.632181026972830296e-04
5.955838132649660110e-04
-8.956235833466053009e-04
1.579232746735215187e-03
-3.404456889256834984e-03
2.511367667466402054e-03
-1.016410533338785172e-03
2.893239725381135941e-03
-1.323394943028688431e-03
9.334631613455712795e-04
-1.084122690372169018e-03
-2.150566317141056061e-03
1.353528583422303200e-03
-3.016348462551832199e-03
-6.794132641516625881e-04
2.586618298664689064e-03
-2.749869367107748985e-03
-2.262944122776389122e-03
1.215007156133651733e-03
2.672833856195211411e-03
1.958610024303197861e-03
1.853446941822767258e-03
5.440009408630430698e-04
-3.083329647779464722e-03
-1.261041383258998394e-03
-2.842851681634783745e-03
6.553196581080555916e-04
2.992654917761683464e-03
-3.895809873938560486e-03
-1.518988981842994690e-03
2.359326463192701340e-03
3.503695596009492874e-03
3.561720717698335648e-03
1.734533288981765509e-04
6.466934573836624622e-04
1.973619364434853196e-04
-1.752973301336169243e-03
1.848607207648456097e-03
-2.406042302027344704e-03
4.273263621143996716e-04
2.159688738174736500e-04
3.481695195659995079e-03
-2.293042372912168503e-03
1.545379171147942543e-03
-1.853222376666963100e-03
5.567852058447897434e-04
-5.389311118051409721e-04
-5.196981946937739849e-04
-3.030648222193121910e-03
1.081552240066230297e-03
3.576469840481877327e-03
2.492824103683233261e-03
-1.114409882575273514e-03
-1.166382688097655773e-03
-2.695470117032527924e-03
-1.010624342598021030e-03
1.998856896534562111e-03
-6.214763270691037178e-04
1.915266970172524452e-03
1.417866442352533340e-03
2.168519888073205948e-03
-1.429955242201685905e-03
3.196051577106118202e-03
