1.363202347420156002e-03
8.036430226638913155e-04
9.972398402169346809e-04
-1.450981129892170429e-03
2.366630826145410538e-03
1.566537073813378811e-03
-3.637827932834625244e-03
1.699160930002108216e-04
9.560555918142199516e-04
-3.151234705001115799e-03
-3.159287618473172188e-03
-1.378154614940285683e-03
2.343508967896923423e-04
-3.423791611567139626e-03
-2.487360034137964249e-03
-2.990151755511760712e-03
1.686960458755493164e-03
5.765785463154315948e-04
3.876183880493044853e-03
-8.907479350455105305e-04
2.554080914705991745e-03
-3.684738650918006897e-03
3.304400714114308357e-03
-3.585318336263298988e-03
8.139680139720439911e-04
-2.872751560062170029e-03
-1.827677129767835140e-03
-1.328046433627605438e-03
2.515994245186448097e-03
-2.223956864327192307e-03
2.055957680568099022e-03
-3.592718858271837234e-03
-4.160273238085210323e-04
4.474289889913052320e-04
-3.108465811237692833e-03
-2.918902784585952759e-03
1.578913070261478424e-03
1.795604475773870945e-04
-1.599756302312016487e-03
-1.569384243339300156e-03
9.746741852723062038e-04
-2.351564122363924980e-03
-3.254755167290568352e-03
2.208244986832141876e-03
1.175376019091345370e-05
1.034302054904401302e-03
7.804344058968126774e-04
1.252841437235474586e-03
3.248683875426650047e-03
2.374166855588555336e-03
3.004489699378609657e-03
-2.163686091080307961e-03
9.843019070103764534e-04
3.408984746783971786e-03
-2.687525469809770584e-03
-3.321132156997919083e-03
-7.916371687315404415e-04
-5.857550422661006451e-04
1.887670950964093208e-03
2.238212153315544128e-03
-2.994141541421413422e-03
2.978910226374864578e-03
-1.488573470851406455e-04
-1.602488569915294647e-03
-6.488231010735034943e-04
1.580019830726087093e-03
-1.182609004899859428e-03
-3.689519129693508148e-03
-3.166339010931551456e-04
-7.547314744442701340e-04
-1.630344428122043610e-03
-1.403127796947956085e-03
-3.832280170172452927e-03
-2.409938257187604904e-03
9.412838262505829334e-04
1.382204354740679264e-03
1.718490035273134708e-03
-2.309258095920085907e-03
-3.410677425563335419e-03
3.052888670936226845e-03
3.639524569734930992e-03
-3.466204507276415825e-04
2.998201176524162292e-03
4.407595843076705933e-04
2.338802441954612732e-04
-7.093657623045146465e-04
-1.105889561586081982e-03
-1.888966071419417858e-03
-3.696560161188244820e-03
3.005463164299726486e-03
-1.430891454219818115e-03
-3.027535974979400635e-03
1.241291523911058903e-03
2.706062048673629761e-03
-3.619873430579900742e-03
-5.669227684848010540e-04
-8.315918385051190853e-04
5.354519234970211983e-04
-1.462074462324380875e-03
-2.541971392929553986e-03
3.708782605826854706e-03
3.284621285274624825e-03
1.272737281396985054e-03
-2.066286513581871986e-03
-4.379678284749388695e-04
-3.443648805841803551e-03
1.917302026413381100e-03
1.697801635600626469e-04
1.544640515930950642e-03
-2.374561270698904991e-03
-2.447035629302263260e-03
-1.284776953980326653e-03
-2.283797766722273082e-05
2.433531219139695168e-03
2.265470538986846805e-04
-1.127062714658677578e-03
-3.900322597473859787e-03
1.179359736852347851e-03
-1.210012007504701614e-03
-9.312769980169832706e-04
-2.056878525763750076e-03
3.657701658084988594e-03
-3.717975923791527748e-03
1.664868788793683052e-03
3.583878511562943459e-03
4.595709324348717928e-04
6.956317811273038387e-04
-7.451769197359681129e-04
2.073968527838587761e-03
-7.682545692659914494e-04
-8.626223425380885601e-04
1.230152847710996866e-04
3.792150528170168400e-04
3.220181679353117943e-04
2.280600834637880325e-03
-6.487959180958569050e-04
-2.858633408322930336e-03
-3.250790759921073914e-03
-1.809128880267962813e-04
3.327333834022283554e-03
1.756783807650208473e-03
-2.053434029221534729e-03
1.332106767222285271e-03
2.796323038637638092e-03
-9.262347884941846132e-05
6.831422215327620506e-04
4.328896829974837601e-05
-3.427828487474471331e-04
-2.360851271077990532e-03
-3.319383831694722176e-03
3.055195091292262077e-03
-3.702581860125064850e-03
-6.344212451949715614e-04
3.469252726063132286e-03
-1.255015027709305286e-03
-3.318595234304666519e-03
2.463274635374546051e-03
2.878043160308152437e-04
1.585367601364850998e-03
-3.433670615777373314e-03
2.887991431634873152e-04
2.546852687373757362e-03
-1.402779598720371723e-03
-2.484171418473124504e-04
-3.374447987880557775e-04
-7.555111078545451164e-04
-1.084820949472486973e-03
1.294718123972415924e-03
3.462113207206130028e-03
2.937498735263943672e-03
-3.755271667614579201e-03
-3.729844465851783752e-03
3.716144245117902756e-03
1.379004912450909615e-03
3.075101703871041536e-04
1.930056838318705559e-03
-7.986303535290062428e-04
2.825899980962276459e-03
3.222760045900940895e-03
-7.151574827730655670e-04
-3.390091005712747574e-03
1.165828201919794083e-03
-2.653017407283186913e-03
3.264030092395842075e-04
6.568992394022643566e-04
-3.007493913173675537e-03
-1.030074781738221645e-04
2.753721317276358604e-03
-3.180196974426507950e-03
3.391586244106292725e-03
2.669374691322445869e-03
-9.418809204362332821e-04
-2.876687329262495041e-03
2.016181533690541983e-04
3.584795922506600618e-04
-2.669892041012644768e-03
3.138583851978182793e-04
-5.224621272645890713e-04
-2.893719356507062912e-03
-3.427769290283322334e-03
1.586125115863978863e-03
-2.074775286018848419e-03
1.152662676759064198e-03
3.836451796814799309e-03
-9.509545634500682354e-04
3.525177715346217155e-03
3.334688371978700161e-04
3.471583593636751175e-03
2.009570132941007614e-03
3.485629102215170860e-03
2.496039494872093201e-03
2.065474633127450943e-03
3.448577597737312317e-03
2.426064806059002876e-03
2.126666251569986343e-03
-5.510075134225189686e-04
3.485051216557621956e-03
-3.654320491477847099e-03
1.890648738481104374e-03
3.047441830858588219e-03
-1.179921324364840984e-03
-2.370332367718219757e-03
-1.057298504747450352e-03
3.546125954017043114e-03
1.785162254236638546e-03
-1.513547613285481930e-03
3.271888475865125656e-03
1.880245981737971306e-03
-1.857473580457735807e-05
-3.215873846784234047e-03
-6.432911031879484653e-04
-3.835573792457580566e-03
3.271531779319047928e-03
3.658481000456959009e-05
-1.987651456147432327e-03
3.075200133025646210e-03
-2.112731570377945900e-03
-3.548742970451712608e-03
-3.378409892320632935e-03
-3.529799869284033775e-03
-1.451248419471085072e-03
8.323292131535708904e-04
2.373515628278255463e-03
-3.131130710244178772e-03
3.457885468378663063e-03
2.562717127148061991e-04
-1.765893539413809776e-03
-6.737780640833079815e-04
1.404966926202178001e-03
-2.111460315063595772e-03
1.210417365655303001e-03
5.272945782053284347e-05
-2.076464006677269936e-03
1.215312629938125610e-03
-3.392589278519153595e-03
-7.456076127709820867e-05
