-3.190386341884732246e-03
3.368179546669125557e-03
2.372756600379943848e-03
8.562303846701979637e-04
1.780660095391795039e-04
1.459856401197612286e-03
-2.815576968714594841e-03
1.285147503949701786e-03
-9.095596615225076675e-04
1.537126139737665653e-03
-3.448275616392493248e-03
-2.555157057940959930e-03
-2.276883460581302643e-03
3.877557814121246338e-03
3.106400370597839355e-03
3.288961946964263916e-03
2.761977957561612129e-03
-1.630782731808722019e-03
-2.601157408207654953e-03
2.556674415245652199e-03
-1.133290861616842449e-04
-3.219827543944120407e-03
-3.042310941964387894e-03
-1.629944075830280781e-03
3.376835258677601814e-03
5.307224346324801445e-04
-3.771163057535886765e-03
4.205854493193328381e-04
-1.217758399434387684e-04
-1.082121743820607662e-03
-1.703778398223221302e-03
3.324833465740084648e-03
3.220151411369442940e-03
3.033932764083147049e-03
2.018294762820005417e-03
-2.364320913329720497e-03
1.502783037722110748e-03
-3.062098985537886620e-03
3.384097479283809662e-03
2.024148125201463699e-03
3.010933985933661461e-03
2.901010215282440186e-03
3.835350507870316505e-03
-2.152406610548496246e-03
1.278555020689964294e-03
-1.923959353007376194e-03
-2.999312418978661299e-04
1.304138335399329662e-03
-9.068274521268904209e-04
-2.526505384594202042e-03
3.601236734539270401e-03
-2.581548178568482399e-04
-3.017704002559185028e-03
-6.119059398770332336e-04
-1.543446560390293598e-03
2.057350007817149162e-03
-1.186630106531083584e-03
1.177416881546378136e-03
1.663255505263805389e-03
-3.405638737604022026e-03
1.828868757002055645e-03
-3.032237989827990532e-03
-2.728411229327321053e-03
2.678242046386003494e-03
2.768263220787048340e-03
1.610580482520163059e-03
-1.277174800634384155e-03
2.152675995603203773e-03
2.079139230772852898e-03
-4.038820916321128607e-04
5.561741418205201626e-04
1.469571609050035477e-03
1.604716642759740353e-03
3.362432355061173439e-03
6.944065680727362633e-04
-3.015261376276612282e-03
-2.910093870013952255e-03
-1.966769807040691376e-03
-3.728889860212802887e-03
-1.050357008352875710e-03
-2.248721830255817622e-05
-3.312339540570974350e-03
1.927208155393600464e-03
1.907112309709191322e-04
-2.131624147295951843e-03
1.797778066247701645e-03
-3.628550912253558636e-04
-2.378678182139992714e-03
2.778948284685611725e-03
1.763521460816264153e-03
2.952322363853454590e-03
2.309923991560935974e-03
7.427607779391109943e-04
1.801890786737203598e-03
-2.761201933026313782e-03
2.134745707735419273e-03
2.304051537066698074e-03
-2.289985772222280502e-03
-6.465556452894816175e-06
2.623960608616471291e-03
1.807992230169475079e-03
3.764740657061338425e-03
1.236931537277996540e-03
-2.953198039904236794e-03
-2.854570979252457619e-03
-3.348940052092075348e-03
2.577636623755097389e-03
2.390851033851504326e-03
3.827293636277318001e-03
9.565844084136188030e-05
-2.008899813517928123e-03
-2.530929632484912872e-03
3.126808907836675644e-03
1.503528561443090439e-03
3.787640482187271118e-03
3.153462312184274197e-04
-2.151239641534630209e-06
-1.923789037391543388e-03
6.193333538249135017e-04
1.326042638538638130e-05
2.961876802146434784e-03
-1.573993708007037640e-03
-9.365009027533233166e-04
-3.400455461814999580e-03
1.327120000496506691e-03
-1.764009124599397182e-03
1.960478024557232857e-03
-3.703945316374301910e-03
-8.244033670052886009e-04
1.534333918243646622e-03
-8.084698929451406002e-04
1.011782907880842686e-03
-1.232699491083621979e-03
-1.190508948639035225e-03
2.305962378159165382e-03
-7.060261559672653675e-04
2.073053736239671707e-03
2.885908819735050201e-03
2.311131916940212250e-03
-3.853701055049896240e-03
2.553845755755901337e-03
1.071439008228480816e-03
-3.418753040023148060e-04
-2.110925968736410141e-03
-4.768414946738630533e-04
3.383605740964412689e-03
-1.395656261593103409e-03
2.940403996035456657e-03
3.836054820567369461e-03
9.617849718779325485e-04
1.124826492741703987e-03
-1.906737568788230419e-03
-1.420836313627660275e-03
-1.910089398734271526e-03
3.905529621988534927e-03
2.817450513248331845e-05
2.705265302211046219e-03
3.750000905711203814e-04
1.206857152283191681e-03
2.800760325044393539e-03
3.233687486499547958e-03
2.702600555494427681e-03
3.109276294708251953e-03
-3.602951299399137497e-03
-2.526988973841071129e-04
-4.523312381934374571e-04
-1.162928761914372444e-03
-8.989576599560678005e-04
-3.508058376610279083e-03
-1.080026733689010143e-03
-1.486195134930312634e-03
-3.512725525069981813e-04
3.093383740633726120e-03
1.739969360642135143e-03
2.933483337983489037e-03
3.452719189226627350e-03
2.141350647434592247e-03
-1.237223506905138493e-03
-1.841240446083247662e-03
-4.897122271358966827e-04
-3.268736880272626877e-03
-3.655242035165429115e-03
-2.680975478142499924e-03
-1.116665778681635857e-03
-2.917736768722534180e-03
-8.420599624514579773e-05
-3.716944251209497452e-03
5.802036030218005180e-04
3.857321280520409346e-04
6.121544720372185111e-05
-1.795100048184394836e-03
-2.262969501316547394e-03
1.304493285715579987e-03
-6.370779010467231274e-04
2.741395495831966400e-03
-6.538103480124846101e-05
3.889011917635798454e-03
6.355490186251699924e-04
2.422712044790387154e-03
-2.371595706790685654e-03
8.946274756453931332e-04
-3.370358143001794815e-03
3.500509774312376976e-03
3.835513954982161522e-03
3.780729603022336960e-03
1.729848328977823257e-03
2.477731322869658470e-04
-3.756436984986066818e-03
5.770600982941687107e-04
-3.708182368427515030e-03
9.954621782526373863e-04
-2.355851931497454643e-03
-1.906437217257916927e-03
-3.021361539140343666e-03
-1.060588052496314049e-03
1.724288798868656158e-03
1.914259162731468678e-03
1.779234851710498333e-03
3.303810444776900113e-05
2.946658991277217865e-03
2.912872005254030228e-03
3.173732431605458260e-03
-7.987841381691396236e-04
1.038604299537837505e-03
1.489835558459162712e-03
-2.982953330501914024e-03
1.280043215956538916e-04
1.337261870503425598e-03
-3.878843272104859352e-04
3.574367845430970192e-03
-1.415936392731964588e-03
-2.692320849746465683e-03
3.746110945940017700e-03
8.804516401141881943e-04
-7.209741161204874516e-04
-3.575059119611978531e-03
-3.571978071704506874e-03
-1.174637698568403721e-03
-3.016205504536628723e-03
-3.177660983055830002e-03
3.108252421952784061e-04
-1.579398056492209435e-03
3.895540721714496613e-04
3.400471759960055351e-04
-9.426816832274198532e-04
1.270553562790155411e-03
2.405697479844093323e-03
-2.943197730928659439e-03
2.161075128242373466e-03
-2.667515771463513374e-03
1.256309333257377148e-03
-6.891776574775576591e-04
-1.455605844967067242e-03
-1.962029142305254936e-03
9.529059752821922302e-04
2.012151759117841721e-03
