-7.898441253928467631e-05
1.147000468336045742e-03
-1.307100756093859673e-03
1.383117632940411568e-04
5.047722952440381050e-04
-9.104625205509364605e-04
3.061062656342983246e-03
-4.551915626507252455e-04
1.782523933798074722e-03
-3.118498716503381729e-03
-3.532321425154805183e-03
-5.089663318358361721e-04
-1.825595623813569546e-03
7.331179222092032433e-04
3.586416598409414291e-03
-1.286872313357889652e-03
-2.652144990861415863e-03
1.952149905264377594e-03
-3.022617427632212639e-03
-1.300423289649188519e-03
2.388055203482508659e-03
-2.873245393857359886e-03
-6.897164275869727135e-04
-6.439841818064451218e-04
-2.148475032299757004e-03
3.534508636221289635e-03
-4.922446096315979958e-04
3.282671328634023666e-03
-1.094280276447534561e-03
-3.297171322628855705e-03
-2.545386087149381638e-03
-1.843638252466917038e-03
-2.261856105178594589e-03
1.237604301422834396e-03
-3.766148118302226067e-03
-3.894054330885410309e-03
2.435915172100067139e-03
-2.734833979047834873e-04
1.083155162632465363e-03
-5.190671072341501713e-04
-2.866400405764579773e-03
3.642178839072585106e-03
-1.902047079056501389e-03
-3.525997046381235123e-03
-3.138148458674550056e-04
1.897772075608372688e-03
-3.486851695924997330e-03
5.767262773588299751e-04
1.529626082628965378e-03
2.388223656453192234e-04
7.679353584535419941e-04
-2.861442510038614273e-03
-1.897385343909263611e-03
2.764411037787795067e-03
-8.416053606197237968e-04
-2.103630686178803444e-03
-1.109862001612782478e-03
6.513130501843988895e-04
1.336053246632218361e-03
2.624489367008209229e-03
3.389101009815931320e-03
-3.146870294585824013e-03
6.823604926466941833e-04
-2.517580753192305565e-03
-7.060741772875189781e-04
1.435382058843970299e-03
1.588303479366004467e-03
-2.768034115433692932e-03
-1.040016650222241879e-03
-7.861029589548707008e-04
-3.291107481345534325e-03
-3.013537265360355377e-03
3.855908289551734924e-03
-2.143736928701400757e-03
-3.269141772761940956e-03
2.537115011364221573e-03
-1.364328549243509769e-03
-3.923807234968990088e-04
-1.590382074937224388e-03
1.141587854363024235e-03
-2.078491495922207832e-03
-5.223731277510523796e-04
-3.186988877132534981e-03
2.439815085381269455e-03
-3.112866543233394623e-03
-4.989714943803846836e-04
1.089765806682407856e-03
1.153113786131143570e-03
9.364011930301785469e-04
-3.849729197099804878e-03
-2.420834032818675041e-03
-3.162208246067166328e-03
3.205633722245693207e-03
8.338558254763484001e-04
1.025731908157467842e-03
-1.247569220140576363e-03
1.129631418734788895e-03
-1.116918632760643959e-03
3.403084818273782730e-03
2.391229849308729172e-03
1.373838051222264767e-03
1.157314400188624859e-03
1.465174602344632149e-03
-1.551132765598595142e-03
2.684767590835690498e-03
8.031224133446812630e-04
7.326620398089289665e-04
1.850247848778963089e-03
6.611846038140356541e-04
-2.630093134939670563e-03
2.113893395289778709e-03
5.415312480181455612e-04
7.967959973029792309e-04
-2.847007475793361664e-03
-1.894174725748598576e-03
3.246155800297856331e-03
-2.286039525642991066e-03
-2.347269793972373009e-03
-2.579426160082221031e-03
-1.055420376360416412e-03
-1.145920949056744576e-03
-5.296231829561293125e-04
1.272308174520730972e-03
-5.685944342985749245e-04
-6.136060692369937897e-04
2.889055525884032249e-03
3.655536798760294914e-03
-1.907082973048090935e-03
1.642128627281636000e-04
-1.339924521744251251e-03
3.023962257429957390e-03
3.058730857446789742e-03
3.642705734819173813e-03
1.263474696315824986e-03
-2.808152930811047554e-03
4.818921443074941635e-04
6.944435881450772285e-04
9.972737170755863190e-04
-7.146440329961478710e-04
2.668033819645643234e-03
2.504349686205387115e-03
-2.732009626924991608e-03
1.393673010170459747e-03
-6.091967225074768066e-04
-3.425364149734377861e-03
2.557361498475074768e-03
1.282362150959670544e-03
1.424991525709629059e-03
1.842234400101006031e-03
-1.299330964684486389e-03
-1.506170257925987244e-03
2.257197396829724312e-03
-1.180003455374389887e-04
1.833919086493551731e-03
-3.509063040837645531e-03
3.778343088924884796e-03
-2.788459532894194126e-04
-1.601909520104527473e-03
1.106834621168673038e-03
-2.889704192057251930e-03
-2.369397087022662163e-03
1.250299159437417984e-03
2.886047586798667908e-03
-3.460149047896265984e-03
-3.231219714507460594e-03
-2.097419230267405510e-03
2.573676872998476028e-03
8.592942322138696909e-05
-1.103277318179607391e-03
1.227751141414046288e-03
1.307918457314372063e-03
3.630366874858736992e-03
2.101341960951685905e-03
-5.143469315953552723e-04
-1.788249122910201550e-03
-3.144534421153366566e-04
1.825507497414946556e-03
1.488205394707620144e-03
-1.095476443879306316e-03
-3.308397019281983376e-03
1.281014760024845600e-03
3.777576610445976257e-03
-5.608726060017943382e-04
-2.499232534319162369e-03
9.109999518841505051e-04
-3.607640974223613739e-03
-2.678607823327183723e-03
2.012388082221150398e-03
2.076064934954047203e-03
1.338586676865816116e-03
-3.349132603034377098e-03
-2.776573237497359514e-04
2.777580230031162500e-04
2.166810445487499237e-03
6.909995572641491890e-04
-1.629339531064033508e-03
-3.136304905638098717e-03
1.436552149243652821e-03
3.667945973575115204e-03
9.553506242809817195e-05
1.073357489076443017e-04
-8.325831731781363487e-04
-9.831858333200216293e-04
-2.866834169253706932e-03
1.446612295694649220e-03
-2.409799257293343544e-03
-2.382879145443439484e-03
3.144245129078626633e-03
5.084016011096537113e-04
-3.655808977782726288e-03
-2.299987711012363434e-03
2.171830739825963974e-03
3.680747002363204956e-03
-1.236712796526262537e-05
1.052955980412662029e-03
-7.910818094387650490e-04
3.845925210043787956e-03
3.722144989296793938e-03
9.276324999518692493e-04
-2.090409165248274803e-03
-1.862063421867787838e-03
-2.663405379280447960e-03
-2.687582978978753090e-03
1.556941540911793709e-03
-3.019515192136168480e-03
-8.950316696427762508e-04
-3.850311273708939552e-03
-2.144565340131521225e-03
-6.923293112777173519e-04
-3.356079978402704000e-04
2.709147054702043533e-03
-1.306542195379734039e-03
-3.828213550150394440e-03
3.279346041381359100e-03
1.079716952517628670e-03
3.911781124770641327e-03
3.043117700144648552e-03
1.111428282456472516e-04
3.433586098253726959e-03
3.770674346014857292e-03
-2.334290882572531700e-03
1.440441817976534367e-03
3.289334708824753761e-03
-2.518085762858390808e-03
3.067171201109886169e-03
-5.174988182261586189e-04
-1.003463636152446270e-03
1.185853849165141582e-03
-3.318106988444924355e-03
2.176846464863047004e-04
2.734671114012598991e-03
-3.787626279518008232e-03
3.514973446726799011e-03
2.784372074529528618e-03
2.414744812995195389e-03
1.193795702420175076e-03
