6.424259045161306858e-04
1.938834175234660506e-04
-1.861532917246222496e-03
1.885100849904119968e-03
-6.503933109343051910e-04
-3.010489279404282570e-03
1.153551507741212845e-03
-2.746569458395242691e-03
-8.938047103583812714e-04
-2.606061752885580063e-03
1.837527612224221230e-03
2.903343643993139267e-03
1.817472395487129688e-03
1.787472749128937721e-03
-2.560399007052183151e-03
1.205794978886842728e-03
6.047579227015376091e-04
-1.610377104952931404e-03
9.525576024316251278e-04
-1.276531023904681206e-03
-1.460055704228579998e-03
2.456195419654250145e-03
3.855518763884902000e-03
7.242719293572008610e-04
1.163060311228036880e-03
-3.705180017277598381e-03
1.912325271405279636e-03
-1.811127178370952606e-03
-2.511207712814211845e-03
1.106357900425791740e-03
-2.258964348584413528e-03
1.368824974633753300e-03
2.201036782935261726e-03
2.240453381091356277e-03
-1.876884140074253082e-03
-2.908515045419335365e-03
2.764890436083078384e-03
-1.258977223187685013e-03
-3.853627247735857964e-03
-2.789622405543923378e-03
-1.266633276827633381e-03
1.734325662255287170e-03
3.710751654580235481e-03
1.095817307941615582e-03
-2.194357803091406822e-03
2.900751773267984390e-03
7.872655987739562988e-04
-1.313617336563766003e-03
1.186651992611587048e-03
1.765606226399540901e-03
-2.023236593231558800e-03
3.260927041992545128e-03
-2.776151290163397789e-03
2.882734115701168776e-04
2.506962744519114494e-03
-6.417782278731465340e-04
-2.333086682483553886e-03
-6.377076497301459312e-04
2.488294150680303574e-03
-3.156362567096948624e-03
-9.299099911004304886e-04
2.568264259025454521e-03
1.491978182457387447e-03
8.314299630001187325e-04
-1.037630718201398849e-03
3.388155018910765648e-03
1.679007313214242458e-03
3.050177358090877533e-03
3.361377865076065063e-03
2.349425805732607841e-03
-2.015995793044567108e-03
2.057794015854597092e-03
-2.659758087247610092e-03
-3.853956586681306362e-04
2.357414457947015762e-03
-2.145813050447031856e-04
7.419343455694615841e-04
-7.612382178194820881e-04
-1.708503405097872019e-04
2.115942770615220070e-03
-3.647679928690195084e-03
-2.268506679683923721e-03
-1.314436900429427624e-03
3.603900317102670670e-03
1.843540463596582413e-03
2.348569920286536217e-03
-3.447167910053394735e-05
2.988930791616439819e-03
-1.632961910218000412e-03
-2.336940029636025429e-03
3.666007192805409431e-03
-2.633650437928736210e-04
-1.862305914983153343e-03
-9.164361981675028801e-04
3.338580485433340073e-03
-3.902884433045983315e-03
1.996673643589019775e-03
-2.910300623625516891e-03
-2.171352971345186234e-03
5.570566281676292419e-04
1.795526477508246899e-03
3.878049319609999657e-03
-3.733332268893718719e-03
-3.695140776471816935e-06
-3.759143175557255745e-03
5.764574743807315826e-04
3.422795329242944717e-03
-3.019382711499929428e-03
1.045794342644512653e-03
2.557537285611033440e-03
3.188461298123002052e-03
-3.567994106560945511e-03
-2.295966260135173798e-03
2.823041577357798815e-04
1.531271962448954582e-03
1.896387431770563126e-03
-4.749160434585064650e-04
-5.174686084501445293e-04
4.939102800562977791e-04
-3.078603651374578476e-03
2.319785300642251968e-03
-2.270743483677506447e-03
4.769162624143064022e-04
2.324026776477694511e-03
2.735738409683108330e-03
1.605606870725750923e-03
3.060885705053806305e-03
3.835427109152078629e-03
-2.984841121360659599e-03
2.341014798730611801e-03
3.713225014507770538e-04
-1.149341696873307228e-03
3.535636002197861671e-03
-2.201557508669793606e-04
6.190727581270039082e-04
-2.341252751648426056e-03
2.135364105924963951e-03
-1.333098625764250755e-03
-1.422647736035287380e-03
-5.588851054199039936e-04
2.347172237932682037e-03
3.799973521381616592e-03
-3.092745784670114517e-03
2.247912809252738953e-03
-1.685505150817334652e-03
1.057832385413348675e-03
-1.957277301698923111e-03
-2.150519052520394325e-03
3.453101089689880610e-04
-3.721757326275110245e-03
1.345870085060596466e-03
2.857419895008206367e-03
3.044102573767304420e-03
2.636767167132347822e-04
4.440212796907871962e-04
-8.558245608583092690e-04
-1.351385144516825676e-03
-3.755053039640188217e-03
1.954492414370179176e-03
-2.210984937846660614e-03
-4.478351620491594076e-04
3.833903232589364052e-03
9.997718734666705132e-04
-3.739668754860758781e-03
1.255116192623972893e-03
1.410173572367057204e-04
3.804133739322423935e-03
8.954216609708964825e-04
8.541435236111283302e-04
1.098357141017913818e-03
1.198234152980148792e-03
-3.483172506093978882e-03
-6.560911424458026886e-04
2.900215564295649529e-03
-3.199912840500473976e-03
-2.628304995596408844e-03
1.933308813022449613e-04
-1.274705864489078522e-04
-2.700202632695436478e-03
2.519966335967183113e-03
1.061517861671745777e-03
3.314980538561940193e-03
-2.508213743567466736e-03
2.337415207875892520e-04
2.951863280031830072e-04
-3.066086210310459137e-03
9.543540363665670156e-05
-1.778201549313962460e-03
1.698521082289516926e-03
-2.296502061653882265e-04
3.747832670342177153e-04
-3.392833750694990158e-03
3.529961453750729561e-03
2.405590348644182086e-04
-1.510877977125346661e-03
-2.999987918883562088e-03
-3.264654660597443581e-03
3.765302710235118866e-03
3.098083892837166786e-03
-3.574527334421873093e-03
1.041538314893841743e-03
3.108509117737412453e-03
-1.163218112196773291e-04
1.196576515212655067e-03
2.172621607314795256e-04
6.377646350301802158e-04
2.755339955911040306e-03
2.297431230545043945e-03
-6.967702065594494343e-04
2.431018074275925756e-04
2.919749822467565536e-03
-5.978861008770763874e-04
-1.393092446960508823e-03
1.940861693583428860e-03
-1.030530664138495922e-03
1.065062126144766808e-03
-2.571577904745936394e-03
-1.873522414825856686e-03
-7.167921867221593857e-04
-2.585616661235690117e-03
-2.373802708461880684e-03
-6.114314310252666473e-04
-2.910028211772441864e-03
1.620291848666965961e-03
2.854907885193824768e-03
1.145589514635503292e-03
-2.645241329446434975e-03
-1.101280562579631805e-03
7.681800634600222111e-04
5.875473143532872200e-04
1.407283591106534004e-03
-2.083648229017853737e-03
2.694468479603528976e-03
1.943848619703203440e-04
2.019579755142331123e-03
1.000011689029633999e-03
3.829318098723888397e-03
-2.411522436887025833e-03
-3.905842895619571209e-04
-2.556116960477083921e-04
2.663476392626762390e-03
3.464633482508361340e-04
5.831262678839266300e-04
2.467370126396417618e-03
8.129336638376116753e-04
-3.810921683907508850e-03
-3.892416134476661682e-04
-4.266704781912267208e-04
-8.823001408018171787e-04
-3.450895659625530243e-03
2.592153381556272507e-03
2.765320707112550735e-03
-3.300294745713472366e-03
-3.811142640188336372e-03
-7.976492051966488361e-04
1.329591148532927036e-03
