3.900777315720915794e-03
9.508611401543021202e-04
9.455145336687564850e-04
1.329416118096560240e-04
-4.082000523339956999e-04
-2.744580386206507683e-03
-2.193352673202753067e-03
2.313419012352824211e-03
3.046607598662376404e-03
1.965409377589821815e-03
-9.992371778935194016e-04
2.674088813364505768e-03
5.898078234167769551e-05
1.337982481345534325e-03
-1.605718425707891583e-04
1.824210397899150848e-03
-3.550279187038540840e-03
-3.235319629311561584e-03
1.521820202469825745e-03
-3.420420922338962555e-03
2.504658652469515800e-03
-3.680611494928598404e-03
3.776077646762132645e-03
-2.010400872677564621e-03
-2.400341909378767014e-03
3.240604652091860771e-03
1.929889549501240253e-03
-1.079841633327305317e-03
-2.717809285968542099e-03
1.406226889230310917e-03
2.849457552656531334e-03
2.366012195125222206e-03
-5.631152307614684105e-04
7.079693023115396500e-04
-7.807390647940337658e-05
7.589653832837939262e-04
3.794577787630259991e-04
-9.271221933886408806e-04
8.019999950192868710e-04
-3.837560769170522690e-03
-1.311825588345527649e-03
2.584072528406977654e-03
3.719009924679994583e-03
-3.542785532772541046e-03
1.239240285940468311e-03
-9.045595070347189903e-04
-2.854731399565935135e-03
5.263768252916634083e-04
1.704526250250637531e-03
3.241503378376364708e-03
1.420739572495222092e-03
2.985721919685602188e-03
-2.547317417338490486e-03
2.218310954049229622e-03
2.469895873218774796e-03
9.190661949105560780e-04
1.534365233965218067e-03
-1.706528244540095329e-03
-6.342380074784159660e-04
3.572213463485240936e-03
1.218880177475512028e-03
-3.576841671019792557e-03
-2.177661284804344177e-03
4.984308616258203983e-04
-3.087161341682076454e-03
-1.189895672723650932e-03
-1.250653440365567803e-04
3.028781618922948837e-03
5.316766328178346157e-04
2.295474288985133171e-03
3.746001981198787689e-03
-7.239110800583148375e-06
-3.758913138881325722e-03
-3.617767069954425097e-04
-3.666483797132968903e-03
7.268004119396209717e-04
1.432373101124539971e-04
3.239839104935526848e-03
3.077451139688491821e-03
1.834830618463456631e-03
2.553188242018222809e-03
2.563497691880911589e-04
4.404778301250189543e-04
-2.606907160952687263e-03
2.383276820182800293e-03
1.643461640924215317e-03
-2.955109579488635063e-03
1.464069006033241749e-03
-2.746318699792027473e-03
-2.514851978048682213e-03
1.254955190233886242e-03
3.271616064012050629e-03
-1.471228315494954586e-03
1.834432594478130341e-03
3.339613322168588638e-03
3.791823750361800194e-03
-2.570781623944640160e-03
-8.208951912820339203e-04
-2.045652596279978752e-03
1.396273146383464336e-03
-1.204666681587696075e-03
4.149427695665508509e-04
6.937183206900954247e-04
2.718939445912837982e-03
-1.506760832853615284e-03
3.714720485731959343e-03
-1.092269085347652435e-03
-1.604222925379872322e-03
1.631127524888142943e-04
2.098342374665662646e-04
3.907960839569568634e-03
3.011781722307205200e-03
3.325082361698150635e-03
2.306287176907062531e-03
-3.765628905966877937e-03
2.088743640342727304e-04
-2.954836934804916382e-03
3.474154043942689896e-03
3.909691702574491501e-03
-2.085069892928004265e-03
4.219335678499191999e-04
-2.973062684759497643e-03
-2.392488531768321991e-03
1.686636940576136112e-03
-3.235431620851159096e-03
-1.427807263098657131e-03
3.336603054776787758e-03
3.902792232111096382e-04
3.661736263893544674e-04
6.047892384231090546e-04
2.537518506869673729e-03
3.442701883614063263e-03
-1.398324035108089447e-03
2.838063519448041916e-03
9.133677231147885323e-04
2.129643224179744720e-03
2.700965385884046555e-03
1.280808704905211926e-03
1.795184332877397537e-03
3.229843918234109879e-03
1.992603996768593788e-03
1.911702216602861881e-03
1.883832737803459167e-03
5.190877127461135387e-04
-2.362653147429227829e-03
3.347579389810562134e-03
1.160489046014845371e-03
1.144180074334144592e-03
-9.677236084826290607e-04
-3.546646097674965858e-03
3.597700502723455429e-03
1.684669638052582741e-03
-2.761165611445903778e-03
-2.268838463351130486e-03
-7.308493513846769929e-05
-2.602244727313518524e-03
3.209892893210053444e-03
1.785698696039617062e-03
-2.392675727605819702e-03
1.714560552500188351e-03
-1.574686495587229729e-03
-3.761997446417808533e-03
-3.278488584328442812e-04
-1.444725668989121914e-03
3.643716219812631607e-03
-1.880932250060141087e-03
9.506744099780917168e-04
-1.314820488914847374e-03
-8.064036956056952477e-04
-3.775632474571466446e-03
-3.440517699345946312e-03
2.827597782015800476e-04
-1.292234665015712380e-04
-1.996042206883430481e-03
-1.976496307179331779e-03
-2.705261344090104103e-03
-2.215827582404017448e-03
2.881888067349791527e-03
-2.932080067694187164e-03
-2.712733345106244087e-03
-3.407845040783286095e-03
-2.436607843264937401e-03
-3.172532655298709869e-03
-1.320088864304125309e-03
2.678959630429744720e-03
-2.505438169464468956e-03
-3.003677993547171354e-04
7.885923841968178749e-04
-3.196651348844170570e-03
-7.899933843873441219e-04
1.029718783684074879e-03
-2.275179605931043625e-03
1.985771581530570984e-03
1.616994733922183514e-03
5.013978443457745016e-05
3.521285485476255417e-03
-2.535901498049497604e-03
-2.479112008586525917e-03
2.955487696453928947e-03
3.845669329166412354e-03
-3.547076135873794556e-03
7.532339805038645864e-05
2.932403003796935081e-03
3.375257365405559540e-03
-3.294385736808180809e-03
-6.805458106100559235e-04
1.287825987674295902e-03
2.796587767079472542e-03
2.592952223494648933e-03
-2.928690286353230476e-03
-8.124949526973068714e-04
-3.324698191136121750e-04
-2.047698944807052612e-03
-2.219509566202759743e-03
1.447550370357930660e-03
-2.460297197103500366e-03
1.041324110701680183e-03
-1.270339940674602985e-03
3.347266465425491333e-03
3.900065319612622261e-03
-1.696400286164134741e-04
3.474295139312744141e-03
-7.807954098097980022e-04
-2.566353883594274521e-03
7.134059560485184193e-04
2.138130832463502884e-03
3.415710292756557465e-03
-2.889102906920015812e-04
1.683746231719851494e-03
-1.620646333321928978e-03
-1.887635444290935993e-03
3.595794783905148506e-03
-2.062871353700757027e-03
3.338971640914678574e-03
9.822676656767725945e-04
7.852867129258811474e-04
1.864072051830589771e-03
-8.326356182806193829e-04
-2.613177930470556021e-04
-2.049396280199289322e-03
-3.723024623468518257e-03
-3.577458905056118965e-03
1.188694732263684273e-03
-2.167426515370607376e-03
-1.144041540101170540e-03
-2.908603753894567490e-03
-2.848573261871933937e-03
1.950601115822792053e-03
1.394632505252957344e-03
3.456566482782363892e-03
3.402759088203310966e-03
-2.716242102906107903e-03
-1.784118241630494595e-03
1.454462530091404915e-03
-2.382377628237009048e-03
-2.765925368294119835e-03
