1.847825478762388229e-03
-3.661269322037696838e-03
-5.212603718973696232e-04
-2.580625005066394806e-03
3.175755729898810387e-03
-2.831401070579886436e-03
1.036472502164542675e-03
-2.567209070548415184e-03
4.408918030094355345e-04
-3.678126726299524307e-03
1.627532881684601307e-03
2.978312317281961441e-03
1.003225683234632015e-03
1.475928584113717079e-03
-9.638683986850082874e-04
-7.462257635779678822e-04
-2.447130857035517693e-03
-1.299061579629778862e-03
1.400898036081343889e-04
3.298935713246464729e-03
-3.398897824808955193e-03
-2.510922960937023163e-03
4.597621737048029900e-04
1.698441570624709129e-03
-3.792401403188705444e-03
-3.580289892852306366e-03
-1.590779051184654236e-03
-2.642645733430981636e-03
-3.415739163756370544e-03
-3.549711545929312706e-03
-2.197744091972708702e-03
-1.787540153600275517e-03
-1.983869122341275215e-03
-3.168334253132343292e-03
2.922852057963609695e-03
3.566695377230644226e-03
1.500809332355856895e-03
1.911578699946403503e-03
-1.764987246133387089e-04
-1.214164542034268379e-03
-8.029297459870576859e-04
3.308354178443551064e-03
-1.870216568931937218e-03
-1.606722711585462093e-03
-1.220586942508816719e-03
-3.667880082502961159e-03
3.100961912423372269e-03
1.576626673340797424e-04
1.883573364466428757e-03
3.162686480209231377e-03
-3.178944811224937439e-03
-1.299144583754241467e-03
8.672233670949935913e-04
3.389721037819981575e-03
1.796034048311412334e-03
8.177441777661442757e-04
3.570373170077800751e-03
7.579338125651702285e-05
8.610814111307263374e-04
-1.722011133097112179e-03
-5.574635579250752926e-04
1.944925868883728981e-03
3.502494888380169868e-03
9.968937374651432037e-04
1.760705723427236080e-03
-1.480761915445327759e-03
2.423571422696113586e-03
-1.816180534660816193e-03
-1.141237444244325161e-03
-1.517951604910194874e-03
-8.831488667055964470e-04
-3.309045219793915749e-03
-3.436669940128922462e-03
-3.759701503440737724e-03
-2.577561885118484497e-03
1.568669977132230997e-04
-1.859210780821740627e-03
3.678013104945421219e-03
8.495705551467835903e-04
4.793286207132041454e-04
2.380063291639089584e-03
-1.946497126482427120e-03
2.279585925862193108e-03
-3.423059824854135513e-03
1.998016843572258949e-03
-3.137185995001345873e-04
-3.880564123392105103e-03
3.453140612691640854e-03
1.926836557686328888e-03
1.599452225491404533e-03
-6.660128710791468620e-04
-2.090851310640573502e-03
-3.659168956801295280e-03
-3.598243638407438993e-04
2.768289996311068535e-03
7.755049155093729496e-04
-2.535667968913912773e-03
1.764584798365831375e-03
1.370206155115738511e-04
2.181448275223374367e-03
3.188231261447072029e-03
-2.998437965288758278e-03
2.868603216484189034e-03
-1.349963597021996975e-03
-6.251573213376104832e-04
2.322782762348651886e-03
-2.220668829977512360e-03
1.226043561473488808e-03
3.142612986266613007e-04
2.524688607081770897e-03
1.641873852349817753e-03
1.197874429635703564e-03
2.084175590425729752e-03
-8.302131027448922396e-05
-3.189977724105119705e-03
-1.184561755508184433e-03
-1.452812808565795422e-03
3.708257805556058884e-03
-2.390566049143671989e-03
1.054004998877644539e-03
-1.842073543230071664e-04
-1.625695149414241314e-03
-9.828754627960734069e-06
-1.757413963787257671e-03
-3.033790970221161842e-03
2.110134810209274292e-03
1.133206882514059544e-03
3.504449501633644104e-03
3.296590177342295647e-03
1.546472776681184769e-03
-1.616033259779214859e-03
2.833149628713726997e-03
1.697514526313170791e-04
5.255673895590007305e-04
2.827859250828623772e-03
2.002287423238158226e-03
-2.182190073654055595e-03
2.105394843965768814e-03
6.337478989735245705e-04
2.044177148491144180e-03
1.478833291912451386e-04
-3.306030761450529099e-03
3.404858987778425217e-03
-2.432790206512436271e-04
-3.235670737922191620e-03
3.210084512829780579e-03
-3.233893541619181633e-03
2.176047069951891899e-03
1.746905036270618439e-03
-1.315191853791475296e-03
-3.742609405890107155e-03
-1.738439081236720085e-03
1.378173241391777992e-03
2.617219230160117149e-03
-3.649424063041806221e-03
3.642880590632557869e-03
2.416017232462763786e-03
-1.450892887078225613e-03
-3.376775654032826424e-03
-1.182688632979989052e-03
-1.286220154725015163e-03
-3.784159896895289421e-03
-3.596994094550609589e-03
1.763373147696256638e-03
-5.607887869700789452e-04
-2.728731604292988777e-03
-7.513241143897175789e-04
-2.920352388173341751e-03
7.538824575021862984e-04
1.341854105703532696e-03
-1.727870781905949116e-03
3.430482000112533569e-03
3.483178326860070229e-03
-2.976899966597557068e-03
-3.605756210163235664e-03
-2.883044537156820297e-03
-1.584945479407906532e-03
-3.437372506596148014e-04
-1.308719743974506855e-03
-2.240626839920878410e-03
2.067551948130130768e-03
-6.874224636703729630e-04
-2.476138470228761435e-04
-9.142386843450367451e-04
3.562471829354763031e-05
-3.764872206375002861e-03
2.919331192970275879e-03
1.055027678376063704e-04
-2.805524505674839020e-03
-1.557563431560993195e-03
-3.903196193277835846e-03
-3.006586339324712753e-03
1.142913126386702061e-03
1.513349561719223857e-04
1.274168142117559910e-03
1.447870046831667423e-03
-2.282163361087441444e-03
-2.442474011331796646e-03
-3.622370073571801186e-03
-1.384830218739807606e-03
3.815306816250085831e-03
3.953539126086980104e-04
3.899652278050780296e-03
-3.391294507309794426e-03
9.707535500638186932e-04
-1.853231457062065601e-03
-2.824135590344667435e-03
2.700736047700047493e-03
1.123982598073780537e-03
1.774160191416740417e-03
-3.604222787544131279e-03
1.250627101399004459e-03
3.545467508956789970e-03
1.257013296708464622e-03
-2.224413678050041199e-03
-3.449353622272610664e-03
3.468309761956334114e-03
-1.538068754598498344e-03
2.842201152816414833e-03
-5.436912761069834232e-04
-1.053818268701434135e-03
-3.083698684349656105e-03
-3.736911341547966003e-03
2.122505800798535347e-03
3.404656192287802696e-03
1.996482256799936295e-03
1.573978923261165619e-03
-2.140346448868513107e-03
2.729564439505338669e-03
3.874968271702528000e-03
4.031361604575067759e-04
-3.772627096623182297e-03
-3.745452733710408211e-03
1.590311178006231785e-03
1.449139555916190147e-03
-1.096998108550906181e-03
-2.468391088768839836e-03
-5.923764547333121300e-04
-2.795121632516384125e-03
3.498168662190437317e-04
-4.724028985947370529e-04
1.473372918553650379e-03
-1.704922993667423725e-03
1.544217579066753387e-03
-2.624086104333400726e-03
-3.732145763933658600e-03
-3.642774187028408051e-03
-1.779647660441696644e-03
-9.382866555824875832e-04
-3.143857931718230247e-03
7.921967771835625172e-04
-2.130776876583695412e-03
3.465684363618493080e-03
4.757161950692534447e-04
3.369544167071580887e-03
-2.789910649880766869e-03
