-2.321988809853792191e-03
-9.412043727934360504e-04
3.610103158280253410e-03
-1.005037265713326633e-04
-1.230791967827826738e-04
4.127556749153882265e-04
-8.606826886534690857e-04
2.236926229670643806e-03
-1.988092204555869102e-03
2.401728852419182658e-04
3.460787469521164894e-03
-3.181498264893889427e-03
1.461499196011573076e-04
2.458435017615556717e-03
-2.911200514063239098e-03
-8.541225688531994820e-04
-4.636619705706834793e-04
-3.527848049998283386e-03
-3.188699483871459961e-03
6.827814504504203796e-04
2.589937299489974976e-03
-1.077090972103178501e-03
-2.543220529332756996e-03
-1.758071943186223507e-03
-3.897583344951272011e-03
-3.284644801169633865e-03
-1.226299791596829891e-03
-5.243243649601936340e-04
-7.712920196354389191e-04
-8.974460652098059654e-04
-1.679253997281193733e-03
-1.768948044627904892e-03
-1.406373223289847374e-03
-2.925573848187923431e-03
-3.082083538174629211e-03
3.402375383302569389e-03
2.723149955272674561e-03
-1.789998146705329418e-03
-2.621500287204980850e-03
-1.901575713418424129e-03
-7.924378587631508708e-05
-6.580532062798738480e-04
2.468142658472061157e-03
3.778702579438686371e-03
-3.373773768544197083e-03
-3.884463221766054630e-04
6.246060947887599468e-04
2.030296716839075089e-03
1.954252598807215691e-03
3.458204912021756172e-03
-1.100170426070690155e-03
-3.094685496762394905e-03
1.290724729187786579e-03
2.401331905275583267e-03
-2.174605382606387138e-03
6.704297848045825958e-04
3.865907667204737663e-03
1.703621586784720421e-03
5.841506063006818295e-04
2.961270976811647415e-03
1.808418193832039833e-03
-3.218245692551136017e-03
2.863897476345300674e-03
6.014718674123287201e-04
1.016130787320435047e-03
3.866505343466997147e-03
8.895636419765651226e-04
1.377659384161233902e-03
6.678703357465565205e-04
-6.949396338313817978e-04
-8.405986009165644646e-04
-3.657535125967115164e-04
-3.344144904986023903e-03
-1.400754321366548538e-03
-2.984854858368635178e-03
7.162461988627910614e-04
-3.855702700093388557e-03
3.071534447371959686e-04
9.414801024831831455e-04
-1.643001916818320751e-03
-3.629700280725955963e-03
-3.349972190335392952e-03
-2.077355515211820602e-03
-2.302526496350765228e-03
3.242403501644730568e-03
-3.257332602515816689e-03
2.358809811994433403e-03
7.413885905407369137e-04
-1.034506829455494881e-03
9.978590242099016905e-05
1.947321929037570953e-03
-1.067876350134611130e-03
3.389561781659722328e-03
1.256954274140298367e-03
2.991412067785859108e-03
2.752274041995406151e-03
-2.179265022277832031e-03
-2.834409708157181740e-03
2.000014297664165497e-03
-1.547965570352971554e-03
1.688754564383998513e-04
-1.651169848628342152e-03
1.031706808134913445e-03
-1.367060031043365598e-04
-1.564439968205988407e-03
3.652800107374787331e-03
3.125181188806891441e-03
2.133055822923779488e-03
2.804436662700027227e-04
-6.834502564743161201e-04
-2.151200780645012856e-03
1.843128353357315063e-03
-1.649117097258567810e-03
3.589923959225416183e-03
5.664329510182142258e-04
-2.238305285573005676e-03
-5.321757053025066853e-04
2.689569955691695213e-03
2.245271025458350778e-05
-3.500742604956030846e-03
-1.836787487263791263e-05
3.820437705144286156e-03
-2.105069113895297050e-03
1.494735712185502052e-03
-3.402339061722159386e-03
2.629209193401038647e-04
-1.815045368857681751e-03
-2.472478663548827171e-03
2.701315097510814667e-03
3.331477055326104164e-03
-2.382590435445308685e-03
-3.498342121019959450e-04
-1.194704324007034302e-03
3.242744365707039833e-03
-2.209530211985111237e-03
-1.150173717178404331e-03
-1.024330267682671547e-03
2.463329117745161057e-03
-3.101734677329659462e-03
-1.916850567795336246e-03
2.281413180753588676e-03
-1.976601313799619675e-03
-1.157423015683889389e-03
-3.514769719913601875e-03
1.008927356451749802e-03
-1.235624193213880062e-03
2.337190089747309685e-03
2.195243490859866142e-03
3.442318702582269907e-04
1.222137012518942356e-03
3.137142630293965340e-03
-2.124575665220618248e-03
-7.837846060283482075e-04
1.424960442818701267e-03
1.629530801437795162e-03
-9.247148991562426090e-04
1.880613126559183002e-04
2.359620993956923485e-03
3.761068917810916901e-03
1.539222779683768749e-03
2.925303298979997635e-03
3.605008125305175781e-03
-1.684561022557318211e-03
3.182548796758055687e-03
2.076407196000218391e-03
-1.784091466106474400e-03
1.398960244841873646e-03
-2.616657642647624016e-03
2.497373207006603479e-04
2.941232407465577126e-03
-1.157333841547369957e-03
2.499721711501479149e-03
2.891106996685266495e-03
-7.055203896015882492e-04
5.337442853488028049e-04
1.200805418193340302e-03
1.761461026035249233e-03
2.535799983888864517e-03
-2.687783213332295418e-03
-1.358257024548947811e-03
2.870609983801841736e-03
-8.379573118872940540e-04
3.664474934339523315e-03
-2.905839355662465096e-03
-1.043400377966463566e-03
-1.956965308636426926e-03
1.912347273901104927e-03
-5.805477849207818508e-04
-2.253487473353743553e-03
6.180527852848172188e-04
9.614492300897836685e-04
2.072915900498628616e-03
1.634133164770901203e-03
9.885424515232443810e-04
-2.178378963435534388e-05
-5.517182289622724056e-04
-2.410947810858488083e-03
-9.545391658321022987e-04
-1.576634589582681656e-03
-1.744612120091915131e-03
2.636615652590990067e-03
2.521742833778262138e-03
-6.936934078112244606e-04
-7.910441490821540356e-04
-2.223521150881424546e-04
-3.094867803156375885e-03
5.517596728168427944e-04
-2.251554280519485474e-03
-3.035279514733701944e-04
9.499022271484136581e-04
-1.874811947345733643e-03
1.022225827910006046e-03
-7.153048645704984665e-04
2.275748556712642312e-05
3.643247531726956367e-03
-4.975282936356961727e-04
-2.408369444310665131e-03
2.322827000170946121e-03
1.543402089737355709e-03
3.793920390307903290e-03
2.801495604217052460e-03
-3.618715098127722740e-03
-1.197829533339245245e-05
1.323987962678074837e-03
3.776623634621500969e-04
-1.594284898601472378e-03
2.212509280070662498e-03
-3.710745600983500481e-03
-1.958320150151848793e-03
-2.869205083698034286e-03
-1.599981216713786125e-03
-1.868344028480350971e-03
3.390051890164613724e-03
-1.780548715032637119e-03
-2.893890719860792160e-03
-1.141370623372495174e-03
-1.821985235437750816e-03
5.060460534878075123e-04
1.391666126437485218e-03
-3.664493095129728317e-03
1.728505711071193218e-03
3.053111024200916290e-03
-1.515955198556184769e-03
-3.504554741084575653e-03
-1.923090778291225433e-03
-1.069002435542643070e-03
-2.843259833753108978e-03
3.261388046666979790e-03
3.045509569346904755e-03
1.606155536137521267e-03
-3.677958622574806213e-03
-3.469622228294610977e-03
-1.884337747469544411e-03
2.116220304742455482e-03
2.141939476132392883e-03
-1.306606689468026161e-03
