2.285747556015849113e-03
-1.989480340853333473e-03
-1.426933886250481009e-04
-3.210907801985740662e-03
-1.636411994695663452e-03
3.140483750030398369e-03
1.691224984824657440e-03
2.360002137720584869e-03
5.599609576165676117e-04
-1.916814711876213551e-03
-2.357900608330965042e-03
2.828695578500628471e-04
-3.189849900081753731e-03
-1.009317114949226379e-03
3.123917267657816410e-04
9.241659427061676979e-06
-5.906381993554532528e-04
3.201144281774759293e-03
-1.119303284212946892e-03
-1.628676196560263634e-03
-1.073949737474322319e-03
-1.840881886892020702e-03
6.168997788336127996e-05
-3.468206617981195450e-03
-4.804146301466971636e-04
-1.380806555971503258e-03
-6.078789592720568180e-04
-3.846310544759035110e-03
-2.913599368184804916e-03
4.407444794196635485e-04
-2.886223373934626579e-03
1.363806659355759621e-03
-8.992311777547001839e-04
1.291494118049740791e-03
-4.439498006831854582e-04
2.596175763756036758e-03
-1.323195989243686199e-03
-1.478893449530005455e-03
-2.332818228751420975e-03
2.267735078930854797e-03
-3.044413635507225990e-03
1.066150609403848648e-03
2.167961327359080315e-03
-1.989573502214625478e-04
-1.684366026893258095e-03
-3.857443341985344887e-03
-1.421612338162958622e-03
4.469620471354573965e-04
-1.851872308179736137e-03
-3.598613257054239511e-04
-2.225742209702730179e-03
-1.878479379229247570e-03
-2.976758405566215515e-03
-2.289216266945004463e-03
-2.782805124297738075e-03
-2.325829584151506424e-03
8.469838066957890987e-04
-1.209678128361701965e-03
-3.592922817915678024e-03
-1.194342388771474361e-03
3.625433426350355148e-03
1.533908769488334656e-03
2.665966516360640526e-03
3.902499796822667122e-03
1.611836487427353859e-03
2.153304172679781914e-03
3.470611758530139923e-03
1.339815557003021240e-03
3.576661692932248116e-04
-1.965689007192850113e-03
2.876467304304242134e-03
1.871019485406577587e-03
2.994297537952661514e-03
1.126976218074560165e-03
2.476582070812582970e-03
-1.473154872655868530e-03
-1.346414326690137386e-03
-2.080283360555768013e-03
6.234645843505859375e-04
2.647268702276051044e-04
-8.334197336807847023e-04
1.362058217637240887e-03
-1.172090051113627851e-04
-3.416879335418343544e-03
3.084178082644939423e-03
6.112491246312856674e-04
1.006080536171793938e-03
-2.254414837807416916e-03
-1.306311110965907574e-03
-3.056466812267899513e-03
3.537436947226524353e-03
-2.530812984332442284e-03
-2.412769012153148651e-03
1.941593829542398453e-03
-1.953772734850645065e-03
5.392582970671355724e-04
2.438160357996821404e-03
-8.549012709408998489e-04
2.140305470675230026e-03
2.257178071886301041e-03
2.370737725868821144e-03
3.688471857458353043e-03
2.217214088886976242e-03
2.460181247442960739e-03
-2.237764652818441391e-03
-3.465844551101326942e-03
-7.917564362287521362e-04
3.743695328012108803e-03
1.300438772886991501e-03
1.745600951835513115e-03
5.679243477061390877e-04
-1.403577858582139015e-03
1.426793169230222702e-03
-2.440879587084054947e-03
-1.199521007947623730e-03
6.753798224963247776e-04
9.744386188685894012e-04
-2.030319068580865860e-03
8.683127234689891338e-04
7.164312992244958878e-04
-3.849813248962163925e-03
1.534918323159217834e-03
2.150135813280940056e-03
-3.152683377265930176e-03
3.850807901471853256e-03
-2.457616617903113365e-03
1.841233810409903526e-03
-1.819822355173528194e-03
2.105221385136246681e-03
2.620994113385677338e-03
-3.688913537189364433e-03
-7.856778684072196484e-04
-5.647131183650344610e-05
-3.450811142101883888e-03
-2.789562102407217026e-03
1.852091867476701736e-03
3.496759338304400444e-03
-1.289293286390602589e-03
-1.915262197144329548e-03
-2.102739410474896431e-03
-5.941815325058996677e-04
2.639798447489738464e-03
-5.677960580214858055e-04
3.757219761610031128e-03
1.987531315535306931e-03
-3.260858589783310890e-03
1.928120153024792671e-03
-3.431192133575677872e-03
-1.500464626587927341e-03
-1.497047487646341324e-03
3.749349154531955719e-03
-3.401668276637792587e-03
-3.213217947632074356e-03
1.748304115608334541e-03
2.508139004930853844e-03
2.236547181382775307e-03
-3.659839043393731117e-03
-1.292127533815801144e-03
2.459192415699362755e-03
1.621281960979104042e-03
5.325018428266048431e-04
-2.696329494938254356e-03
3.116043750196695328e-03
3.800894599407911301e-03
5.638545262627303600e-04
6.040962762199342251e-04
2.535942243412137032e-03
1.381288748234510422e-03
-2.368522109463810921e-03
7.737022824585437775e-04
8.167884661816060543e-04
-2.372772665694355965e-03
-3.679610323160886765e-03
2.345806453377008438e-03
3.500830847769975662e-03
2.978147007524967194e-03
-2.223871997557580471e-04
-8.004261180758476257e-04
2.752719679847359657e-03
-1.709612319245934486e-03
-2.735915586526971310e-05
3.884919453412294388e-03
-2.129372209310531616e-03
-3.480948274955153465e-03
3.858359530568122864e-03
-5.547807086259126663e-04
3.010354004800319672e-03
-2.947387751191854477e-03
2.027108799666166306e-03
3.631405998021364212e-03
-2.730884356424212456e-03
-2.506578806787729263e-03
-2.477021189406514168e-03
-5.346932448446750641e-04
-3.089266829192638397e-03
3.319107228890061378e-03
3.281350247561931610e-03
1.315332832746207714e-03
2.571778371930122375e-03
1.068650395609438419e-03
-1.382461399771273136e-03
-3.580993739888072014e-03
-1.555890892632305622e-03
2.494225976988673210e-03
-2.403682796284556389e-03
3.368671052157878876e-03
6.492661195807158947e-04
-3.281479235738515854e-03
-9.424324380233883858e-04
-6.161963683553040028e-04
-2.030832925811409950e-03
2.995887538418173790e-03
2.918187237810343504e-04
2.832663245499134064e-03
-2.901264932006597519e-03
3.397766558919101954e-04
1.216052565723657608e-03
-1.970700453966856003e-03
-2.093061106279492378e-03
-5.146036855876445770e-04
-2.140904776751995087e-03
-1.697680098004639149e-03
2.685565501451492310e-03
4.743591707665473223e-04
3.247394459322094917e-03
1.517414581030607224e-03
-2.133696572855114937e-03
1.542759709991514683e-03
3.323305398225784302e-03
1.743241213262081146e-03
-2.506177697796374559e-04
1.495991018600761890e-03
3.617335343733429909e-03
-2.064902764686848968e-05
4.267804033588618040e-04
-2.048723166808485985e-03
3.426166018471121788e-03
-3.760224906727671623e-03
-3.442558925598859787e-03
-2.789845224469900131e-03
2.161270007491111755e-03
3.633693326264619827e-03
-2.767069381661713123e-04
1.745320507325232029e-03
1.696489634923636913e-04
2.548763062804937363e-03
-3.384359297342598438e-04
-9.595815790817141533e-04
-1.129813957959413528e-03
-8.082914864644408226e-04
2.374389987380709499e-05
1.969479955732822418e-03
-1.200692960992455482e-03
-5.753370714955963194e-06
2.786743862088769674e-04
-1.512633869424462318e-03
