2.151541411876678467e-03
-3.483634674921631813e-03
2.199481241405010223e-03
2.564705908298492432e-03
-3.715649712830781937e-03
-3.815380856394767761e-03
8.622841560281813145e-04
6.258253124542534351e-04
1.443660818040370941e-03
2.825656207278370857e-03
3.049568738788366318e-03
1.459665829315781593e-03
1.385853276588022709e-03
-3.800676204264163971e-04
2.443771576508879662e-03
3.078088629990816116e-03
-3.848687279969453812e-03
3.351008519530296326e-03
-3.528057131916284561e-03
2.112377202138304710e-03
3.944209311157464981e-04
4.069836868438869715e-04
-1.305133104324340820e-03
-2.150478307157754898e-03
-1.062945579178631306e-03
-3.601400414481759071e-03
-1.267154817469418049e-03
-1.365685951896011829e-03
1.480114646255970001e-03
3.231078386306762695e-03
1.332371612079441547e-04
1.108290511183440685e-03
2.488621277734637260e-03
5.702843554900027812e-05
-4.166140279266983271e-04
2.629107562825083733e-03
3.131197998300194740e-03
3.555294824764132500e-03
1.377907115966081619e-03
-1.758479862473905087e-03
-5.811891169287264347e-04
2.467479323968291283e-03
3.855098271742463112e-03
-3.326982725411653519e-03
3.316700691357254982e-03
-1.452483120374381542e-03
-2.433385699987411499e-03
-2.497127512469887733e-03
-3.494162112474441528e-03
2.987167565152049065e-03
3.240502555854618549e-04
3.115226980298757553e-03
2.555363578721880913e-03
3.102156333625316620e-03
2.317780628800392151e-03
3.349593840539455414e-03
3.246502019464969635e-03
-3.593567525967955589e-03
-2.457932336255908012e-03
-1.882505603134632111e-03
1.435438171029090881e-04
-1.446461770683526993e-03
-2.456159796565771103e-03
6.930741847099852748e-07
-2.669983310624957085e-03
-1.700642169453203678e-03
-6.605956587009131908e-04
-5.110239144414663315e-04
-3.383206902071833611e-03
-5.516620585694909096e-04
-3.008687403053045273e-03
-2.621769905090332031e-03
-3.287692554295063019e-03
-1.559606986120343208e-03
-3.185041714459657669e-03
-3.447356401011347771e-03
-2.974484232254326344e-04
1.011199085041880608e-03
-2.135983435437083244e-03
-1.232831971719861031e-03
1.094826729968190193e-03
-3.650214930530637503e-04
4.091160371899604797e-04
7.474129670299589634e-04
-5.456410872284322977e-05
1.628191792406141758e-03
2.953892806544899940e-03
6.710087764076888561e-04
1.865232014097273350e-03
1.760564628057181835e-03
-2.302185865119099617e-03
-1.138547435402870178e-03
1.845638151280581951e-03
3.326328936964273453e-03
-1.623845309950411320e-03
1.082424656488001347e-03
-2.994121517986059189e-03
-1.060320297256112099e-03
-7.282065926119685173e-04
-1.457904465496540070e-03
-2.429221694910665974e-06
-2.799515612423419952e-03
-1.856717863120138645e-03
3.805721411481499672e-03
5.496029043570160866e-04
-1.893781591206789017e-03
2.877676161006093025e-03
-1.299693598411977291e-03
2.538673346862196922e-03
3.796193050220608711e-04
3.399266628548502922e-03
-1.689781784079968929e-03
-1.418561907485127449e-03
-2.767465310171246529e-03
2.064672065898776054e-03
-2.584646921604871750e-03
1.072466140612959862e-03
1.614874228835105896e-03
-2.588730130810290575e-04
2.942000515758991241e-03
-2.180048031732439995e-03
-2.392972819507122040e-03
1.669405028223991394e-03
2.693228190764784813e-03
-2.999869640916585922e-03
-1.507483102614060044e-04
-8.970720809884369373e-04
-3.259218996390700340e-03
-3.407189156860113144e-03
2.196924062445759773e-03
-3.054676344618201256e-03
3.493746509775519371e-03
-2.142878947779536247e-03
3.058956353925168514e-04
3.605293342843651772e-03
2.105436520650982857e-03
-2.270839875563979149e-03
2.269827527925372124e-03
-3.576960647478699684e-03
-1.112227444536983967e-03
2.840403700247406960e-03
-1.937898487085476518e-04
3.687893506139516830e-03
-2.504020929336547852e-03
2.763634547591209412e-03
5.060848779976367950e-04
1.507640234194695950e-03
-3.842958540190011263e-04
2.803718205541372299e-03
-1.375841384287923574e-04
-3.503457643091678619e-03
-2.014880534261465073e-03
1.515564508736133575e-03
3.482266794890165329e-03
-2.424605423584580421e-03
-6.849461351521313190e-04
3.595344722270965576e-03
1.069151679985225201e-03
-7.348118233494460583e-04
1.689621945843100548e-03
-6.727030267938971519e-04
-2.499222522601485252e-03
1.370077487081289291e-03
1.895688008517026901e-03
2.957914024591445923e-03
-2.515169093385338783e-03
1.960159745067358017e-03
4.339784791227430105e-04
-1.676721847616136074e-03
8.159420103766024113e-04
-2.136714057996869087e-03
1.925756077980622649e-04
-2.792251296341419220e-03
9.090265375562012196e-04
1.585051766596734524e-03
-6.755500799044966698e-04
-1.038808375597000122e-03
2.716177841648459435e-03
3.813463263213634491e-03
1.080497982911765575e-03
-3.294259950052946806e-04
2.993519417941570282e-03
2.005681395530700684e-03
5.841552047058939934e-04
-1.997708313865587115e-04
2.762058982625603676e-03
-1.392531674355268478e-03
1.733263721689581871e-03
-3.421975998207926750e-03
-3.459069645032286644e-03
-2.679669996723532677e-03
1.344687654636800289e-03
2.141609002137556672e-04
1.727336668409407139e-03
2.614778233692049980e-03
2.983095822855830193e-03
-1.615241752006113529e-03
1.381609006784856319e-03
1.406609662808477879e-03
-3.152058692649006844e-03
-2.788227517157793045e-03
-3.060720860958099365e-03
3.838790114969015121e-03
-1.208452857099473476e-03
2.898854436352849007e-03
1.535245217382907867e-03
-1.062913448549807072e-03
3.013212233781814575e-03
-1.386635121889412403e-03
-1.155675505287945271e-03
1.880614436231553555e-03
1.630307058803737164e-03
2.361190039664506912e-03
-9.292412432841956615e-04
-2.561138710007071495e-03
2.498148707672953606e-03
1.516699907369911671e-03
3.779882099479436874e-03
1.964282710105180740e-04
1.583791454322636127e-03
-2.049197908490896225e-03
-3.270441899076104164e-03
-3.106416435912251472e-03
3.299356205388903618e-03
3.529291599988937378e-03
8.040638931561261415e-05
1.642669900320470333e-03
2.270262688398361206e-03
-3.417241154238581657e-03
-2.472193213179707527e-03
-1.528683933429419994e-03
-3.864765167236328125e-03
3.348512807860970497e-03
-1.655269763432443142e-03
-1.774293137714266777e-03
1.550873625092208385e-03
-2.871931996196508408e-03
1.150890137068927288e-03
2.333576994715258479e-04
1.611378160305321217e-03
3.602289827540516853e-03
-9.606913226889446378e-05
7.402827031910419464e-04
-2.480102702975273132e-03
2.278085332363843918e-03
1.459559774957597256e-03
2.814537147060036659e-03
1.900965813547372818e-03
-3.947941877413541079e-05
3.031962784007191658e-03
-1.377723994664847851e-03
-5.279407487250864506e-04
3.548737615346908569e-03
4.127674619667232037e-04
-1.543084043078124523e-03
1.281856821151450276e-04
