3.831689478829503059e-03
5.078213289380073547e-04
1.943684997968375683e-03
-8.930378244258463383e-04
1.954665640369057655e-03
4.082970262970775366e-04
-2.483885735273361206e-03
-3.391536185517907143e-03
-2.611548174172639847e-03
-1.268275664187967777e-03
-1.121060573495924473e-03
-1.303956727497279644e-03
6.955728167667984962e-04
-5.347289843484759331e-04
-3.157642669975757599e-03
-9.980655740946531296e-04
1.296321279369294643e-03
-3.237792989239096642e-04
2.809977624565362930e-03
3.370828926563262939e-03
-2.003154251724481583e-03
1.532039488665759563e-03
-1.813334296457469463e-03
3.600423922762274742e-03
3.152358578518033028e-03
-3.901502117514610291e-03
-2.839697990566492081e-03
8.816532790660858154e-04
2.973587252199649811e-03
-2.791716484352946281e-03
8.332783472724258900e-04
-1.429078518413007259e-03
3.677478292956948280e-03
-1.915277534862980247e-04
1.245077000930905342e-03
-2.671587280929088593e-03
1.892215223051607609e-03
-2.245709765702486038e-03
1.464801607653498650e-03
1.151376869529485703e-03
1.842022407799959183e-03
1.455448364140465856e-04
3.287331433966755867e-03
2.927274676039814949e-03
1.014595851302146912e-03
-2.220656722784042358e-03
-2.541116904467344284e-03
2.706879284232854843e-03
2.680679550394415855e-03
-4.117371863685548306e-04
-1.435964833945035934e-03
-6.605853559449315071e-04
3.704010741785168648e-03
-3.898552851751446724e-03
-1.375394291244447231e-03
2.079640980809926987e-03
-3.769652685150504112e-03
-3.606992308050394058e-03
-8.883212576620280743e-04
3.315923735499382019e-03
2.002109074965119362e-03
-1.620405470021069050e-03
-1.049954793415963650e-03
3.371230792254209518e-03
3.810579655691981316e-03
6.610390846617519855e-05
-2.292048418894410133e-03
3.832824528217315674e-03
1.878936076536774635e-03
2.272966783493757248e-03
-2.746414684224873781e-04
-1.981235109269618988e-04
-1.954554347321391106e-03
1.221668324433267117e-03
2.023663604632019997e-03
-3.723362926393747330e-03
-1.528900611447170377e-04
3.623513737693428993e-03
-3.872175933793187141e-03
-1.083721799659542739e-04
-2.493099775165319443e-03
-2.188346814364194870e-03
-5.849368171766400337e-04
1.017584581859409809e-03
2.753647742792963982e-03
1.100530731491744518e-03
-1.864043297246098518e-04
3.501660656183958054e-03
-2.904845168814063072e-03
-2.630225149914622307e-03
-2.705596853047609329e-03
-1.848789281211793423e-03
-1.800441998057067394e-03
-1.972711645066738129e-03
-1.901279785670340061e-03
-2.087157918140292168e-03
-3.233447670936584473e-03
3.994281287305057049e-04
-1.075400272384285927e-03
3.851795801892876625e-03
-1.738119870424270630e-03
3.114510793238878250e-03
1.542094745673239231e-03
2.291641430929303169e-03
-2.171530621126294136e-03
-2.747670514509081841e-03
-2.244380535557866096e-03
-1.271556597203016281e-03
-8.214340195991098881e-04
1.003729179501533508e-03
-3.484175307676196098e-03
3.689549397677183151e-03
-3.004136960953474045e-03
3.542422084137797356e-03
-3.537693526595830917e-03
-1.773708354448899627e-04
3.099019872024655342e-03
2.887924201786518097e-03
-3.546106861904263496e-03
-3.414693288505077362e-03
1.747159985825419426e-03
-2.595265395939350128e-03
-2.710278145968914032e-03
1.521477126516401768e-03
-1.165066278190352023e-04
-3.755139419808983803e-03
-3.571627894416451454e-03
-1.148677780292928219e-03
-6.659763748757541180e-04
1.197741599753499031e-03
-1.946266740560531616e-03
1.732787786750122905e-04
6.004673778079450130e-04
-3.301559714600443840e-03
-3.675303654745221138e-03
-2.951407805085182190e-03
2.155077178031206131e-03
2.418518066406250000e-03
-8.799527422524988651e-04
-3.603277029469609261e-03
-2.400276483967900276e-03
1.215742551721632481e-03
-2.986273728311061859e-03
3.649657359346747398e-03
-3.794781398028135300e-03
3.645683638751506805e-03
-2.737655537202954292e-03
-2.822419395670294762e-03
3.219470847398042679e-03
-3.687574528157711029e-03
-3.717689076438546181e-03
2.549272030591964722e-03
2.545431256294250488e-03
2.915262011811137199e-03
8.995638199849054217e-05
1.490917522460222244e-03
3.662824165076017380e-03
-1.845923019573092461e-03
-8.884923881851136684e-04
9.816937381401658058e-04
6.844018935225903988e-04
3.024673787876963615e-03
-3.392259590327739716e-03
5.077199894003570080e-04
3.449557698331773281e-04
8.625533082522451878e-04
1.016735215671360493e-03
-3.688933793455362320e-03
-1.029814375215210021e-04
1.835107919760048389e-03
1.762083731591701508e-03
-3.076067892834544182e-03
-3.828003536909818649e-03
-6.626526010222733021e-04
-1.307252794504165649e-03
3.369810990989208221e-03
-2.297625411301851273e-03
7.844458450563251972e-04
-5.016561317461309955e-06
3.619990544393658638e-03
1.967370975762605667e-03
-1.917253131978213787e-03
-3.505693748593330383e-03
3.470162628218531609e-03
3.881385084241628647e-03
2.968597691506147385e-03
3.685500472784042358e-03
-2.377563389018177986e-03
-1.084562973119318485e-03
1.530099543742835522e-03
-5.560561548918485641e-04
-1.433652825653553009e-03
-7.701526046730577946e-04
7.083017262630164623e-04
-3.775775665417313576e-03
-3.840937511995434761e-03
2.988777589052915573e-03
-1.143998888437636197e-04
-1.479869592003524303e-03
-2.231573162134736776e-04
9.492807439528405666e-04
-1.710397074930369854e-03
-3.416318912059068680e-03
1.980077708140015602e-03
9.264011168852448463e-04
-3.460901789367198944e-03
-3.051664214581251144e-03
5.372549057938158512e-04
-2.278054133057594299e-03
-1.599149196408689022e-03
6.170094711706042290e-04
-3.808961482718586922e-03
-1.775234268279746175e-04
-4.431839624885469675e-05
2.149346284568309784e-03
2.050041453912854195e-03
-1.834095688536763191e-03
2.861829241737723351e-03
7.446315430570393801e-05
9.808037430047988892e-04
1.355952816084027290e-03
9.729121666168794036e-05
-1.451017218641936779e-03
-4.001453635282814503e-04
1.241034129634499550e-03
3.296750364825129509e-03
-1.847740029916167259e-03
2.555993152782320976e-03
-1.363322022370994091e-03
-1.462956774048507214e-03
-1.277817296795547009e-03
1.910933526232838631e-03
-7.867689710110425949e-04
2.488659927621483803e-03
1.936698798090219498e-03
1.273531583137810230e-03
-2.977034309878945351e-03
3.646148834377527237e-03
1.233609858900308609e-03
6.260087247937917709e-04
1.196759636513888836e-03
6.298840744420886040e-04
-1.490219030529260635e-03
9.140694164671003819e-04
-2.029012888669967651e-03
1.874950365163385868e-03
-3.792928764596581459e-03
-1.284241210669279099e-03
8.664632332511246204e-04
1.875489018857479095e-03
3.692906349897384644e-03
-1.928442798089236021e-04
-5.544800296775065362e-05
2.362187486141920090e-03
-1.349810161627829075e-03
-2.721069613471627235e-04
