3.238589037209749222e-03
-3.596222086343914270e-04
-2.615194534882903099e-05
-1.241910504177212715e-04
8.575711981393396854e-04
5.551777430810034275e-04
2.390251029282808304e-03
1.039389520883560181e-03
3.232361050322651863e-03
-2.632881747558712959e-03
-1.179769518785178661e-03
-3.530259476974606514e-03
-1.515006762929260731e-03
-1.334946253336966038e-03
7.218133541755378246e-04
-2.866776892915368080e-03
9.580039186403155327e-04
-1.650236779823899269e-03
-2.488752070348709822e-04
1.728385570459067822e-03
-2.004912821575999260e-03
1.499004312790930271e-03
1.368172350339591503e-03
-2.906186971813440323e-03
1.261412398889660835e-05
-5.918752285651862621e-04
-1.460509491153061390e-03
-2.362680155783891678e-03
2.875208156183362007e-03
1.297678216360509396e-03
-3.116657957434654236e-03
-6.105516222305595875e-04
-2.161309588700532913e-03
-2.547425450757145882e-03
3.245286876335740089e-03
-2.882075496017932892e-03
-3.041248070076107979e-03
3.349809441715478897e-03
-7.440404151566326618e-04
1.855256618000566959e-03
3.454146673902869225e-03
-2.575971186161041260e-03
-1.049899379722774029e-03
2.131499582901597023e-03
3.010858548805117607e-03
2.119347453117370605e-03
4.810253813047893345e-06
-3.160200547426939011e-03
2.362351631745696068e-03
-3.079688642174005508e-03
1.304674078710377216e-03
-1.196829369291663170e-03
-2.823212184011936188e-03
-3.359071211889386177e-03
-2.666807849891483784e-04
-2.510398626327514648e-03
-1.333331107161939144e-03
-3.242104779928922653e-03
-3.731366945430636406e-03
-1.731167198158800602e-03
-9.072804823517799377e-04
1.843380159698426723e-03
2.610873896628618240e-03
5.051252082921564579e-04
1.788860419765114784e-03
-2.569986740127205849e-03
-1.190684386529028416e-03
4.903472727164626122e-04
1.849037827923893929e-03
3.139303065836429596e-03
-2.620382874738425016e-04
2.639418700709939003e-03
3.386226890143007040e-04
1.976543804630637169e-03
-2.516948850825428963e-03
3.476141719147562981e-03
3.794067539274692535e-03
-3.941980539821088314e-04
2.211860381066799164e-03
-2.007182221859693527e-03
-3.599617630243301392e-03
-3.342480165883898735e-03
2.369601512327790260e-03
-3.026673570275306702e-03
1.493701827712357044e-03
-3.283808473497629166e-03
3.215997014194726944e-03
8.672307012602686882e-04
-6.774377543479204178e-04
3.108624834567308426e-03
-3.485216526314616203e-03
2.617677440866827965e-03
-2.378206409048289061e-04
-1.319948700256645679e-03
-1.623687683604657650e-03
8.859559311531484127e-04
1.780147431418299675e-03
3.341591218486428261e-03
2.945309737697243690e-03
-3.042645752429962158e-03
-2.423014258965849876e-03
-2.187502570450305939e-03
-3.451967611908912659e-03
-2.563912887126207352e-03
-2.572382567450404167e-03
2.357922261580824852e-03
6.763543351553380489e-04
1.618560985662043095e-03
-1.260641380213201046e-03
-3.685690695419907570e-03
-3.767681075260043144e-03
-3.266403451561927795e-03
-1.314601511694490910e-03
1.821323414333164692e-03
3.704808652400970459e-03
-2.571399381849914789e-04
-9.999129688367247581e-04
2.220307243987917900e-03
2.247379859909415245e-03
-3.410621502553112805e-05
3.703705035150051117e-03
-1.246981788426637650e-03
3.673058934509754181e-03
4.268947232048958540e-04
-3.282119520008563995e-03
1.167361740954220295e-03
1.259246724657714367e-03
3.025520825758576393e-03
-2.991251647472381592e-03
-4.354403063189238310e-04
3.383368311915546656e-04
3.335636574774980545e-03
3.333610715344548225e-03
-1.151634962297976017e-03
-5.715372390113770962e-04
2.661752514541149139e-03
2.400086086709052324e-04
-1.851401408202946186e-03
1.270400942303240299e-03
-2.647432731464505196e-03
-6.412029033526778221e-04
-3.035228233784437180e-03
-3.301559481769800186e-03
2.797597320750355721e-03
-1.423317735316231847e-04
-1.084336836356669664e-04
-2.638328354805707932e-03
3.719987813383340836e-03
-1.794010167941451073e-03
-9.185571980196982622e-05
-3.882278106175363064e-04
-2.417067531496286392e-03
2.969864755868911743e-03
-1.221018726937472820e-03
-2.724766382016241550e-04
1.709817908704280853e-03
-1.706860144622623920e-03
1.561008626595139503e-03
3.609517822042107582e-03
3.877689363434910774e-03
1.174162971437908709e-04
2.855506027117371559e-03
2.674745395779609680e-03
-2.913432894274592400e-03
-2.130681416019797325e-03
-3.283252706751227379e-03
-1.299789990298449993e-03
-2.612667623907327652e-03
-3.399460809305310249e-03
-1.443479413865134120e-05
3.180547151714563370e-03
-2.661221660673618317e-04
-1.619671587832272053e-03
3.783542197197675705e-03
-2.097880933433771133e-03
-3.841208992525935173e-03
-3.665915224701166153e-03
-1.632888219319283962e-03
2.275546081364154816e-03
2.140421885997056961e-03
3.614772344008088112e-03
5.318746552802622318e-04
2.977727679535746574e-03
-3.672463120892643929e-03
1.780634629540145397e-03
-2.852495992556214333e-03
5.188543582335114479e-04
-2.011815318837761879e-03
-7.916758186183869839e-04
-2.093242248520255089e-03
9.926959173753857613e-04
3.602416254580020905e-04
3.717119107022881508e-04
1.983403853955678642e-05
2.948073903098702431e-03
5.557772237807512283e-04
1.470350398449227214e-04
3.787155728787183762e-03
1.417867024429142475e-03
-1.145806745626032352e-03
1.017884642351418734e-04
6.822720752097666264e-04
-1.781819155439734459e-03
8.650703239254653454e-04
3.322879783809185028e-03
1.502377912402153015e-03
-1.378481974825263023e-03
-1.271698507480323315e-03
-2.105287509039044380e-03
1.696173334494233131e-03
1.860527088865637779e-03
1.509200083091855049e-03
-8.186129271052777767e-04
-3.333193482831120491e-03
2.399185905233025551e-03
1.057847635820508003e-03
-3.558943048119544983e-03
-1.308889022766379640e-05
-1.789389527402818203e-03
-1.201805076561868191e-03
-2.281101653352379799e-03
2.717113588005304337e-03
1.609429251402616501e-03
-3.748553339391946793e-03
-8.705260697752237320e-04
1.774557633325457573e-03
4.573239129967987537e-04
2.230230456916615367e-04
1.458356040529906750e-03
2.708645304664969444e-03
1.503907842561602592e-03
-1.788178458809852600e-03
2.528630197048187256e-03
1.070811995305120945e-03
-3.832513699308037758e-03
2.137621864676475525e-03
-1.591401174664497375e-03
-2.928745467215776443e-03
2.784067997708916664e-03
-3.244325926061719656e-04
-2.700579818338155746e-03
1.970393350347876549e-03
2.407743362709879875e-03
2.637393481563776731e-04
3.282094607129693031e-03
5.800437793368473649e-05
-1.171788782812654972e-03
2.871927863452583551e-04
1.411221572197973728e-03
-1.796828466467559338e-03
-2.291363431140780449e-03
-2.823892049491405487e-03
3.666642354801297188e-03
1.103891991078853607e-03
-1.167812966741621494e-03
3.337316680699586868e-03
