3.808979410678148270e-03
-2.048696856945753098e-03
-3.254954703152179718e-03
8.834194159135222435e-04
-2.826653188094496727e-03
-8.111150236800312996e-04
-2.258769003674387932e-03
2.933598821982741356e-03
2.332631993340328336e-04
-1.479825703427195549e-03
-1.805517240427434444e-03
-3.304368874523788691e-04
1.649792538955807686e-03
3.038254566490650177e-03
-2.191270468756556511e-03
-2.895839279517531395e-03
1.334312488324940205e-03
-3.474330063909292221e-03
-1.419025706127285957e-03
3.744932590052485466e-03
-2.895626472309231758e-03
3.326430916786193848e-03
3.413248341530561447e-03
-3.627894446253776550e-03
1.542369835078716278e-03
2.105583436787128448e-03
-2.452605403959751129e-03
8.832617313601076603e-04
5.128925549797713757e-04
9.040303993970155716e-04
-1.467121415771543980e-03
-2.826552605256438255e-03
3.108454635366797447e-03
-2.563172252848744392e-03
1.525604515336453915e-03
-5.099182599224150181e-04
-2.866727299988269806e-03
2.829545410349965096e-03
1.428012619726359844e-03
3.881965763866901398e-03
-3.593885572627186775e-03
5.366332479752600193e-04
-7.026269449852406979e-04
-5.256553322396939620e-06
-2.177638234570622444e-03
-2.151358872652053833e-03
-7.047179969958961010e-04
1.903503201901912689e-03
2.788272453472018242e-03
-1.237600081367418170e-04
3.055131062865257263e-03
-7.848364766687154770e-04
-1.640444737859070301e-03
8.928821189329028130e-04
7.614353671669960022e-04
1.535403192974627018e-03
2.533792518079280853e-03
-4.121346864849328995e-05
3.515319200232625008e-03
-9.559791651554405689e-04
-7.676797686144709587e-04
3.474207362160086632e-03
-2.101983642205595970e-03
-3.794897813349962234e-03
8.344503003172576427e-04
3.613974433392286301e-03
7.523333188146352768e-04
-2.108465181663632393e-03
-1.800124999135732651e-03
-5.852567264810204506e-04
8.009920129552483559e-04
-8.550483034923672676e-04
1.564331178087741137e-04
-6.018089479766786098e-04
2.294993464602157474e-04
1.057173358276486397e-03
-3.212723182514309883e-03
-1.884654047898948193e-03
-3.528489032760262489e-03
1.752523472532629967e-03
3.554301802068948746e-03
8.130416972562670708e-04
2.007350703934207559e-04
-3.121327841654419899e-03
7.148928125388920307e-04
1.212684321217238903e-03
2.500094007700681686e-03
1.771484967321157455e-04
7.933550514280796051e-04
-2.240620553493499756e-03
-8.358753402717411518e-04
8.875574712874367833e-05
-1.644573756493628025e-03
1.290633459575474262e-03
-2.511948812752962112e-03
7.132865721359848976e-04
-3.032144391909241676e-03
2.814711770042777061e-03
-4.661686543840914965e-04
2.642088802531361580e-04
3.683491842821240425e-03
-1.245920429937541485e-03
3.628857666626572609e-03
-1.420036423951387405e-03
2.707340056076645851e-03
1.591713982634246349e-03
-2.993069123476743698e-03
6.140366313047707081e-04
3.328839084133505821e-03
-1.821776968427002430e-03
5.527045577764511108e-04
-3.223883453756570816e-03
-2.813398605212569237e-03
-1.244049286469817162e-03
-2.165043959394097328e-03
-1.544711296446621418e-03
2.693574875593185425e-03
-2.991965506225824356e-03
2.565581584349274635e-03
1.369899371638894081e-03
3.692932426929473877e-03
3.778904676437377930e-03
3.899737261235713959e-03
2.081665443256497383e-03
2.983446931466460228e-03
1.788322115316987038e-03
3.596567548811435699e-03
-2.471152227371931076e-03
1.349271857179701328e-03
1.800314639694988728e-04
-9.151098784059286118e-04
1.264301361516118050e-03
-5.349779385142028332e-04
1.507012639194726944e-03
2.436021575704216957e-03
-1.313234562985599041e-03
1.065439544618129730e-03
3.766851732507348061e-04
-2.779723377898335457e-03
1.231050468049943447e-03
2.315920079126954079e-03
2.456906251609325409e-03
1.428826362825930119e-03
-3.875588299706578255e-03
1.126936404034495354e-03
1.342985662631690502e-03
-2.811590675264596939e-03
1.871363338068476878e-06
-3.822051221504807472e-03
-3.349327016621828079e-03
3.485742257907986641e-03
-5.075494409538805485e-04
3.477589692920446396e-03
-3.700156230479478836e-03
-1.577536750119179487e-04
1.437859609723091125e-03
-3.775542601943016052e-03
1.562965451739728451e-03
1.019583083689212799e-03
-2.107900567352771759e-03
-5.771378055214881897e-04
-5.726524977944791317e-04
-5.550649075303226709e-05
-3.197178710252046585e-03
-3.238232573494315147e-03
-8.315732120536267757e-04
-1.847917796112596989e-03
-7.492738659493625164e-04
-2.811302430927753448e-03
-1.568490872159600258e-03
3.418736625462770462e-03
2.198166446760296822e-03
-2.079318976029753685e-03
2.657949225977063179e-03
-2.794645726680755615e-03
8.209655061364173889e-04
2.336562378332018852e-03
-1.583778299391269684e-03
-3.384838346391916275e-03
3.486949251964688301e-03
-1.365020289085805416e-04
1.005237107165157795e-03
3.791180904954671860e-03
3.040032461285591125e-03
1.481326879002153873e-03
-3.690430196002125740e-03
-1.703007146716117859e-03
-2.826645970344543457e-03
-2.726697595790028572e-03
1.706379465758800507e-03
-2.239146269857883453e-03
-1.240130048245191574e-03
-2.524421317502856255e-03
1.525353291071951389e-03
-5.460819811560213566e-04
2.469924278557300568e-03
3.362303599715232849e-03
1.522692735306918621e-03
3.381451126188039780e-03
-2.834276994690299034e-03
3.220957703888416290e-03
1.902272924780845642e-03
1.555937225930392742e-03
1.666986267082393169e-03
3.487285692244768143e-03
-1.319551374763250351e-03
3.678883658722043037e-03
-1.348326448351144791e-03
-1.326271798461675644e-03
1.656480599194765091e-03
-3.316446207463741302e-03
2.299336483702063560e-03
-3.502690698951482773e-03
-1.819932716898620129e-03
7.950538565637543797e-05
-1.154524041339755058e-03
-2.195450477302074432e-03
2.689422573894262314e-03
1.509506721049547195e-03
-1.163474749773740768e-03
-3.686869982630014420e-03
-2.526850206777453423e-03
1.665295218117535114e-03
3.736600046977400780e-03
-9.199149790219962597e-04
-1.822901307605206966e-03
5.925010191276669502e-04
2.513747662305831909e-03
5.524374428205192089e-04
-3.106007585301995277e-03
-1.310138963162899017e-03
2.138591604307293892e-03
8.048459421843290329e-04
-3.532054834067821503e-03
-2.805050229653716087e-03
1.932765939272940159e-03
1.571729197166860104e-03
-1.259648590348660946e-03
9.708002326078712940e-04
-2.892105840146541595e-03
3.879263531416654587e-03
3.175545949488878250e-03
-1.050911028869450092e-03
1.062378432834520936e-04
-7.769499206915497780e-04
-8.180587319657206535e-04
3.524486673995852470e-03
1.941605238243937492e-03
1.826420077122747898e-03
-1.149086165241897106e-05
2.732578468567226082e-05
1.996367936953902245e-03
-8.044113055802881718e-04
1.323817530646920204e-03
-3.791880793869495392e-03
-3.522382117807865143e-03
