1.683436799794435501e-03
-1.816340518416836858e-04
2.608564915135502815e-03
3.355220425873994827e-03
5.497570964507758617e-04
7.241074345074594021e-04
-2.610254101455211639e-03
2.650280483067035675e-03
2.428510691970586777e-03
-2.741412725299596786e-03
7.784701301716268063e-04
3.640635171905159950e-03
5.165656912140548229e-04
2.807841403409838676e-03
2.763704862445592880e-03
-2.832828322425484657e-03
-5.785910179838538170e-04
6.493205437436699867e-04
7.046969258226454258e-04
3.284791950136423111e-03
1.354963635094463825e-03
3.676194231957197189e-03
3.173418808728456497e-03
-2.298336185049265623e-04
-1.810651272535324097e-03
1.855014008469879627e-03
-6.335556827252730727e-05
5.600380827672779560e-04
3.905824152752757072e-03
-2.005530288442969322e-03
-2.992627676576375961e-03
3.586982842534780502e-03
1.156718644779175520e-05
5.679709720425307751e-04
-7.085847755661234260e-05
-1.505869440734386444e-03
3.084508702158927917e-03
1.154781668446958065e-03
3.062996082007884979e-03
2.559478394687175751e-03
-4.934744210913777351e-04
-2.434127964079380035e-04
1.969608943909406662e-03
1.915842760354280472e-03
2.225158736109733582e-03
-1.456866855733096600e-03
-2.490101149305701256e-03
-3.806733060628175735e-03
3.725836519151926041e-03
2.982713049277663231e-03
-3.906488418579101562e-03
1.918649883009493351e-03
3.536314470693469048e-03
-3.576298244297504425e-03
2.761108800768852234e-03
2.752452157437801361e-03
-6.179210613481700420e-04
-2.651137299835681915e-03
-3.732091747224330902e-03
9.285960695706307888e-04
-2.091891656164079905e-04
-4.638770406018011272e-05
1.571319182403385639e-03
3.240564838051795959e-03
3.935267523047514260e-05
2.072531729936599731e-03
-1.760252402164041996e-03
-2.892292570322751999e-03
-3.033876651898026466e-03
-2.037386642768979073e-03
-1.611638464964926243e-03
-1.442765817046165466e-03
3.688708529807627201e-04
-1.805008156225085258e-03
-4.540330555755645037e-04
-2.499624853953719139e-03
-2.524571726098656654e-03
-8.912408957257866859e-04
-2.786654047667980194e-03
2.113720693159848452e-04
-3.280029166489839554e-03
4.739789583254605532e-04
-7.458610343746840954e-04
-5.404244293458759785e-04
-2.245809650048613548e-03
-3.086601151153445244e-03
-1.845742575824260712e-03
-3.274777904152870178e-03
-1.166840549558401108e-03
-1.159656560048460960e-03
-6.004316965118050575e-04
-7.476171595044434071e-05
3.606467042118310928e-03
-8.891389006748795509e-04
-2.651412039995193481e-03
1.047250116243958473e-03
1.812992384657263756e-03
-2.672970294952392578e-03
3.518835408613085747e-03
1.028813305310904980e-03
-1.353746745735406876e-03
3.597613656893372536e-03
-3.526613349094986916e-03
3.632501699030399323e-03
1.206024782732129097e-03
3.085069125518202782e-03
-3.415498358663171530e-04
-2.768548205494880676e-03
3.278703195974230766e-03
2.333180280402302742e-03
-1.776337856426835060e-03
3.193534445017576218e-03
3.816040931269526482e-03
-3.640705486759543419e-03
-2.211225219070911407e-03
-3.163885849062353373e-04
-3.287812927737832069e-03
3.271412570029497147e-04
-8.046911098062992096e-04
1.645594602450728416e-03
8.387284469790756702e-04
3.133768448606133461e-03
-2.839141990989446640e-03
2.031750744208693504e-03
3.150196745991706848e-03
-3.393970255274325609e-04
-2.467210637405514717e-03
-7.696916327404323965e-06
-3.160533960908651352e-03
1.183963380753993988e-03
-5.234029958955943584e-04
6.532182451337575912e-04
3.156698774546384811e-03
-3.763316199183464050e-03
-1.951805083081126213e-03
9.871745714917778969e-04
3.482965752482414246e-03
7.229837938211858273e-04
-2.690832829102873802e-03
-1.786773209460079670e-03
3.547637956216931343e-03
1.349459285847842693e-03
-2.987849758937954903e-03
2.026422182098031044e-03
-3.569588297978043556e-03
-3.611600026488304138e-03
1.158407540060579777e-03
9.289002628065645695e-04
3.447023453190922737e-03
9.459465509280562401e-04
2.153854584321379662e-03
2.461401512846350670e-03
-1.177721191197633743e-03
-3.512014634907245636e-03
-2.015999052673578262e-03
-2.725036814808845520e-03
-1.128661562688648701e-03
-1.292734290473163128e-03
-3.140250220894813538e-03
-3.744631772860884666e-03
-7.249428890645503998e-04
2.923712832853198051e-03
-2.732516266405582428e-03
1.597137423232197762e-03
-1.636707893339917064e-04
1.289946725592017174e-03
-2.993397880345582962e-03
5.098314140923321247e-04
-1.380172208882868290e-03
-2.505551790818572044e-03
-1.044800854288041592e-03
4.568388685584068298e-04
1.079686684533953667e-03
-3.622847609221935272e-03
3.841634141281247139e-03
-1.419631065800786018e-03
-1.483305823057889938e-04
-3.900078125298023224e-03
-1.677456893958151340e-03
1.292178290896117687e-03
-7.581615354865789413e-04
-1.326902653090655804e-03
3.338634269312024117e-03
8.104105945676565170e-04
1.465186593122780323e-03
-2.112958347424864769e-03
-7.371602114289999008e-04
-2.622602041810750961e-04
1.261873985640704632e-04
-6.860233843326568604e-04
-2.387974411249160767e-03
1.737954327836632729e-03
1.745523884892463684e-03
1.990301301702857018e-03
7.078803027980029583e-04
-1.232124865055084229e-03
1.718868134048534557e-06
-3.410469740629196167e-03
-1.853779540397226810e-03
-9.744228445924818516e-04
3.299958771094679832e-03
-2.049728762358427048e-03
2.050061477348208427e-03
-1.235502073541283607e-03
-2.013144781813025475e-03
-2.057427540421485901e-03
-2.675543073564767838e-03
3.835245966911315918e-03
-2.257779007777571678e-03
3.726677270606160164e-03
-3.803832456469535828e-03
-1.151971868239343166e-03
1.488598762080073357e-03
2.538240514695644379e-03
7.914193556644022465e-04
-2.126147504895925522e-03
-8.320165215991437435e-04
1.886419719085097313e-03
2.851205645129084587e-03
3.758937353268265724e-03
-3.838941920548677444e-03
-2.130916254827752709e-04
1.213300856761634350e-03
2.244941657409071922e-03
1.569753396324813366e-03
-1.104105613194406033e-03
1.806126791052520275e-03
2.387015847489237785e-03
-2.532663755118846893e-03
-1.434506964869797230e-03
2.995206974446773529e-03
8.376484620384871960e-04
-1.746778376400470734e-03
-3.068114165216684341e-03
2.271985867992043495e-03
-2.360512502491474152e-03
2.925420645624399185e-03
-1.943381270393729210e-03
-2.336289267987012863e-03
-7.141669630073010921e-04
1.187933841720223427e-03
1.982799032703042030e-03
-5.279408651404082775e-04
-3.524284809827804565e-03
-5.393633036874234676e-04
3.480559913441538811e-03
-2.918178448453545570e-03
1.404629088938236237e-03
-2.759481081739068031e-03
3.267020918428897858e-03
2.970292465761303902e-03
-1.550683984532952309e-03
-3.791096154600381851e-03
1.482578692957758904e-03
3.788010450080037117e-03
1.117068924941122532e-03
