-1.981427893042564392e-03
3.054799744859337807e-03
1.494398806244134903e-03
2.635189099237322807e-03
-2.668659901246428490e-03
-1.836780807934701443e-03
-2.940176054835319519e-03
3.652640385553240776e-03
1.675687381066381931e-03
-6.642094231210649014e-04
-3.149951575323939323e-03
3.577494353521615267e-04
-1.666097668930888176e-03
1.500284066423773766e-03
-1.788510475307703018e-03
2.416189061477780342e-03
3.565290942788124084e-03
2.078057732433080673e-03
-2.550873905420303345e-03
8.510139887221157551e-04
2.363742532907053828e-04
-3.820171114057302475e-03
1.992718083783984184e-03
-2.213517203927040100e-03
-3.047538455575704575e-03
-2.429306274279952049e-03
5.864369450137019157e-04
-3.054302418604493141e-03
6.699972436763346195e-04
-1.712179277092218399e-03
1.522283069789409637e-03
1.072990009561181068e-03
-3.149565076455473900e-03
3.843965008854866028e-03
-5.248472443781793118e-04
8.236833964474499226e-04
3.735590493306517601e-03
-2.916706493124365807e-03
-1.048616948537528515e-03
-6.708244909532368183e-04
-3.718638094142079353e-03
1.620382070541381836e-03
2.609477378427982330e-03
-3.867254126816987991e-03
-2.308402676135301590e-03
-4.536945489235222340e-04
-8.430180023424327374e-04
-9.891979862004518509e-04
3.454630961641669273e-03
2.234545070677995682e-03
2.661245816852897406e-04
3.246949287131428719e-03
2.787781413644552231e-03
3.027245402336120605e-03
-2.522375667467713356e-03
-3.803279483690857887e-03
3.715410595759749413e-03
1.830556313507258892e-03
2.676445292308926582e-03
3.044126322492957115e-03
-8.445837884210050106e-04
3.864167723804712296e-03
-1.424035406671464443e-03
-3.073493717238306999e-03
3.179151099175214767e-03
1.391365076415240765e-03
6.304961279965937138e-04
-7.690964848734438419e-04
-6.680672522634267807e-04
-4.673891526181250811e-04
3.710164222866296768e-03
-2.458980074152350426e-03
-3.567344509065151215e-03
-5.284603685140609741e-04
-3.538857214152812958e-03
1.187607180327177048e-03
1.677411026321351528e-03
-2.181016840040683746e-03
2.498470246791839600e-03
6.895748083479702473e-04
1.788635505363345146e-03
2.331957221031188965e-03
1.681430381722748280e-03
4.818521265406161547e-04
7.185601280070841312e-04
1.405338058248162270e-03
3.694471670314669609e-03
3.022436751052737236e-03
2.264487789943814278e-03
1.045665587298572063e-03
3.078070934861898422e-03
3.719966625794768333e-03
3.602020209655165672e-03
-1.072453567758202553e-03
6.575558800250291824e-04
3.022394841536879539e-03
-1.521992380730807781e-03
-2.557951258495450020e-03
3.864509519189596176e-03
2.866754948627203703e-04
-1.031379069900140166e-04
-3.600661642849445343e-03
2.938201185315847397e-03
-2.671784488484263420e-03
4.506719778873957694e-05
-8.461145334877073765e-04
2.882899425458163023e-04
3.815486270468682051e-04
-3.306430764496326447e-03
5.390504375100135803e-04
2.883567474782466888e-03
-1.861044554971158504e-03
3.686338663101196289e-03
7.185221184045076370e-04
-2.907680347561836243e-03
3.638131311163306236e-03
-3.420706139877438545e-03
-4.611372423823922873e-04
1.398134743794798851e-03
3.861421952024102211e-03
3.528892761096358299e-03
-2.400816185399889946e-03
-1.479396014474332333e-03
-3.101479029282927513e-03
1.963340444490313530e-03
3.897177986800670624e-03
-6.777032976970076561e-04
-9.984712814912199974e-04
-2.973338821902871132e-03
2.371636510360985994e-04
2.629246097058057785e-03
-4.630846669897437096e-04
2.319023013114929199e-03
2.680997422430664301e-04
1.556101255118846893e-03
8.647701470181345940e-04
3.665469121187925339e-03
1.000261632725596428e-03
1.603554468601942062e-03
-3.749096766114234924e-03
-8.329026168212294579e-04
-1.249281805939972401e-03
-3.142003202810883522e-03
7.757442654110491276e-04
1.256725634448230267e-03
-3.458142513409256935e-03
3.578504081815481186e-03
-2.442282624542713165e-03
1.692762714810669422e-03
-3.074148669838905334e-03
-2.521986840292811394e-03
1.333724125288426876e-03
2.910415874794125557e-03
3.821393474936485291e-03
1.079204725101590157e-03
2.070995687972754240e-04
5.060142721049487591e-04
1.355990185402333736e-03
-2.673806156963109970e-03
-2.907319692894816399e-03
2.649859292432665825e-03
2.097402699291706085e-03
1.830581924878060818e-03
9.657171904109418392e-04
-3.205033252015709877e-03
-3.416651627048850060e-03
7.216762751340866089e-04
-1.151088275946676731e-03
-1.121394569054245949e-03
-1.002630102448165417e-03
-2.116057323291897774e-03
3.609280334785580635e-03
-2.855739323422312737e-03
1.752960379235446453e-03
2.294168371008709073e-04
-1.837460440583527088e-03
-3.874146495945751667e-04
-3.228359855711460114e-04
1.398609951138496399e-03
3.107400611042976379e-03
-6.510053062811493874e-04
-9.753805934451520443e-04
-1.247491687536239624e-03
-1.527392538264393806e-03
2.399125369265675545e-03
-4.052626027259975672e-04
-2.024660119786858559e-03
4.204993310850113630e-04
1.909308251924812794e-03
-1.439711661078035831e-03
-3.230490721762180328e-03
1.613782485947012901e-03
3.228153567761182785e-03
-1.591021544300019741e-03
2.923857187852263451e-03
2.852686448022723198e-03
-2.405298873782157898e-03
3.408695571124553680e-03
-2.740633906796574593e-03
-7.663828437216579914e-04
3.909669816493988037e-03
-3.350109560415148735e-03
-2.963446313515305519e-03
3.304042387753725052e-03
1.717270701192319393e-03
2.006280235946178436e-03
-1.482505584135651588e-03
2.492777304723858833e-03
2.461066935211420059e-03
1.565164420753717422e-03
1.652300707064568996e-03
-3.487240988761186600e-03
-2.107177162542939186e-03
-5.758279585279524326e-04
1.580811338499188423e-03
-3.409347264096140862e-03
-2.975696697831153870e-03
3.281587734818458557e-03
-1.978476764634251595e-03
2.326946472749114037e-03
1.266391947865486145e-03
3.725101007148623466e-03
3.002224955707788467e-03
3.150792093947529793e-03
-2.239057561382651329e-03
1.469331444241106510e-03
2.310551470145583153e-03
-1.321064424701035023e-03
3.847618121653795242e-03
-6.622187793254852295e-04
3.014521440491080284e-03
-3.711798693984746933e-03
-2.101343852700665593e-04
2.833642531186342239e-03
-1.908180187456309795e-03
1.372697646729648113e-03
5.205384222790598869e-04
-1.903490978293120861e-03
1.287290593609213829e-03
2.291822340339422226e-03
1.393672195263206959e-03
-1.755618373863399029e-03
-3.000080818310379982e-03
-6.735441857017576694e-04
-2.702906262129545212e-03
1.969143049791455269e-03
2.746861428022384644e-03
-1.172990771010518074e-03
-1.286262646317481995e-03
-6.124681094661355019e-04
1.783597050234675407e-03
-6.744580605300143361e-05
2.698665251955389977e-03
-1.574652269482612610e-03
2.727253595367074013e-03
2.810674719512462616e-03
