-3.529957029968500137e-03
-2.894465811550617218e-03
-3.144415095448493958e-03
-2.018783241510391235e-03
2.683931263163685799e-03
-2.395914401859045029e-03
1.752503565512597561e-03
-1.805133651942014694e-03
8.586049661971628666e-04
-1.883664517663419247e-04
8.792413282208144665e-04
3.717426210641860962e-03
1.691157696768641472e-03
2.775799483060836792e-03
-1.754027471179142594e-04
-4.293601959943771362e-04
2.140044700354337692e-03
-7.985255797393620014e-04
2.131695626303553581e-03
1.323630916886031628e-03
3.349796752445399761e-04
1.043537980876863003e-03
2.054924843832850456e-03
2.029517199844121933e-03
5.836391937918961048e-04
-1.012617605738341808e-03
-5.247207009233534336e-04
-2.535976469516754150e-03
-2.157929353415966034e-03
3.329597413539886475e-03
3.236263990402221680e-03
-3.794090123847126961e-03
3.429238218814134598e-03
-3.794506657868623734e-03
1.058722962625324726e-03
-5.937670357525348663e-04
-3.235020674765110016e-03
1.952871571120340377e-05
3.072468098253011703e-03
-3.380205016583204269e-03
-3.840773715637624264e-04
7.054613670334219933e-04
-2.435317874187603593e-04
-1.842063502408564091e-03
4.722174198832362890e-04
-1.910942723043262959e-03
-2.285539172589778900e-03
6.719115772284567356e-04
-5.304470050759846345e-06
2.156151458621025085e-03
1.322112162597477436e-03
-1.009595813229680061e-03
-2.399241318926215172e-03
2.071835799142718315e-03
-3.032078035175800323e-03
1.749269082210958004e-03
-2.417894313111901283e-03
-3.672660794109106064e-03
3.035488538444042206e-03
-3.346589393913745880e-03
-9.508166112937033176e-04
1.277729286812245846e-03
-2.291580662131309509e-03
-3.787803230807185173e-03
-5.351094878278672695e-04
-3.317800350487232208e-03
-6.369604961946606636e-04
-1.703466987237334251e-03
1.882276148535311222e-03
-1.240485464222729206e-03
3.844005288556218147e-03
2.800630638375878334e-03
-5.853791371919214725e-04
2.242480171844363213e-03
-2.522611524909734726e-03
-1.960448862519115210e-04
1.423999550752341747e-03
-2.511124126613140106e-03
-2.416753210127353668e-03
-3.538877470418810844e-03
3.635803936049342155e-03
1.658727647736668587e-03
3.148423507809638977e-03
-1.293040229938924313e-03
2.738406416028738022e-03
-3.055269829928874969e-03
1.771136187016963959e-03
2.732217311859130859e-03
-2.436686772853136063e-03
3.795812837779521942e-03
-2.619235776364803314e-03
6.164977094158530235e-04
-2.784976968541741371e-03
-3.664991585537791252e-03
-3.626500489190220833e-03
-1.564212958328425884e-03
1.799977733753621578e-03
-1.357051543891429901e-03
3.909649327397346497e-03
1.446840935386717319e-03
3.666042583063244820e-03
2.362837782129645348e-03
-4.319303261581808329e-04
-3.009334439411759377e-03
2.033710246905684471e-03
2.778887748718261719e-03
-1.467797701479867101e-04
-7.952739251777529716e-04
-3.099961671978235245e-03
-3.737285966053605080e-03
-3.770312061533331871e-03
-1.171535230241715908e-03
-7.300407742150127888e-04
-2.917929785326123238e-03
-6.744223064742982388e-04
-4.064434615429490805e-04
-3.135825041681528091e-03
-1.836575567722320557e-03
-8.351614815182983875e-04
1.267936080694198608e-03
2.218181034550070763e-03
1.532133464934304357e-04
-3.832914168015122414e-03
2.637257333844900131e-03
3.735719714313745499e-03
-1.448487979359924793e-03
-9.543175110593438148e-04
-3.821855352725833654e-04
-5.121696740388870239e-04
-2.855786355212330818e-03
-2.553178928792476654e-03
3.354153828695416451e-03
-2.734842128120362759e-04
8.819084032438695431e-04
2.984759630635380745e-03
-2.710852771997451782e-03
3.183306253049522638e-04
1.539984252303838730e-03
-2.024697838351130486e-03
-3.141772001981735229e-03
3.304868238046765327e-03
-3.266505198553204536e-03
-1.959744608029723167e-03
-2.836078638210892677e-03
1.342558418400585651e-03
-3.840784076601266861e-03
-3.442944725975394249e-03
-1.444557448849081993e-03
1.520742807770147920e-04
3.776825731620192528e-03
2.813541097566485405e-03
-2.583204768598079681e-03
3.269864013418555260e-03
3.145973430946469307e-03
2.564774185884743929e-04
-4.166799189988523722e-04
-1.104686409235000610e-03
3.159272484481334686e-03
-8.773716399446129799e-04
-1.658407039940357208e-03
7.293904200196266174e-04
2.959632081910967827e-03
-2.709382213652133942e-03
-3.853505011647939682e-03
-3.766985610127449036e-04
-1.962574897333979607e-03
1.731404219754040241e-03
2.158662071451544762e-03
-3.424949711188673973e-03
-3.275713883340358734e-03
-2.559327753260731697e-03
-1.331577543169260025e-03
7.521099760197103024e-04
-1.429042662493884563e-03
-2.271601930260658264e-03
-1.469712355174124241e-03
-3.576472809072583914e-04
3.140875604003667831e-03
-2.182611497119069099e-04
5.271574482321739197e-04
2.096242969855666161e-03
-3.560152137652039528e-03
-3.805335843935608864e-03
-3.737831022590398788e-03
-1.968684839084744453e-03
-1.501290011219680309e-03
-8.851100574247539043e-04
-1.728471601381897926e-03
-8.184889447875320911e-04
2.219483489170670509e-03
-1.281427219510078430e-03
1.301511889323592186e-03
-3.361889626830816269e-03
-1.609558355994522572e-03
-3.586848033592104912e-03
-3.338667564094066620e-03
-2.514724386855959892e-03
7.530362345278263092e-04
-1.694066100753843784e-03
2.824178664013743401e-03
1.442581648007035255e-03
-2.674297196790575981e-03
3.594313049688935280e-03
-1.776464516296982765e-03
-2.833656501024961472e-03
-6.093658739700913429e-04
1.854483853094279766e-03
2.361712249694392085e-04
1.585726044140756130e-03
3.813672112300992012e-03
-1.567334518767893314e-03
3.553013084456324577e-03
3.453069366514682770e-04
2.159753814339637756e-03
2.849661977961659431e-03
1.204073196277022362e-03
3.476291196420788765e-03
-3.529204288497567177e-03
-4.130760207772254944e-04
2.130095846951007843e-03
3.665696596726775169e-03
2.726771635934710503e-03
7.739165448583662510e-05
-9.470765508012846112e-05
3.217289457097649574e-03
1.472054631449282169e-03
2.032457152381539345e-03
-2.311412012204527855e-03
-7.741226727375760674e-05
-3.553993301466107368e-03
-3.981133049819618464e-04
-3.438636427745223045e-03
-4.474357410799711943e-04
3.516817232593894005e-03
-2.949430374428629875e-03
3.185224486514925957e-03
-2.593630459159612656e-03
2.298794919624924660e-03
1.699506072327494621e-03
-2.714724047109484673e-03
-3.009729785844683647e-03
-2.128332853317260742e-03
-3.448183881118893623e-03
-2.111650770530104637e-03
4.899087944068014622e-04
-3.320822259411215782e-03
-3.834356553852558136e-03
2.925883512943983078e-03
1.490043592639267445e-03
-1.492500305175781250e-03
1.648065983317792416e-03
-7.551299058832228184e-04
3.571553854271769524e-03
1.107076997868716717e-03
1.580610056407749653e-03
-3.676748834550380707e-03
