-2.403789665549993515e-03
-3.832653397694230080e-03
1.570821739733219147e-03
-3.770581213757395744e-03
1.105133909732103348e-03
-2.630035160109400749e-03
-3.122134134173393250e-03
3.825015854090452194e-03
2.349396701902151108e-03
-5.620125011773779988e-05
-3.427848219871520996e-03
1.284853671677410603e-03
-2.769316779449582100e-03
4.255368257872760296e-04
-3.550089895725250244e-03
-2.420617034658789635e-03
2.127129817381501198e-03
-2.643810817971825600e-03
-3.078949404880404472e-03
2.578861545771360397e-03
1.782858511433005333e-03
-5.459291860461235046e-04
8.781058131717145443e-04
-2.421342302113771439e-03
-2.022275468334555626e-03
-3.522555343806743622e-03
2.013425342738628387e-03
-8.083060674834996462e-05
-7.451509591192007065e-04
-3.753792028874158859e-03
-3.062540665268898010e-03
1.209870330058038235e-03
6.359490798786282539e-04
2.419462893158197403e-03
2.033890457823872566e-03
6.262830574996769428e-04
1.298415358178317547e-03
-4.737373092211782932e-04
1.308433595113456249e-03
-4.841032496187835932e-04
3.305086400359869003e-03
2.700836164876818657e-03
-1.039418973959982395e-03
-6.805480225011706352e-04
2.958852797746658325e-03
-2.627386013045907021e-03
-1.701705477898940444e-04
-6.017826963216066360e-04
2.817963017150759697e-03
-1.438554376363754272e-03
3.735166974365711212e-03
2.065524924546480179e-03
-1.828246633522212505e-03
-4.084971442352980375e-04
-2.742678858339786530e-03
1.247063861228525639e-03
-1.763249747455120087e-04
3.712148638442158699e-03
-3.790709306485950947e-04
-2.403006423264741898e-03
1.740854495437815785e-04
1.193963573314249516e-03
-1.091926591470837593e-03
-1.380780711770057678e-03
1.898286398500204086e-03
-6.941094761714339256e-04
3.697419539093971252e-03
3.315754234790802002e-03
3.288086270913481712e-03
-8.837071072775870562e-05
3.647980629466474056e-04
-1.557176234200596809e-03
-3.053962020203471184e-03
1.072385581210255623e-03
-1.606834586709737778e-03
-3.203233703970909119e-03
-1.616609981283545494e-03
2.817932981997728348e-04
-2.030376344919204712e-03
-2.240817993879318237e-03
1.031611114740371704e-03
-4.650857299566268921e-04
1.286249724216759205e-03
3.256296971812844276e-03
1.597907859832048416e-03
4.715005052275955677e-04
-1.376321190036833286e-03
-7.111001177690923214e-04
-2.226183656603097916e-03
2.011218573898077011e-03
2.905201865360140800e-03
2.457052702084183693e-03
1.111616962589323521e-03
4.171609762124717236e-04
-2.637303667142987251e-03
3.364937379956245422e-03
-9.313777554780244827e-04
1.121627748943865299e-03
-2.659968158695846796e-04
3.549082903191447258e-03
1.821192447096109390e-03
-7.256249955389648676e-05
-1.141609973274171352e-03
2.079275000141933560e-04
3.404899267479777336e-03
-3.422863315790891647e-03
2.480638795532286167e-04
-3.212234703823924065e-03
4.015363520011305809e-04
-1.773325609974563122e-03
-2.735891379415988922e-03
2.714257920160889626e-03
3.367447061464190483e-03
-4.875365411862730980e-04
2.226687938673421741e-04
2.813441678881645203e-03
-3.073661355301737785e-03
2.421512035652995110e-03
2.904849825426936150e-04
1.179165090434253216e-03
-1.787131186574697495e-03
-1.314350403845310211e-03
3.268029540777206421e-03
3.451977390795946121e-03
1.336158951744437218e-03
-1.539323129691183567e-04
3.887099446728825569e-04
2.118328120559453964e-03
-2.816266380250453949e-03
-2.614282537251710892e-03
-9.338285890407860279e-04
-3.192065050825476646e-03
-7.447725511156022549e-04
-4.852136407862417400e-05
8.674643468111753464e-04
-2.606001682579517365e-03
-2.715646754950284958e-03
2.957208082079887390e-03
-1.980083761736750603e-03
1.342622679658234119e-03
1.368265831843018532e-03
4.415090734255500138e-05
-3.479598090052604675e-03
5.268203094601631165e-04
1.181281753815710545e-03
2.399953315034508705e-03
-1.785943313734605908e-04
-2.991837216541171074e-03
-1.875980815384536982e-04
-3.205250483006238937e-03
-1.938334607984870672e-04
-3.073473926633596420e-03
3.671955317258834839e-03
3.875594586133956909e-03
5.331258871592581272e-04
-2.325849607586860657e-03
3.287088358774781227e-03
3.307118080556392670e-03
-3.197318175807595253e-03
-3.250877372920513153e-03
-2.179779112339019775e-03
-2.754207933321595192e-03
3.180391620844602585e-03
5.880577373318374157e-04
-3.042110765818506479e-04
-3.355777007527649403e-04
2.123002661392092705e-03
7.254402153193950653e-04
-1.467167865484952927e-03
-2.724073128774762154e-03
-2.230732701718807220e-03
1.181772677227854729e-03
1.226769876666367054e-03
-2.431986154988408089e-03
3.148310584947466850e-03
-3.602141514420509338e-03
1.164562883786857128e-03
-1.734727877192199230e-03
-2.159727271646261215e-03
-3.198416670784354210e-03
2.595550613477826118e-04
-6.820910493843257427e-04
-2.704265993088483810e-03
-3.962625924032181501e-04
-2.290974138304591179e-03
2.651802264153957367e-03
2.453595167025923729e-03
-3.671968588605523109e-03
-3.436844330281019211e-03
-2.133280271664261818e-03
-3.037374466657638550e-03
1.124382484704256058e-03
-1.474559656344354153e-03
3.907896578311920166e-03
-2.306740032508969307e-03
3.807239118032157421e-04
1.152997487224638462e-03
1.372136990539729595e-03
2.059740218101069331e-04
-6.134341238066554070e-04
-3.854122478514909744e-03
9.192276629619300365e-04
2.701882272958755493e-03
-2.348765265196561813e-03
2.655603690072894096e-03
-2.855563303455710411e-03
1.230351510457694530e-03
-2.460559597238898277e-03
1.804253435693681240e-03
3.247967455536127090e-03
2.403015270829200745e-03
3.906403668224811554e-03
2.608383540064096451e-03
-6.215724279172718525e-04
-2.226700307801365852e-03
-3.436501603573560715e-03
-3.176111727952957153e-03
-2.416307106614112854e-03
-3.744024550542235374e-03
2.711463253945112228e-03
-2.354626078158617020e-03
-2.765549812465906143e-03
2.866135211661458015e-03
-3.362920833751559258e-03
-3.420287976041436195e-03
1.082051821867935359e-04
-1.737771788612008095e-03
2.073093317449092865e-03
-3.220126498490571976e-03
1.160324551165103912e-03
2.818842884153127670e-03
1.118239830248057842e-03
-1.383392023853957653e-03
1.834189519286155701e-03
1.014274661429226398e-03
-2.435713773593306541e-03
2.480096591170877218e-04
3.280181554146111012e-04
-9.333878406323492527e-04
-7.862288621254265308e-04
-8.901564287953078747e-04
-4.602397893904708326e-05
-2.419252705294638872e-04
3.126177703961730003e-03
-2.207700861617922783e-03
-2.239670604467391968e-03
-1.521000405773520470e-03
1.746080699376761913e-03
-3.181460779160261154e-03
2.388088963925838470e-03
3.715393133461475372e-03
3.777911188080906868e-03
3.801825456321239471e-03
3.150377015117555857e-04
-3.736330545507371426e-04
-7.454750593751668930e-04
