1.011304324492812157e-03
3.297120332717895508e-03
-2.028113463893532753e-03
-5.621257587336003780e-04
1.521988771855831146e-03
-1.189260510727763176e-03
-9.659212664701044559e-04
-3.030495252460241318e-03
-1.315767178311944008e-03
2.354073571041226387e-03
2.284922637045383453e-03
-1.282235491089522839e-03
2.988854888826608658e-03
1.247012056410312653e-03
-1.967263873666524887e-03
-2.359288046136498451e-03
-3.530606161803007126e-03
3.757920349016785622e-03
-2.124002203345298767e-03
-1.474824617616832256e-03
5.028275772929191589e-04
2.959976438432931900e-03
-9.911198867484927177e-04
2.749183040577918291e-04
-1.306426383962389082e-05
3.526317188516259193e-03
2.492283238098025322e-03
-2.115207025781273842e-03
-3.364751813933253288e-03
-2.992582274600863457e-03
7.152293110266327858e-04
3.902370342984795570e-03
3.108491888269782066e-03
-1.854608068242669106e-03
-6.359326653182506561e-04
1.288993953494355083e-04
3.837691387161612511e-03
3.599657909944653511e-03
2.527033910155296326e-03
-2.670709800440818071e-04
3.483098000288009644e-03
-1.999582396820187569e-03
2.220229478552937508e-03
-9.358503739349544048e-04
-1.549122389405965805e-03
-1.296397414989769459e-03
-1.766739413142204285e-03
-4.102284729015082121e-04
1.239950070157647133e-04
-1.235189381986856461e-03
-2.206016099080443382e-03
1.476268982514739037e-03
3.918125294148921967e-04
2.403566613793373108e-03
2.612249227240681648e-03
-1.273349509574472904e-03
7.634101784788072109e-04
-2.266460098326206207e-03
-2.816392108798027039e-03
-3.970849211327731609e-04
-1.375492545776069164e-03
-6.046768394298851490e-04
2.996767871081829071e-03
1.101400703191757202e-03
-9.237794438377022743e-04
-2.440526441205292940e-04
4.739123105537146330e-04
3.375109983608126640e-03
3.467737464234232903e-03
-1.321921707130968571e-03
-3.639826318249106407e-03
6.350894109345972538e-04
-1.137113315053284168e-03
-3.859312273561954498e-03
6.403825827874243259e-04
-2.332045231014490128e-03
-3.567374078556895256e-03
1.919098896905779839e-03
-2.260078908875584602e-03
-2.818315115291625261e-04
-6.072149262763559818e-04
-3.704887581989169121e-03
-3.045123070478439331e-03
3.153498983010649681e-03
5.377759807743132114e-04
-2.952429698780179024e-03
5.706572555936872959e-04
-3.057233290746808052e-03
1.989284995943307877e-03
8.294114377349615097e-04
-4.008197283837944269e-04
2.501625800505280495e-03
2.894386125262826681e-04
-2.885452238842844963e-03
-2.375015901634469628e-04
7.305751787498593330e-04
-1.621309318579733372e-03
-3.671514336019754410e-03
-1.195492339320480824e-03
-2.401590580120682716e-03
-8.378935744985938072e-04
-1.532814814709126949e-03
-2.668846165761351585e-03
-2.116246847435832024e-03
3.693251870572566986e-03
1.879009767435491085e-03
-1.987544819712638855e-03
-2.071590570267289877e-04
-2.703526988625526428e-03
3.855169750750064850e-03
-8.375203469768166542e-04
3.546030493453145027e-03
3.627063473686575890e-03
-2.564636059105396271e-03
-3.587937681004405022e-03
-1.877216505818068981e-03
2.623772306833416224e-04
-2.409448381513357162e-03
1.661783549934625626e-03
-1.629931037314236164e-03
9.298069053329527378e-04
1.278065145015716553e-03
5.010692984797060490e-04
-5.305160302668809891e-04
-2.619728678837418556e-03
-2.221550559625029564e-03
-2.913283882662653923e-03
3.245624247938394547e-04
-5.158773274160921574e-04
2.885691123083233833e-03
-3.069765079999342561e-05
-3.279931144788861275e-03
-3.107290540356189013e-04
3.195055061951279640e-03
3.854942042380571365e-03
-2.976553281769156456e-03
-4.744273610413074493e-05
-2.298122853972017765e-04
-1.551501220092177391e-03
-1.854552887380123138e-03
2.861035172827541828e-04
2.952052513137459755e-03
-7.324136677198112011e-04
5.239471211098134518e-04
-1.496099284850060940e-03
2.685090526938438416e-03
-3.095821011811494827e-03
2.304999157786369324e-03
2.528666751459240913e-03
9.156935848295688629e-04
1.455871737562119961e-03
-1.130173113779164851e-04
-2.814611652866005898e-03
1.063943142071366310e-03
1.386642572470009327e-03
-3.765153931453824043e-03
-1.774680800735950470e-03
3.300787648186087608e-03
3.083781804889440536e-03
9.473882964812219143e-04
-1.054665539413690567e-03
-2.461735159158706665e-03
8.801019284874200821e-04
-4.904282395727932453e-04
-1.643209368921816349e-03
-8.763765217736363411e-04
1.503960113041102886e-03
-3.837686497718095779e-03
1.631522434763610363e-03
2.271103905513882637e-03
2.624699380248785019e-03
2.119917655363678932e-03
-4.800145106855779886e-04
1.620231894776225090e-03
-3.229484427720308304e-04
1.764377695508301258e-03
7.345488993450999260e-04
3.562237136065959930e-03
2.077005337923765182e-03
-3.063203301280736923e-03
-3.537537297233939171e-03
-3.011375432834029198e-03
1.741020358167588711e-03
-3.201268380507826805e-03
1.511218142695724964e-03
-3.699088701978325844e-03
4.407102824188768864e-04
-5.878041847608983517e-04
2.231659600511193275e-03
-1.252475543878972530e-03
-9.151999256573617458e-04
3.529512323439121246e-03
1.654586056247353554e-03
-2.054690849035978317e-03
-4.313731624279171228e-04
-2.189347054809331894e-03
-2.202240750193595886e-03
3.310267580673098564e-03
1.319023664109408855e-03
-2.606429625302553177e-03
8.001650567166507244e-04
-1.441946253180503845e-03
-3.354120999574661255e-03
9.896571282297372818e-04
-3.212073585018515587e-03
-8.083704742603003979e-04
-3.227299079298973083e-03
-3.495257580652832985e-03
2.112710615620017052e-03
1.033783657476305962e-03
-3.340099738124990836e-06
-2.698445925489068031e-03
2.450694562867283821e-03
9.152626153081655502e-04
-2.020915038883686066e-03
8.398104691877961159e-04
-1.614683424122631550e-03
-2.873509889468550682e-03
3.833578433841466904e-03
4.339875304140150547e-04
-3.581958881113678217e-04
3.235779702663421631e-03
2.652287017554044724e-03
3.324554534628987312e-03
2.494934713467955589e-03
-2.788502722978591919e-03
-1.705086207948625088e-03
-7.649948820471763611e-04
7.916757022030651569e-04
3.319434123113751411e-03
-1.002958160825073719e-03
-4.105494008399546146e-04
-3.014951362274587154e-04
-1.954964362084865570e-03
-8.771147113293409348e-04
-3.750603878870606422e-03
2.866985742002725601e-03
-1.351210172288119793e-03
-1.440044841729104519e-03
1.324954908341169357e-03
-3.369231475517153740e-03
7.949577411636710167e-04
5.681215552613139153e-04
-1.691490528173744678e-03
-6.760816322639584541e-04
-2.774979686364531517e-03
-3.796785371378064156e-03
2.708158222958445549e-03
3.858188167214393616e-03
-1.248828339157626033e-04
1.151157543063163757e-03
-8.792456355877220631e-04
-4.337544669397175312e-04
-1.923677627928555012e-03
-3.840226912871003151e-03
-3.868124214932322502e-03
