3.560826589819043875e-04
3.083870047703385353e-03
-7.933572051115334034e-04
2.145591890439391136e-03
1.269214903004467487e-03
3.296383889392018318e-03
-2.685869811102747917e-03
-1.605388126336038113e-03
-3.005159087479114532e-03
3.416253719478845596e-03
-4.970090813003480434e-04
1.218772260472178459e-03
8.511213236488401890e-04
-3.114632330834865570e-03
3.867953084409236908e-03
2.168885665014386177e-03
-3.696540137752890587e-03
-2.311185235157608986e-03
-5.650089005939662457e-04
1.996844075620174408e-03
-2.397639909759163857e-03
-1.585256075486540794e-03
-3.164750756695866585e-03
5.690692923963069916e-04
-7.123993709683418274e-04
5.713670398108661175e-04
-2.649828558787703514e-03
3.796449396759271622e-03
3.037517191842198372e-03
-2.963304053992033005e-03
-3.835710929706692696e-03
-2.095923759043216705e-03
-7.446364033967256546e-04
6.329753668978810310e-04
1.284472295083105564e-03
-1.980924978852272034e-03
-2.350263297557830811e-03
3.675469662994146347e-03
2.949563087895512581e-03
3.303017234429717064e-03
1.175091252662241459e-03
2.839151769876480103e-03
-3.842063015326857567e-03
3.886251477524638176e-03
-2.519326983019709587e-03
-1.329490798525512218e-03
3.006518119946122169e-03
-2.052439609542489052e-03
-6.263370742090046406e-04
3.722244175150990486e-03
-7.323172758333384991e-04
-3.581115743145346642e-03
-1.782185398042201996e-03
-2.733228320721536875e-04
-2.637238649185746908e-04
3.352952422574162483e-03
-3.568239044398069382e-04
-1.980770146474242210e-03
4.514631873462349176e-04
-1.032517640851438046e-03
1.148000592365860939e-03
9.403217700310051441e-04
9.574117138981819153e-04
2.958815894089639187e-04
-3.437301609665155411e-03
-6.431873189285397530e-04
-2.690785564482212067e-03
-2.105469029629603028e-04
-6.275651394389569759e-04
-2.330432878807187080e-03
2.808358287438750267e-03
-1.134796184487640858e-03
2.801779482979327440e-04
-3.061868250370025635e-03
2.547633135691285133e-03
2.950966358184814453e-03
2.307842252776026726e-03
-3.513979958370327950e-03
-2.648869995027780533e-03
2.760518109425902367e-03
-1.830966095440089703e-03
2.295545767992734909e-03
-3.447799244895577431e-03
3.195607569068670273e-04
3.509257221594452858e-03
1.274814829230308533e-03
3.011442488059401512e-03
-1.059300731867551804e-03
-1.493600895628333092e-03
-3.223965875804424286e-03
3.537656040862202644e-03
1.190563081763684750e-03
4.562081885524094105e-04
-1.379642286337912083e-03
1.537055475637316704e-03
-2.823289949446916580e-03
3.107557306066155434e-03
-3.575024195015430450e-03
2.776564098894596100e-03
-1.762559753842651844e-03
2.720732009038329124e-03
1.227071159519255161e-03
-2.776043489575386047e-03
2.036035526543855667e-03
2.746369456872344017e-03
-2.470142906531691551e-03
-3.300694748759269714e-03
-3.149978350847959518e-03
-1.893149688839912415e-03
-1.670702942647039890e-03
3.333309898152947426e-03
-3.078741428907960653e-04
1.029289211146533489e-03
-3.620316274464130402e-04
3.661038121208548546e-03
-1.524053863249719143e-03
4.119139630347490311e-04
9.089248487725853920e-04
3.751414595171809196e-03
3.586861304938793182e-03
2.354607451707124710e-03
-2.910113194957375526e-03
1.075143343769013882e-03
-1.291277119889855385e-03
-3.178401384502649307e-03
3.866872517392039299e-03
2.888522343710064888e-03
-3.593562403693795204e-03
7.169331074692308903e-04
2.667004009708762169e-03
-9.481781307840719819e-05
-1.048723701387643814e-03
-3.357662353664636612e-03
-2.051123417913913727e-03
8.732100250199437141e-04
3.641593502834439278e-03
-3.768063150346279144e-03
-1.720889704301953316e-03
-2.335922792553901672e-03
3.432975849136710167e-03
2.991907764226198196e-03
-4.573043552227318287e-04
6.720968522131443024e-04
-3.855049842968583107e-03
-5.682071205228567123e-04
-1.829151529818773270e-03
-3.156338585540652275e-03
3.367552533745765686e-03
2.248671371489763260e-03
2.780907321721315384e-03
-3.091727849096059799e-03
3.228205488994717598e-03
2.770958468317985535e-03
3.266249783337116241e-03
-1.167943584732711315e-03
-1.894458546303212643e-03
-2.965773455798625946e-03
2.789901009236928076e-05
-3.755690529942512512e-03
3.779836464673280716e-03
9.621703648008406162e-04
-1.778459591150749475e-05
2.462038304656744003e-03
9.268755675293505192e-04
6.158755859360098839e-04
-2.480912953615188599e-03
1.188501249998807907e-03
2.075513824820518494e-03
3.448554780334234238e-03
-3.824019571766257286e-03
1.676196465268731117e-03
-2.367333509027957916e-03
-2.015178615693002939e-04
-4.485099343582987785e-04
3.022148739546537399e-03
3.109928919002413750e-03
-1.223105587996542454e-03
2.894413890317082405e-03
1.941824215464293957e-03
-3.265396226197481155e-04
3.006298502441495657e-04
-2.922256244346499443e-03
-2.396274823695421219e-03
3.126682015135884285e-03
-5.493503413163125515e-04
-2.345826942473649979e-03
1.745230634696781635e-03
-2.373234834522008896e-03
-3.308115992695093155e-03
-2.879515988752245903e-03
3.781675128266215324e-03
-6.922055617906153202e-04
-2.748545492067933083e-03
1.308435748796910048e-04
-2.697596792131662369e-03
-2.199411159381270409e-03
2.788173034787178040e-03
-4.756018461193889380e-04
-6.416344549506902695e-04
3.333484637551009655e-04
-1.585710211656987667e-03
-2.316264901310205460e-03
1.948588411323726177e-03
3.834463888779282570e-03
1.574054011143743992e-03
-2.276215003803372383e-03
-1.979922089958563447e-04
-3.368803998455405235e-03
-1.389968907460570335e-03
2.509598387405276299e-03
3.254497423768043518e-04
-1.361429691314697266e-03
3.526797285303473473e-03
-2.746615558862686157e-03
-7.309885113500058651e-04
-5.660743045154958963e-05
-4.281139408703893423e-04
-1.615273766219615936e-03
-9.370564366690814495e-04
1.473470707423985004e-03
1.592360204085707664e-03
3.699555993080139160e-03
3.378743771463632584e-03
-7.510561845265328884e-04
3.679750254377722740e-03
1.941592199727892876e-03
1.826271764002740383e-03
3.532200120389461517e-03
3.169042756780982018e-03
-5.424319897429086268e-05
3.393087303265929222e-03
-8.274074061773717403e-04
3.682637121528387070e-03
-3.564493497833609581e-03
1.887124817585572600e-04
2.225690055638551712e-03
-3.362846793606877327e-03
1.132255769334733486e-03
-3.791328286752104759e-03
-8.569877245463430882e-04
-3.286778694018721581e-03
-1.541105797514319420e-03
1.102347043342888355e-03
-2.976483665406703949e-03
-1.244138577021658421e-03
-2.799205016344785690e-03
-3.362679621204733849e-03
1.720504835247993469e-03
-3.073556115850806236e-03
-2.110077301040291786e-03
1.324428594671189785e-04
4.449521366041153669e-04
-7.882909849286079407e-04
-1.802894839784130454e-04
-1.275282818824052811e-03
-3.573990194126963615e-03
