-3.145308000966906548e-03
-3.536011790856719017e-04
-2.401253907009959221e-03
8.988999761641025543e-04
1.178269856609404087e-03
4.740784643217921257e-04
3.706658259034156799e-03
6.664696411462500691e-05
1.477901387261226773e-04
2.598078222945332527e-03
1.358725130558013916e-03
6.752035114914178848e-04
1.284766476601362228e-03
-3.608739003539085388e-03
3.145789029076695442e-03
3.268704749643802643e-03
2.324761444469913840e-04
-3.615006571635603905e-03
-2.305313246324658394e-03
-1.189867500215768814e-03
3.693931270390748978e-03
-3.663656301796436310e-03
-1.176246325485408306e-03
-2.445009769871830940e-03
1.263542566448450089e-03
3.052510553970932961e-03
1.633329084143042564e-03
-3.219953796360641718e-04
3.371821716427803040e-03
-2.096090000122785568e-03
2.229262754553928971e-04
1.015037996694445610e-03
-1.792496303096413612e-03
3.499817103147506714e-03
-2.205099677667021751e-03
-2.253644866868853569e-03
2.359837526455521584e-03
-1.830239431001245975e-03
5.450395401567220688e-04
-7.079878123477101326e-04
-1.296008122153580189e-03
1.980161760002374649e-03
-1.882731681689620018e-03
-3.772037962335161865e-05
2.228220226243138313e-03
-3.076555440202355385e-03
-3.808961948379874229e-03
-1.502573140896856785e-03
-2.231280319392681122e-03
7.160036475397646427e-04
-7.229315233416855335e-04
2.538622124120593071e-03
8.288420940516516566e-05
2.653564792126417160e-03
-9.403357980772852898e-04
2.669646171852946281e-03
-1.506575732491910458e-03
1.817390322685241699e-03
-3.377981949597597122e-03
2.102853031828999519e-03
-2.612516516819596291e-03
2.641294384375214577e-03
-3.685239935293793678e-03
-2.119096461683511734e-03
-6.772330380044877529e-04
-2.426595194265246391e-03
-1.094255712814629078e-03
-1.189811504445970058e-03
1.722504384815692902e-03
2.284524263814091682e-03
-3.523008665069937706e-03
-1.513539027655497193e-04
2.023232402279973030e-03
2.953106304630637169e-03
-2.595124300569295883e-03
2.891053678467869759e-03
-1.559310825541615486e-03
-2.931545954197645187e-03
3.593642730265855789e-03
2.335501601919531822e-03
-4.038004844915121794e-04
-2.611067611724138260e-03
1.012819469906389713e-03
-2.093539806082844734e-03
-3.644190728664398193e-03
1.928205834701657295e-03
1.948627759702503681e-03
2.422146266326308250e-03
1.145303947851061821e-03
3.711133962497115135e-03
2.573088568169623613e-04
3.652446903288364410e-03
1.672881655395030975e-03
2.618188271299004555e-03
3.410791512578725815e-03
-7.338324212469160557e-04
3.059403738006949425e-03
-3.770868526771664619e-03
3.829478984698653221e-03
-3.494211938232183456e-03
1.139439293183386326e-03
-2.713153837248682976e-03
-9.522855980321764946e-04
-2.071312163025140762e-03
-5.841918755322694778e-04
2.118728123605251312e-03
1.652696402743458748e-03
-1.598314149305224419e-03
2.316369442269206047e-03
2.706130733713507652e-03
-9.357655653730034828e-04
3.936162684112787247e-04
-3.452748758718371391e-03
-9.507443173788487911e-04
-1.224914885824546218e-04
3.429860342293977737e-03
3.013086970895528793e-03
9.350632899440824986e-04
2.932186471298336983e-03
1.918875961564481258e-03
3.636496607214212418e-03
-2.250516787171363831e-03
-2.577390987426042557e-03
3.039230825379490852e-03
-1.077411230653524399e-03
-9.958491427823901176e-04
-2.122174948453903198e-03
-5.727709503844380379e-04
1.793771167285740376e-03
2.629932714626193047e-03
2.446437254548072815e-03
3.209280548617243767e-03
-3.074737498536705971e-03
-2.752693835645914078e-03
-3.496516961604356766e-03
-3.523856168612837791e-03
-3.786643035709857941e-03
-3.556221490725874901e-03
2.111544366925954819e-03
-2.613245451357215643e-04
2.097450429573655128e-03
-3.012241795659065247e-03
-2.723193261772394180e-03
-4.297798441257327795e-04
-3.268792293965816498e-03
-1.134525518864393234e-03
-3.330222563818097115e-03
-3.048555459827184677e-03
6.578480242751538754e-04
2.672694681677967310e-04
-2.993110334500670433e-03
-3.783249994739890099e-03
4.208905447740107775e-04
7.788012153469026089e-04
-2.084890147671103477e-03
-1.210527145303785801e-03
-3.183927619829773903e-03
-2.905851695686578751e-03
7.185692666098475456e-04
-2.409729873761534691e-03
-1.839477103203535080e-03
-2.324350411072373390e-03
-6.661100778728723526e-04
-5.977098044240847230e-05
-4.628716851584613323e-04
2.496270230039954185e-03
2.538899891078472137e-03
-2.800020156428217888e-03
-3.049092134460806847e-03
-2.266066381707787514e-03
-2.490423154085874557e-03
2.450889442116022110e-03
3.771597985178232193e-04
-1.427661627531051636e-03
3.750807838514447212e-03
-2.697944641113281250e-03
5.675783031620085239e-04
-7.511773146688938141e-04
1.803048071451485157e-03
-6.313261110335588455e-04
2.648851601406931877e-03
-2.873128978535532951e-03
3.652095794677734375e-03
3.174823243170976639e-03
-2.568388124927878380e-03
3.222094383090734482e-03
1.589248888194561005e-03
2.974349074065685272e-03
-2.262383699417114258e-03
-2.857945626601576805e-03
1.689319615252315998e-04
3.058694070205092430e-03
2.997902454808354378e-03
-1.037110923789441586e-03
3.853584639728069305e-03
-1.210634945891797543e-03
2.372430171817541122e-03
-2.819838002324104309e-03
-2.239092100353445858e-05
-6.262085516937077045e-04
-1.269657048396766186e-03
2.911823568865656853e-03
-1.419042935594916344e-03
-7.190171163529157639e-04
-1.486857072450220585e-03
-3.859449177980422974e-03
-1.174041753984056413e-04
-7.948288694024085999e-04
-1.131250173784792423e-03
-2.649929141625761986e-03
-6.692080642096698284e-04
-1.113080303184688091e-03
-1.909636543132364750e-03
-1.837411313317716122e-03
-2.696791663765907288e-03
-1.415212289430201054e-03
2.110715489834547043e-03
-1.870699925348162651e-03
-1.908563892357051373e-03
-1.181275467388331890e-03
2.675429277587682009e-04
-2.646635053679347038e-03
1.063233590684831142e-03
-3.293251618742942810e-03
-1.018517068587243557e-03
-3.018648596480488777e-03
-2.330453135073184967e-03
2.441161312162876129e-03
-3.808380803093314171e-03
-1.938145840540528297e-03
2.023602370172739029e-03
2.626071916893124580e-03
-2.327325753867626190e-03
-1.285576145164668560e-03
1.231262722285464406e-04
1.870181062258780003e-03
-1.118546933867037296e-03
-3.283804981037974358e-04
1.902122632600367069e-03
3.372592385858297348e-03
-5.409794393926858902e-04
-1.623165881028398871e-04
-2.073257201118394732e-04
-8.890324970707297325e-04
8.996788528747856617e-04
3.809876274317502975e-03
8.144630119204521179e-04
-3.626391291618347168e-03
3.848371095955371857e-03
1.250003260793164372e-04
-1.843868871219456196e-03
2.554444363340735435e-03
3.847389016300439835e-03
1.979169435799121857e-03
-2.381615107879042625e-03
-2.021043794229626656e-03
