-1.866945181973278522e-03
8.189359505195170641e-05
1.028336817398667336e-03
1.998821040615439415e-03
1.924754818901419640e-03
-2.327687572687864304e-03
-2.728867111727595329e-03
2.334448741748929024e-03
-2.170011634007096291e-03
-3.394615487195551395e-04
-1.842974335886538029e-03
-2.182423137128353119e-03
-3.084175521507859230e-03
2.064846921712160110e-03
2.534458646550774574e-03
3.507375717163085938e-03
-3.755438374355435371e-03
-3.586329286918044090e-03
4.003199865110218525e-04
-9.980839677155017853e-04
-1.445627072826027870e-03
1.779621001332998276e-03
-2.223005983978509903e-03
9.090082021430134773e-04
-8.755299495533108711e-04
2.417308511212468147e-03
3.685915842652320862e-03
3.158279228955507278e-03
-1.564556150697171688e-03
3.502439241856336594e-03
-2.625465276651084423e-04
-6.912197568453848362e-05
2.175421454012393951e-03
6.782177370041608810e-04
3.562469268217682838e-03
-1.249173539690673351e-03
1.282564015127718449e-03
3.611295018345117569e-03
-4.933645250275731087e-04
-7.438534521497786045e-04
1.778778823791071773e-04
2.103765727952122688e-03
2.672099275514483452e-03
-2.965307212434709072e-04
-1.227216213010251522e-03
-6.008267519064247608e-04
-2.376589458435773849e-03
1.735401106998324394e-03
3.191957948729395866e-03
-1.400822802679613233e-04
-1.241855206899344921e-03
-2.709507709369063377e-03
-3.677504369989037514e-03
-4.881831118836998940e-04
1.675339532084763050e-03
3.115432104095816612e-03
-2.369513968005776405e-03
1.408668933436274529e-03
-2.218847395852208138e-03
-3.691676771268248558e-03
2.096291864290833473e-03
-2.666869200766086578e-03
-1.754195778630673885e-03
1.903741504065692425e-03
-3.223426174372434616e-04
-2.724275691434741020e-03
-1.775564509443938732e-03
3.167363815009593964e-03
1.735952100716531277e-04
6.863237940706312656e-04
1.123250811360776424e-03
3.915734589099884033e-03
-2.417979296296834946e-03
-3.252101829275488853e-03
-4.183237615507096052e-04
2.140844007954001427e-03
2.937169512733817101e-03
-6.291866302490234375e-04
2.001703018322587013e-03
3.032406792044639587e-03
2.564361784607172012e-03
-1.929805963300168514e-03
-2.052476163953542709e-03
2.207766519859433174e-03
1.115432358346879482e-03
-3.128273878246545792e-03
-6.842663424322381616e-05
-3.049565246328711510e-03
-1.451687188819050789e-03
3.595173824578523636e-03
-6.793940556235611439e-04
-1.189867733046412468e-03
3.415916115045547485e-03
-1.113036531023681164e-03
-1.937339780852198601e-03
-2.464806893840432167e-03
2.303719287738204002e-03
1.043263124302029610e-03
-2.426618244498968124e-03
3.051385516300797462e-03
-3.896300913766026497e-04
1.202756422571837902e-03
3.806430147960782051e-03
-1.842070836573839188e-03
-3.290098626166582108e-03
1.303736498812213540e-04
1.400174456648528576e-03
-5.827363929711282253e-04
-1.518178265541791916e-03
2.118450356647372246e-03
1.826869556680321693e-04
3.750824369490146637e-03
-2.035825280472636223e-03
3.605930833145976067e-03
1.222454477101564407e-03
-4.713289090432226658e-04
6.357192760333418846e-04
-4.929194110445678234e-04
-2.024990506470203400e-03
1.757904305122792721e-03
2.740636235103011131e-03
1.126969931647181511e-03
3.018394112586975098e-03
-5.349002312868833542e-04
2.972248243167996407e-03
3.328210150357335806e-04
-1.453250646591186523e-03
-2.641550498083233833e-03
1.650121761485934258e-03
2.886117203161120415e-03
-1.466079498641192913e-03
2.263274043798446655e-03
-1.933127408847212791e-03
-5.730174598284065723e-04
-2.761078998446464539e-03
3.174405777826905251e-03
2.347212983295321465e-03
-1.530843321233987808e-03
5.641265888698399067e-04
3.747770795598626137e-03
-3.033931832760572433e-03
1.719311811029911041e-03
-3.192640841007232666e-03
-3.553721122443675995e-03
-5.143424496054649353e-04
2.009901683777570724e-03
2.643995918333530426e-03
1.989132026210427284e-03
6.367571186274290085e-04
2.548329299315810204e-03
2.528560580685734749e-03
3.460260806605219841e-03
-9.102131589315831661e-04
-2.986236941069364548e-03
4.108924767933785915e-04
-3.781721461564302444e-03
-3.796573728322982788e-03
-3.320439718663692474e-03
-3.651886479929089546e-03
-1.403844566084444523e-03
2.971289446577429771e-03
-3.379511181265115738e-03
-2.360957441851496696e-03
-3.505388507619500160e-03
-2.568890340626239777e-03
2.693895250558853149e-03
2.652266994118690491e-03
-1.897265319712460041e-03
-2.001229673624038696e-03
2.751906868070363998e-03
1.419084263034164906e-03
-2.244368894025683403e-03
2.315200865268707275e-03
-2.168063540011644363e-03
2.610624302178621292e-03
2.481111558154225349e-03
-6.044817855581641197e-04
1.907450496219098568e-03
-4.067595873493701220e-04
2.581778215244412422e-03
1.846727216616272926e-03
-7.916760514490306377e-04
2.577476436272263527e-03
-3.309358842670917511e-03
-3.430880897212773561e-04
2.747474005445837975e-03
4.536874475888907909e-04
-1.894441316835582256e-03
2.020961372181773186e-03
-1.465422246837988496e-04
3.900559386238455772e-03
4.240539565216749907e-04
-3.663248848170042038e-03
-1.638323534280061722e-03
-2.471027662977576256e-03
-3.872330766171216965e-03
7.139613153412938118e-04
-3.431324614211916924e-03
1.783444313332438469e-03
2.130191307514905930e-03
-2.198038855567574501e-03
-1.609391649253666401e-03
-2.992731286212801933e-03
-1.268664724193513393e-03
3.044852346647530794e-04
-3.247789572924375534e-03
7.474027224816381931e-04
-1.078376430086791515e-03
1.326266326941549778e-03
1.647567958571016788e-03
1.169811934232711792e-03
2.131952205672860146e-03
-2.124566584825515747e-03
-3.179631428793072701e-03
2.420209581032395363e-03
4.249780031386762857e-04
2.878158702515065670e-04
-1.033913693390786648e-03
1.012667198665440083e-03
3.602087963372468948e-05
-7.542332750745117664e-04
-8.785139070823788643e-04
-2.051719231531023979e-03
2.238911576569080353e-03
3.759088867809623480e-04
3.664997871965169907e-03
-1.073802006430923939e-03
-3.044740762561559677e-03
-7.044186932034790516e-04
1.589879509992897511e-03
2.404076745733618736e-03
-2.039024839177727699e-03
-7.059682975523173809e-04
-3.289408283308148384e-03
1.239672885276377201e-03
-1.640444388613104820e-03
-7.956788758747279644e-04
1.600096933543682098e-03
-2.257687738165259361e-03
4.272136429790407419e-04
-1.526433974504470825e-03
1.957500120624899864e-03
-3.750199452042579651e-03
-3.224168904125690460e-03
2.030228497460484505e-03
-3.884708043187856674e-03
9.988037636503577232e-04
2.087549772113561630e-03
2.772668143734335899e-03
-1.378155895508825779e-03
3.249645931646227837e-03
-3.585555823519825935e-03
2.242211485281586647e-03
-1.566543243825435638e-03
-1.845212187618017197e-03
3.339639399200677872e-03
