-2.630579518154263496e-03
-1.632655155844986439e-03
3.401299938559532166e-03
2.136404626071453094e-03
-1.761612249538302422e-03
3.064118092879652977e-03
-1.751372939907014370e-03
3.492261050269007683e-03
-2.686177380383014679e-03
-3.563061822205781937e-03
9.843944571912288666e-04
-4.646593588404357433e-04
3.222442697733640671e-03
3.657818771898746490e-03
-1.548801199533045292e-03
2.004836220294237137e-03
3.610598214436322451e-04
-2.847111783921718597e-03
-2.803510054945945740e-03
-2.141866600140929222e-03
-1.375554013065993786e-03
1.535112271085381508e-03
-3.504909109324216843e-04
2.088171895593404770e-03
-1.461324049159884453e-03
-1.093462342396378517e-03
-1.413215650245547295e-03
-3.437539795413613319e-03
-2.441668766550719738e-04
-9.699455404188483953e-05
-1.372944680042564869e-03
-1.283164485357701778e-03
6.250510341487824917e-04
-5.666595534421503544e-04
3.054024884477257729e-03
3.085308475419878960e-03
-2.383957616984844208e-03
1.187293673865497112e-03
-1.197461388073861599e-03
-1.267106272280216217e-03
-3.076030872762203217e-03
-3.727213013917207718e-03
-1.679546548984944820e-03
-1.989193027839064598e-03
-1.537406700663268566e-03
-5.284857470542192459e-04
2.919409191235899925e-03
-4.981784732080996037e-04
-3.170750802382826805e-03
1.514818752184510231e-03
3.069614758715033531e-03
1.728627481497824192e-03
1.042824471369385719e-03
2.869600139092653990e-04
-1.455606427043676376e-03
-3.095641732215881348e-03
-2.849285723641514778e-03
2.759594004601240158e-03
-1.958932029083371162e-03
-1.275586546398699284e-03
-3.263530088588595390e-03
-3.132452256977558136e-03
1.582900178618729115e-03
-2.424946869723498821e-04
-4.297223349567502737e-04
-2.787045435979962349e-03
-3.090746933594346046e-03
3.573620226234197617e-03
1.054351683706045151e-03
-1.997177954763174057e-03
3.172909840941429138e-03
3.766808193176984787e-03
-2.289723837748169899e-03
-1.714940881356596947e-03
-1.865981030277907848e-03
2.664914354681968689e-03
-3.436761035118252039e-04
1.119389315135776997e-03
-2.367194276303052902e-03
-1.303665689192712307e-03
-2.346235094591975212e-03
-2.932692877948284149e-03
-2.284020418301224709e-03
-7.568006403744220734e-04
3.692396276164799929e-04
-1.359904999844729900e-03
2.756169764325022697e-03
4.437258758116513491e-04
1.041264156810939312e-03
-2.101016696542501450e-03
1.159537816420197487e-03
3.881329437717795372e-03
-1.949480269104242325e-03
-2.489911625161767006e-03
-1.914537046104669571e-03
-2.133002039045095444e-03
3.485926892608404160e-03
-2.012158744037151337e-03
1.606882578926160932e-04
2.107553416863083839e-03
2.619928447529673576e-03
-3.144621616229414940e-03
-5.737062747357413173e-05
-6.852017249912023544e-04
-5.843137041665613651e-04
3.374405438080430031e-03
-4.929176066070795059e-04
-2.824241993948817253e-03
1.745113404467701912e-03
-1.137291663326323032e-03
-2.494896296411752701e-03
2.961213176604360342e-04
9.935592534020543098e-04
-7.284282764885574579e-05
4.616244987118989229e-04
2.861488610506057739e-03
2.548287622630596161e-03
-2.318386221304535866e-03
-2.669180743396282196e-03
-3.294344525784254074e-03
-1.103101647458970547e-03
-2.100790850818157196e-03
-1.376476371660828590e-03
-1.635511405766010284e-03
-1.587492064572870731e-03
-3.442905144765973091e-03
1.533028320409357548e-03
-2.262448659166693687e-03
-2.024414250627160072e-03
1.956367399543523788e-03
-3.711718833073973656e-03
-3.876489587128162384e-03
1.543342950753867626e-03
-3.176486585289239883e-03
-1.135923550464212894e-03
-9.377694805152714252e-04
2.208287827670574188e-03
-3.100761212408542633e-03
-8.197425631806254387e-04
1.495290431194007397e-03
-6.500679592136293650e-05
-1.433787867426872253e-03
-2.114698057994246483e-03
1.568711741128936410e-04
1.594105269759893417e-03
1.598718459717929363e-03
7.943877135403454304e-04
1.834545400924980640e-03
3.111910482402890921e-04
-3.012574743479490280e-03
6.814012886025011539e-04
2.159643918275833130e-03
-3.061081981286406517e-03
1.377267879433929920e-03
6.171316636027768254e-05
2.360140671953558922e-03
7.675727247260510921e-04
-2.209670143201947212e-03
-1.826111343689262867e-03
-7.346784695982933044e-04
1.739141298457980156e-04
3.309916006401181221e-03
3.497450146824121475e-03
-8.120042039081454277e-04
1.890573184937238693e-03
3.088231431320309639e-03
-1.866711652837693691e-03
-2.853425219655036926e-03
-3.741350956261157990e-03
-1.353038009256124496e-03
-5.093777872389182448e-05
-9.897873969748616219e-04
-4.686457687057554722e-04
3.188710426911711693e-03
2.378645120188593864e-03
2.065066248178482056e-03
-1.857959548942744732e-03
1.126566901803016663e-03
-1.739089726470410824e-03
2.518388442695140839e-03
1.135345082730054855e-03
-1.173367563751526177e-04
-3.036356065422296524e-03
-1.458517275750637054e-03
6.249169236980378628e-04
-9.669048013165593147e-04
-2.366958942729979753e-04
-3.662155009806156158e-03
-6.685433909296989441e-04
-9.467023191973567009e-04
-1.829658285714685917e-03
-1.546455081552267075e-03
2.840706612914800644e-03
-3.305573016405105591e-03
6.733288173563778400e-04
-5.452436162158846855e-04
-2.092583104968070984e-03
5.903689889237284660e-04
2.049773000180721283e-03
-3.533774288371205330e-03
1.381927577313035727e-04
3.141284454613924026e-03
3.342163050547242165e-03
-9.628287516534328461e-04
2.749450504779815674e-03
7.888688705861568451e-04
1.411959645338356495e-03
-2.224653959274291992e-03
-3.848042339086532593e-03
1.533764647319912910e-03
-1.093682250939309597e-03
1.062251278199255466e-03
-3.359118243679404259e-03
1.358933164738118649e-03
-1.630796934477984905e-03
-1.757838472258299589e-04
-2.919043181464076042e-03
-1.058117370121181011e-03
-3.726342460140585899e-03
-1.740441774018108845e-03
1.358616515062749386e-03
3.387576667591929436e-03
-1.475396798923611641e-03
-2.859246451407670975e-03
-1.048434874974191189e-03
-3.190294140949845314e-03
1.508762652520090342e-04
-5.702796624973416328e-05
-2.374737523496150970e-03
-1.387120224535465240e-03
-1.456204568967223167e-03
-3.244281746447086334e-03
2.470051404088735580e-03
-3.619333729147911072e-03
-1.071238773874938488e-03
-1.639634952880442142e-03
3.362630028277635574e-03
-3.801884595304727554e-03
-1.962908310815691948e-03
-1.012886408716440201e-03
1.577291986905038357e-03
2.490982878953218460e-03
-6.863193120807409286e-04
-1.194758006022311747e-04
-7.820011232979595661e-04
1.531816786155104637e-03
-1.848824322223663330e-03
2.885306719690561295e-03
2.699752571061253548e-03
-2.757340902462601662e-03
-1.305549754761159420e-03
-1.252962829312309623e-04
-3.547455125954002142e-04
-1.991752506000921130e-04
-1.437750906916335225e-04
-1.444719033315777779e-03
