-1.986599294468760490e-03
-2.270236145704984665e-03
2.033411758020520210e-03
-2.991643501445651054e-03
1.459676332160597667e-05
2.044478897005319595e-03
1.026179641485214233e-03
-2.194011118263006210e-03
3.815615782514214516e-03
-2.603848231956362724e-03
5.576508701778948307e-04
-6.374362856149673462e-04
-1.260404707863926888e-03
3.209316637367010117e-04
-3.679660847410559654e-03
1.040923016262240708e-04
9.169891709461808205e-04
-1.093329861760139465e-03
-1.332914835074916482e-04
2.240053610876202583e-03
3.172914031893014908e-03
-2.265881630592048168e-05
1.292170374654233456e-03
-1.947674900293350220e-04
-1.394393853843212128e-03
7.728503551334142685e-04
-2.735541202127933502e-03
1.271498622372746468e-03
-4.767869831994175911e-04
-3.138872096315026283e-03
1.190288225188851357e-03
-3.271384397521615028e-03
9.733017068356275558e-04
6.804422009736299515e-04
-3.727461444213986397e-03
-3.299318021163344383e-03
2.134098176611587405e-04
3.875876078382134438e-03
-1.660128124058246613e-03
9.391033090651035309e-04
-7.536065531894564629e-04
-2.427849220111966133e-03
-2.572034252807497978e-03
-9.454084211029112339e-04
-3.241144586354494095e-03
3.321254160255193710e-03
2.612213604152202606e-03
-5.624560290016233921e-04
1.848382293246686459e-03
3.899476025253534317e-03
-2.496427856385707855e-03
-3.015423426404595375e-03
3.388185286894440651e-03
2.082867082208395004e-03
5.627384525723755360e-04
-1.249667606316506863e-03
-3.185623092576861382e-03
1.787236775271594524e-03
-1.557185081765055656e-03
-6.016449769958853722e-04
-3.201304469257593155e-03
-1.274423906579613686e-03
-6.172413704916834831e-04
8.224383782362565398e-05
-2.278405474498867989e-03
-6.013247766532003880e-04
-1.871166052296757698e-03
1.371222781017422676e-03
-2.160288626328110695e-03
1.596113201230764389e-03
-3.643209114670753479e-03
1.522796694189310074e-03
-6.960986647754907608e-04
8.005631971172988415e-04
5.850279121659696102e-04
-2.876034472137689590e-03
4.916363977827131748e-04
-3.539256518706679344e-03
3.140265587717294693e-03
-8.136089309118688107e-05
2.587457420304417610e-03
-1.813036651583388448e-04
-7.293978706002235413e-04
-1.108212163671851158e-03
-1.428840565495193005e-03
3.149062627926468849e-03
1.814495655708014965e-03
-3.870865795761346817e-03
1.741590676829218864e-04
-2.012902870774269104e-03
1.942139468155801296e-03
1.388156306347809732e-05
1.438312348909676075e-03
-3.260411787778139114e-03
2.080456819385290146e-03
-3.627110505476593971e-03
3.775130491703748703e-03
3.623784868977963924e-04
-2.777206245809793472e-03
-1.048893434926867485e-03
-2.436872804537415504e-03
-1.904922537505626678e-03
-1.131262397393584251e-03
-2.809566678479313850e-03
-2.877684542909264565e-03
-2.270097378641366959e-03
6.594654405489563942e-04
3.784767817705869675e-03
-6.744503043591976166e-04
-3.544078208506107330e-03
-3.425707109272480011e-04
1.439047860912978649e-03
1.641495502553880215e-03
-3.853206289932131767e-03
-4.601947875926271081e-05
1.683228299953043461e-03
1.279622432775795460e-03
3.009203646797686815e-04
5.651444080285727978e-04
1.069542602635920048e-03
1.674683182500302792e-03
-3.861259203404188156e-03
5.626389174722135067e-04
2.143810037523508072e-03
8.032644982449710369e-04
-4.523053357843309641e-04
1.949767465703189373e-03
-1.816689327824860811e-04
1.709294505417346954e-03
2.719609532505273819e-03
-4.072587762493640184e-04
2.310653915628790855e-03
-3.554869908839464188e-03
-3.791747149080038071e-03
9.440977009944617748e-04
-3.169829724356532097e-03
-3.276691073551774025e-03
1.683789654634892941e-03
5.821723243570886552e-05
1.126177725382149220e-03
-3.071808954700827599e-03
-9.342966368421912193e-04
7.298654527403414249e-04
-4.606054571922868490e-04
-4.948110436089336872e-04
3.384069539606571198e-03
-1.980492612347006798e-03
2.958904020488262177e-03
-6.841589347459375858e-04
1.580136129632592201e-03
1.960933674126863480e-03
9.738688240759074688e-04
1.228311448357999325e-03
1.350822392851114273e-03
-2.397122327238321304e-03
1.269272761419415474e-04
1.587913953699171543e-03
-3.047185484319925308e-03
2.265734830871224403e-03
2.584968460723757744e-03
-1.660657813772559166e-03
-1.354697626084089279e-03
1.307558268308639526e-03
1.616186695173382759e-03
-2.226558513939380646e-03
1.686133909970521927e-03
1.452068099752068520e-03
-7.246458553709089756e-04
-3.288996405899524689e-03
-1.602341508259996772e-04
-1.763342879712581635e-04
-2.614146564155817032e-03
2.393525093793869019e-03
8.238073787651956081e-04
6.083779953769408166e-05
3.483027219772338867e-03
7.170095341280102730e-05
-1.800350728444755077e-04
1.738801365718245506e-03
-1.765462802723050117e-03
-1.483479863964021206e-03
-7.901905919425189495e-04
3.592528635635972023e-03
3.466325870249420404e-04
2.163065597414970398e-03
-2.248308737762272358e-04
2.003051806241273880e-03
-1.636223052628338337e-03
-7.715871324762701988e-04
2.671632682904601097e-03
2.114311093464493752e-03
-3.841836238279938698e-03
3.513858886435627937e-03
-3.062123898416757584e-03
-3.859602147713303566e-03
2.469714730978012085e-03
-6.814882508479058743e-04
2.584111643955111504e-03
-2.848540316335856915e-04
2.305818721652030945e-03
-3.616363042965531349e-03
-1.136597129516303539e-03
-3.363045630976557732e-03
-3.788155037909746170e-03
-1.013964865705929697e-04
2.487943042069673538e-03
-6.156274466775357723e-04
3.889193059876561165e-03
-3.291650442406535149e-03
-3.628424834460020065e-03
8.781416108831763268e-04
2.070463495329022408e-03
-3.870037384331226349e-03
5.073164356872439384e-04
1.900897768791764975e-04
7.312079542316496372e-04
-1.998742809519171715e-03
1.785478671081364155e-03
1.054795808158814907e-03
-8.161521400325000286e-04
3.762107808142900467e-03
-3.173931268975138664e-03
9.107275982387363911e-04
-5.765949754277244210e-05
8.813192835077643394e-04
1.744730514474213123e-03
1.558440504595637321e-03
-1.620392664335668087e-03
-2.311400603502988815e-03
-1.280377153307199478e-03
-2.967030508443713188e-03
-7.542724488303065300e-04
-2.144970931112766266e-03
1.240318524651229382e-03
-2.855740021914243698e-03
1.620091963559389114e-03
1.138708554208278656e-03
1.154872821643948555e-03
-3.780918894335627556e-03
-1.120686531066894531e-03
-3.084459342062473297e-03
-7.600713288411498070e-04
-2.352355746552348137e-03
-2.569181669969111681e-04
-2.790592610836029053e-03
1.526306499727070332e-03
-4.670894413720816374e-04
3.884519101120531559e-04
2.428776642773300409e-04
7.260433631017804146e-04
3.503387561067938805e-03
3.288153558969497681e-03
-1.712890458293259144e-03
3.680870868265628815e-03
-3.324067220091819763e-03
2.443673321977257729e-03
