1.548289088532328606e-03
1.963830320164561272e-03
2.376108663156628609e-03
-2.646196866407990456e-03
2.692435518838465214e-04
-1.080891815945506096e-03
-2.037303987890481949e-03
2.738625044003129005e-03
1.538645243272185326e-03
-1.212225877679884434e-03
-3.237476805225014687e-03
-2.015620470046997070e-03
-2.516186796128749847e-04
3.048443002626299858e-03
2.369986614212393761e-03
-3.300526179373264313e-03
-3.734809812158346176e-03
2.791707171127200127e-03
-9.131405386142432690e-04
-1.441303058527410030e-03
2.245666692033410072e-03
-2.277056220918893814e-03
1.989236567169427872e-03
-1.003299839794635773e-04
-2.691961824893951416e-03
-1.298322022194042802e-04
2.480522729456424713e-03
3.636198118329048157e-03
8.733657305128872395e-04
1.966597046703100204e-03
-1.944758929312229156e-03
-3.064815828111022711e-04
-2.075479133054614067e-03
4.698286647908389568e-04
-6.980146281421184540e-04
-1.416920800693333149e-03
-2.734255744144320488e-03
3.771904390305280685e-03
1.163441804237663746e-03
-8.864561677910387516e-04
-1.639449503272771835e-03
3.016452305018901825e-03
-2.522267168387770653e-03
1.216692966409027576e-03
3.081146278418600559e-04
3.252160269767045975e-03
2.665708772838115692e-03
-1.142536057159304619e-03
9.900939185172319412e-04
-6.428808555938303471e-04
-3.695479361340403557e-03
-1.026569865643978119e-03
5.218962323851883411e-04
2.558745210990309715e-03
3.899137955158948898e-03
3.537205746397376060e-03
-3.133880672976374626e-03
2.533647930249571800e-03
-2.231932478025555611e-03
-3.834568196907639503e-04
1.879634655779227614e-04
2.567121991887688637e-03
1.755121164023876190e-03
1.799058984033763409e-03
3.711405675858259201e-03
1.459134364267811179e-04
-2.363060135394334793e-03
-2.471579704433679581e-03
2.507488243281841278e-03
-2.049915026873350143e-03
-1.118859858252108097e-03
1.596614019945263863e-03
-8.955212542787194252e-04
-2.353388816118240356e-03
-9.108762606047093868e-04
4.699451965279877186e-04
8.535283268429338932e-04
2.369058318436145782e-03
-2.040490275248885155e-03
1.199505641125142574e-03
2.828402910381555557e-03
8.632654789835214615e-04
2.108748536556959152e-03
-1.887127873487770557e-03
2.403294667601585388e-03
-2.977787517011165619e-03
1.370080630294978619e-03
-3.649164689704775810e-03
-1.017238246276974678e-03
-3.539379453286528587e-03
-6.122240447439253330e-04
-2.100355457514524460e-03
-1.539704040624201298e-03
4.499863425735384226e-04
1.094543724320828915e-03
-6.018892163410782814e-04
-3.193718614056706429e-03
-2.308496739715337753e-03
3.251002344768494368e-04
-1.547291409224271774e-03
-3.684989642351865768e-03
-3.053309628739953041e-04
2.592191798612475395e-03
2.335880650207400322e-03
-3.880396252498030663e-03
1.220071571879088879e-03
-2.339289989322423935e-03
-3.589906962588429451e-03
6.580672197742387652e-05
-1.349042722722515464e-04
-2.727673621848225594e-03
-2.454754896461963654e-03
-9.548278176225721836e-04
2.773904241621494293e-03
-2.949366113170981407e-03
3.009878797456622124e-03
-1.944434916367754340e-04
4.286155162844806910e-04
3.709612879902124405e-03
1.847066567279398441e-03
-1.404409995302557945e-03
1.458136946894228458e-03
1.380270812660455704e-03
2.474389737471938133e-03
3.192923395545221865e-05
-1.726345624774694443e-03
5.160883883945643902e-04
-2.112210961058735847e-03
5.498190876096487045e-04
1.924057840369641781e-03
2.012679586187005043e-03
3.587660146877169609e-03
-2.929989714175462723e-03
-2.110817702487111092e-03
2.534015104174613953e-03
5.312880384735763073e-04
-2.589203650131821632e-03
3.407003241591155529e-04
1.041602576151490211e-03
-9.905812330543994904e-04
-1.936170272529125214e-03
1.960016554221510887e-03
3.759972518309950829e-03
-2.873250050470232964e-03
-4.377148434286937118e-05
-1.007470535114407539e-03
-2.489963546395301819e-03
-5.466485745273530483e-04
-2.055987250059843063e-03
3.543795086443424225e-03
-2.267660805955529213e-03
1.442540320567786694e-03
-9.329250315204262733e-05
1.651852857321500778e-03
8.199443691410124302e-04
3.913334570825099945e-03
2.467602316755801439e-04
-2.138145500794053078e-03
-4.622226697392761707e-04
8.078294922597706318e-04
-1.321304123848676682e-03
-3.066033823415637016e-03
-2.187071600928902626e-03
-2.643729792907834053e-03
2.489426406100392342e-03
1.535849529318511486e-03
3.216375363990664482e-03
2.543601440265774727e-03
-2.398375887423753738e-03
1.068694400601089001e-03
3.311836859211325645e-03
6.242368253879249096e-04
1.200097845867276192e-03
2.272125333547592163e-03
-3.453585552051663399e-03
3.561048535630106926e-03
2.665368141606450081e-03
3.325592726469039917e-03
-3.210256341844797134e-03
2.410589018836617470e-03
2.597362501546740532e-03
-5.291766719892621040e-04
-2.459998708218336105e-03
2.074946416541934013e-03
-2.685381099581718445e-03
-2.076030243188142776e-03
1.372959930449724197e-03
3.158008679747581482e-03
3.397729247808456421e-03
-1.721494481898844242e-03
-3.594112582504749298e-03
3.751339390873908997e-03
2.454793546348810196e-03
-1.548968954011797905e-03
-3.303924808278679848e-03
-1.844384358264505863e-03
-1.535839517600834370e-03
-1.277069794014096260e-03
3.209200222045183182e-04
-1.164297864306718111e-04
-1.215155702084302902e-03
-2.336255740374326706e-03
3.689111210405826569e-03
-1.845115213654935360e-03
-2.836815780028700829e-03
3.010222222656011581e-03
9.821807034313678741e-04
3.375686705112457275e-03
-1.748079899698495865e-03
-2.691392553970217705e-03
3.940753813367336988e-04
-4.556403437163680792e-04
-3.666345495730638504e-03
-6.254864274524152279e-04
1.193928997963666916e-03
2.566160866990685463e-03
2.674876479431986809e-03
1.250414643436670303e-03
-1.738218241371214390e-03
-7.164721610024571419e-04
-1.544180675409734249e-03
2.257053507491946220e-03
-2.493974985554814339e-03
8.203866309486329556e-04
-5.207546055316925049e-04
-2.273071324452757835e-03
-2.834020182490348816e-03
2.296089427545666695e-03
-3.266004147008061409e-03
-2.712275017984211445e-04
1.105165109038352966e-03
3.022237680852413177e-03
-2.851324155926704407e-03
1.289114821702241898e-03
3.833428956568241119e-03
-2.728248480707406998e-03
-1.381827169097959995e-03
2.008718904107809067e-03
2.053592354059219360e-03
6.371234194375574589e-04
3.123294562101364136e-03
3.247223212383687496e-04
7.304477039724588394e-04
-6.304889102466404438e-04
-3.186782356351613998e-03
1.275031128898262978e-03
7.762372260913252831e-04
-3.410941688343882561e-03
-2.666533982846885920e-04
3.343370190123096108e-05
-9.882479389489162713e-06
3.402691101655364037e-03
-9.763885173015296459e-04
-2.301232889294624329e-03
2.916421974077820778e-03
-2.837648848071694374e-03
