1.142038381658494473e-03
1.722482731565833092e-03
3.593767294660210609e-03
-1.680239802226424217e-03
3.298688912764191628e-03
2.762726275250315666e-03
2.521778689697384834e-03
-2.624406013637781143e-03
-2.219070214778184891e-03
-2.938147168606519699e-03
-2.546116476878523827e-03
1.499608515587169677e-06
2.284262096509337425e-03
3.315758891403675079e-03
-2.373089548200368881e-03
7.969912840053439140e-04
2.772599691525101662e-03
-3.346601501107215881e-03
-2.546502510085701942e-03
1.499709469499066472e-04
9.454867686145007610e-04
4.969721194356679916e-04
1.637185923755168915e-03
-1.136815641075372696e-03
2.647843677550554276e-03
1.573571818880736828e-03
2.031176583841443062e-03
3.602257929742336273e-03
-4.063755914103239775e-04
-2.061131177470088005e-03
2.013623248785734177e-03
-2.844671253114938736e-03
3.446562681347131729e-03
6.099122692830860615e-04
3.244902472943067551e-04
3.091822436545044184e-04
9.611017885617911816e-04
2.397191012278199196e-03
-3.831932088360190392e-03
-1.034520100802183151e-03
2.541060093790292740e-03
7.940379437059164047e-04
-1.013901492115110159e-04
3.342754207551479340e-03
2.260860055685043335e-03
-1.823787111788988113e-03
1.784482738003134727e-03
6.449955399148166180e-04
6.754087517037987709e-04
3.150785109028220177e-03
-2.480512252077460289e-03
8.178997086361050606e-04
-1.997772342292591929e-04
-1.265265396796166897e-03
4.528896242845803499e-04
-3.332558088004589081e-03
3.842155681923031807e-03
-1.702445093542337418e-03
1.124924630858004093e-03
5.150898359715938568e-04
-1.575573580339550972e-03
1.555487629957497120e-03
-7.708132034167647362e-04
-2.742054406553506851e-03
8.630169322714209557e-04
-1.876753056421875954e-03
1.682925038039684296e-03
2.139235613867640495e-03
2.046578330919146538e-03
-1.281625940464437008e-03
-3.507290966808795929e-04
2.055568387731909752e-03
-4.880135529674589634e-04
2.051755785942077637e-03
-3.002286422997713089e-03
1.719795865938067436e-03
2.693758578971028328e-03
7.325670594582334161e-05
-1.131261698901653290e-03
-1.013816916383802891e-03
-1.851272885687649250e-03
1.719534862786531448e-03
-3.851845161989331245e-03
-3.006155835464596748e-03
-1.908546779304742813e-03
2.767364960163831711e-03
-3.467056085355579853e-04
1.537427655421197414e-03
2.371868584305047989e-03
-3.354037879034876823e-03
1.049662241712212563e-03
3.871084190905094147e-03
3.389803459867835045e-03
3.132364014163613319e-03
2.731144893914461136e-03
2.928513800725340843e-03
-1.092216582037508488e-03
3.694704500958323479e-03
2.658295910805463791e-03
-2.744872588664293289e-03
3.393241669982671738e-03
3.735589794814586639e-03
8.506815647706389427e-04
3.858696203678846359e-03
8.728710818104445934e-04
1.475539756938815117e-04
-1.883883611299097538e-03
6.983560742810368538e-04
2.920500002801418304e-03
9.941987227648496628e-04
3.412857651710510254e-03
9.004132007248699665e-04
-1.570682739838957787e-03
2.965958090499043465e-03
-2.091050846502184868e-03
3.445528913289308548e-03
-4.474335291888564825e-04
-2.344471635296940804e-03
1.550256711198017001e-04
4.148305160924792290e-04
2.461898839101195335e-03
3.138978965580463409e-03
-1.633104984648525715e-03
3.161484142765402794e-03
2.869344549253582954e-03
-3.829170251265168190e-03
-3.412247169762849808e-03
-1.197629753733053803e-04
-6.809857441112399101e-04
7.016880554147064686e-04
-2.461110998410731554e-04
-1.816662494093179703e-03
-2.867541334126144648e-04
-3.221152350306510925e-03
-2.876784885302186012e-03
-1.804241794161498547e-03
-3.545561339706182480e-03
3.666471689939498901e-03
1.781857921741902828e-03
-1.986058661714196205e-03
-4.293878446333110332e-04
2.752409200184047222e-04
-1.044716220349073410e-03
4.549699660856276751e-04
2.634146076161414385e-04
-3.040294395759701729e-03
-3.319993149489164352e-03
-3.283530939370393753e-03
-3.566700499504804611e-03
-3.225836437195539474e-03
3.468523267656564713e-03
-2.190092811360955238e-03
-2.964410465210676193e-03
3.237023716792464256e-03
1.356784603558480740e-03
3.025977872312068939e-03
-8.102335850708186626e-04
-6.520391907542943954e-04
-6.750526954419910908e-04
-3.457346931099891663e-03
-2.568881958723068237e-03
7.384238415397703648e-04
-1.273163943551480770e-03
8.063790737651288509e-04
-3.994121216237545013e-04
-4.039252235088497400e-04
-4.341210878919810057e-04
-1.175214187242090702e-03
2.294999576406553388e-04
1.289218082092702389e-03
-2.982990816235542297e-03
3.431659890338778496e-03
3.848996246233582497e-03
-1.153945806436240673e-03
7.441960042342543602e-04
2.744873519986867905e-03
3.854664275422692299e-03
-9.022892918437719345e-04
-2.666653599590063095e-03
-8.085435256361961365e-04
-3.184303408488631248e-03
-4.951624432578682899e-04
2.655605087056756020e-03
-1.535248826257884502e-03
2.757448819465935230e-04
1.951913931407034397e-03
1.760617829859256744e-03
-1.266733976081013680e-03
2.581944456323981285e-03
3.352974774315953255e-03
-3.539307974278926849e-03
1.451848656870424747e-03
-1.056174165569245815e-03
2.152071800082921982e-03
-2.250896999612450600e-03
-3.503720741719007492e-03
-5.930837360210716724e-04
1.119891530834138393e-03
1.097970060072839260e-03
-2.567913616076111794e-03
-1.300739473663270473e-03
-3.214810276404023170e-03
-3.457362763583660126e-04
-3.376662964001297951e-03
2.422115067020058632e-03
-6.493506371043622494e-04
-1.042577438056468964e-03
-6.298527587205171585e-04
2.849469892680644989e-03
1.275281829293817282e-04
1.246194471605122089e-03
-3.584223450161516666e-04
-2.675486728549003601e-03
-3.154957666993141174e-03
2.591564320027828217e-03
-1.436783000826835632e-03
2.679964294657111168e-03
-5.433792830444872379e-04
-2.632469171658158302e-03
3.470274852588772774e-03
4.285713075660169125e-04
-3.298069816082715988e-03
6.601259228773415089e-04
-1.297861337661743164e-03
-2.009229734539985657e-03
1.712216879241168499e-03
2.723522251471877098e-03
3.204852575436234474e-03
-3.676383523270487785e-03
2.438552910462021828e-03
-3.164634108543395996e-03
-1.686238101683557034e-04
9.855609387159347534e-04
-2.616212470456957817e-03
6.174836307764053345e-04
-1.999820582568645477e-03
3.204629523679614067e-03
-3.254324430599808693e-03
-8.915949729271233082e-04
-1.680496381595730782e-03
-1.116977771744132042e-03
1.794570707716047764e-03
3.465718356892466545e-03
-5.108095938339829445e-04
7.116052438504993916e-04
1.408961397828534245e-04
-2.249356824904680252e-03
-1.965405186638236046e-03
-2.966538071632385254e-03
2.860931446775794029e-03
-1.234360854141414165e-03
3.116990672424435616e-03
1.899180933833122253e-03
2.500619506463408470e-03
-1.889045466668903828e-03
2.701500896364450455e-03
