1.251918962225317955e-03
-3.671116195619106293e-03
-3.650405444204807281e-03
-3.047256730496883392e-03
-1.331432024016976357e-03
1.832960639148950577e-03
2.047911286354064941e-03
2.145433099940419197e-03
-2.707990584895014763e-03
-1.411885372363030910e-03
-1.631419756449759007e-03
1.152106327936053276e-03
2.465787343680858612e-03
-5.128030898049473763e-04
-2.202681498602032661e-03
-2.867944538593292236e-03
-1.254142262041568756e-03
-3.662327770143747330e-03
5.251630791462957859e-04
-3.507559187710285187e-03
-9.959767339751124382e-04
-1.706044189631938934e-03
-3.613634034991264343e-03
1.460588973714038730e-04
1.261620491277426481e-04
1.940610585734248161e-03
1.404693233780562878e-03
-3.401800524443387985e-03
3.754691220819950104e-03
1.820033765397965908e-03
-1.635458786040544510e-03
3.738743253052234650e-03
-1.013933215290307999e-03
2.583243185654282570e-03
2.693539718165993690e-03
3.199067665264010429e-03
7.767723873257637024e-04
1.382354530505836010e-03
3.654062980785965919e-03
-8.230385719798505306e-05
-3.382828785106539726e-03
3.013710083905607462e-04
2.837622771039605141e-03
-3.235884010791778564e-03
-1.903913682326674461e-03
3.321871859952807426e-03
-2.073504962027072906e-03
-1.643890165723860264e-03
2.216996392235159874e-03
1.677965396083891392e-03
-6.299878004938364029e-04
-3.188560716807842255e-03
-2.257281681522727013e-03
-3.511609742417931557e-03
-3.465292043983936310e-03
3.689034143462777138e-03
2.584871836006641388e-03
1.469669165089726448e-03
5.908046150580048561e-04
-9.275008924305438995e-04
-5.861355748493224382e-05
-2.222551265731453896e-03
3.704294096678495407e-03
-2.662910614162683487e-03
1.069941790774464607e-03
-1.634350512176752090e-03
-2.835752908140420914e-03
-2.818749053403735161e-04
-2.146614948287606239e-03
9.272027091355994344e-05
3.957071457989513874e-04
-8.069279137998819351e-04
-5.202438333071768284e-04
-9.365425212308764458e-04
1.909440499730408192e-03
2.054171636700630188e-03
-4.400198231451213360e-04
-2.943006576970219612e-03
-2.397235482931137085e-03
8.622713503427803516e-04
3.470006398856639862e-03
2.354957861825823784e-03
-3.684035735204815865e-03
7.520077051594853401e-04
2.533541526645421982e-03
-8.428570581600070000e-04
-2.755230059847235680e-03
-5.830653826706111431e-04
-7.249218760989606380e-04
2.614451572299003601e-03
-1.803648192435503006e-03
2.698556985706090927e-03
1.286499435082077980e-03
6.105054635554552078e-04
-1.599560491740703583e-03
1.966043637366965413e-04
-7.116492488421499729e-04
-1.553584705106914043e-03
-2.429670188575983047e-03
4.722288394987117499e-06
3.356945235282182693e-03
3.277005744166672230e-04
-3.194251039531081915e-04
-6.749595049768686295e-04
3.344904398545622826e-03
3.637306857854127884e-03
-7.155886851251125336e-04
3.460341133177280426e-03
3.290814347565174103e-03
-3.720284439623355865e-03
-3.755940357223153114e-03
6.891759112477302551e-04
9.701084927655756474e-04
1.285029691644012928e-03
8.516274829162284732e-05
1.632557949051260948e-03
-3.808292560279369354e-03
3.324237884953618050e-03
2.489429665729403496e-03
2.175951842218637466e-03
-3.865018486976623535e-03
-3.196261823177337646e-03
3.660279791802167892e-03
-2.206943463534116745e-03
-6.678898353129625320e-04
-1.064363284967839718e-03
2.304002875462174416e-03
-3.044585930183529854e-03
3.755865327548235655e-04
2.617489779368042946e-03
1.663611765252426267e-04
-3.710683202371001244e-03
-3.159179352223873138e-03
-1.761778723448514938e-03
3.310188185423612595e-03
-3.079646732658147812e-03
-1.162576372735202312e-03
-3.376462496817111969e-03
-2.354483585804700851e-03
2.261803252622485161e-03
-2.163200639188289642e-03
1.972870901226997375e-03
1.037432113662362099e-03
-3.758686129003763199e-03
-2.702658530324697495e-03
1.621764968149363995e-03
1.652049948461353779e-03
-4.002864880021661520e-04
-3.315397771075367928e-04
-1.694467384368181229e-03
2.359577687457203865e-03
-3.890536027029156685e-04
-4.792145628016442060e-04
2.406879939371719956e-04
2.866896567866206169e-03
3.315919777378439903e-03
2.496762666851282120e-03
1.989476615563035011e-03
-3.376251552253961563e-03
-3.431129734963178635e-03
-9.260441875085234642e-04
-3.602825803682208061e-03
1.712981495074927807e-03
1.903215539641678333e-03
1.419694046489894390e-03
-2.860957058146595955e-03
6.113356212154030800e-04
3.231295384466648102e-03
3.390239086002111435e-03
2.408308442682027817e-03
-2.512899227440357208e-03
-2.430295804515480995e-03
1.129967393353581429e-03
-3.753818746190518141e-04
-3.474186640232801437e-03
3.577090101316571236e-03
2.999442396685481071e-03
3.515729913488030434e-03
-2.579054329544305801e-03
-1.400790206389501691e-04
-2.374913077801465988e-03
3.064402146264910698e-03
2.637509955093264580e-03
-2.280296524986624718e-03
-1.621018163859844208e-03
2.695336472243070602e-03
1.561974873766303062e-03
-8.885012939572334290e-04
-3.657644381746649742e-03
2.779553178697824478e-03
-2.270445227622985840e-03
-1.568280276842415333e-03
-7.129577716113999486e-05
2.053938806056976318e-03
3.731156000867486000e-03
-1.107184682041406631e-03
2.576733706519007683e-03
-1.895396970212459564e-03
-1.164990942925214767e-03
2.357738558202981949e-03
1.475308556109666824e-03
2.727820770815014839e-03
3.152796067297458649e-03
8.210322703234851360e-04
-6.739877862855792046e-04
1.406021299771964550e-03
2.950004767626523972e-03
2.903863554820418358e-03
-1.819920493289828300e-03
-3.474741941317915916e-03
2.092357492074370384e-03
-2.699989359825849533e-03
1.548685599118471146e-03
-1.556323491968214512e-03
2.208733232691884041e-03
9.006127947941422462e-04
-1.469398266635835171e-03
2.671901369467377663e-03
-3.351384075358510017e-03
1.885443343780934811e-03
3.474676748737692833e-03
9.317359072156250477e-04
3.698954824358224869e-03
-3.438117681071162224e-03
-1.530026900582015514e-03
-3.594605019316077232e-03
1.970657147467136383e-03
2.166294958442449570e-03
-7.026862585917115211e-04
2.225723583251237869e-03
-4.448423860594630241e-04
3.331530606374144554e-03
-2.912912750616669655e-03
3.930279490305110812e-06
-3.597397822886705399e-03
2.839000429958105087e-03
-7.285072456397756469e-07
-6.145859370008111000e-04
-2.036609686911106110e-03
4.498998459894210100e-04
1.701190369203686714e-03
-6.198162445798516273e-04
6.414001109078526497e-05
1.131986209657043219e-04
-1.282301032915711403e-03
3.582655219361186028e-03
-1.142157474532723427e-03
1.577798393554985523e-03
-1.341597177088260651e-03
3.677541099023073912e-04
-6.613525329157710075e-04
2.409812295809388161e-03
-2.930062357336282730e-03
2.493406180292367935e-03
1.568140112794935703e-03
3.041641786694526672e-03
