5.816557677462697029e-04
4.868009127676486969e-04
-2.937219338491559029e-03
-7.801423198543488979e-04
-2.046155859716236591e-04
3.388246521353721619e-03
-3.643436823040246964e-03
-1.228068023920059204e-03
1.210299204103648663e-03
-2.995877526700496674e-03
-5.145414033904671669e-04
-2.910070121288299561e-03
-1.468085567466914654e-03
-1.363775576464831829e-03
-2.099883276969194412e-03
-7.768226205371320248e-04
3.661317285150289536e-03
-8.800431969575583935e-04
-3.343984717503190041e-03
3.757097758352756500e-03
1.749843475408852100e-03
2.377985743805766106e-03
2.217055065557360649e-03
-3.246657317504286766e-03
-1.614131499081850052e-03
-6.586590898223221302e-04
-1.806063228286802769e-04
3.498714417219161987e-03
3.619743278250098228e-03
2.904205350205302238e-03
-2.290529955644160509e-04
2.549516211729496717e-04
-3.015312133356928825e-03
8.884413400664925575e-04
2.580808941274881363e-03
-3.716379869729280472e-03
3.804837819188833237e-03
3.520825644955039024e-03
-1.001944998279213905e-03
3.033530199900269508e-03
-1.392034813761711121e-03
-3.694622078910470009e-03
-7.441579364240169525e-04
-9.574538562446832657e-04
7.784834015183150768e-04
1.553417416289448738e-03
-2.907332498580217361e-03
3.004683414474129677e-03
2.875528065487742424e-03
-2.969121327623724937e-03
-1.075219595804810524e-03
3.788537345826625824e-03
1.003851764835417271e-03
3.918963018804788589e-03
-5.719559267163276672e-04
-1.148242736235260963e-03
1.884074416011571884e-03
3.185252659022808075e-03
1.162308035418391228e-03
-2.426342805847525597e-03
1.796458265744149685e-03
1.685815514065325260e-03
-1.431677606888115406e-03
-2.388744847849011421e-03
1.788090215995907784e-03
1.529639121145009995e-03
-5.894302157685160637e-04
-1.796541269868612289e-03
3.459534374997019768e-03
-7.394546992145478725e-04
3.119921311736106873e-03
3.615635912865400314e-03
3.412787104025483131e-03
-2.720221818890422583e-04
3.756226273253560066e-03
1.402633264660835266e-03
-6.239453214220702648e-04
-2.008198993280529976e-03
2.669230801984667778e-03
-3.121040295809507370e-03
-1.299794384976848960e-04
-1.672082813456654549e-03
-3.214530413970351219e-03
1.265523489564657211e-03
3.261088859289884567e-03
9.131702827289700508e-04
8.110486087389290333e-04
1.627557096071541309e-03
1.441851723939180374e-03
3.180574160069227219e-03
1.541251200251281261e-03
-1.344610587693750858e-03
-3.942341936635784805e-05
-4.009510448668152094e-04
-8.715881267562508583e-04
-1.330040977336466312e-03
-4.867340976488776505e-05
1.006255741231143475e-03
3.213739953935146332e-03
3.371929051354527473e-03
3.753085387870669365e-03
1.617155852727591991e-03
1.045025856001302600e-04
-3.872300963848829269e-03
1.267838175408542156e-03
-2.188420621678233147e-03
3.039715811610221863e-03
1.238365890458226204e-03
3.068046178668737411e-03
-2.087234985083341599e-03
-1.024610755848698318e-04
2.420064993202686310e-03
1.872091786935925484e-03
-1.224788720719516277e-04
-1.873812405392527580e-03
4.151886969339102507e-04
-2.997440751641988754e-03
-1.509099616669118404e-03
8.739191689528524876e-04
-7.067075930535793304e-04
2.705128630623221397e-03
-3.408453892916440964e-03
-1.242775237187743187e-03
-2.416428411379456520e-03
-9.169951081275939941e-04
-2.467158483341336250e-03
-7.857294403947889805e-04
-3.046342637389898300e-03
3.790120594203472137e-03
1.496431883424520493e-03
-1.271564397029578686e-03
3.432487836107611656e-03
8.457010844722390175e-04
-2.226279117166996002e-03
1.544824772281572223e-05
-3.689679550006985664e-03
3.803602885454893112e-03
-2.107307547703385353e-03
3.140886838082224131e-04
3.499952144920825958e-03
2.151864813640713692e-03
-2.286835340782999992e-03
7.382925250567495823e-04
-3.588153515011072159e-03
-1.485782209783792496e-03
2.760061528533697128e-03
4.898820770904421806e-04
-1.433443627320230007e-03
1.474253018386662006e-03
2.036618767306208611e-03
-3.654786851257085800e-04
-1.332789775915443897e-03
3.560296318028122187e-04
7.908132392913103104e-04
3.670770907774567604e-03
2.700126264244318008e-03
2.169727813452482224e-03
2.782056573778390884e-03
-2.833916340023279190e-03
-2.907981863245368004e-03
3.099458524957299232e-03
-1.301791635341942310e-03
1.983872352866455913e-04
3.684574330691248178e-04
-2.316572936251759529e-03
-3.464748617261648178e-03
-5.005790735594928265e-04
2.056221244856715202e-03
3.563607810065150261e-03
1.284023514017462730e-03
-1.209475332871079445e-03
-2.658093580976128578e-03
-3.323000157251954079e-03
-2.791650127619504929e-03
1.708943047560751438e-03
2.729868050664663315e-03
1.502375933341681957e-03
-3.136744024232029915e-03
-1.046378980390727520e-03
3.289671149104833603e-03
3.514161799103021622e-03
-1.287460181629285216e-04
1.157722435891628265e-03
-1.552869071019813418e-04
3.296774346381425858e-03
2.434197347611188889e-03
-3.342629177495837212e-03
3.016902599483728409e-03
-1.236445968970656395e-03
-2.249545650556683540e-03
-9.249093709513545036e-04
-1.526184380054473877e-03
-2.094149589538574219e-03
2.837645588442683220e-03
-1.926056691445410252e-03
-2.249941462650895119e-03
-2.915509743615984917e-03
1.966787749552167952e-05
-1.339704380370676517e-03
-3.215436125174164772e-03
-3.186428919434547424e-03
1.375747146084904671e-03
-2.201149240136146545e-03
-3.662878647446632385e-03
3.866935148835182190e-03
-2.836529398337006569e-03
-3.158453386276960373e-03
-2.180669223889708519e-03
-4.829056560993194580e-04
-1.103911665268242359e-03
-2.981348661705851555e-03
-2.961867954581975937e-03
3.252760739997029305e-03
3.878384362906217575e-03
-1.571529195643961430e-03
5.751426215283572674e-04
-2.330129267647862434e-03
9.984372445615008473e-05
-2.829528180882334709e-03
-5.278700846247375011e-04
-1.393434591591358185e-03
1.486042398028075695e-03
-3.000884782522916794e-03
-1.128235948272049427e-03
3.325598081573843956e-03
3.132637823000550270e-03
-4.355809069238603115e-04
1.976890955120325089e-03
-1.254858943866565824e-04
-8.453995687887072563e-04
1.409701537340879440e-03
-2.000216394662857056e-03
8.053656201809644699e-04
-3.207453526556491852e-03
-1.516112009994685650e-03
-3.864449216052889824e-03
-1.213104580529034138e-03
-4.453038563951849937e-04
2.797055058181285858e-03
-3.668186720460653305e-03
-1.233745249919593334e-03
-3.321896772831678391e-03
2.198788803070783615e-03
-7.763411849737167358e-04
-6.370579358190298080e-04
3.673099912703037262e-03
-3.730653552338480949e-03
1.309248385950922966e-03
-3.034330147784203291e-04
3.589126514270901680e-03
-1.930731668835505843e-04
-3.131135366857051849e-03
3.442879533395171165e-04
-3.161300905048847198e-03
-3.074694192036986351e-03
2.510575577616691589e-03
