-1.035297522321343422e-03
-1.531972317025065422e-03
-4.726176848635077477e-04
-3.758014412596821785e-03
-2.790854778140783310e-03
-7.669547921977937222e-04
8.140074787661433220e-04
2.480344555806368589e-04
-2.962592989206314087e-03
-3.240158781409263611e-03
3.085157659370452166e-04
3.304610261693596840e-03
-3.360432572662830353e-03
-3.067479236051440239e-03
-4.228536272421479225e-04
-4.478663322515785694e-04
-2.948892535641789436e-03
-4.606325455824844539e-05
-1.837641466408967972e-03
-1.582236727699637413e-03
2.197323599830269814e-03
2.895206562243402004e-04
1.967641990631818771e-03
-2.848414238542318344e-03
-1.293532317504286766e-03
3.087481483817100525e-03
-3.294119960628449917e-04
-3.888425184413790703e-03
1.173724085674621165e-04
-1.672739745117723942e-03
1.806221203878521919e-03
6.738186348229646683e-04
-3.519611433148384094e-03
1.866599777713418007e-03
2.573203528299927711e-03
-2.934448653832077980e-03
-2.471972256898880005e-03
-6.391009665094316006e-04
3.366174409165978432e-03
-3.899636212736368179e-03
-2.799889771267771721e-03
-1.307692029513418674e-03
3.383235540241003036e-03
1.947725075297057629e-03
2.238540910184383392e-03
3.050148719921708107e-03
-2.140498952940106392e-03
1.437306287698447704e-03
2.601380925625562668e-03
-1.041072071529924870e-03
2.753870212472975254e-04
-3.076185937970876694e-03
-3.448371309787034988e-03
1.082070171833038330e-03
-1.673830905929207802e-03
3.802435912803048268e-06
-1.630800310522317886e-03
1.742617227137088776e-03
1.054752501659095287e-03
-3.886196995154023170e-03
-1.862996490672230721e-03
3.904254408553242683e-03
5.323528894223272800e-04
7.021015044301748276e-04
1.631715334951877594e-03
1.586035708896815777e-03
-2.172470092773437500e-03
2.645198255777359009e-03
-2.076022326946258545e-03
2.239811467006802559e-03
3.064231248572468758e-03
-3.635676344856619835e-03
-4.332810640335083008e-04
-1.475306053180247545e-04
-2.558792242780327797e-03
3.839377313852310181e-03
-3.193874610587954521e-03
2.985552884638309479e-03
1.561871264129877090e-03
-1.365816919133067131e-03
-2.002449007704854012e-03
-2.317158738151192665e-03
-1.705536036752164364e-03
-1.930253347381949425e-03
2.422115299850702286e-03
-2.161610638722777367e-03
1.973192411242052913e-05
-2.377616008743643761e-03
3.845797386020421982e-03
2.852417761459946632e-03
-2.080869162455201149e-03
2.689819550141692162e-03
2.545376308262348175e-03
7.330270600505173206e-04
-2.019633306190371513e-03
2.190225990489125252e-03
-1.255308627150952816e-03
3.648139070719480515e-03
-3.104632021859288216e-03
-1.208749250508844852e-03
1.643523806706070900e-03
-3.076050430536270142e-03
1.060831709764897823e-05
1.955349463969469070e-03
1.982354791834950447e-03
-2.594517311081290245e-03
1.296825590543448925e-03
3.689632052555680275e-03
2.698061289265751839e-03
2.448306418955326080e-03
2.803456503897905350e-03
2.045284956693649292e-03
-5.310921114869415760e-04
1.230616122484207153e-03
2.958435332402586937e-03
-4.708929918706417084e-04
1.991741737583652139e-04
-1.212731236591935158e-03
2.157559385523200035e-03
-2.267220523208379745e-03
2.601695246994495392e-03
-1.016976661048829556e-03
1.857618335634469986e-03
4.108886641915887594e-04
1.003332436084747314e-03
9.723310358822345734e-04
-1.178228878416121006e-03
3.192834556102752686e-03
2.772641833871603012e-03
-1.682178233750164509e-03
-3.193134674802422523e-03
1.184953493066132069e-03
-3.024182748049497604e-03
2.989493543282151222e-03
3.435263177379965782e-03
1.877675415016710758e-03
2.024976070970296860e-03
4.379433230496942997e-04
1.405801594955846667e-04
-2.249977318570017815e-03
2.589810173958539963e-03
-1.428131246939301491e-03
-2.891337266191840172e-03
2.462360309436917305e-03
-3.497889731079339981e-03
1.072590472176671028e-03
-2.691882429644465446e-03
-3.589127911254763603e-03
-2.718055387958884239e-03
8.505349978804588318e-04
-3.036109497770667076e-03
-3.437264589592814445e-03
-2.339605707675218582e-03
3.685753326863050461e-03
-2.100626239553093910e-03
-2.745929872617125511e-03
-1.213516108691692352e-03
1.347214099951088428e-03
-1.526461215689778328e-03
-2.645859494805335999e-03
-1.904127188026905060e-03
1.536859199404716492e-03
-3.236785996705293655e-04
-3.392325015738606453e-03
-3.491331357508897781e-03
5.753041477873921394e-04
2.119308803230524063e-03
2.483166987076401711e-03
-5.507453461177647114e-04
-3.435698337852954865e-03
3.563381265848875046e-03
3.303368110209703445e-03
-2.295510377734899521e-03
-2.577177016064524651e-03
-1.066463068127632141e-03
-3.623789874836802483e-03
-1.701486413367092609e-03
-9.732734761200845242e-04
3.581038676202297211e-03
3.942114417441189289e-04
2.326273359358310699e-03
1.017511749523691833e-04
1.181301544420421124e-03
-5.242514307610690594e-04
1.853151479735970497e-03
1.838085940107703209e-03
-1.617680652998387814e-03
-1.084216171875596046e-03
-6.702841492369771004e-04
-3.046346537303179502e-04
1.585271558724343777e-03
-5.111566861160099506e-04
-3.228132845833897591e-03
-1.938216155394911766e-03
3.239932935684919357e-03
-1.519705518148839474e-03
1.734743593260645866e-03
-2.377448137849569321e-03
-3.701693844050168991e-03
8.843797259032726288e-04
-1.350940088741481304e-03
-2.101163147017359734e-03
-2.522678114473819733e-03
1.744776149280369282e-03
2.544404705986380577e-03
-2.555029001086950302e-03
2.651615533977746964e-03
2.816062886267900467e-03
-4.697711556218564510e-04
-6.328143063001334667e-04
6.177790928632020950e-04
-1.974908635020256042e-03
-3.162571461871266365e-03
3.518729470670223236e-03
1.457606907933950424e-03
-3.398755099624395370e-03
-7.096239132806658745e-04
3.189220093190670013e-03
-3.837372176349163055e-03
2.485617296770215034e-03
-1.218272140249609947e-03
3.012399654835462570e-03
2.487041754648089409e-03
1.942610484547913074e-03
-1.077216002158820629e-03
1.119100954383611679e-03
1.436121645383536816e-03
1.311720407102257013e-04
1.509345485828816891e-03
4.284770984668284655e-04
-3.140407497994601727e-04
1.626382931135594845e-03
-2.340359380468726158e-03
-1.659279689192771912e-03
3.901431104168295860e-03
-9.855934185907244682e-04
6.257899804040789604e-04
-3.124648472294211388e-03
-2.481149043887853622e-03
1.169355702586472034e-03
2.998406300321221352e-03
1.037054789776448160e-05
-2.206575663876719773e-05
-2.809617202728986740e-03
-4.259020715835504234e-05
3.131984034553170204e-03
-1.072172308340668678e-03
-8.658866281621158123e-04
3.770305076614022255e-03
2.166274702176451683e-03
-2.469741739332675934e-03
-1.505044521763920784e-03
-1.195318880490958691e-03
3.377913031727075577e-03
-7.415838772431015968e-04
3.104992909356951714e-03
