2.566307783126831055e-03
-1.411858364008367062e-03
2.649617614224553108e-03
2.828494412824511528e-03
-8.338994812220335007e-04
-7.241111597977578640e-04
1.411790261045098305e-03
-2.741547767072916031e-03
3.801356535404920578e-03
-3.821350866928696632e-03
-2.537010237574577332e-03
1.089612138457596302e-03
2.519547007977962494e-03
-2.095249714329838753e-03
1.075737294740974903e-03
3.571762470528483391e-03
-2.665731590241193771e-03
-2.388053573668003082e-03
-1.950531383045017719e-03
-1.442023902200162411e-03
7.194787031039595604e-04
3.792929463088512421e-03
2.519204514101147652e-03
1.563532860018312931e-04
9.666027035564184189e-04
3.299047006294131279e-03
3.567358478903770447e-03
2.195328008383512497e-03
2.327179769054055214e-03
-2.976552350446581841e-03
-1.493906602263450623e-03
-2.221988979727029800e-03
2.420391421765089035e-03
-8.819255745038390160e-04
-3.433452220633625984e-03
2.977400086820125580e-03
3.282475518062710762e-03
-1.294413697905838490e-03
3.562282305210828781e-03
-2.903137356042861938e-04
-1.418002415448427200e-03
-1.562059333082288504e-04
8.032320329220965505e-05
-1.367202494293451309e-03
1.097960514016449451e-03
2.236252417787909508e-03
2.686905907467007637e-03
-3.485743654891848564e-03
-8.516903617419302464e-04
-2.140892902389168739e-03
2.941678743809461594e-03
2.538996981456875801e-03
-1.702412497252225876e-03
9.113604319281876087e-04
-2.328724367544054985e-03
9.237620542990043759e-05
3.699227701872587204e-03
-1.018852228298783302e-03
-2.025654772296547890e-03
-2.884943038225173950e-03
-1.140317996032536030e-03
-3.356886154506355524e-04
1.383786671794950962e-03
3.803429426625370979e-03
-1.331360079348087311e-03
7.425145013257861137e-04
3.782470244914293289e-03
6.098017329350113869e-04
3.895315458066761494e-04
3.826807485893368721e-03
3.633780172094702721e-03
3.011084627360105515e-03
-2.415293129161000252e-03
3.899335628375411034e-03
2.292954362928867340e-03
3.547738073393702507e-03
-7.790257222950458527e-04
1.306219841353595257e-03
2.666089450940489769e-03
-1.516627147793769836e-03
2.597209764644503593e-03
9.996632579714059830e-04
3.644727170467376709e-03
-1.180397928692400455e-03
-1.213462557643651962e-03
2.439025091007351875e-03
-3.544481704011559486e-03
-2.839925698935985565e-03
-2.540870336815714836e-03
-2.930937334895133972e-04
-9.270258597098290920e-04
2.667358145117759705e-03
3.603356890380382538e-03
-3.590926353354007006e-04
5.569435888901352882e-04
7.937023765407502651e-04
-7.927996339276432991e-04
-3.135059494525194168e-03
2.913101343438029289e-03
-1.678606960922479630e-03
1.780059887096285820e-03
3.550136694684624672e-03
1.189133385196328163e-03
1.232141279615461826e-03
1.588640618138015270e-03
-1.057155663147568703e-03
1.498319790698587894e-03
1.380977919325232506e-04
2.197281690314412117e-03
2.144895028322935104e-03
7.055142777971923351e-04
2.242387970909476280e-03
-3.503861371427774429e-03
2.568436553701758385e-03
3.601557342335581779e-03
-1.643610885366797447e-03
6.327007431536912918e-04
-2.038631588220596313e-03
4.147852305322885513e-04
1.088329590857028961e-03
3.188028233125805855e-03
2.183936012443155050e-04
1.002883771434426308e-03
5.093250656500458717e-04
3.295492380857467651e-03
-2.229335950687527657e-03
-2.443324541673064232e-03
-1.419300679117441177e-03
-8.913729107007384300e-04
1.967320684343576431e-03
-3.176125930622220039e-03
-1.111504272557795048e-03
-3.202074673026800156e-03
2.014311496168375015e-03
-1.008414314128458500e-03
-3.542677499353885651e-03
1.591203268617391586e-03
3.522654995322227478e-03
-1.189720002003014088e-03
-2.279497450217604637e-03
1.185956760309636593e-03
-1.588916784385219216e-04
-3.904598066583275795e-03
3.290697466582059860e-03
-2.867473755031824112e-03
-1.925100455991923809e-03
-1.041599665768444538e-03
-2.133074216544628143e-03
6.674171308986842632e-04
3.797835437580943108e-03
1.778108533471822739e-03
3.166619455441832542e-03
-1.831081899581477046e-04
2.501276030670851469e-04
-1.045292010530829430e-03
-3.430944867432117462e-03
1.344281947240233421e-03
8.180955192074179649e-04
-3.687116317451000214e-03
-1.941266120411455631e-03
-3.809352871030569077e-03
-2.234153449535369873e-03
1.591406995430588722e-03
3.381865797564387321e-03
1.611981657333672047e-03
9.401824790984392166e-04
3.180116415023803711e-03
-4.255626699887216091e-04
-5.415301420725882053e-04
-3.417685860767960548e-03
-5.138327105669304729e-05
-1.003127777948975563e-03
1.441632048226892948e-04
2.847907599061727524e-03
-2.756247064098715782e-03
-1.539438497275114059e-03
-2.611516974866390228e-03
-1.386332325637340546e-03
-1.290523447096347809e-03
8.396692574024200439e-04
1.305646495893597603e-03
-1.934426021762192249e-03
-1.779289101250469685e-03
4.403847851790487766e-04
2.132951281964778900e-03
2.105139195919036865e-03
-1.159833976998925209e-03
-1.668423879891633987e-03
-2.196742920204997063e-03
-2.182848256779834628e-04
7.591234170831739902e-04
5.918310489505529404e-04
2.881792606785893440e-03
-1.072065788321197033e-03
-2.252231570309959352e-05
-2.165770158171653748e-03
-4.509960417635738850e-04
-3.017325187101960182e-03
-3.711116733029484749e-04
5.091907805763185024e-04
-3.370214486494660378e-03
3.421428613364696503e-03
-3.595866030082106590e-03
-3.764447523280978203e-03
-3.323301672935485840e-03
2.861623885110020638e-03
2.133268164470791817e-03
3.617115085944533348e-03
1.005014055408537388e-03
3.271974273957312107e-04
-9.894480463117361069e-04
3.657122375443577766e-03
1.077996799722313881e-03
1.598356175236403942e-03
-4.726745828520506620e-04
3.520941827446222305e-04
2.593127312138676643e-03
-2.810518781188875437e-04
1.303114811889827251e-03
-2.704529033508151770e-04
2.052676863968372345e-03
1.425684662535786629e-03
1.012075110338628292e-03
-2.081871731206774712e-03
-1.840001437813043594e-03
1.681711408309638500e-03
-2.313488628715276718e-03
-6.669793219771236181e-05
-2.481258125044405460e-04
1.363387564197182655e-03
-3.311590990051627159e-03
3.445361740887165070e-03
-5.678557208739221096e-04
-2.081609796732664108e-03
1.590048777870833874e-03
-7.597109070047736168e-04
-3.037722548469901085e-03
-1.764591783285140991e-03
-1.522264064988121390e-04
-3.493817057460546494e-03
2.256927691632881761e-04
9.521575411781668663e-04
-1.258413190953433514e-03
9.980633622035384178e-04
9.687556885182857513e-04
3.902113763615489006e-03
5.613798275589942932e-04
7.922593504190444946e-04
1.083772629499435425e-03
-8.170275250449776649e-04
-3.404165850952267647e-03
3.139900043606758118e-03
-7.710855570621788502e-04
-3.786985296756029129e-03
-2.565570874139666557e-03
-1.540653058327734470e-03
