-2.039478393271565437e-03
6.323443376459181309e-04
-3.680325346067547798e-03
2.245719544589519501e-03
-1.201329170726239681e-03
1.093766302801668644e-03
1.614767010323703289e-03
1.881233416497707367e-03
-1.472854492021724582e-04
2.419004449620842934e-03
2.712888875976204872e-03
3.370873862877488136e-03
2.917678095400333405e-03
-1.600167131982743740e-03
-1.965665956959128380e-03
-1.374502200633287430e-03
-7.827052613720297813e-04
-4.899669438600540161e-04
1.044093281961977482e-03
-9.171794517897069454e-04
-3.628388047218322754e-03
3.842361038550734520e-03
-2.965639112517237663e-03
1.437938888557255268e-03
-1.521971193142235279e-03
3.358737798407673836e-03
1.244927640073001385e-03
-3.846841398626565933e-03
2.384069608524441719e-03
3.745489753782749176e-03
2.637931320350617170e-04
-2.732058055698871613e-03
1.338046393357217312e-03
8.994382224045693874e-04
-3.752741031348705292e-03
-4.396406002342700958e-04
-3.700484521687030792e-03
1.347619545413181186e-04
-1.403881353326141834e-03
2.899233018979430199e-03
1.435896498151123524e-03
-6.904844194650650024e-04
-3.585873171687126160e-03
2.756335074082016945e-03
1.693128724582493305e-04
-3.108395030722022057e-03
1.296826405450701714e-03
-1.524766325019299984e-03
1.238289405591785908e-03
2.747949911281466484e-03
-1.252409788321529049e-06
6.851089419797062874e-04
2.785542281344532967e-03
2.800713991746306419e-03
1.722224056720733643e-03
3.125605639070272446e-03
-3.559052478522062302e-03
2.549401717260479927e-03
1.180133200250566006e-03
3.413730300962924957e-03
7.461654604412615299e-04
3.125748597085475922e-03
3.608112223446369171e-03
-2.266474999487400055e-03
1.103337504900991917e-03
-1.370223239064216614e-03
-3.496607299894094467e-03
-1.847900333814322948e-03
-1.291475840844213963e-03
3.360771806910634041e-03
-9.487402858212590218e-04
-3.294156165793538094e-03
2.442939672619104385e-03
2.901443280279636383e-03
-2.797148656100034714e-03
-9.441248839721083641e-04
2.141898730769753456e-03
-3.380061360076069832e-03
3.562603844329714775e-03
-3.047076053917407990e-03
2.318849787116050720e-03
-2.366831060498952866e-03
-6.883961032144725323e-04
2.513811225071549416e-03
-2.942813793197274208e-03
-2.024848945438861847e-03
6.915808771736919880e-04
1.256187562830746174e-03
-3.042881144210696220e-03
-3.093479317612946033e-04
-3.561597084626555443e-03
1.914897933602333069e-03
-3.241296391934156418e-03
2.927372232079505920e-03
5.908188177272677422e-04
2.626291476190090179e-03
2.401067409664392471e-03
-2.261711750179529190e-03
3.015383612364530563e-03
-4.408436070661991835e-04
-3.148127812892198563e-03
2.242163987830281258e-03
1.410751603543758392e-03
-1.719831139780580997e-03
-3.291307948529720306e-03
6.310703465715050697e-04
-3.672831924632191658e-03
-3.175471676513552666e-03
1.260662684217095375e-03
-1.456712489016354084e-03
2.491338178515434265e-03
-2.952844370156526566e-03
1.109959091991186142e-03
-2.485847100615501404e-03
-2.482735086232423782e-03
-1.469071838073432446e-03
-4.661028797272592783e-04
-1.687760348431766033e-03
4.161751421634107828e-04
8.283752831630408764e-04
-1.873075379990041256e-04
-1.406018156558275223e-03
2.874401863664388657e-03
-4.768219660036265850e-04
4.045243840664625168e-04
2.463063690811395645e-03
-2.458916977047920227e-03
-2.210347680374979973e-03
1.959960674867033958e-03
-2.564491238445043564e-03
3.257025731727480888e-03
2.142179524526000023e-03
7.168378797359764576e-04
2.344486856600269675e-04
2.058624289929866791e-03
-1.766744186170399189e-03
1.857087248936295509e-03
-3.042280906811356544e-03
1.013127388432621956e-03
3.592917637433856726e-04
3.300738055258989334e-03
-3.701923647895455360e-03
-1.590158906765282154e-03
-7.576632197014987469e-04
-9.564171778038144112e-04
-1.330221770331263542e-03
3.663984825834631920e-03
2.785532968118786812e-03
2.505650045350193977e-03
6.064695771783590317e-04
2.166493562981486320e-03
-3.510519163683056831e-03
2.429454587399959564e-03
-2.405450213700532913e-03
-5.869674714631401002e-05
-1.945552416145801544e-03
3.396858228370547295e-03
-1.119748456403613091e-03
1.467790716560557485e-04
3.585820319131016731e-03
-2.240163739770650864e-04
2.510220045223832130e-03
2.724006539210677147e-03
2.372548682615160942e-03
-1.796311698853969574e-03
-1.459382358007133007e-03
1.113295671530067921e-03
-1.341246068477630615e-03
-2.595725527498871088e-05
-1.602541888132691383e-03
-1.296320231631398201e-03
2.781982067972421646e-03
-1.525345258414745331e-03
-3.661433001980185509e-03
-8.696526638232171535e-04
3.841841826215386391e-03
-1.525198109447956085e-03
2.093361457809805870e-03
1.435330370441079140e-03
1.032192143611609936e-03
-2.495744731277227402e-03
1.409403746947646141e-03
2.280305838212370872e-03
2.553911646828055382e-03
1.702624140307307243e-03
1.696288381936028600e-04
-2.615083241835236549e-03
5.662184557877480984e-04
-7.030359702184796333e-04
3.280040808022022247e-03
1.973596954485401511e-05
-1.464644214138388634e-03
-8.384597022086381912e-04
2.184201497584581375e-03
-3.860733006149530411e-03
2.694627270102500916e-03
-8.282424532808363438e-04
3.461750457063317299e-03
-1.774695352651178837e-03
-2.981164492666721344e-03
-2.409771084785461426e-03
-2.216723281890153885e-03
2.485046163201332092e-03
3.438581916270777583e-05
-1.174885663203895092e-03
8.132967050187289715e-04
-5.559342098422348499e-04
2.531485399231314659e-03
3.340670140460133553e-03
2.295285230502486229e-03
-1.865513506345450878e-03
-3.613904118537902832e-05
-4.421685007400810719e-04
-3.736782819032669067e-03
1.997006358578801155e-03
3.172651166096329689e-03
2.248040167614817619e-03
2.678242512047290802e-03
-3.655263688415288925e-03
3.450332907959818840e-03
-3.203459549695253372e-03
1.059500966221094131e-03
-1.233783783391118050e-03
-2.827321179211139679e-03
2.107155276462435722e-03
1.922496012412011623e-03
2.473167143762111664e-03
9.966252837330102921e-04
-8.434827032033354044e-05
3.652693005278706551e-03
-3.792237024754285812e-03
-1.020601135678589344e-03
2.568627241998910904e-03
-4.577344225253909826e-04
-3.865103237330913544e-03
-1.888810889795422554e-03
-1.615230226889252663e-03
-3.042640630155801773e-03
-3.715074853971600533e-03
-1.334051252342760563e-03
-8.802138036116957664e-04
-7.744217873550951481e-04
1.588879502378404140e-03
2.294288016855716705e-03
3.006779821589589119e-03
-2.743569901213049889e-03
5.780412466265261173e-04
7.152206380851566792e-04
1.565216807648539543e-03
-3.732800483703613281e-03
1.055342028848826885e-03
-2.319116378203034401e-03
6.739880191162228584e-04
-3.114517778158187866e-03
1.100548979593440890e-04
-3.644234966486692429e-03
