-2.855056482076179236e-05
-3.877399023622274399e-03
2.527977107092738152e-03
3.611894324421882629e-03
3.168432973325252533e-03
3.902032505720853806e-03
-3.599560819566249847e-03
3.646266879513859749e-03
-1.098846434615552425e-03
3.854243783280253410e-03
4.464706289581954479e-04
-2.977670636028051376e-03
-1.804620376788079739e-03
2.339810365810990334e-03
-1.243961160071194172e-03
-5.138767301104962826e-04
2.943626372143626213e-03
1.411918085068464279e-03
2.533106599003076553e-03
4.067205736646428704e-05
-4.357846919447183609e-04
-3.620156086981296539e-03
-2.653113100677728653e-03
3.296300768852233887e-03
-1.608034828677773476e-03
1.704683527350425720e-03
-2.092418260872364044e-03
-5.215210840106010437e-04
-3.408708143979310989e-03
-3.578945994377136230e-03
-1.610911218449473381e-03
-2.571136457845568657e-03
-1.692179066594690084e-04
1.107284551835618913e-04
-3.220171667635440826e-03
-2.269008691655471921e-04
-1.906113931909203529e-03
-1.454326091334223747e-03
3.160010091960430145e-03
-9.593617869541049004e-04
-1.440308638848364353e-03
-1.406676135957241058e-03
-1.205306543852202594e-04
1.074474421329796314e-03
-3.658164292573928833e-03
-3.855174407362937927e-03
1.579331350512802601e-03
-1.208929345011711121e-03
1.220609061419963837e-03
-1.370819634757936001e-03
1.045949175022542477e-03
2.746259560808539391e-03
-2.797670895233750343e-03
1.964098075404763222e-03
2.275988692417740822e-03
-1.941309776157140732e-03
-1.692374004051089287e-03
-3.805922809988260269e-03
5.047005251981317997e-04
-1.723211491480469704e-03
2.381662838160991669e-03
3.248902037739753723e-03
2.510564634576439857e-03
2.429114654660224915e-03
4.537907443591393530e-05
-2.662297920323908329e-04
2.596328500658273697e-03
2.311535412445664406e-03
-2.853114856407046318e-03
-1.256274059414863586e-03
-2.282836241647601128e-03
5.833472241647541523e-04
2.953199204057455063e-03
-1.462902757339179516e-03
3.770971437916159630e-03
4.530072328634560108e-05
-2.470450010150671005e-03
3.484685672447085381e-03
-1.555120688863098621e-04
4.971388625563122332e-05
-3.301084216218441725e-04
2.934384858235716820e-03
1.106127048842608929e-03
-2.019190927967429161e-03
2.456841059029102325e-03
2.493683947250247002e-03
4.319871077314019203e-04
-1.525419531390070915e-03
3.317261580377817154e-03
3.806153836194425821e-04
1.235610456205904484e-03
-2.811897080391645432e-03
-1.130698015913367271e-03
3.014136105775833130e-03
2.195071661844849586e-03
2.957808785140514374e-03
2.524935407564043999e-03
-8.357253391295671463e-04
-2.236301312223076820e-03
3.523427061736583710e-03
2.128198742866516113e-03
-3.826857777312397957e-03
7.432155543938279152e-04
2.944022708106786013e-04
3.341855481266975403e-03
1.343145733699202538e-03
2.844388829544186592e-03
9.200212080031633377e-04
-3.724862355738878250e-03
3.852566471323370934e-03
2.858976600691676140e-03
3.533221548423171043e-03
-3.036246635019779205e-03
-7.491488358937203884e-04
3.193049458786845207e-03
2.540583023801445961e-03
3.146064002066850662e-03
-3.821459366008639336e-03
2.757817041128873825e-03
1.083968323655426502e-03
1.043703057803213596e-03
2.706719562411308289e-03
-1.556669943965971470e-03
-1.311530009843409061e-03
2.990778535604476929e-03
-2.722958335652947426e-03
-2.366059459745883942e-03
3.825216088443994522e-03
-3.119952976703643799e-03
8.261696202680468559e-04
2.998115029186010361e-03
-2.394049428403377533e-03
3.800110425800085068e-03
-2.168537350371479988e-03
-1.208076952025294304e-03
-1.732050790451467037e-03
3.183598397299647331e-03
-1.680511399172246456e-03
3.812307491898536682e-03
-3.594186622649431229e-03
1.890929852379485965e-04
3.358980407938361168e-03
3.055025590583682060e-03
-1.155246747657656670e-03
-4.892928409390151501e-04
-2.201837778557091951e-04
-3.020371368620544672e-04
3.138638567179441452e-03
3.025532700121402740e-03
-1.531795249320566654e-03
-2.893420867621898651e-03
-1.811296911910176277e-03
-1.321348943747580051e-03
1.922033145092427731e-03
-4.298536514397710562e-04
1.459346734918653965e-03
1.138609834015369415e-03
9.831778006628155708e-04
-3.412954276427626610e-03
-5.367743142414838076e-05
-2.233123406767845154e-03
-3.251876449212431908e-03
-3.015111433342099190e-03
1.147752278484404087e-03
-2.795555396005511284e-03
-1.966358395293354988e-03
-2.050989074632525444e-03
-2.546958392485976219e-03
3.348425263538956642e-03
-1.335153356194496155e-03
-3.772153286263346672e-03
1.379586174152791500e-03
-1.540597411803901196e-03
1.078249770216643810e-03
-2.281411783769726753e-03
7.753247336950153112e-05
-3.053752239793539047e-03
-2.772586420178413391e-03
3.832098329439759254e-03
-1.475021126680076122e-03
1.080580172128975391e-03
-2.853767247870564461e-03
1.552440109662711620e-03
-2.448302693665027618e-03
1.109540578909218311e-03
1.166356611065566540e-03
2.891382668167352676e-03
-2.880417276173830032e-03
-9.843715233728289604e-04
3.118061460554599762e-03
7.630469626747071743e-04
3.025779034942388535e-03
-1.636844011954963207e-03
3.558394033461809158e-03
2.163048367947340012e-03
-3.983602437074296176e-05
-3.326537262182682753e-04
2.853727899491786957e-03
1.336065353825688362e-03
3.665847703814506531e-03
-2.679607598111033440e-03
-2.116691321134567261e-03
-1.655062660574913025e-03
3.199099330231547356e-03
-3.196180798113346100e-03
-3.437576815485954285e-03
2.738528884947299957e-03
1.794795738533139229e-03
1.787557848729193211e-03
2.662932733073830605e-03
-1.016926020383834839e-03
2.325375098735094070e-03
1.489013200625777245e-03
-3.460882464423775673e-03
1.968977972865104675e-03
3.094838000833988190e-03
-3.073280910030007362e-03
1.622357289306819439e-03
-1.534192124381661415e-03
-8.660989697091281414e-04
-3.035983245354145765e-04
3.520894795656204224e-03
-1.954312669113278389e-03
-1.430042553693056107e-03
2.986438339576125145e-03
-9.731588943395763636e-05
5.544723244383931160e-04
3.812074195593595505e-03
2.902390900999307632e-03
-3.865746548399329185e-03
-1.950461766682565212e-03
3.593738365452736616e-04
7.796091376803815365e-04
-3.399442415684461594e-03
-2.953334478661417961e-03
5.243723862804472446e-04
1.441816450096666813e-03
-7.828505476936697960e-04
-2.803847193717956543e-03
-2.517426619306206703e-03
-1.111986348405480385e-03
-9.207092225551605225e-04
1.059763366356492043e-03
-2.541664289310574532e-03
-1.112355617806315422e-03
-2.106042113155126572e-03
-3.625205717980861664e-03
-2.610662020742893219e-03
-1.813081908039748669e-03
-2.631170442327857018e-03
-1.231670146808028221e-03
-1.181619009003043175e-03
2.092438749969005585e-03
-3.477963618934154510e-03
-1.572198001667857170e-03
7.496911566704511642e-04
