3.697718959301710129e-03
3.655288834124803543e-03
-1.348216464975848794e-04
8.650692761875689030e-04
-3.681531641632318497e-03
-1.623678021132946014e-03
-2.337899757549166679e-03
2.844926435500383377e-03
-6.326386355794966221e-04
-6.266456912271678448e-04
1.354153850115835667e-03
-2.398146083578467369e-03
1.464053872041404247e-03
6.755891954526305199e-04
2.708079991862177849e-03
8.732577553018927574e-04
3.202163788955658674e-04
-1.834352617152035236e-03
-5.676517030224204063e-04
-4.046850663144141436e-04
-3.013553796336054802e-03
1.997311599552631378e-03
-1.719488645903766155e-03
-5.835350020788609982e-04
-1.502745435573160648e-03
9.539333987049758434e-04
-9.364002034999430180e-04
-1.546177547425031662e-03
-7.438256288878619671e-04
2.425303449854254723e-03
1.923670410178601742e-03
-2.657586708664894104e-03
-3.327867481857538223e-03
-2.503800671547651291e-03
-1.212614006362855434e-03
2.888399641960859299e-03
1.763562555424869061e-03
1.074931467883288860e-03
-6.996672600507736206e-04
-3.398299217224121094e-03
-2.779948292300105095e-03
2.502798568457365036e-03
1.562620047479867935e-03
4.992672475054860115e-04
3.339265938848257065e-03
1.477141864597797394e-03
-7.660062401555478573e-04
2.952873939648270607e-03
2.981194760650396347e-03
1.649538753554224968e-03
-2.638663630932569504e-03
-4.240888811182230711e-04
2.658223500475287437e-03
3.408175893127918243e-03
-3.443381981924176216e-03
1.610685372725129128e-03
-2.088856883347034454e-03
5.120551795698702335e-04
3.215780598111450672e-04
3.567630890756845474e-03
6.906614871695637703e-04
2.842873800545930862e-03
2.032148884609341621e-03
-2.063273917883634567e-03
-3.532325848937034607e-03
-3.546010935679078102e-03
-5.488944589160382748e-04
-2.359893114771693945e-04
2.564700553193688393e-03
-1.923916977830231190e-03
1.500237034633755684e-03
-1.863404060713946819e-03
-2.987708430737257004e-03
1.748928916640579700e-03
1.664082286879420280e-03
-2.011205535382032394e-03
2.874978119507431984e-03
-8.235762361437082291e-04
2.348769688978791237e-03
-2.963858656585216522e-03
-1.096748048439621925e-03
-1.702773035503923893e-03
2.714059315621852875e-03
2.988835622090846300e-04
-3.191474126651883125e-03
1.711526303552091122e-03
-2.563214395195245743e-03
-1.310292718699201941e-04
1.948814722709357738e-03
-1.120818196795880795e-03
-8.262113551609218121e-04
3.901394549757242203e-03
-2.320170402526855469e-03
-1.801118836738169193e-03
1.555753988213837147e-04
1.133620971813797951e-03
-2.542830538004636765e-03
1.130187534727156162e-03
-1.619088696315884590e-03
-1.796767173800617456e-04
2.048014197498559952e-03
-2.125514671206474304e-03
3.290727734565734863e-03
-3.609120380133390427e-03
1.609651604667305946e-03
-9.590410627424716949e-04
3.781592706218361855e-03
-9.031007066369056702e-04
3.618543734773993492e-03
3.627780126407742500e-03
-1.896397559903562069e-03
-1.394329243339598179e-03
-9.655404137447476387e-04
3.791415831074118614e-03
-3.532633651047945023e-03
1.514414907433092594e-03
-3.286439226940274239e-03
-9.577494347468018532e-04
-1.738488674163818359e-03
-1.793625880964100361e-03
-2.267742762342095375e-03
-2.304666209965944290e-03
2.911596791818737984e-03
-2.028608927503228188e-03
3.303216304630041122e-03
2.911437302827835083e-03
-2.997645409777760506e-03
1.865899772383272648e-03
1.335077104158699512e-04
1.060032402165234089e-03
-2.653595292940735817e-03
-1.090936246328055859e-03
-3.307814185973256826e-04
1.335487700998783112e-03
-4.054273013025522232e-04
3.257188480347394943e-03
3.866752376779913902e-03
-3.802221966907382011e-03
-5.785761750303208828e-04
9.895976400002837181e-04
3.136442042887210846e-03
-2.894464647397398949e-03
1.588383223861455917e-03
3.674959065392613411e-03
7.977338827913627028e-05
1.713023666525259614e-04
2.635237760841846466e-03
3.050500294193625450e-03
4.251547507010400295e-04
-1.919250353239476681e-03
5.874130874872207642e-04
1.273653819225728512e-03
-6.311807082965970039e-04
2.746645361185073853e-03
7.684480515308678150e-04
-3.861375153064727783e-03
-3.717723011504858732e-04
-7.909585838206112385e-04
-9.549168753437697887e-04
-1.790902460925281048e-04
-2.492913044989109039e-03
-2.765896730124950409e-03
-1.394034625263884664e-04
-3.260411089286208153e-03
-3.263229737058281898e-03
3.452740376815199852e-03
-9.702927200123667717e-04
3.434742568060755730e-03
1.957044471055269241e-03
-7.916635513538494706e-05
1.668800367042422295e-03
-3.392224898561835289e-03
2.741392701864242554e-03
3.135063452646136284e-03
3.451140597462654114e-03
-2.196506364271044731e-03
-9.216977632604539394e-04
-3.320438321679830551e-03
1.964608905836939812e-03
-2.455110894516110420e-03
3.290977794677019119e-03
-2.535594161599874496e-03
1.874576555564999580e-03
-2.684855135157704353e-03
1.170379575341939926e-03
-8.457763469778001308e-04
1.049023587256669998e-03
-1.047306228429079056e-03
-2.988224849104881287e-03
-1.884209341369569302e-03
9.168845135718584061e-04
-2.799527719616889954e-03
-3.737297840416431427e-03
-9.850909700617194176e-04
5.058262613601982594e-04
-1.896707108244299889e-03
-3.651510691270232201e-03
-4.986749263480305672e-04
-2.987572457641363144e-03
2.071516588330268860e-03
-7.338034338317811489e-04
-3.265758641646243632e-05
-3.790184622630476952e-03
1.472973613999783993e-03
-2.756235655397176743e-03
2.703280420973896980e-03
-2.933181531261652708e-04
-1.218876452185213566e-03
-7.315217517316341400e-04
1.876633963547646999e-03
-3.873188979923725128e-03
-2.085170010104775429e-03
1.034116488881409168e-03
-2.663130406290292740e-03
1.106817624531686306e-03
-1.979353139176964760e-03
1.232062932103872299e-03
3.855315502732992172e-03
-2.864909823983907700e-03
3.859360702335834503e-03
2.905612112954258919e-03
3.936459543183445930e-04
7.693489169469103217e-05
1.951477956026792526e-03
3.650688799098134041e-03
-7.136082858778536320e-04
-2.595213707536458969e-03
3.911497187800705433e-04
-2.709480468183755875e-03
-3.838627832010388374e-03
2.928126486949622631e-04
9.590355912223458290e-04
-3.456309786997735500e-04
-2.782527124509215355e-03
-3.228003624826669693e-03
-3.690829616971313953e-04
3.787789028137922287e-03
2.075121738016605377e-04
-2.253931947052478790e-03
1.718959189020097256e-03
-2.061675768345594406e-03
-1.359818706987425685e-04
-3.161401487886905670e-03
-1.058526802808046341e-03
-7.242348510771989822e-04
3.150069154798984528e-03
-3.541197394952178001e-03
-1.214728399645537138e-05
-2.820346504449844360e-03
8.173123933374881744e-04
-6.640916108153760433e-04
2.612940268591046333e-03
2.686904743313789368e-03
1.888895494630560279e-04
-3.339644055813550949e-03
-3.617935813963413239e-03
