-3.392053302377462387e-03
-1.697646570391952991e-03
-1.306288049818249419e-05
3.853946225717663765e-03
-2.528451848775148392e-03
-2.506312914192676544e-03
3.799392143264412880e-03
-2.304956084117293358e-03
3.619086463004350662e-03
1.552214496769011021e-03
-3.251865273341536522e-03
3.397637745365500450e-03
-1.369081786833703518e-03
-1.999963074922561646e-03
-1.452735014026984572e-04
-1.521082478575408459e-03
3.781938459724187851e-03
-1.065470394678413868e-03
-3.229837864637374878e-03
8.303526556119322777e-06
-3.186469199135899544e-03
-7.954104803502559662e-04
-1.843201578594744205e-03
-3.250748384743928909e-03
-3.382919821888208389e-03
3.751853946596384048e-03
-1.584781217388808727e-03
-2.472845138981938362e-03
-1.280604628846049309e-03
-8.828969293972477317e-05
3.086229553446173668e-03
1.041693147271871567e-03
2.394263399764895439e-03
-2.814373001456260681e-03
1.479609054513275623e-03
2.664075698703527451e-03
1.424844725988805294e-03
9.489869116805493832e-04
8.448196458630263805e-04
1.771368551999330521e-03
-3.414085600525140762e-03
1.793059404008090496e-03
-2.660639351233839989e-03
2.545909024775028229e-03
-3.166181501001119614e-03
-5.707600503228604794e-04
-2.981350524351000786e-03
2.181250834837555885e-03
2.896653255447745323e-03
-3.165971953421831131e-03
-8.805008837953209877e-04
-8.236225694417953491e-04
2.551726298406720161e-03
-2.696166047826409340e-03
-2.366221044212579727e-03
3.339177463203668594e-03
3.720836539287120104e-04
-2.274949336424469948e-03
-1.434623380191624165e-03
3.510627662762999535e-03
3.495773766189813614e-03
-5.731138517148792744e-04
-1.554843271151185036e-03
-2.186930971220135689e-03
2.677062060683965683e-03
-3.850327571853995323e-03
-3.251397516578435898e-03
3.586536739021539688e-03
-3.587788203731179237e-03
1.537807402200996876e-03
3.724476788192987442e-03
-2.581241307780146599e-03
8.907573064789175987e-04
-2.760224509984254837e-03
-2.348854206502437592e-03
-3.468001959845423698e-03
-1.048419158905744553e-03
-3.861998906359076500e-03
-3.334993729367852211e-03
-2.128235297277569771e-03
3.413130296394228935e-03
-7.028695545159280300e-04
-1.229594694450497627e-03
3.379924455657601357e-03
1.269487664103507996e-03
3.585992148146033287e-03
-5.846406565979123116e-04
-3.656846005469560623e-03
3.335343673825263977e-03
3.585902275517582893e-03
-2.671278547495603561e-03
-3.856523544527590275e-04
-3.873314708471298218e-03
-2.644907450303435326e-03
1.654392923228442669e-03
3.534627612680196762e-03
2.569428412243723869e-03
1.505251275375485420e-04
-1.812782138586044312e-03
3.556305891834199429e-04
-2.531093312427401543e-03
-2.350817667320370674e-03
2.956341020762920380e-03
-4.303979512769728899e-04
1.702031586319208145e-03
2.289117081090807915e-03
-8.100135019049048424e-04
3.514251438900828362e-03
-1.566791324876248837e-03
3.969214449170976877e-04
4.038874176330864429e-04
3.376869135536253452e-04
3.613845678046345711e-03
2.508233767002820969e-03
2.495478140190243721e-03
-2.912184223532676697e-03
-8.070864714682102203e-04
-5.230660317465662956e-04
2.710660686716437340e-03
-3.092242171987891197e-03
3.369058016687631607e-03
-1.808006782084703445e-03
2.699067117646336555e-03
-2.718968316912651062e-03
3.028365783393383026e-03
1.449452131055295467e-03
-3.838765667751431465e-03
2.874557394534349442e-04
-1.255405950360000134e-03
-2.315271267434582114e-04
-9.772201301530003548e-04
-3.550120163708925247e-03
3.658875590190291405e-03
-1.310368068516254425e-03
-4.222521383780986071e-04
-4.509984864853322506e-04
2.338698599487543106e-03
-9.741379471961408854e-05
-3.504184714984148741e-04
-1.028118567774072289e-04
-1.934842090122401714e-03
-9.311814210377633572e-04
2.070986432954668999e-03
-1.755471457727253437e-03
-3.062134608626365662e-03
1.907913101604208350e-04
4.930958966724574566e-04
-3.354268148541450500e-03
1.528674503788352013e-03
1.322863041423261166e-03
2.077750628814101219e-03
-3.110831836238503456e-03
-3.059610025957226753e-03
-3.367165336385369301e-03
-5.013170884922146797e-04
-3.221093211323022842e-03
7.744358736090362072e-04
-3.053945023566484451e-03
-1.022229203954339027e-03
-1.804903964512050152e-03
-3.569967113435268402e-03
-2.664899686351418495e-03
2.086601685732603073e-03
-1.409329357556998730e-03
4.972103633917868137e-04
7.206411828519776464e-05
2.559351967647671700e-03
7.621123222634196281e-04
3.171441785525530577e-04
-3.882822929881513119e-04
7.437723688781261444e-04
1.827250234782695770e-03
4.454627342056483030e-04
-1.388710341416299343e-03
1.298033632338047028e-03
5.391507293097674847e-04
3.727599047124385834e-03
2.344649983569979668e-03
-8.386961417272686958e-04
1.910650404170155525e-03
1.524682738818228245e-03
-1.298443239647895098e-04
-4.186687147011980414e-05
-3.135996172204613686e-03
2.557656960561871529e-03
7.319274009205400944e-04
2.350557828322052956e-03
3.020643198397010565e-04
-3.137222956866025925e-03
6.042215391062200069e-04
1.713818986900150776e-03
-1.230727531947195530e-03
-2.527233678847551346e-03
3.189447103068232536e-03
-3.307636827230453491e-03
3.263376187533140182e-03
2.558703999966382980e-03
2.710070693865418434e-03
2.260695910081267357e-03
8.521704003214836121e-04
-3.036478534340858459e-03
6.428011602110927925e-06
6.697750068269670010e-04
-2.659307327121496201e-03
-2.632534597069025040e-03
-1.493939664214849472e-03
1.389246754115447402e-04
-3.074608044698834419e-03
-1.747772912494838238e-03
2.753697102889418602e-03
3.750733565539121628e-03
3.178080660291016102e-04
-2.027524868026375771e-03
-2.493299311026930809e-03
-2.555493963882327080e-03
8.548818295821547508e-04
-1.667873817496001720e-03
-2.321541105629876256e-04
-2.176830079406499863e-03
-3.732419805601239204e-03
1.360348775051534176e-03
1.317564892815425992e-04
-2.705993596464395523e-03
-5.820877267979085445e-04
-2.687314408831298351e-04
-2.773343585431575775e-04
-1.867895829491317272e-03
1.680140121607109904e-04
-3.889538056682795286e-04
2.718327101320028305e-03
1.809019828215241432e-03
-2.271624980494379997e-03
-7.624870631843805313e-04
-5.414371262304484844e-04
3.405598225072026253e-03
-2.123833110090345144e-04
-2.538118744269013405e-03
-3.269931301474571228e-03
-3.730152093339711428e-04
2.666549989953637123e-04
2.031519310548901558e-03
-1.308721490204334259e-03
6.794318323954939842e-05
-2.274793805554509163e-03
-2.156500006094574928e-03
2.080672420561313629e-03
-2.010370808420702815e-04
3.333723172545433044e-03
-2.814306644722819328e-03
-1.506529632024466991e-03
-2.052680589258670807e-03
3.214855911210179329e-03
1.303241006098687649e-03
1.778997713699936867e-03
1.619823276996612549e-03
-3.670447506010532379e-03
