3.707727650180459023e-03
-3.316866466775536537e-03
1.856158021837472916e-03
2.949457615613937378e-03
2.160436706617474556e-03
4.181011172477155924e-04
1.653922605328261852e-03
-3.436122322455048561e-03
3.422850859351456165e-04
-7.380006718449294567e-04
-1.411516335792839527e-03
2.814676612615585327e-03
-1.762729487381875515e-03
-7.356524583883583546e-04
-5.398782086558640003e-04
3.744959132745862007e-03
-1.837631425587460399e-04
3.076884313486516476e-04
2.509118523448705673e-03
-3.117804415524005890e-03
-3.007433144375681877e-03
2.016394573729485273e-04
-1.950761303305625916e-03
2.615989651530981064e-03
-2.409930573776364326e-03
1.409889897331595421e-03
6.826111348345875740e-04
7.514187018387019634e-04
2.803980605676770210e-03
-2.659387420862913132e-03
-3.419125452637672424e-03
-2.249081153422594070e-03
1.821351237595081329e-03
2.165557118132710457e-03
-4.099960497114807367e-04
2.582780434750020504e-04
2.291135955601930618e-03
1.541148289106786251e-03
-4.502508963923901320e-04
3.719714586623013020e-04
-3.546977415680885315e-03
1.545061590149998665e-03
3.133225254714488983e-03
-8.905173745006322861e-04
7.275898824445903301e-04
6.694225012324750423e-04
1.830252935178577900e-03
3.044137964025139809e-03
-2.632615854963660240e-03
-2.954763360321521759e-03
1.729468931443989277e-03
3.002204466611146927e-03
3.180295694619417191e-03
-1.785328931873664260e-04
-1.782468403689563274e-03
2.317785751074552536e-03
3.205405082553625107e-03
-3.153651952743530273e-03
-3.563788719475269318e-03
-3.361414885148406029e-03
7.090154103934764862e-04
-4.120993544347584248e-04
-4.782071628142148256e-04
-7.817926234565675259e-04
-1.478436170145869255e-03
-3.194975433871150017e-03
-1.916071982122957706e-03
4.702953156083822250e-04
3.819624427706003189e-03
-1.371972379274666309e-03
3.882381133735179901e-03
2.442750846967101097e-03
1.114316983148455620e-03
-2.019500592723488808e-03
-2.383943647146224976e-03
-3.828191198408603668e-03
-2.051862189546227455e-03
6.114304997026920319e-04
9.708782890811562538e-04
5.421048845164477825e-04
-3.845650004222989082e-03
-3.037797054275870323e-03
-5.263853236101567745e-04
2.233992097899317741e-03
-3.555756062269210815e-03
2.041625790297985077e-03
-2.578598214313387871e-03
2.600765787065029144e-03
3.358768764883279800e-03
1.873326371423900127e-03
2.127512590959668159e-03
-1.675394712947309017e-03
4.788936930708587170e-04
3.198907012119889259e-03
6.481346790678799152e-04
-2.222211565822362900e-03
2.834456041455268860e-03
2.880219602957367897e-03
1.665727817453444004e-03
1.675581093877553940e-03
3.751419018954038620e-03
-3.547934349626302719e-03
-9.784959256649017334e-04
2.496650675311684608e-03
-1.755169127136468887e-03
-1.866221195086836815e-03
-1.842141966335475445e-03
1.241326535819098353e-04
3.701155539602041245e-03
8.771722059464082122e-05
-1.913771149702370167e-03
-1.401377143338322639e-03
3.417848376557230949e-03
9.915750706568360329e-04
-1.622017007321119308e-03
-6.497780559584498405e-04
3.470065072178840637e-03
-2.065896987915039062e-03
3.005557926371693611e-03
3.242338425479829311e-04
-1.903466647490859032e-03
-1.252852613106369972e-03
2.268872456625103951e-03
3.381511429324746132e-03
3.757531289011240005e-03
-8.430616580881178379e-04
-1.087226090021431446e-03
-9.676363551989197731e-04
-2.776736160740256310e-03
1.988517818972468376e-03
-1.655907370150089264e-03
-1.953665865585207939e-03
-2.361910417675971985e-03
1.823611208237707615e-03
2.149314852431416512e-03
3.789237700402736664e-03
3.064529271796345711e-03
3.578077303245663643e-03
8.618356077931821346e-04
-6.801720010116696358e-04
1.498266938142478466e-04
-3.105295123532414436e-03
8.313412545248866081e-04
3.853986738249659538e-03
6.777889211662113667e-04
1.147866947576403618e-03
4.683774895966053009e-04
1.927663804963231087e-03
-2.908975118771195412e-03
-3.059687558561563492e-03
-1.988033531233668327e-03
-1.901297015137970448e-03
2.412736881524324417e-03
3.873196663334965706e-03
3.589242987800389528e-04
-3.480820218101143837e-03
3.732628189027309418e-03
-3.354683518409729004e-03
-3.521752543747425079e-03
-6.195110618136823177e-04
2.648258814588189125e-03
1.824498758651316166e-03
-7.428898243233561516e-04
7.571823662146925926e-04
-2.760344417765736580e-03
3.491801908239722252e-03
8.176620467565953732e-04
1.795727643184363842e-03
1.671225531026721001e-03
-1.044032862409949303e-03
-1.514946110546588898e-03
-3.522125072777271271e-03
6.118522724136710167e-04
-1.255933544598519802e-03
-2.817389322444796562e-03
3.573219757527112961e-03
-1.597571070306003094e-03
1.642952905967831612e-03
-1.108135562390089035e-03
-2.798948436975479126e-03
6.618219194933772087e-04
-2.345639048144221306e-03
3.906266763806343079e-03
1.025793142616748810e-03
3.726982511579990387e-03
-2.584793372079730034e-03
-2.689443761482834816e-03
-1.125415437854826450e-03
-1.090918201953172684e-03
-2.507449360564351082e-03
2.458008006215095520e-03
-1.979990396648645401e-03
2.247133292257785797e-03
-1.062090159393846989e-03
-3.822995349764823914e-03
-5.482796113938093185e-04
1.415108912624418736e-03
-3.388635115697979927e-03
-2.721142023801803589e-03
-2.857866929844021797e-03
-1.467642374336719513e-03
1.482376246713101864e-03
3.847954794764518738e-03
-7.229347829706966877e-05
-3.751287469640374184e-03
3.898066934198141098e-04
-1.347389188595116138e-03
-2.246426185593008995e-03
-1.944933086633682251e-03
-9.437773260287940502e-04
-1.144933747127652168e-03
-1.246765838004648685e-03
-1.626623561605811119e-03
-2.293787896633148193e-03
2.953573362901806831e-03
-1.674845931120216846e-03
-1.935126492753624916e-04
-1.242565573193132877e-03
7.871972629800438881e-04
1.759379869326949120e-03
3.413392696529626846e-03
-6.144597427919507027e-04
-3.694880986586213112e-03
-1.222616294398903847e-03
3.770885057747364044e-03
2.561441157013177872e-03
1.269964850507676601e-03
1.714442507363855839e-03
3.603905672207474709e-03
3.072617109864950180e-03
1.032034633681178093e-04
-7.846455264370888472e-05
2.185321645811200142e-03
9.327644947916269302e-04
-2.805165015161037445e-03
-1.731567201204597950e-03
-3.646295226644724607e-04
-1.182510401122272015e-03
-3.542460268363356590e-03
3.144216490909457207e-03
-2.066009910777211189e-03
-3.435734426602721214e-03
-2.207724843174219131e-03
-3.473081960692070425e-05
-2.129608998075127602e-03
3.149666823446750641e-03
3.167286980897188187e-03
-9.440060821361839771e-04
1.293091569095849991e-03
1.960778754437342286e-04
-4.631097835954278708e-04
-1.822130638174712658e-03
1.688683638349175453e-03
-2.906419336795806885e-03
2.026788657531142235e-03
1.534422975964844227e-03
