3.334361594170331955e-03
3.517853328958153725e-03
-2.113724185619503260e-04
3.124079667031764984e-03
-1.061061746440827847e-03
1.633802545256912708e-03
-3.395562758669257164e-03
-3.803409868851304054e-03
7.737037376500666142e-04
-1.454690820537507534e-03
-2.196232555434107780e-03
5.171764642000198364e-04
1.477176207117736340e-03
-1.415059668943285942e-03
3.569160180632025003e-04
-2.067843917757272720e-03
-2.689383924007415771e-03
2.148360712453722954e-03
-2.004504902288317680e-03
3.791200462728738785e-03
-3.874441143125295639e-03
-1.696133636869490147e-03
1.043472322635352612e-03
4.489515558816492558e-04
3.605209290981292725e-03
-4.802988551091402769e-04
-3.006700892001390457e-03
-2.046327339485287666e-03
-3.557441988959908485e-03
3.426509443670511246e-03
-3.734614700078964233e-03
-3.052248386666178703e-03
-2.986113307997584343e-03
-3.432722762227058411e-03
2.091276692226529121e-03
-2.550450619310140610e-03
2.597364131361246109e-03
-1.414698665030300617e-03
2.638165606185793877e-03
3.727369010448455811e-03
-2.652862574905157089e-03
2.195892157033085823e-03
-2.293729921802878380e-03
-2.301889937371015549e-03
2.518223365768790245e-03
3.430023090913891792e-03
3.508568275719881058e-03
-2.312947763130068779e-03
3.014362184330821037e-03
-1.618246431462466717e-03
-2.300338586792349815e-03
-2.383497543632984161e-03
-3.121616318821907043e-03
4.956965312885586172e-06
-1.197615289129316807e-03
1.151926771854050457e-04
2.017798600718379021e-03
-1.536445459350943565e-03
-1.782935811206698418e-03
3.420249558985233307e-04
1.152897952124476433e-03
-1.232735929079353809e-03
3.008773084729909897e-03
1.095001571229659021e-04
9.738735388964414597e-04
-2.010894939303398132e-03
-2.580679953098297119e-03
6.891333032399415970e-05
-2.959936857223510742e-03
1.310653402470052242e-03
2.178851049393415451e-03
3.538386430591344833e-03
2.707646926864981651e-04
4.900048370473086834e-04
-1.122798770666122437e-03
6.005663308314979076e-04
-1.924610463902354240e-03
2.310415962710976601e-03
-1.876088324934244156e-03
1.407189760357141495e-03
-2.885788679122924805e-03
2.942076243925839663e-04
5.500113184098154306e-05
3.672050312161445618e-03
2.136669820174574852e-03
2.517648506909608841e-03
-9.761758265085518360e-04
-9.584958024788647890e-05
1.071974635124206543e-03
-3.395064268261194229e-04
-1.087096985429525375e-03
2.804198302328586578e-03
-3.478664206340909004e-03
-7.533378084190189838e-04
-3.568060928955674171e-03
1.839423552155494690e-03
3.522154875099658966e-03
-1.598884584382176399e-03
-3.185376524925231934e-03
8.250077371485531330e-04
2.261352958157658577e-03
-1.376673113554716110e-03
-3.167156362906098366e-03
-1.503838808275759220e-03
-1.912119681946933270e-03
-3.246970940381288528e-03
-8.812804007902741432e-04
5.504157743416726589e-04
-2.460320014506578445e-03
-2.768066711723804474e-03
2.713557332754135132e-03
1.597548136487603188e-03
3.845355240628123283e-03
2.853069454431533813e-03
-1.405655406415462494e-03
1.942685106769204140e-03
3.015361726284027100e-03
-8.997098775580525398e-04
-2.638903446495532990e-03
3.656673710793256760e-03
2.161723095923662186e-03
-3.932124818675220013e-04
3.803498984780162573e-04
-1.736003672704100609e-03
-1.051731058396399021e-03
-2.194840053562074900e-04
-2.480656374245882034e-03
2.479717368260025978e-03
1.592301181517541409e-03
3.476701676845550537e-04
2.170316874980926514e-03
1.967963995411992073e-03
9.424568852409720421e-04
8.238809532485902309e-04
2.775708679109811783e-03
3.765397472307085991e-03
-3.748231800273060799e-03
2.135760849341750145e-03
-3.598270472139120102e-03
1.749474089592695236e-03
-1.624208758585155010e-03
-1.080505666323006153e-03
3.603611141443252563e-03
-1.227160333655774593e-03
-7.810959359630942345e-04
-1.548697910038754344e-04
3.186893183737993240e-03
3.615777473896741867e-03
1.646375283598899841e-03
1.681483117863535881e-03
-4.125748528167605400e-04
-3.344817552715539932e-03
-7.792061078362166882e-04
2.064620144665241241e-03
-2.843684051185846329e-04
1.077509834431111813e-03
2.959636505693197250e-03
-3.771374002099037170e-03
-1.291854772716760635e-03
-1.868762774392962456e-03
1.913891872391104698e-03
3.703638503793627024e-04
-3.086726414039731026e-03
5.489778413902968168e-05
-9.605925297364592552e-04
-1.054599531926214695e-03
3.421553410589694977e-04
-3.959349414799362421e-04
1.434493577107787132e-03
-1.337709836661815643e-03
-7.244428852573037148e-04
-1.597552443854510784e-03
-1.635503838770091534e-03
1.742594409734010696e-03
-3.511877264827489853e-03
-3.750132396817207336e-03
-2.338487684028223157e-04
8.069883333519101143e-04
3.850253298878669739e-03
3.877253737300634384e-03
-2.559606800787150860e-04
-1.849615015089511871e-03
-2.926537301391363144e-03
-2.240368485217913985e-04
-1.773413387127220631e-03
5.485027795657515526e-04
1.809546258300542831e-03
5.912156775593757629e-04
7.195716025307774544e-04
-4.253764927852898836e-04
3.405052702873945236e-03
2.905497327446937561e-03
3.380655078217387199e-03
-2.637886209413409233e-03
-2.777846995741128922e-03
-2.854870865121483803e-03
2.029279945418238640e-03
-5.869499291293323040e-04
-2.854619873687624931e-03
-1.322174794040620327e-03
9.735157073009759188e-05
-9.049343061633408070e-04
2.172886626794934273e-03
-2.394505543634295464e-03
1.984185539186000824e-03
-3.415044397115707397e-03
-3.113033948466181755e-03
-1.446670386940240860e-03
-1.891657942906022072e-03
-2.324706409126520157e-03
1.116235740482807159e-03
-1.602123724296689034e-03
2.705465769395232201e-03
-2.278426894918084145e-03
-2.743580378592014313e-03
-9.088031947612762451e-05
-2.913617994636297226e-03
3.190584015101194382e-03
-1.590835163369774818e-03
-1.933490741066634655e-03
-2.381530823186039925e-03
2.533675171434879303e-03
2.441566903144121170e-03
3.657780354842543602e-03
-1.645647687837481499e-03
1.144108944572508335e-03
-1.255653449334204197e-03
-1.058462075889110565e-03
4.782527976203709841e-04
-1.948249409906566143e-03
-3.880033269524574280e-03
2.548697637394070625e-03
5.574595415964722633e-04
-3.910657949745655060e-03
2.127842599293217063e-04
1.039369264617562294e-03
-6.802817224524915218e-04
-1.171674230135977268e-03
-1.891680993139743805e-03
-2.178937662392854691e-03
-3.242179751396179199e-03
3.879102878272533417e-03
-3.680385998450219631e-04
-6.096115685068070889e-04
-2.812922699376940727e-03
1.420087646692991257e-03
-3.120838664472103119e-03
-2.505469601601362228e-03
2.739451825618743896e-03
-2.898593898862600327e-03
2.001734916120767593e-03
2.152273664250969887e-03
-2.882374683395028114e-03
-1.386523945257067680e-03
-2.977419411763548851e-03
-3.310572355985641479e-03
