-5.155847757123410702e-04
6.497001159004867077e-04
-2.461685216985642910e-04
-3.550286404788494110e-03
-2.069559413939714432e-03
-2.841857960447669029e-03
-3.678712993860244751e-03
-2.237224020063877106e-03
-2.243624767288565636e-03
-4.208308382658287883e-06
-5.144758615642786026e-04
-3.366894787177443504e-03
3.729550167918205261e-03
-3.114700957667082548e-04
7.891309796832501888e-04
-2.618019701912999153e-03
-1.820640609366819263e-04
-2.182632917538285255e-03
-3.788071218878030777e-03
2.092340495437383652e-03
2.763635246083140373e-03
-3.487383364699780941e-04
-2.729363739490509033e-03
-3.044041572138667107e-03
-1.003101351670920849e-03
1.713688136078417301e-03
-2.494913525879383087e-03
-1.471017836593091488e-03
3.231700975447893143e-03
9.134950232692062855e-04
-2.557164756581187248e-03
3.870807355269789696e-03
2.081793034449219704e-03
-1.920249545946717262e-03
1.557810697704553604e-03
-5.239202291704714298e-04
2.418234478682279587e-03
-2.128988970071077347e-03
1.832249690778553486e-03
1.856002258136868477e-03
3.508709836751222610e-03
-2.318382496014237404e-03
8.361781365238130093e-04
9.399590780958533287e-04
-5.587291088886559010e-04
1.201499719172716141e-03
-2.405375242233276367e-03
-1.525970874354243279e-03
3.880995558574795723e-03
-3.651800332590937614e-03
7.717700791545212269e-04
-3.406514413654804230e-03
-1.110843615606427193e-03
-8.479133830405771732e-04
1.812149304896593094e-03
2.364307874813675880e-03
2.952395472675561905e-03
2.509927377104759216e-03
-1.591443782672286034e-03
1.533827977254986763e-03
-1.738580991514027119e-03
-2.051225397735834122e-03
-7.560338126495480537e-04
2.586320973932743073e-03
-2.072094706818461418e-03
-3.410626668483018875e-03
-2.390433568507432938e-03
-2.896783698815852404e-04
3.027959261089563370e-03
-7.000611512921750546e-04
-2.548943506553769112e-03
-2.337747137062251568e-04
3.736233629751950502e-04
1.433745375834405422e-03
-2.498492132872343063e-03
1.192930154502391815e-03
-3.814539173617959023e-03
2.394858980551362038e-03
1.606643781997263432e-04
-2.414945047348737717e-03
7.470700656995177269e-04
2.662919461727142334e-03
-1.749277813360095024e-03
-2.108481945469975471e-03
3.046005440410226583e-04
1.514346804469823837e-03
-3.659609647002071142e-04
-1.288992702029645443e-03
-2.700633136555552483e-03
1.308608800172805786e-03
-1.211244962178170681e-03
1.912992331199347973e-03
2.667895285412669182e-03
3.622893200372345746e-05
1.304069184698164463e-03
-1.639098394662141800e-03
-3.092275233939290047e-03
5.529060726985335350e-04
-8.515834924764931202e-04
3.046387108042836189e-03
3.369508776813745499e-03
-9.168501128442585468e-04
1.786586013622581959e-03
-1.548078027553856373e-03
-2.283721230924129486e-03
1.589516294188797474e-03
1.067890203557908535e-03
-3.790824208408594131e-03
-1.516262651421129704e-03
1.411128090694546700e-03
2.997559495270252228e-03
-1.212596194818615913e-03
-5.655449931509792805e-04
-9.049613727256655693e-04
-2.671566791832447052e-03
1.786830020137131214e-03
-3.439797554165124893e-03
-1.650836784392595291e-03
-2.355845179408788681e-03
3.433576785027980804e-03
2.915716322604566813e-04
-2.628804650157690048e-03
-2.358060097321867943e-03
3.754071192815899849e-03
-3.817738732323050499e-03
1.526976353488862514e-03
8.763796067796647549e-04
-3.263556165620684624e-03
-3.003673395141959190e-03
-8.262141491286456585e-04
2.162837889045476913e-03
-3.231147304177284241e-03
2.182218478992581367e-03
-3.536837408319115639e-03
-2.921600826084613800e-03
5.117626860737800598e-04
3.243395825847983360e-03
-2.583510242402553558e-03
-1.702763256616890430e-04
3.309728344902396202e-03
-2.513773506507277489e-03
-3.641947871074080467e-03
8.111262577585875988e-04
-1.354607957182452083e-04
3.682609181851148605e-03
3.872231754940003157e-04
3.798623336479067802e-03
1.062020659446716309e-03
1.128014293499290943e-03
4.813738341908901930e-04
-1.695891493000090122e-03
1.002254197373986244e-03
8.314215228892862797e-04
3.816119162365794182e-03
-3.803649684414267540e-03
2.951158676296472549e-03
-4.794453852809965611e-04
-2.275181701406836510e-03
-5.129847559146583080e-04
-6.243406096473336220e-04
1.435850164853036404e-03
3.201209707185626030e-03
-2.598078688606619835e-03
-1.414297963492572308e-03
-2.518427092581987381e-03
6.528196390718221664e-04
2.038669073954224586e-03
-3.312414046376943588e-03
-3.241381142288446426e-03
1.768290065228939056e-03
6.137603486422449350e-05
3.266964107751846313e-03
-2.896858612075448036e-03
3.548023290932178497e-03
3.502050414681434631e-03
-2.434135414659976959e-03
-1.686646370217204094e-03
1.574820838868618011e-03
2.019196515902876854e-03
1.723694731481373310e-04
3.452499164268374443e-03
-1.258486649021506310e-03
-2.335608936846256256e-03
3.882855642586946487e-03
-4.668699693866074085e-04
2.244089497253298759e-03
2.832381287589669228e-03
-1.582564669661223888e-03
3.488370450213551521e-03
-2.192844403907656670e-03
-6.715402705594897270e-04
3.404161427170038223e-03
-6.957051227800548077e-04
-2.158374991267919540e-03
2.213466912508010864e-03
2.346782479435205460e-03
3.553406277205795050e-04
-1.831946894526481628e-03
-4.859191249124705791e-04
-2.912827767431735992e-03
-3.009485080838203430e-03
-8.096133242361247540e-04
-2.421519951894879341e-03
6.972088012844324112e-04
-3.194280900061130524e-03
1.608660328201949596e-03
1.876756781712174416e-03
1.654908526688814163e-03
2.563456771895289421e-03
3.844759659841656685e-03
2.579258056357502937e-03
-3.811729140579700470e-03
7.877636235207319260e-04
-1.499658916145563126e-03
2.018634695559740067e-03
3.765893867239356041e-03
2.466149999236222357e-05
2.576801460236310959e-03
-1.475340977776795626e-04
-8.429636363871395588e-04
-2.090667549055069685e-04
-3.533855546265840530e-03
2.693963935598731041e-03
-2.361760009080171585e-03
-3.262252546846866608e-03
-3.159727901220321655e-03
-7.500666542910039425e-04
3.082005074247717857e-03
-1.815865543903782964e-04
1.547574065625667572e-03
5.357475602068006992e-04
-2.660732483491301537e-03
-3.328998340293765068e-03
3.074042266234755516e-03
4.900391650153324008e-05
-2.294383710250258446e-03
1.169724506326019764e-03
4.849872493650764227e-04
2.883995883166790009e-03
3.430687356740236282e-03
2.027607522904872894e-03
3.724969225004315376e-03
2.387734362855553627e-03
2.674957038834691048e-03
-2.720063086599111557e-03
-3.462263150140643120e-03
-3.430558135733008385e-03
1.079651628970168531e-04
-1.706687267869710922e-03
-3.762039355933666229e-03
-1.705367118120193481e-03
-1.282642013393342495e-03
1.772564020939171314e-03
1.021613366901874542e-03
3.725218819454312325e-03
1.529954024590551853e-03
