-1.444261637516319752e-03
-3.194732358679175377e-03
2.599374158307909966e-03
-1.910684281028807163e-03
-1.239493838511407375e-03
-1.417673542164266109e-03
2.390526467934250832e-03
2.301930217072367668e-03
-1.007300219498574734e-03
9.103521006181836128e-04
2.787121338769793510e-03
-3.375577973201870918e-03
1.419752836227416992e-03
2.662803744897246361e-03
-1.598194125108420849e-03
-1.124042901210486889e-03
-1.521630561910569668e-03
-8.804060635156929493e-04
-1.742406748235225677e-03
1.938489149324595928e-03
1.675180974416434765e-03
-3.581444965675473213e-03
-2.158754970878362656e-03
3.319075563922524452e-03
2.133300062268972397e-03
-1.593855908140540123e-03
-5.539570120163261890e-04
-3.661285154521465302e-03
3.709311597049236298e-03
-7.901441131252795458e-05
2.620448591187596321e-03
-2.864812500774860382e-03
-1.853617868619039655e-04
2.416770439594984055e-03
-2.524751704186201096e-03
3.896166570484638214e-03
-1.100450521335005760e-03
-6.411230424419045448e-04
1.393963815644383430e-03
2.605505520477890968e-03
-5.524957668967545033e-04
-2.548212942201644182e-04
-4.702297446783632040e-04
1.146083930507302284e-03
1.730826799757778645e-03
-1.453866483643651009e-03
3.884154139086604118e-03
3.084592288359999657e-03
1.677335007116198540e-03
-1.594109460711479187e-03
-3.339811461046338081e-03
-3.667340381070971489e-03
-9.127907105721533298e-04
1.720952801406383514e-03
-2.873016754165291786e-03
-2.871173201128840446e-04
-3.314820351079106331e-03
3.400516463443636894e-03
-1.601539785042405128e-03
2.426996798021718860e-04
-3.632167354226112366e-03
-1.755410106852650642e-03
2.963942242786288261e-03
3.755876328796148300e-03
-3.887981292791664600e-04
-2.094280207529664040e-03
3.201122861355543137e-03
2.657470060512423515e-03
-3.210649359971284866e-03
3.390953177586197853e-03
-2.997019561007618904e-03
-9.497681749053299427e-04
2.589543291833251715e-04
3.075892338529229164e-03
-2.536035608500242233e-03
1.000157324597239494e-03
2.332403557375073433e-03
-3.849687520414590836e-03
-8.283088682219386101e-04
1.244688057340681553e-03
-1.057812594808638096e-03
1.257139141671359539e-03
4.608891031239181757e-04
1.652465085498988628e-03
3.835469251498579979e-03
-5.879251402802765369e-04
-3.312442451715469360e-03
2.551279729232192039e-03
-2.957044634968042374e-03
7.426266674883663654e-04
2.722451230511069298e-03
-2.092638052999973297e-03
-2.615962876006960869e-03
1.351518672890961170e-03
1.830717781558632851e-03
2.958760829642415047e-03
-1.377173350192606449e-03
-9.114017593674361706e-04
-3.211249597370624542e-03
1.352031831629574299e-03
-4.437371972016990185e-04
-9.410445927642285824e-04
2.163709606975317001e-03
2.992053050547838211e-03
-1.216511591337621212e-03
2.460600109770894051e-03
3.118347376585006714e-03
-1.590627594850957394e-03
2.279070205986499786e-03
-3.354648128151893616e-03
-1.159209292382001877e-03
2.794223139062523842e-03
-2.600117659312672913e-05
-1.466067624278366566e-03
2.984337625093758106e-04
-4.481173236854374409e-04
1.454546465538442135e-03
-3.822004946414381266e-04
-3.041174961254000664e-03
-1.500784885138273239e-03
-1.858432427980005741e-03
3.200178267434239388e-03
-4.114790353924036026e-04
-1.716563594527542591e-03
-1.359617104753851891e-03
-1.223762053996324539e-03
2.009344520047307014e-03
3.896311856806278229e-03
-2.629374619573354721e-03
-1.026476267725229263e-03
-1.380913075990974903e-03
-2.906590001657605171e-03
3.035730915144085884e-04
-1.733878045342862606e-03
1.086591510102152824e-03
2.565663540735840797e-03
-2.630406524986028671e-03
-1.956738065928220749e-03
-8.940675616031512618e-05
1.969256438314914703e-03
3.538100980222225189e-03
2.167666330933570862e-03
-2.700144657865166664e-03
-3.741349501069635153e-04
-2.360943239182233810e-03
3.549570683389902115e-03
-3.027315717190504074e-03
2.060672733932733536e-03
3.854013280943036079e-03
-2.563954563811421394e-03
2.895883517339825630e-03
-3.439896274358034134e-03
3.704725299030542374e-03
3.733256133273243904e-03
2.684358041733503342e-03
3.137234831228852272e-03
1.228858309332281351e-04
2.750214480329304934e-04
-2.364427084103226662e-03
-3.259861143305897713e-03
7.325029582716524601e-04
3.388971323147416115e-03
-4.878462641499936581e-05
2.423586323857307434e-03
-2.707508625462651253e-03
1.650079735554754734e-03
-1.817996730096638203e-03
-2.718474133871495724e-04
-3.861024044454097748e-03
-2.363211475312709808e-03
-3.127253847196698189e-03
-1.553188660182058811e-03
1.296006492339074612e-03
3.796706674620509148e-03
4.112161404918879271e-04
2.777859568595886230e-03
-2.654842799529433250e-03
-2.165127312764525414e-03
2.627482404932379723e-03
4.322773747844621539e-05
2.207424724474549294e-03
-3.714713035151362419e-03
7.105012191459536552e-04
3.396037267521023750e-03
-8.562498842366039753e-04
-2.445509890094399452e-03
1.028323546051979065e-03
2.654770854860544205e-03
-1.078617060557007790e-03
-1.055821543559432030e-03
1.111159217543900013e-03
-2.119036158546805382e-03
-3.084352239966392517e-03
3.405753988772630692e-03
-1.992863370105624199e-03
-3.290741238743066788e-03
3.731847740709781647e-03
1.299130730330944061e-03
1.975311897695064545e-03
-7.392340194201096892e-05
-1.506149303168058395e-03
2.381951548159122467e-03
3.842137986794114113e-03
-4.191558982711285353e-04
2.273856429383158684e-03
8.077512029558420181e-05
-7.944540702737867832e-04
-9.268390713259577751e-04
-1.206849934533238411e-03
1.753680873662233353e-03
2.230146666988730431e-03
-1.603009761311113834e-03
-1.953757600858807564e-03
3.881417214870452881e-03
1.115748193114995956e-03
6.210086867213249207e-04
-1.505126710981130600e-03
-1.876364112831652164e-03
1.452030730433762074e-03
1.217975630424916744e-03
-9.631888824515044689e-04
3.468168899416923523e-03
1.445615635020658374e-04
-4.460859927348792553e-04
-2.330163493752479553e-03
-1.904222532175481319e-03
1.448062248528003693e-04
1.034228131175041199e-03
-2.557310508564114571e-03
3.595009446144104004e-03
3.272035624831914902e-03
1.869483850896358490e-03
-2.234915737062692642e-03
-3.202106570824980736e-03
1.697644009254872799e-03
-3.461212618276476860e-03
-3.798721823841333389e-03
3.639716887846589088e-03
-2.909122500568628311e-03
1.606481848284602165e-03
1.263738959096372128e-03
1.312820357270538807e-03
2.177818445488810539e-03
7.877356256358325481e-04
2.902985084801912308e-03
1.670700614340603352e-03
2.080630976706743240e-03
3.812116105109453201e-03
-4.238655383232980967e-04
-3.184907836839556694e-03
2.340262290090322495e-03
-1.319582574069499969e-03
3.493625437840819359e-03
3.159322310239076614e-03
1.778581878170371056e-03
2.119695534929633141e-03
