6.372214411385357380e-04
4.185668949503451586e-04
2.081859624013304710e-03
3.231921931728720665e-03
-2.416943432763218880e-03
-7.766689523123204708e-04
-3.727687057107686996e-03
-3.819349221885204315e-03
3.626078250817954540e-04
2.338656457141041756e-03
3.590703243389725685e-03
1.181502360850572586e-03
-1.968546072021126747e-03
-3.859938587993383408e-03
3.873283509165048599e-03
2.404127735644578934e-03
-2.056769328191876411e-03
-2.288859803229570389e-03
1.516541233286261559e-03
-2.583322115242481232e-03
3.530147019773721695e-03
3.443211782723665237e-03
-2.541497116908431053e-03
3.193352138623595238e-03
1.334241940639913082e-03
1.818818622268736362e-03
-1.549054402858018875e-03
-2.161473268643021584e-03
5.751056014560163021e-04
-1.355269108898937702e-03
-2.135881921276450157e-03
-1.741031766869127750e-03
-7.233961368910968304e-04
-1.855639042332768440e-03
3.699993947520852089e-03
9.470083750784397125e-04
-3.855158109217882156e-03
-5.601477460004389286e-04
2.224396914243698120e-03
3.525727428495883942e-03
-3.061014926061034203e-03
-2.692221431061625481e-03
-1.096696709282696247e-03
1.872249762527644634e-03
1.060209586285054684e-03
2.198986476287245750e-03
3.309565596282482147e-03
-1.970779383555054665e-03
2.286493690917268395e-05
-1.273683621548116207e-03
2.630609553307294846e-03
1.175875193439424038e-03
-1.888074679300189018e-03
2.363456413149833679e-03
-1.601672806827991735e-06
-2.357769990339875221e-03
3.889928804710507393e-03
-7.739833672530949116e-04
3.493159776553511620e-03
-1.655455911532044411e-03
-2.446983475238084793e-03
1.556375063955783844e-03
2.054712269455194473e-03
2.102951053529977798e-03
-3.649023594334721565e-03
5.151738878339529037e-04
-1.860453630797564983e-03
3.247784916311502457e-03
-3.526636864989995956e-03
-3.812934737652540207e-03
-2.835863851942121983e-04
3.764084074646234512e-03
2.707004081457853317e-03
-2.671828027814626694e-03
4.025369707960635424e-04
1.996816135942935944e-03
1.351234270259737968e-03
-2.502005314454436302e-03
3.072046674787998199e-03
-1.108159194700419903e-03
-3.789426060393452644e-03
4.181100521236658096e-04
-9.959192248061299324e-04
3.856042400002479553e-03
-3.585119731724262238e-03
-2.095012227073311806e-03
5.584792816080152988e-04
-1.627444755285978317e-03
2.557282336056232452e-03
4.767804057337343693e-05
2.622183645144104958e-03
-6.919508450664579868e-04
3.692277939990162849e-03
1.988074975088238716e-03
3.242064267396926880e-03
1.386333606205880642e-03
-3.598079551011323929e-03
-2.387438580626621842e-04
-1.487377798184752464e-03
-5.666004726663231850e-04
2.321653533726930618e-03
-1.009919447824358940e-03
-3.590307198464870453e-03
2.360362996114417911e-04
-1.738845952786505222e-03
3.614709014073014259e-03
2.966272179037332535e-03
-2.132234629243612289e-03
3.540537087246775627e-03
1.166174653917551041e-03
-2.644234336912631989e-03
-4.016652819700539112e-04
-3.474104451015591621e-03
-2.085374435409903526e-03
3.326601115986704826e-03
-2.133409027010202408e-03
2.930996939539909363e-03
-6.404482410289347172e-04
1.093734637834131718e-03
-2.337410114705562592e-03
2.971701091155409813e-03
3.124486189335584641e-03
-3.458382561802864075e-03
-4.644690779969096184e-04
-1.440699328668415546e-03
-2.400608034804463387e-03
3.471345407888293266e-03
-1.546865794807672501e-03
5.872848560102283955e-04
-1.145278336480259895e-03
1.979942200705409050e-03
2.452679211273789406e-03
-3.045896999537944794e-03
-9.805939625948667526e-04
1.603273209184408188e-03
-2.731018234044313431e-03
3.801332786679267883e-03
2.132399706169962883e-03
3.640995826572179794e-03
1.399461878463625908e-03
1.196944154798984528e-03
-1.067484496161341667e-03
5.665890639647841454e-04
-3.105341922491788864e-03
-1.495817676186561584e-03
1.366651267744600773e-03
2.260670298710465431e-03
-1.190267619676887989e-03
1.886453363113105297e-03
3.756299614906311035e-03
7.478428888134658337e-04
-4.668686597142368555e-04
1.907923258841037750e-03
4.339899751357734203e-04
-4.694766630564117804e-06
-2.981171943247318268e-03
-3.023353638127446175e-03
2.929645357653498650e-03
-8.982839062809944153e-05
-1.309331157244741917e-03
3.305621910840272903e-03
-3.742339788004755974e-03
-3.402240341529250145e-03
-3.632524749264121056e-03
-3.597219241783022881e-03
1.208815374411642551e-03
-3.052610671147704124e-03
1.084485673345625401e-03
-7.777679129503667355e-04
1.205346663482487202e-03
-3.769885282963514328e-03
3.658109344542026520e-03
2.273285062983632088e-03
-4.863321955781430006e-04
2.797314664348959923e-03
6.187016697367653251e-05
-2.865246264263987541e-03
-3.400247311219573021e-03
-2.235771622508764267e-03
-2.170443302020430565e-03
2.075709635391831398e-03
2.843897091224789619e-03
1.376814558170735836e-03
-1.413279096595942974e-03
-1.822004327550530434e-03
2.994731301441788673e-03
3.719313070178031921e-03
1.881246804259717464e-03
-1.323152566328644753e-03
2.991181099787354469e-03
9.551940602250397205e-04
7.139851804822683334e-04
2.830391749739646912e-03
3.439547959715127945e-03
2.401123056188225746e-03
-3.355462104082107544e-03
-2.978371456265449524e-03
5.009438609704375267e-04
3.319354495033621788e-03
1.517864293418824673e-03
5.556768737733364105e-04
5.111789796501398087e-04
5.600352887995541096e-04
3.002590732648968697e-03
-1.653161132708191872e-03
2.783009549602866173e-03
2.629997325129806995e-04
-4.906016984023153782e-04
-3.069753758609294891e-03
2.982647391036152840e-03
4.290439828764647245e-04
1.184685854241251945e-03
-1.230592606589198112e-03
-3.020799485966563225e-03
2.070624614134430885e-03
-2.141738776117563248e-03
-8.314810693264007568e-04
-2.914833312388509512e-04
-3.437744220718741417e-03
1.103538670577108860e-03
-2.591141732409596443e-03
-1.365794334560632706e-03
3.008108353242278099e-03
-1.159693580120801926e-03
-3.475473495200276375e-03
2.100427635014057159e-03
-1.780791935743764043e-04
2.056819153949618340e-03
2.264624694362282753e-03
-5.661805626004934311e-04
1.671877689659595490e-03
2.493421547114849091e-03
-1.988778385566547513e-04
2.070221118628978729e-03
2.376114134676754475e-04
1.234654569998383522e-03
-2.638890873640775681e-03
-1.038246788084506989e-03
-2.871321514248847961e-03
-3.016223432496190071e-03
2.754562534391880035e-03
1.195538672618567944e-03
-2.734266920015215874e-03
1.276179566048085690e-03
1.269987784326076508e-03
2.302507869899272919e-03
-3.574268892407417297e-03
1.170553732663393021e-03
-7.733224774710834026e-04
1.220193225890398026e-03
2.077846555039286613e-03
-1.756870071403682232e-03
-3.683526767417788506e-03
-3.108653007075190544e-03
3.472259966656565666e-03
-1.412341138347983360e-03
