3.893360495567321777e-03
-1.180140650831162930e-03
-3.046081401407718658e-04
-8.274225983768701553e-04
4.742769524455070496e-04
-3.645575139671564102e-03
-3.239287761971354485e-03
-2.269533695653080940e-03
2.526555908843874931e-03
3.439459018409252167e-03
1.999509287998080254e-03
-2.959225326776504517e-03
9.409171761944890022e-04
1.441741711460053921e-03
-1.468358095735311508e-03
1.645159791223704815e-03
-3.775076009333133698e-03
-1.343721756711602211e-03
-2.230526442872360349e-04
-2.372531220316886902e-03
-3.692988830152899027e-04
2.718891017138957977e-03
2.129978965967893600e-03
1.858888659626245499e-03
-3.199297236278653145e-03
-1.655197120271623135e-03
-1.109256525523960590e-03
-3.146331291645765305e-03
-3.095833817496895790e-03
6.805871962569653988e-04
-1.315858389716595411e-04
-3.701481502503156662e-03
1.460441155359148979e-03
-4.801723116543143988e-05
2.721261465921998024e-03
3.902915399521589279e-03
3.673936473205685616e-03
1.539565040729939938e-03
1.014486420899629593e-03
3.275697119534015656e-03
-1.180496881715953350e-03
-3.885679645463824272e-03
2.989890752360224724e-03
-1.108683063648641109e-03
3.525021951645612717e-03
-3.218175843358039856e-03
3.514157840982079506e-03
1.723151654005050659e-03
-3.584789345040917397e-03
3.738196333870291710e-03
3.656323067843914032e-03
-2.241183305159211159e-03
1.042042160406708717e-03
1.832170179113745689e-03
3.338858252391219139e-03
-3.757412079721689224e-03
1.439389772713184357e-03
-3.516767406836152077e-03
-3.678970737382769585e-03
5.195652483962476254e-04
3.050529863685369492e-03
-1.663374016061425209e-03
1.226337859407067299e-03
3.080794354900717735e-03
-6.926779751665890217e-04
-2.202776260673999786e-03
2.491554245352745056e-03
1.511569600552320480e-03
-3.079994581639766693e-03
-7.874144939705729485e-04
-2.983006648719310760e-03
-1.304311444982886314e-03
1.343385898508131504e-03
-2.556246006861329079e-03
-2.478638663887977600e-03
-2.649097237735986710e-03
-1.918687485158443451e-03
9.068166255019605160e-04
-2.560110297054052353e-03
-4.507009580265730619e-04
-2.193736145272850990e-03
2.157335111405700445e-04
2.267899457365274429e-03
-2.821775153279304504e-03
1.345130847766995430e-03
2.353292191401124001e-03
2.777721965685486794e-03
-3.406228031963109970e-03
3.020697040483355522e-03
1.427122275345027447e-03
3.303170669823884964e-03
-3.116309409961104393e-03
3.105778247117996216e-03
1.368982251733541489e-03
-6.601462373510003090e-04
4.716415132861584425e-04
6.039084983058273792e-04
-1.957730390131473541e-03
3.251703688874840736e-03
-1.877588802017271519e-03
-1.997100422158837318e-03
3.570995759218931198e-03
3.097266191616654396e-03
-1.205877051688730717e-04
1.434792182408273220e-03
-3.703011898323893547e-03
3.097708569839596748e-03
-7.289609638974070549e-04
-3.025565296411514282e-03
1.600514049641788006e-03
-4.164882702752947807e-04
-1.034043030813336372e-03
-2.118977252393960953e-03
-3.070720238611102104e-03
1.914517139084637165e-03
-3.169419942423701286e-03
-1.205113716423511505e-03
2.843032125383615494e-03
-1.975138206034898758e-03
-2.454902511090040207e-03
3.701865673065185547e-03
2.418998396024107933e-03
3.551032627001404762e-03
-5.162235465832054615e-04
2.660544821992516518e-03
3.767579793930053711e-03
1.387570773658808321e-05
-2.349108690395951271e-04
-9.466386400163173676e-04
3.512808121740818024e-03
-1.796700060367584229e-03
-3.498848527669906616e-03
-1.439474406652152538e-03
3.566492159734480083e-05
-2.879341773223131895e-04
1.436224323697388172e-03
1.308756764046847820e-03
3.174390411004424095e-03
-3.140977583825588226e-03
2.953812014311552048e-03
3.462058026343584061e-03
6.602039793506264687e-04
-3.677399596199393272e-03
-2.687355270609259605e-03
-3.123597009107470512e-03
2.274224389111623168e-04
8.684823405928909779e-04
-2.695388393476605415e-03
3.739886684343218803e-03
-3.226095810532569885e-03
1.109875520342029631e-04
7.563485996797680855e-04
2.375070936977863312e-03
-2.033036667853593826e-03
2.295452868565917015e-03
-3.287860658019781113e-03
2.645924105308949947e-04
-3.556150011718273163e-03
3.583258949220180511e-03
-8.714723517186939716e-04
2.850101154763251543e-04
1.254297676496207714e-03
2.652492141351103783e-03
-2.876981394365429878e-03
2.524805255234241486e-03
-2.819936024025082588e-03
-3.649363527074456215e-03
2.394788898527622223e-03
2.224734053015708923e-03
-5.199707811698317528e-04
3.352237632498145103e-03
4.378096491564065218e-04
1.147974398918449879e-03
-1.063379808329045773e-03
-2.952424809336662292e-03
3.494624514132738113e-03
-3.481781575828790665e-03
3.241438244003802538e-04
1.956985797733068466e-03
-3.345952602103352547e-03
8.114529191516339779e-04
1.378093613311648369e-03
5.043910932727158070e-04
2.238046610727906227e-03
-4.365172062534838915e-04
2.033843658864498138e-03
-3.680837689898908138e-04
1.969810109585523605e-03
-2.488183090463280678e-03
-3.034214954823255539e-03
2.563306130468845367e-03
1.985887531191110611e-03
-2.369967754930257797e-03
-3.788479836657643318e-03
1.933699706569314003e-03
-3.038399619981646538e-03
2.251006895676255226e-03
-3.482613712549209595e-03
-6.644402747042477131e-04
-3.229539142921566963e-03
3.847002517431974411e-03
9.303397382609546185e-04
-4.178515519015491009e-04
3.420619526877999306e-03
2.136882161721587181e-03
2.548455493524670601e-03
-2.141880104318261147e-03
-1.207187538966536522e-03
2.645346801728010178e-03
-2.133392263203859329e-03
-2.003191504627466202e-03
3.097575856372714043e-03
-9.012685040943324566e-06
-1.351483166217803955e-03
-1.828674343414604664e-03
2.291732002049684525e-03
-3.943786432500928640e-04
2.570534416008740664e-04
-6.461498560383915901e-04
-3.186641493812203407e-03
-2.443299861624836922e-03
-1.660446519963443279e-03
-2.020285697653889656e-03
2.462193369865417480e-03
-1.486716326326131821e-03
-1.190448994748294353e-03
-1.910765306092798710e-03
-2.743091899901628494e-03
-1.047586090862751007e-03
-7.903877412900328636e-04
1.456597121432423592e-03
-2.567805116996169090e-03
-9.840895654633641243e-04
6.601837230846285820e-04
-3.200280014425516129e-03
2.966518804896622896e-04
1.388918957673013210e-03
2.552194520831108093e-03
2.984265796840190887e-03
-1.044325414113700390e-03
1.065378310158848763e-03
3.810459980741143227e-03
7.341849850490689278e-04
-7.548034191131591797e-04
-3.278173506259918213e-03
-2.134216949343681335e-03
2.911467105150222778e-03
8.615855476818978786e-04
-2.319726394489407539e-03
2.007558010518550873e-03
-1.003733486868441105e-03
-3.013501409441232681e-03
-7.640958647243678570e-04
-1.800216501578688622e-03
-3.903076983988285065e-03
2.237368607893586159e-03
