-1.668525364948436618e-04
-2.691306639462709427e-03
3.006631974130868912e-03
2.980213612318038940e-03
-1.414374914020299911e-03
-3.287630097474902868e-04
-9.606257081031799316e-04
-9.687459678389132023e-04
-2.830801066011190414e-03
-1.563122896186541766e-05
1.467897440306842327e-03
5.119544948684051633e-05
-1.830512424930930138e-03
2.495293039828538895e-03
-1.658394350670278072e-03
-1.025727717205882072e-03
2.268336713314056396e-03
-2.847514813765883446e-03
1.824401115300133824e-04
-2.960081910714507103e-04
-5.871152970939874649e-04
-3.238912206143140793e-03
-3.765086643397808075e-03
-3.680700436234474182e-03
-1.423306763172149658e-03
3.386028402019292116e-04
-5.744647351093590260e-04
-4.622193227987736464e-05
3.637194749899208546e-04
1.852084649726748466e-03
1.328061800450086594e-03
-1.207926194183528423e-03
-9.849170455709099770e-04
-1.423743669874966145e-03
2.083339029923081398e-03
2.388212131336331367e-03
7.199803076218813658e-05
3.076424123719334602e-03
-1.957144355401396751e-03
-1.033580512739717960e-03
-9.583366918377578259e-04
3.415352897718548775e-03
-5.249998066574335098e-04
-2.106316853314638138e-03
1.340519636869430542e-03
-2.519121859222650528e-03
2.649388276040554047e-03
-6.627083057537674904e-04
-1.683844486251473427e-03
-7.102542440406978130e-04
-1.621716073714196682e-03
1.158600440248847008e-03
-3.843596670776605606e-03
-3.696751780807971954e-03
-2.194761531427502632e-03
6.939170416444540024e-04
9.901450248435139656e-04
-2.680057368706911802e-04
-1.569302636198699474e-03
-9.965001663658767939e-05
7.544845575466752052e-04
-1.177284229925135151e-05
4.420766199473291636e-04
-1.497968914918601513e-03
-7.142193499021232128e-05
-1.428294228389859200e-03
1.708756550215184689e-03
3.890711348503828049e-03
-1.432247518096119165e-04
3.025044221431016922e-03
2.281718654558062553e-03
3.647111821919679642e-03
-4.802531038876622915e-04
1.453932374715805054e-03
-3.518728073686361313e-03
1.703927526250481606e-03
5.793590680696070194e-04
-1.965949079021811485e-03
2.638295991346240044e-04
-2.008020179346203804e-03
-3.021415090188384056e-03
2.223860006779432297e-03
3.532053437083959579e-03
7.266808097483590245e-05
-1.332103158347308636e-03
-2.071902388706803322e-03
3.094672283623367548e-04
-3.624319797381758690e-03
-2.536447020247578621e-03
3.414043691009283066e-03
3.461192827671766281e-04
3.242070088163018227e-03
-3.449136158451437950e-03
6.175052112666890025e-05
8.051596814766526222e-04
-3.646110417321324348e-03
-3.596747526898980141e-03
-9.689476573839783669e-04
-1.826361636631190777e-03
-3.071765182539820671e-03
3.526995424181222916e-04
2.491843886673450470e-03
-6.734744601999409497e-06
2.057696692645549774e-03
3.480649786069989204e-03
3.247325774282217026e-03
1.224136794917285442e-03
-3.369693877175450325e-03
-3.165598493069410324e-03
-2.799498615786433220e-03
9.245439432561397552e-04
8.949520270107313991e-05
-3.099224064499139786e-03
-3.506281413137912750e-03
1.420273911207914352e-03
3.445291193202137947e-03
-4.327117931097745895e-04
-3.353314241394400597e-03
7.162138936109840870e-04
-1.193910022266209126e-03
3.768183756619691849e-03
-2.287393901497125626e-03
-4.687808686867356300e-04
-1.077892258763313293e-03
-3.378306282684206963e-03
-1.410590251907706261e-03
1.631087216082960367e-04
-1.688498596195131540e-04
1.935516833327710629e-03
3.895149100571870804e-03
1.451584743335843086e-03
9.209815179929137230e-04
2.522081835195422173e-03
-5.903640339965932071e-05
1.546953571960330009e-03
-2.025668654823675752e-04
-8.916252991184592247e-04
-1.942551811225712299e-03
-9.719076479086652398e-05
-5.227370420470833778e-04
7.059818017296493053e-04
-1.868532970547676086e-03
-5.797488847747445107e-04
2.498180139809846878e-03
9.776992956176400185e-04
-2.432219684123992920e-03
-2.317161066457629204e-03
3.052693093195557594e-03
-3.575262613594532013e-03
-3.579747863113880157e-03
3.490409813821315765e-03
-1.896726666018366814e-03
1.572471926920115948e-03
-1.210200949572026730e-03
-2.753390464931726456e-03
-8.999278652481734753e-04
-9.541849140077829361e-04
-3.495932789519429207e-03
1.157973310910165310e-03
7.164436392486095428e-04
3.068606834858655930e-03
-2.193740103393793106e-03
-9.226605761796236038e-04
4.540941154118627310e-04
8.169122884282842278e-05
-3.486677538603544235e-03
2.300082473084330559e-03
-1.055882312357425690e-03
3.510918002575635910e-03
3.460813546553254128e-03
7.468109834007918835e-04
-3.219776786863803864e-03
-3.598723269533365965e-04
2.306665526703000069e-03
-8.754410664550960064e-04
1.100987894460558891e-03
-1.671226113103330135e-03
2.331004012376070023e-03
3.076270222663879395e-03
2.378384117037057877e-03
-1.561223412863910198e-03
-5.878939991816878319e-04
6.985013606026768684e-04
2.543397247791290283e-03
8.683459018357098103e-04
-8.249483653344213963e-04
-3.250897629186511040e-03
-2.868204144760966301e-03
8.816730696707963943e-04
-1.118926797062158585e-03
2.278755186125636101e-03
3.494302509352564812e-03
-9.855891112238168716e-04
8.967094472609460354e-04
-3.166891867294907570e-03
2.077580895274877548e-03
5.490937619470059872e-04
-3.214970463886857033e-03
-1.422998611815273762e-03
2.336586592718958855e-03
1.932253871927969158e-05
3.390070050954818726e-03
8.536543464288115501e-04
-3.760589752346277237e-03
-2.612957963719964027e-03
-2.011270960792899132e-03
1.689091441221535206e-03
-2.042418811470270157e-03
1.980801345780491829e-03
-6.910790398251265287e-05
-2.084468957036733627e-03
-6.529532838612794876e-04
1.268371590413153172e-03
2.457025460898876190e-03
3.038145601749420166e-03
-3.239144803956151009e-03
-2.701240358874201775e-03
-1.942334230989217758e-03
3.842840669676661491e-03
-3.077932167798280716e-03
-6.339775281958281994e-04
-3.553336951881647110e-03
2.067609224468469620e-03
-1.029166392982006073e-03
3.144350834190845490e-03
3.704073023982346058e-04
1.821294543333351612e-03
-2.161521930247545242e-03
-7.820349128451198339e-05
9.115430293604731560e-04
-1.885464065708220005e-03
-2.266194205731153488e-03
-1.964807743206620216e-03
-4.567092109937220812e-04
8.199117728509008884e-04
1.832317444495856762e-03
-2.330956747755408287e-03
2.279644599184393883e-03
-3.143355250358581543e-03
5.344893434084951878e-04
4.133526526857167482e-04
-3.473930526524782181e-03
-4.101682861801236868e-04
-8.280081965494900942e-05
1.069961115717887878e-03
9.876540862023830414e-04
-1.972165191546082497e-03
-2.407450228929519653e-03
3.458553226664662361e-03
-8.976811659522354603e-04
-2.658434445038437843e-03
1.456388155929744244e-03
3.755649318918585777e-03
-2.750455867499113083e-03
-3.348474623635411263e-03
8.432114263996481895e-04
