-1.559013267979025841e-03
1.525607542134821415e-03
-2.150833839550614357e-03
3.287698375061154366e-03
2.066586865112185478e-03
-1.450826413929462433e-03
-1.179682556539773941e-03
-1.719138352200388908e-03
-1.974941696971654892e-03
-6.827854667790234089e-04
-5.648648948408663273e-04
1.414306345395743847e-03
1.912007341161370277e-03
-1.825158600695431232e-03
2.988099353387951851e-03
-2.349135931581258774e-03
-2.929129172116518021e-03
1.427746494300663471e-03
-2.787694567814469337e-03
-1.007145387120544910e-03
-2.295825397595763206e-03
2.617385936900973320e-03
5.394373438321053982e-04
3.547645406797528267e-03
1.617542468011379242e-03
-2.274093450978398323e-03
4.485081008169800043e-04
-3.425139235332608223e-03
1.527756801806390285e-03
-1.315195841016247869e-04
8.929122705012559891e-04
-3.084117488469928503e-04
-3.235974349081516266e-03
1.066387398168444633e-03
3.074990119785070419e-03
3.331323852762579918e-03
-3.642479190602898598e-03
-3.278540680184960365e-04
-2.864743350073695183e-03
1.804225263185799122e-03
-1.778689678758382797e-03
-7.548192515969276428e-04
7.646370213478803635e-04
3.456492675468325615e-03
3.520514816045761108e-03
-4.328422073740512133e-04
-2.103420556522905827e-04
-2.317360136657953262e-03
-3.784186206758022308e-03
-3.447297494858503342e-03
1.203824416734278202e-03
2.131875837221741676e-03
1.202944084070622921e-03
-1.016317168250679970e-03
6.532255210913717747e-04
-9.560066973790526390e-04
-3.821848426014184952e-03
2.963554579764604568e-03
-2.371088834479451180e-03
1.478048157878220081e-03
-3.620396833866834641e-03
-8.877709042280912399e-04
-2.852389123290777206e-03
2.555707003921270370e-03
3.707396332174539566e-03
1.363980027235811576e-05
1.939499052241444588e-03
-3.687343851197510958e-04
-3.303629055153578520e-04
2.199260285124182701e-03
3.232388291507959366e-03
2.984281745739281178e-04
3.869409207254648209e-03
2.602998167276382446e-03
1.912805746542289853e-04
4.178114177193492651e-04
-2.677848795428872108e-03
-3.047949634492397308e-03
-1.163223758339881897e-03
-1.153431367129087448e-03
1.947708544321358204e-03
-1.912040752358734608e-03
1.625212142243981361e-03
2.547478303313255310e-03
-1.576044131070375443e-03
-9.488267241977155209e-04
1.009109662845730782e-03
-1.969008706510066986e-03
2.129593631252646446e-04
2.363415434956550598e-03
5.288805696181952953e-04
-6.822858704254031181e-04
-1.673047430813312531e-03
-2.912400756031274796e-03
-2.870320808142423630e-03
-1.670466503128409386e-03
-7.720015128143131733e-04
2.771255560219287872e-03
-3.210495691746473312e-03
-2.790862461552023888e-03
-3.010203363373875618e-03
-2.148784231394529343e-03
-4.852891725022345781e-04
3.116949461400508881e-03
-4.389391688164323568e-04
-2.464712131768465042e-03
-2.317424397915601730e-03
-4.237510802340693772e-05
-2.697070885915309191e-04
3.781687701120972633e-03
1.015269896015524864e-03
2.781005576252937317e-03
2.224511408712714911e-04
2.126957755535840988e-03
1.276177645195275545e-04
1.917080371640622616e-03
2.996301045641303062e-03
1.700469292700290680e-03
2.329485287191346288e-04
1.495838281698524952e-03
1.978902611881494522e-03
2.479961374774575233e-03
-2.806220669299364090e-03
-2.067865105345845222e-03
9.151731501333415508e-04
1.325118122622370720e-03
-3.810844616964459419e-03
-3.176684724166989326e-03
-1.217199838720262051e-03
-2.999547170475125313e-03
-3.460139967501163483e-03
-1.524776220321655273e-03
-1.439906889572739601e-03
1.609125640243291855e-03
3.227133536711335182e-03
3.323939861729741096e-03
-2.573805162683129311e-03
1.932778832269832492e-04
-2.236217958852648735e-03
-2.701764693483710289e-03
-3.219263395294547081e-03
3.339010581839829683e-04
2.413075417280197144e-04
3.064039628952741623e-03
-2.731238957494497299e-03
-9.986847871914505959e-04
-1.128961332142353058e-03
-3.291035536676645279e-03
-3.619058756157755852e-03
-1.920867944136261940e-03
3.696614876389503479e-03
-2.318134065717458725e-03
-9.530543466098606586e-04
-8.726467494852840900e-04
8.964198641479015350e-04
1.647929893806576729e-03
-3.895035013556480408e-03
-3.041800111532211304e-03
2.850865712389349937e-03
-5.012555993744172156e-05
1.332813641056418419e-03
2.681791083887219429e-03
2.464396413415670395e-03
-7.091219304129481316e-04
9.462032467126846313e-04
7.179505191743373871e-04
-3.653360472526401281e-04
1.345044933259487152e-03
2.339687664061784744e-03
2.156033646315336227e-03
2.165037440136075020e-03
-2.499171067029237747e-03
6.542115588672459126e-04
1.391994184814393520e-03
-3.247351851314306259e-03
-2.566109877079725266e-03
3.256847383454442024e-03
1.903750351630151272e-03
1.676554442383348942e-03
-3.412402467802166939e-03
2.724835649132728577e-04
-2.903962973505258560e-03
1.825085608288645744e-03
-1.227592118084430695e-03
2.040737308561801910e-03
2.380807185545563698e-03
1.404531882144510746e-03
-3.481656545773148537e-03
2.222528681159019470e-03
1.342248287983238697e-03
-1.011177810141816735e-04
7.920520729385316372e-04
4.127458087168633938e-04
3.228869463782757521e-04
-2.915933728218078613e-03
6.006830153637565672e-05
-2.495576394721865654e-03
1.223367726197466254e-04
-3.250226844102144241e-03
1.101483707316219807e-03
1.269050757400691509e-03
-1.677075517363846302e-03
-3.793096984736621380e-04
-2.493294188752770424e-03
-3.520834798109717667e-05
3.447969909757375717e-03
8.742295322008430958e-04
1.521275611594319344e-03
-8.385823457501828671e-04
-2.121076686307787895e-03
-3.474405501037836075e-03
-5.980195128358900547e-04
-2.949816407635807991e-03
-3.129538381472229958e-03
1.568217878229916096e-03
2.469362458214163780e-03
3.865080885589122772e-03
1.841505873017013073e-03
2.681351965293288231e-03
-1.770496251992881298e-03
2.545577473938465118e-03
-3.315053647384047508e-03
-3.321659052744507790e-03
-1.370528247207403183e-03
-8.363042725250124931e-04
4.720671859104186296e-04
3.683389862999320030e-03
3.727430943399667740e-03
1.193019677884876728e-03
-1.502767787314951420e-03
-3.847243962809443474e-03
3.754459554329514503e-03
-1.376354601234197617e-03
-3.583802317734807730e-04
3.692589001730084419e-03
-2.277290448546409607e-03
-2.027797454502433538e-04
3.205629764124751091e-04
3.597131290007382631e-04
2.062399289570748806e-04
-8.927552262321114540e-04
-2.290820702910423279e-03
-3.863955847918987274e-03
-2.358689205721020699e-03
-3.643588628619909286e-03
3.822957165539264679e-03
-6.367129972204566002e-04
5.614792462438344955e-04
3.725675924215465784e-04
3.724200651049613953e-03
8.018861408345401287e-04
-1.561276498250663280e-03
-1.446562353521585464e-03
-3.311884589493274689e-03
-6.982484483160078526e-04
-1.088913180865347385e-03
