-3.381833899766206741e-03
3.623887896537780762e-03
1.843083766289055347e-03
1.281929085962474346e-03
5.420047091320157051e-04
-2.387204440310597420e-03
1.423817593604326248e-03
-3.043609205633401871e-03
1.487502828240394592e-03
-1.160683925263583660e-03
1.742303022183477879e-03
2.836561994627118111e-03
-3.289287211373448372e-03
3.662540577352046967e-03
-1.824093516916036606e-03
2.953881630674004555e-03
1.922324765473604202e-03
-5.611480446532368660e-04
1.114468788728117943e-03
2.756187692284584045e-03
-9.116617147810757160e-04
-2.972109708935022354e-03
1.861875527538359165e-03
-1.549016335047781467e-03
1.064353506080806255e-03
3.214570926502346992e-03
3.609349019825458527e-03
-3.787494730204343796e-03
-2.719426760450005531e-03
-2.671057882253080606e-05
-2.711888402700424194e-03
-2.235547639429569244e-03
-2.701942343264818192e-03
-3.763668006286025047e-03
3.974391729570925236e-04
3.617601003497838974e-03
-6.326547591015696526e-04
-1.023157848976552486e-03
-3.678573528304696083e-03
1.401773537509143353e-03
-9.477820713073015213e-04
-3.283450147137045860e-03
2.213808940723538399e-03
-3.807871835306286812e-04
3.892536042258143425e-03
-1.749791437759995461e-03
5.106154130771756172e-04
-3.408401040360331535e-03
-1.194369746372103691e-03
6.595580489374697208e-04
-3.887537401169538498e-03
2.097625692840665579e-04
2.329702954739332199e-03
-2.697098301723599434e-03
1.646693795919418335e-03
-1.764498767443001270e-03
-8.013403275981545448e-04
3.159783547744154930e-03
3.652939805760979652e-03
1.375899650156497955e-03
1.590381609275937080e-03
-2.243491820991039276e-03
-1.096879481337964535e-03
-3.388296347111463547e-03
-3.128397744148969650e-03
3.192083211615681648e-03
-1.086594420485198498e-03
1.322612399235367775e-03
-2.775338944047689438e-03
-2.286823000758886337e-03
3.601176431402564049e-03
-4.742997698485851288e-04
2.994174719788134098e-04
1.514738076366484165e-03
-5.338328192010521889e-04
-2.592980628833174706e-03
6.051974487490952015e-04
-2.025562105700373650e-03
-1.852074754424393177e-03
2.793916035443544388e-03
-1.648322679102420807e-03
-3.010672749951481819e-03
-3.354691201820969582e-03
-1.003465848043560982e-03
-1.566392253153026104e-03
3.360817208886146545e-03
2.722458913922309875e-03
-1.475032069720327854e-03
1.338746631518006325e-03
2.001087414100766182e-03
7.979523506946861744e-04
2.465619239956140518e-03
-3.227318171411752701e-03
-1.989796059206128120e-03
-3.705609356984496117e-03
-2.725605445448309183e-04
2.047366462647914886e-03
-1.931438338942825794e-03
-1.341977156698703766e-03
2.439398318529129028e-03
2.413016511127352715e-03
3.346596611663699150e-03
1.585062011145055294e-03
-1.775618758983910084e-03
2.760673174634575844e-03
2.596470061689615250e-03
3.647188190370798111e-03
-2.331004478037357330e-03
3.466441296041011810e-03
2.391374669969081879e-03
6.137819145806133747e-04
1.986960414797067642e-03
-4.726115439552813768e-04
-8.871890604496002197e-04
6.899264990352094173e-04
9.853268275037407875e-04
-2.798470668494701385e-03
1.669365214183926582e-03
-2.059146296232938766e-03
3.036479000002145767e-03
-1.779760932549834251e-03
-1.481129555031657219e-03
-2.875373931601643562e-03
2.043723594397306442e-03
2.235207939520478249e-03
-2.573142293840646744e-03
1.800503116101026535e-03
6.710448069497942924e-04
-2.565018832683563232e-03
-3.031412838026881218e-03
-3.785026026889681816e-03
-3.121718764305114746e-03
2.181783318519592285e-03
1.325411954894661903e-03
3.201316110789775848e-03
4.160559037700295448e-04
-2.384955296292901039e-03
3.605330362915992737e-03
3.130606492049992085e-04
-8.933204808272421360e-04
2.445372985675930977e-03
-9.658219642005860806e-04
-2.804872114211320877e-03
3.635961329564452171e-03
-1.683855545707046986e-03
-5.899762036278843880e-04
-7.580574601888656616e-04
-1.093244180083274841e-03
-9.177373722195625305e-04
1.184428227134048939e-03
2.564225345849990845e-03
2.598086139187216759e-04
-1.364215859211981297e-03
2.779070055112242699e-04
2.414846792817115784e-03
1.281099859625101089e-03
2.288492629304528236e-03
-3.153779311105608940e-03
-2.586157526820898056e-03
-4.907034453935921192e-04
3.199863946065306664e-03
-1.714329817332327366e-03
3.120175562798976898e-03
-2.018784405663609505e-03
2.157493494451045990e-03
7.472577271983027458e-04
-1.800930243916809559e-03
-2.416528295725584030e-03
1.164176501333713531e-03
-2.918607555329799652e-03
-2.345212269574403763e-03
-1.946146832779049873e-03
7.955967448651790619e-04
3.562769619747996330e-03
1.250981120392680168e-03
-1.472495961934328079e-03
-6.127363303676247597e-04
3.040680661797523499e-03
1.248895190656185150e-03
1.756385318003594875e-03
-9.867186890915036201e-04
-5.539789563044905663e-04
-1.137875136919319630e-03
-7.540730293840169907e-04
1.661593909375369549e-03
-2.209702652180567384e-04
9.343373239971697330e-04
-8.071716292761266232e-04
3.308946732431650162e-03
-3.617595648393034935e-04
-3.618911607190966606e-03
3.343434305861592293e-03
3.727986011654138565e-03
-3.778613405302166939e-03
3.016270231455564499e-03
-1.823745784349739552e-03
3.651222679764032364e-03
8.527074533049017191e-05
1.429397496394813061e-03
2.509928308427333832e-04
-2.621846273541450500e-03
3.726317547261714935e-03
-1.076367450878024101e-03
-1.094709499739110470e-03
-2.620243933051824570e-03
2.997924806550145149e-03
-3.610575105994939804e-03
-3.118465887382626534e-03
-2.264261944219470024e-03
-2.849996089935302734e-03
3.148624673485755920e-03
-2.607565140351653099e-03
9.336437797173857689e-04
-8.053446654230356216e-04
-2.494857879355549812e-03
-4.044313100166618824e-04
-3.518917132169008255e-03
-3.686967771500349045e-03
1.764809247106313705e-03
-3.258373355492949486e-03
6.501387106254696846e-04
-2.947854110971093178e-03
-3.315313253551721573e-03
1.370636862702667713e-03
3.549105720594525337e-03
1.420942600816488266e-03
2.772934676613658667e-04
-5.602762103080749512e-04
3.287672530859708786e-03
1.543323451187461615e-04
-1.504188519902527332e-03
-4.973072209395468235e-04
-1.241569290868937969e-03
-1.255312236025929451e-03
-3.109798766672611237e-03
3.354555228725075722e-04
2.283772453665733337e-03
2.007472561672329903e-03
-1.052304287441074848e-03
7.874988368712365627e-04
-2.495847293175756931e-04
2.872241195291280746e-03
2.395357238128781319e-03
3.410427831113338470e-03
3.517689183354377747e-03
-8.704588399268686771e-04
1.253513153642416000e-03
2.474864944815635681e-03
-1.901462324894964695e-03
2.376136602833867073e-03
3.896590322256088257e-03
3.179676830768585205e-03
5.654541309922933578e-04
-2.924759173765778542e-03
-1.622385694645345211e-03
2.812972292304039001e-03
