4.915129393339157104e-04
1.943004084751009941e-03
3.012049943208694458e-03
-1.119128894060850143e-03
1.019079005345702171e-03
-3.740348853170871735e-03
-3.143508802168071270e-04
-3.774915285248425789e-06
-3.732358571141958237e-03
2.648229477927088737e-03
-2.980436256621032953e-04
4.459740011952817440e-04
-2.216557739302515984e-03
3.876880975440144539e-03
1.155872945673763752e-03
-2.672715345397591591e-03
-3.040245966985821724e-03
-2.158865565434098244e-03
-2.841320121660828590e-03
2.944413339719176292e-03
-3.114445600658655167e-03
-3.359633497893810272e-03
-2.935999305918812752e-03
-5.510440096259117126e-04
8.900997345335781574e-04
3.625236451625823975e-03
-1.497223740443587303e-03
-3.485654015094041824e-03
2.961961552500724792e-03
2.620856685098260641e-04
-2.949218905996531248e-04
6.463463068939745426e-04
-3.390807192772626877e-03
7.069716230034828186e-04
3.022722667083144188e-03
-3.600212279707193375e-03
-3.674141364172101021e-03
2.248880773549899459e-04
3.622889635153114796e-04
-2.473095897585153580e-03
-8.943989523686468601e-04
-2.316064666956663132e-03
1.895726774819195271e-03
-2.384386025369167328e-03
3.547575790435075760e-03
1.345913275144994259e-03
-7.381985196843743324e-04
2.122335135936737061e-03
7.963621173985302448e-04
-2.381704514846205711e-03
4.051061696372926235e-04
3.271992318332195282e-03
1.004852238111197948e-03
-3.816084703430533409e-03
-1.168130547739565372e-03
-4.050848365295678377e-04
-3.770363982766866684e-03
-2.649235248100012541e-04
-1.879049232229590416e-03
2.967251697555184364e-03
-1.053811647580005229e-04
-1.483878935687243938e-03
6.755145150236785412e-04
-2.512814011424779892e-03
8.864247938618063927e-04
-4.720344732049852610e-04
-2.132643712684512138e-03
3.523472696542739868e-03
-1.505434280261397362e-03
-2.411716384813189507e-03
-2.645726082846522331e-03
3.638843074440956116e-03
3.115224651992321014e-03
3.378629626240581274e-04
2.745942445471882820e-03
-1.062913448549807072e-03
1.873576082289218903e-03
1.050050253979861736e-03
-3.681132802739739418e-03
-2.120335353538393974e-03
6.070387898944318295e-04
1.731294905766844749e-04
-3.290710505098104477e-03
1.727379974909126759e-03
-2.731183776631951332e-04
1.310472143813967705e-03
2.983934246003627777e-03
1.869351137429475784e-03
-3.236236982047557831e-03
-1.016222740872763097e-04
-5.364071694202721119e-04
2.722327830269932747e-03
-3.089399309828877449e-03
-2.215576823800802231e-03
2.365857944823801517e-04
-1.600204966962337494e-03
6.648697890341281891e-04
-1.315333531238138676e-03
-1.952584134414792061e-03
3.859230084344744682e-03
-5.910953041166067123e-04
-3.765176283195614815e-03
-1.903241383843123913e-03
-1.882394426502287388e-03
-2.014643978327512741e-03
2.608645940199494362e-03
7.191283511929214001e-04
2.466552192345261574e-03
3.875081660225987434e-03
3.456637263298034668e-03
-2.866303082555532455e-03
-1.169442315585911274e-03
-3.667116165161132812e-03
-3.093064529821276665e-03
-1.110839191824197769e-03
-3.547318512573838234e-03
2.127344952896237373e-03
3.859204705804586411e-03
3.867716994136571884e-03
1.616845838725566864e-03
3.746434813365340233e-04
2.338910242542624474e-03
2.426955383270978928e-03
-1.012194785289466381e-03
3.470268566161394119e-03
2.451136941090226173e-03
2.869798336178064346e-04
3.497197467368096113e-04
-1.658028690144419670e-03
-9.878696873784065247e-04
-2.343280008062720299e-03
2.842794870957732201e-03
1.781910541467368603e-03
1.285492675378918648e-03
-6.528586382046341896e-04
2.603012835606932640e-03
-4.932097726850770414e-05
-2.829754957929253578e-03
-1.481359940953552723e-03
-1.798438141122460365e-03
-3.735317615792155266e-03
-1.346296281553804874e-03
-2.137518487870693207e-03
1.057095360010862350e-03
-2.446685452014207840e-03
-3.133769147098064423e-03
9.585047955624759197e-04
3.019451396539807320e-04
-3.694382729008793831e-03
1.621493254788219929e-03
3.483252367004752159e-03
2.494142157956957817e-03
3.360106842592358589e-03
6.391388014890253544e-04
-2.476482419297099113e-03
2.488658996298909187e-03
-3.904063487425446510e-03
3.148128511384129524e-03
-4.243998409947380424e-05
3.654087893664836884e-03
-2.923875348642468452e-03
-1.507246983237564564e-03
1.941816532053053379e-03
2.377680939389392734e-04
-2.115646377205848694e-03
3.582205157727003098e-03
2.499452326446771622e-03
-2.966638421639800072e-03
3.173396224156022072e-03
7.271548965945839882e-04
9.116505389101803303e-04
1.486236229538917542e-03
3.588346065953373909e-03
3.924461489077657461e-04
1.341510796919465065e-03
-1.705172704532742500e-03
-3.901594085618853569e-03
3.275498282164335251e-03
-2.396356780081987381e-03
3.850519657135009766e-03
-1.874254376161843538e-04
-1.439193612895905972e-03
-8.657465805299580097e-04
-3.807150525972247124e-03
-1.787355431588366628e-04
3.865660168230533600e-03
-6.149297696538269520e-04
2.164869103580713272e-03
-2.314144978299736977e-03
2.715903334319591522e-03
-1.069856574758887291e-03
-2.747506834566593170e-03
-2.742618555203080177e-03
-2.745338948443531990e-03
-1.747553469613194466e-04
2.569451928138732910e-03
-3.583085956051945686e-03
-5.446495488286018372e-04
2.073963260045275092e-04
-2.216806635260581970e-03
3.593256464228034019e-03
3.716084873303771019e-03
-2.539849607273936272e-03
-9.102028561756014824e-04
-3.415037353988736868e-04
-3.410415723919868469e-03
-4.171571054030209780e-04
1.123084221035242081e-03
-3.985074290540069342e-04
1.429174561053514481e-03
1.447407179512083530e-03
5.248199449852108955e-04
-3.617886221036314964e-03
-3.861241973936557770e-03
-2.078523393720388412e-03
4.753129614982753992e-04
2.678466495126485825e-03
1.005946658551692963e-03
3.301519667729735374e-03
4.361805913504213095e-04
2.868890995159745216e-03
-3.519821446388959885e-03
-2.924808766692876816e-03
-3.488980000838637352e-03
2.122896956279873848e-03
-1.788806635886430740e-03
-6.414659437723457813e-04
-2.855029189959168434e-03
2.774129621684551239e-03
3.319696523249149323e-03
-3.794204967562109232e-04
9.856978431344032288e-04
1.860616612248122692e-03
-2.893408993259072304e-03
-6.245815311558544636e-04
1.400634762831032276e-03
4.870105476584285498e-04
4.015913873445242643e-04
2.107466338202357292e-03
-2.495226915925741196e-03
3.008827334269881248e-03
-3.843300743028521538e-03
7.425811490975320339e-04
2.225104020908474922e-03
6.855876417830586433e-04
2.602417021989822388e-03
1.241273712366819382e-03
2.969461493194103241e-03
-1.796899829059839249e-03
3.027191385626792908e-03
8.912414195947349072e-04
-6.191343418322503567e-04
7.443970389431342483e-05
3.531815484166145325e-03
2.340656705200672150e-03
-1.660468173213303089e-03
