1.595699461176991463e-03
-2.810702717397361994e-04
3.083918243646621704e-03
-1.374305225908756256e-03
-5.695071304216980934e-04
3.343744901940226555e-03
8.349610725417733192e-04
-7.652302156202495098e-04
1.936231506988406181e-03
3.302819794043898582e-03
-6.827237084507942200e-04
-3.215812612324953079e-03
-3.632604144513607025e-03
3.823976498097181320e-03
3.358943213243037462e-04
-2.699836040847003460e-04
-2.021058317041024566e-04
3.443647437961772084e-05
-2.168728504329919815e-03
2.591532655060291290e-03
-1.925621530972421169e-03
2.593114273622632027e-03
-2.648710506036877632e-03
-1.051323197316378355e-04
1.459176302887499332e-03
-5.163891473785042763e-04
-2.606295282021164894e-03
3.076678607612848282e-03
-3.852918744087219238e-03
-1.180820865556597710e-03
-1.793088624253869057e-03
3.480631392449140549e-03
-3.787906607612967491e-04
-3.586073871701955795e-03
4.507038975134491920e-04
-3.710865043103694916e-03
-2.540251007303595543e-03
2.407774562016129494e-03
-1.749555580317974091e-03
-2.330723364138975739e-04
-1.141600310802459717e-03
3.355263732373714447e-03
2.444850048050284386e-03
1.954193692654371262e-03
-1.677644904702901840e-03
-2.667392138391733170e-03
1.682552276179194450e-03
2.570931246737018228e-05
-6.023354944773018360e-04
9.832058567553758621e-04
2.750186948105692863e-03
1.491164148319512606e-04
-2.336340723559260368e-03
-6.066814530640840530e-04
3.340600756928324699e-03
2.797220135107636452e-03
1.056439941748976707e-03
-1.382340677082538605e-03
3.517106641083955765e-03
2.703184261918067932e-03
-5.570284556597471237e-04
2.745129168033599854e-03
2.575003774836659431e-03
-2.138156211003661156e-03
-2.913032949436455965e-04
-3.316066286060959101e-04
-2.900580409914255142e-03
2.273893769597634673e-04
-1.214364659972488880e-03
-1.942989329108968377e-04
6.975809228606522083e-04
-1.597783179022371769e-03
-2.450853120535612106e-03
1.085933297872543335e-03
7.704663439653813839e-04
-2.246208023279905319e-03
8.437788346782326698e-04
9.596645249985158443e-04
1.960602821782231331e-03
3.400382120162248611e-03
1.001939177513122559e-03
1.816344563849270344e-03
1.912939595058560371e-03
3.211703849956393242e-03
-3.137391060590744019e-03
-5.905069410800933838e-04
-2.910120878368616104e-03
3.525416599586606026e-03
3.529610112309455872e-04
3.626117249950766563e-03
1.470747956773266196e-04
-3.694970160722732544e-03
1.242319354787468910e-03
3.420306893531233072e-05
-5.199961597099900246e-04
1.209952053613960743e-03
-1.026423764415085316e-03
-1.381454756483435631e-03
3.301553195342421532e-03
1.067590666934847832e-03
9.626213795854710042e-06
1.559552270919084549e-03
-2.575986785814166069e-03
3.199561033397912979e-03
1.672085723839700222e-03
3.802942344918847084e-03
-3.366446122527122498e-03
1.319904113188385963e-03
-2.393219328951090574e-04
-2.698512049391865730e-03
-9.300081874243915081e-04
2.175578381866216660e-03
2.607427071779966354e-03
-1.715141232125461102e-03
-1.401610552420606837e-05
-1.114538055844604969e-03
-2.559693530201911926e-03
-3.888217033818364143e-03
-6.167651736177504063e-04
3.480077255517244339e-03
2.466336882207542658e-04
3.458141116425395012e-03
3.391316160559654236e-03
-6.684898980893194675e-04
2.844345290213823318e-03
2.787775127217173576e-03
-8.715832955203950405e-04
-3.601031610742211342e-03
-7.367687067016959190e-04
6.150123081170022488e-04
1.507823937572538853e-03
2.768264384940266609e-03
-7.524484535679221153e-04
-3.148883348330855370e-03
3.206376684829592705e-03
1.994016813114285469e-03
-1.665738644078373909e-03
2.729923231527209282e-03
-3.393192542716860771e-03
3.287230385467410088e-03
2.512793580535799265e-04
-3.317319089546799660e-03
-9.540492319501936436e-04
3.411680925637483597e-03
1.149818272097036242e-04
-7.976812776178121567e-04
-8.424267289228737354e-04
3.429767442867159843e-03
5.969127523712813854e-04
-5.595993206952698529e-05
2.226453740149736404e-03
3.069069469347596169e-03
-3.750236472114920616e-03
2.654470037668943405e-03
-2.395343908574432135e-04
-8.370841533178463578e-05
-1.634962973184883595e-04
-2.642882987856864929e-03
2.779466798529028893e-03
1.078404384315945208e-04
-3.802204970270395279e-03
-1.161691179731860757e-04
-1.943235751241445541e-03
1.792121111066080630e-05
9.852506918832659721e-04
3.549562999978661537e-03
7.156935171224176884e-04
2.224664203822612762e-03
-3.907436039298772812e-03
-3.507031360641121864e-03
3.627645317465066910e-03
3.102375194430351257e-03
-2.646011533215641975e-03
-2.163173398002982140e-03
-1.635260879993438721e-03
-2.647509565576910973e-03
-2.387050539255142212e-03
1.987312687560915947e-03
-2.146070328308269382e-04
3.622696502134203911e-03
-2.846648916602134705e-03
7.303294260054826736e-04
2.694359049201011658e-03
-2.236152533441781998e-03
3.775518387556076050e-03
5.910145700909197330e-04
-3.888041712343692780e-03
-1.458404003642499447e-03
-8.115027594612911344e-05
-2.964585786685347557e-03
3.602950833737850189e-03
-9.562132181599736214e-04
-2.316668396815657616e-03
-1.719435793347656727e-03
-3.189841052517294884e-03
-3.548282897099852562e-03
1.303810859099030495e-03
1.875300658866763115e-03
1.914076390676200390e-03
1.252408837899565697e-04
3.210367576684802771e-04
1.966743031516671181e-03
3.062593052163720131e-03
6.803639698773622513e-04
-4.565231502056121826e-04
2.702155383303761482e-03
2.350027207285165787e-03
1.205549808219075203e-03
-1.333292224444448948e-03
1.338808651780709624e-04
3.679483896121382713e-03
-2.265922492370009422e-03
6.454445538111031055e-04
3.905366873368620872e-03
-1.103831455111503601e-03
-3.315737703815102577e-03
4.415475414134562016e-04
2.661863574758172035e-03
2.742109354585409164e-03
2.728933934122323990e-03
-2.683286089450120926e-03
-3.448657516855746508e-04
3.552489914000034332e-03
6.876998231746256351e-04
2.183446427807211876e-03
-1.352368271909654140e-03
-1.068774261511862278e-03
1.537220436148345470e-03
2.625757362693548203e-03
-3.745457623153924942e-03
-3.824609797447919846e-03
-1.810345449484884739e-03
2.880784450098872185e-03
-1.142255041486350819e-05
-2.308332826942205429e-03
1.705844188109040260e-03
-8.062885608524084091e-04
3.576508490368723869e-03
2.124151913449168205e-03
3.016958246007561684e-03
3.121447283774614334e-03
-3.086259821429848671e-03
9.743539849296212196e-04
-8.961137500591576099e-04
-9.679145296104252338e-04
8.656728896312415600e-04
-1.950616016983985901e-03
-1.714350946713238955e-04
-1.208222704008221626e-03
1.003281562589108944e-03
2.075365278869867325e-03
-3.276670584455132484e-03
-7.325781625695526600e-04
3.093418199568986893e-03
3.511913120746612549e-03
-2.520673675462603569e-03
