-2.079762052744626999e-03
4.512254963628947735e-04
-1.798515324480831623e-03
1.328364480286836624e-03
3.435644321143627167e-03
-2.879275940358638763e-03
3.507992252707481384e-03
-3.011471824720501900e-03
-2.169778337702155113e-03
1.941119087859988213e-03
9.987687226384878159e-04
-9.915365371853113174e-04
3.523917170241475105e-03
-1.383076305501163006e-03
2.248660195618867874e-03
-1.171718700788915157e-03
2.933285897597670555e-03
-1.820344594307243824e-03
-4.908500704914331436e-04
-9.176029125228524208e-04
1.119019114412367344e-03
1.793331466615200043e-03
3.346749348565936089e-03
2.428612438961863518e-03
-2.485244534909725189e-03
8.932450436986982822e-04
-1.785636064596474171e-03
-2.122858539223670959e-03
-3.328779421281069517e-04
-1.505261985585093498e-03
-2.241844078525900841e-03
3.542455378919839859e-03
2.857245970517396927e-03
-4.976125783286988735e-04
-3.639492904767394066e-03
-2.504591364413499832e-03
2.733153291046619415e-03
-1.704342663288116455e-03
2.214060630649328232e-03
-3.298636293038725853e-03
5.836216732859611511e-04
-1.703606452792882919e-03
3.265520557761192322e-03
1.459322171285748482e-03
3.445558948442339897e-03
3.674083156511187553e-03
1.417980762198567390e-03
8.558052359148859978e-04
1.276955823414027691e-03
3.105075797066092491e-03
-1.762779866112396121e-04
7.667360478080809116e-04
-3.151653101667761803e-03
-3.061054972931742668e-03
-2.517782384529709816e-03
1.423310255631804466e-03
-2.914971904829144478e-03
2.927837660536170006e-03
2.694152295589447021e-03
6.624408997595310211e-04
-2.044838620349764824e-03
2.618186874315142632e-03
2.223368035629391670e-03
3.048518905416131020e-03
1.890427549369633198e-03
-4.469179257284849882e-04
-1.434773555956780910e-03
3.238240722566843033e-03
-2.738561015576124191e-04
-2.720916876569390297e-03
-3.812988987192511559e-03
-4.106101114302873611e-04
-1.277537201531231403e-03
-3.016728151123970747e-04
-9.212922886945307255e-04
-6.919007864780724049e-04
-3.758714534342288971e-03
-1.483486965298652649e-03
3.181185573339462280e-03
-3.879777796100825071e-04
-2.312328579137101769e-04
2.131627639755606651e-03
1.602899050340056419e-03
-3.671923419460654259e-03
-2.713971305638551712e-03
-1.350186765193939209e-03
1.609702245332300663e-03
5.969328922219574451e-04
3.079899586737155914e-03
1.986748073250055313e-03
3.269619774073362350e-03
-3.047841601073741913e-03
3.184436820447444916e-03
-3.849032509606331587e-04
1.098907901905477047e-03
3.079498419538140297e-03
-3.171402961015701294e-03
-1.787631888873875141e-03
-1.428194460459053516e-03
3.420772263780236244e-03
2.487404271960258484e-03
1.760249258950352669e-03
1.223949599079787731e-03
1.538736862130463123e-03
-3.777842503041028976e-04
9.703478426672518253e-04
-3.281598910689353943e-03
3.485549706965684891e-03
4.994230694137513638e-04
3.371808561496436596e-04
1.541993347927927971e-03
-7.254687370732426643e-04
-1.744400593452155590e-03
-2.783898962661623955e-03
-2.488510450348258018e-03
-6.707785069011151791e-04
1.358746085315942764e-04
-3.375055966898798943e-03
8.075507939793169498e-04
-1.346349017694592476e-03
-3.423280082643032074e-03
4.792058316525071859e-04
2.127849729731678963e-03
2.102222526445984840e-03
8.371847798116505146e-04
2.845971379429101944e-03
1.430230913683772087e-03
3.891882253810763359e-03
-2.247189637273550034e-03
1.569704851135611534e-03
-8.774926536716520786e-04
-1.432525459676980972e-03
-3.828308777883648872e-03
2.963039092719554901e-03
-5.162970046512782574e-04
-1.187149435281753540e-03
2.407478634268045425e-03
2.049978123977780342e-03
-1.331558218225836754e-03
1.213497016578912735e-03
2.864827867597341537e-03
3.745947498828172684e-03
-3.797421464696526527e-03
-1.099771354347467422e-03
3.203597152605652809e-03
2.770264167338609695e-03
3.641091519966721535e-03
-1.125454946304671466e-04
8.510879706591367722e-04
1.257655443623661995e-03
-1.070589525625109673e-03
5.634870612993836403e-04
-3.149388823658227921e-03
-1.526688109152019024e-03
2.345293061807751656e-03
1.612739288248121738e-03
-2.291153068654239178e-04
3.691768040880560875e-03
6.910618685651570559e-05
-3.739223815500736237e-03
1.957100757863372564e-04
-1.676367945037782192e-03
2.814984763972461224e-04
-3.242199774831533432e-03
-2.983213867992162704e-03
2.451509470120072365e-03
-2.243695082142949104e-03
2.923246007412672043e-03
3.191510215401649475e-03
-9.640008211135864258e-04
-2.431751461699604988e-03
3.415438579395413399e-03
-1.361822360195219517e-03
8.808262646198272705e-04
3.663390642032027245e-03
-3.263087477535009384e-03
-3.530646907165646553e-03
-3.340963274240493774e-03
-2.921664854511618614e-03
-1.761561143212020397e-03
-1.453392440453171730e-03
-1.006084377877414227e-03
3.744865069165825844e-03
2.058251528069376945e-03
2.539521548897027969e-03
1.110402867197990417e-03
-3.729843068867921829e-03
2.280191751196980476e-03
3.687454620376229286e-03
5.694214487448334694e-04
-2.994240494444966316e-03
1.482591615058481693e-03
-1.081864047591807321e-05
-1.482873805798590183e-03
-3.180583007633686066e-03
1.165533321909606457e-03
-1.117222011089324951e-03
8.790339343249797821e-04
-2.260100096464157104e-03
1.035566892824135721e-04
-5.902857519686222076e-04
3.283408004790544510e-03
3.193882526829838753e-03
-2.950940048322081566e-03
-2.556000603362917900e-03
-1.999880420044064522e-03
-2.965659135952591896e-03
-2.589432522654533386e-03
4.352279356680810452e-04
-1.015820773318409920e-03
3.213579766452312469e-03
-1.951519050635397434e-03
-3.128920448943972588e-03
-7.552131864940747619e-05
3.779544495046138763e-03
-5.216680583544075489e-04
1.494154566898941994e-03
-2.336974022909998894e-03
-3.441009437665343285e-03
1.587221748195588589e-03
-1.007376471534371376e-03
-9.596021845936775208e-04
-2.966048428788781166e-03
-3.686778480187058449e-03
-3.326518228277564049e-03
-8.020649547688663006e-04
-1.412326586432754993e-03
-2.038372680544853210e-03
3.049989929422736168e-03
1.020099734887480736e-03
-2.349190413951873779e-03
-2.560390625149011612e-03
1.821220852434635162e-03
1.208949135616421700e-03
-1.587095903232693672e-04
-3.329449566081166267e-03
-3.830827306956052780e-03
-2.798333065584301949e-03
1.416983897797763348e-03
2.325606299564242363e-03
-1.838106662034988403e-03
2.133746165782213211e-04
6.207108963280916214e-04
1.500391401350498199e-03
3.471782896667718887e-03
1.918752444908022881e-03
1.569169573485851288e-03
-9.272782481275498867e-04
-3.479563165456056595e-03
3.231422044336795807e-03
2.852839184924960136e-03
-2.482912270352244377e-03
2.456172136589884758e-03
-5.279561155475676060e-04
4.735130933113396168e-04
1.630475395359098911e-03
