-1.155565376393496990e-03
-1.646318589337170124e-03
-4.021688073407858610e-04
2.952103735879063606e-03
3.437659761402755976e-04
-4.397168522700667381e-04
3.341733827255666256e-05
-2.410656306892633438e-03
1.936621963977813721e-03
-2.412533387541770935e-03
-2.647049957886338234e-03
-2.208519028499722481e-03
-3.845625091344118118e-03
2.706434577703475952e-03
-8.037271909415721893e-04
4.611325566656887531e-04
-2.134649083018302917e-03
3.771739546209573746e-03
2.169177168980240822e-03
1.971967983990907669e-03
-1.408784883096814156e-03
2.997008617967367172e-03
1.245201332494616508e-03
1.623194111743941903e-04
8.009018492884933949e-04
7.810622919350862503e-04
-2.786525757983326912e-03
1.215412863530218601e-03
3.284618491306900978e-03
4.826708754990249872e-04
-1.805599313229322433e-03
-3.319679759442806244e-03
3.427543444558978081e-03
9.084990015253424644e-04
1.399461063556373119e-03
-2.832717029377818108e-03
-7.953798631206154823e-04
3.818843048065900803e-03
3.252723487094044685e-03
-3.353277570568025112e-04
3.807949833571910858e-03
-1.998051739064976573e-04
-7.536634802818298340e-05
2.720967633649706841e-03
2.889042079914361238e-04
-1.710746786557137966e-03
1.270012580789625645e-03
-2.357826102524995804e-03
-1.118857529945671558e-03
-3.124160692095756531e-03
1.119338674470782280e-03
-1.841937308199703693e-03
4.936141194775700569e-04
3.004165831953287125e-03
1.652165316045284271e-03
1.700500142760574818e-03
-2.487728837877511978e-03
-3.038423601537942886e-04
-3.439451102167367935e-03
1.779909362085163593e-03
3.506694629322737455e-04
-1.716143568046391010e-03
-2.253026468679308891e-04
-2.088109729811549187e-03
-2.321769250556826591e-03
-4.591502365656197071e-04
-2.635221695527434349e-03
-3.225103719159960747e-03
2.577511477284133434e-04
-1.444453024305403233e-03
8.129678899422287941e-04
-1.670885714702308178e-03
2.254645805805921555e-03
-1.366676297038793564e-03
2.979271346703171730e-03
2.657024655491113663e-03
2.158354036509990692e-04
-2.879711100831627846e-03
2.457258233334869146e-05
1.480110106058418751e-03
-8.969298214651644230e-04
1.628574333153665066e-03
-1.947455108165740967e-03
-1.108456635847687721e-03
-2.098187338560819626e-03
-3.730574971996247768e-04
1.703093876130878925e-03
-1.767382025718688965e-03
2.149457344785332680e-03
-6.198038463480770588e-04
1.006969367153942585e-03
3.750883508473634720e-03
-3.188767470419406891e-03
1.966119743883609772e-03
9.930795058608055115e-04
3.032057546079158783e-03
-2.532004145905375481e-03
-1.112341647967696190e-03
-1.785734093573410064e-05
-2.049192087724804878e-03
-1.705286558717489243e-03
2.138123527402058244e-04
-2.976110205054283142e-03
-2.417959971353411674e-03
-1.521083642728626728e-03
2.104921732097864151e-03
-1.385974348522722721e-03
1.561051118187606335e-03
3.887993749231100082e-03
-2.424509730190038681e-03
-2.745420206338167191e-03
3.835259005427360535e-03
7.901043863967061043e-04
-1.302780816331505775e-03
3.749833442270755768e-03
-1.354938256554305553e-03
-5.249110399745404720e-04
3.270036075264215469e-03
4.193887871224433184e-04
-1.954101026058197021e-03
-3.894726745784282684e-03
-2.851343946531414986e-03
3.779910737648606300e-03
3.740372601896524429e-03
8.562167640775442123e-04
-3.361256560310721397e-03
-3.885658807121217251e-04
3.224213607609272003e-03
5.410318844951689243e-04
4.981701495125889778e-04
2.735503483563661575e-03
-1.115772611228749156e-04
1.412985380738973618e-03
1.115947612561285496e-03
-2.602809341624379158e-03
-1.635187305510044098e-03
-7.917417096905410290e-04
-2.893945667892694473e-03
-4.002003988716751337e-04
-1.775889541022479534e-03
-3.856016788631677628e-03
4.243248840793967247e-04
7.282586884684860706e-04
1.485199201852083206e-03
7.228494505397975445e-04
3.605367615818977356e-03
8.160953439073637128e-05
1.739262719638645649e-03
-1.343200798146426678e-03
2.377633703872561455e-03
2.978856908157467842e-03
1.465962850488722324e-03
2.633155090734362602e-04
3.705920418724417686e-03
-3.581642871722579002e-03
2.967339707538485527e-03
-2.719113370403647423e-03
3.706450341269373894e-03
3.333513392135500908e-03
-2.824727445840835571e-03
2.032512798905372620e-03
1.592902350239455700e-03
3.904937999323010445e-03
3.679973771795630455e-03
1.820882200263440609e-03
-3.681195201352238655e-03
-3.890580963343381882e-03
4.221038834657520056e-04
1.687950221821665764e-03
1.045309239998459816e-03
2.364871761528775096e-04
-3.735904116183519363e-03
2.827934687957167625e-03
2.412992529571056366e-03
-1.321421819739043713e-03
1.437470782548189163e-03
-3.392180893570184708e-03
-3.250636160373687744e-03
-3.389561781659722328e-03
-1.026600366458296776e-03
-3.567587118595838547e-03
2.731547923758625984e-03
-3.168512135744094849e-03
-2.915493678301572800e-03
1.823763013817369938e-03
1.104420516639947891e-03
2.949550398625433445e-04
-2.756288042291998863e-03
1.222529681399464607e-03
3.749359399080276489e-03
2.051905030384659767e-03
1.744567067362368107e-03
4.504054668359458447e-04
-1.519374782219529152e-03
1.731713884510099888e-03
-1.765416353009641171e-03
1.664789742790162563e-03
4.898423212580382824e-04
1.244604820385575294e-03
1.790389069356024265e-03
2.187188802054151893e-04
-2.829931909218430519e-03
3.321532160043716431e-03
-6.545568612636998296e-05
2.199464943259954453e-03
3.474082332104444504e-03
-4.115224000997841358e-04
2.666939748451113701e-03
1.713352277874946594e-03
-4.042797172587597743e-06
-1.270438660867512226e-03
-1.068733283318579197e-03
1.961851725354790688e-03
5.544282030314207077e-04
-2.401724457740783691e-03
-6.924734916538000107e-04
2.557707717642188072e-03
-3.850446548312902451e-03
2.282460220158100128e-03
-1.215654425323009491e-03
-1.951230457052588463e-03
3.428237047046422958e-03
3.663267707452178001e-03
1.709148986265063286e-03
-2.140550932381302118e-04
1.131669036112725735e-03
3.292607376351952553e-03
-2.480016322806477547e-03
-2.724344143643975258e-03
1.066753873601555824e-03
1.516603282652795315e-03
-1.584323588758707047e-03
-2.664690546225756407e-04
2.104745944961905479e-03
3.398613989702425897e-05
-3.090439829975366592e-03
-1.846190658397972584e-03
2.195848384872078896e-03
-1.136800623498857021e-03
-3.444365458562970161e-03
-3.886299440637230873e-03
4.286118928575888276e-05
3.646689932793378830e-03
-2.545500639826059341e-03
1.510449917986989021e-03
-1.506010303273797035e-03
1.332773594185709953e-03
2.121649216860532761e-03
-1.097079133614897728e-03
1.990996068343520164e-03
4.606752190738916397e-04
-1.576662994921207428e-03
3.470441093668341637e-03
4.139931406825780869e-04
-2.704765647649765015e-03
2.552050864323973656e-03
