-6.163392681628465652e-04
-2.795642707496881485e-03
-4.880820597463753074e-06
2.696434734389185905e-03
-1.968064578250050545e-03
-1.465630833990871906e-03
-8.742942009121179581e-04
1.950144069269299507e-03
1.933553605340421200e-03
-2.904075430706143379e-03
-3.369163954630494118e-03
-2.065588632831349969e-04
1.169891795143485069e-03
1.165383495390415192e-03
1.261849189177155495e-03
-3.997887688456103206e-05
-5.045281141065061092e-04
1.480208360590040684e-03
-1.628705358598381281e-04
2.152848523110151291e-03
3.779707476496696472e-04
3.347331425175070763e-03
-1.566368155181407928e-03
1.162741216830909252e-03
1.251721405424177647e-03
-2.533749444410204887e-03
3.545034211128950119e-03
2.092270879074931145e-03
1.883668475784361362e-03
-5.958106485195457935e-04
3.796044504269957542e-03
1.562076387926936150e-03
-5.183028406463563442e-04
1.479514059610664845e-03
2.189632505178451538e-03
3.027991158887743950e-03
6.100538303144276142e-04
6.960979662835597992e-04
-1.210972201079130173e-03
-2.103174803778529167e-03
-3.403886454179883003e-03
-7.367607322521507740e-04
-1.069497899152338505e-03
9.445457253605127335e-04
-3.033349094039294869e-05
5.498398095369338989e-04
2.027209382504224777e-03
-2.398469252511858940e-03
2.707964507862925529e-03
2.534938277676701546e-03
2.375724026933312416e-03
6.187794497236609459e-04
-1.016231108224019408e-04
6.017240229994058609e-04
-2.917872974649071693e-03
-2.304705558344721794e-03
7.757252897135913372e-04
-6.768206367269158363e-05
1.641997718252241611e-03
-1.801275881007313728e-03
1.918511115945875645e-03
-1.285633072257041931e-03
2.526355907320976257e-03
-1.234975177794694901e-03
-1.625283039174973965e-03
8.233084226958453655e-04
-4.267310723662376404e-04
-9.868412744253873825e-04
-1.384902861900627613e-03
3.128118580207228661e-03
-3.550768131390213966e-03
1.953686354681849480e-03
-1.238059718161821365e-03
3.752011340111494064e-03
1.610500970855355263e-03
8.706399239599704742e-04
-1.183979096822440624e-03
-5.480367108248174191e-04
-2.130317501723766327e-03
-8.367698173969984055e-04
2.476703608408570290e-03
-3.619892988353967667e-03
1.166449626907706261e-03
1.604227698408067226e-03
2.932443981990218163e-03
-1.439651125110685825e-03
2.122136764228343964e-03
-3.728150622919201851e-03
2.030796313192695379e-04
3.221060382202267647e-03
1.586414291523396969e-03
-2.063109539449214935e-03
-1.131858094595372677e-03
-3.183184191584587097e-03
6.967360968701541424e-05
1.860085758380591869e-03
-2.882268745452165604e-03
2.122449455782771111e-03
-1.608774997293949127e-03
2.121744910255074501e-03
2.238110173493623734e-03
9.045455371960997581e-04
-4.992291796952486038e-04
-3.704280359670519829e-03
-2.178207039833068848e-03
2.697013842407613993e-04
-3.895880188792943954e-03
3.600409487262368202e-03
1.298440271057188511e-03
-3.490675007924437523e-04
3.377929097041487694e-03
-1.586677972227334976e-03
4.672090290114283562e-04
4.491427971515804529e-04
2.813145518302917480e-03
1.032557338476181030e-03
-1.207745284773409367e-03
-1.577456947416067123e-03
-3.093981416895985603e-03
2.149653621017932892e-03
2.122853184118866920e-03
2.667736262083053589e-03
2.387696644291281700e-03
-3.719550790265202522e-03
3.770184470340609550e-03
-3.115287516266107559e-03
2.548166376072913408e-04
5.318177500157617033e-06
2.798286266624927521e-03
-3.449635580182075500e-03
1.256192103028297424e-03
-2.374436473473906517e-03
2.731356835283804685e-05
2.911013783887028694e-03
-3.609052859246730804e-03
3.896654350683093071e-03
-3.543850965797901154e-03
2.677507698535919189e-03
-3.271121997386217117e-03
-2.611993579193949699e-03
-3.172490280121564865e-03
2.372673479840159416e-03
-1.005712663754820824e-03
6.422892911359667778e-04
-3.537332639098167419e-03
3.866782877594232559e-03
1.158998929895460606e-03
-1.698398147709667683e-03
-1.257980591617524624e-03
3.127313451841473579e-03
1.191445859149098396e-03
-3.781083971261978149e-03
1.312252832576632500e-03
-2.169283805415034294e-03
8.192522218450903893e-04
3.159553743898868561e-03
-5.318279145285487175e-04
7.500082574551925063e-05
2.379704499617218971e-03
-2.286979928612709045e-03
1.367667573504149914e-03
1.564047648571431637e-03
-3.814464667811989784e-03
-1.420410582795739174e-03
3.130123019218444824e-03
6.946511566638946533e-04
3.674505045637488365e-03
-6.515288259834051132e-04
3.336770227178931236e-03
-3.278491087257862091e-03
1.986206276342272758e-03
-3.407731885090470314e-03
1.014528679661452770e-03
3.225674387067556381e-03
-9.069263469427824020e-04
2.878396306186914444e-03
-3.713736077770590782e-03
-3.244665276724845171e-04
1.575980801135301590e-03
-2.026894362643361092e-03
2.898594830185174942e-03
-2.871184609830379486e-03
-4.294965183362364769e-04
3.571451874449849129e-03
3.085965523496270180e-03
3.209557035006582737e-04
3.831660142168402672e-03
-3.849792061373591423e-03
-1.180611667223274708e-03
9.787176968529820442e-04
-9.373152279295027256e-04
2.009049057960510254e-03
2.985231811180710793e-03
-1.533567206934094429e-03
-8.531803614459931850e-04
3.752708900719881058e-03
-2.511185361072421074e-03
-3.447294235229492188e-03
-2.179915754823014140e-04
-3.038305556401610374e-03
3.299570525996387005e-04
8.106238092295825481e-04
-3.018056973814964294e-03
-2.898555248975753784e-04
-1.838880125433206558e-03
-1.020184135995805264e-03
9.520052699372172356e-04
1.539062242954969406e-03
-1.008825725875794888e-03
3.357544541358947754e-03
2.224161435151472688e-04
2.815623302012681961e-03
1.302813645452260971e-03
1.771354814991354942e-03
3.868751460686326027e-03
-1.643127296119928360e-03
1.241308782482519746e-04
-1.536566531285643578e-03
1.638469984754920006e-03
-2.515495289117097855e-03
-8.742911159060895443e-04
2.936721080914139748e-03
-1.207699533551931381e-03
1.381628331728279591e-03
5.733883517677895725e-05
5.937835085205733776e-04
-1.625331060495227575e-04
-3.359694499522447586e-03
3.441863227635622025e-03
2.719481242820620537e-03
-3.743552835658192635e-03
-2.780238864943385124e-03
8.419982623308897018e-04
7.079586794134229422e-05
-1.109804376028478146e-03
3.405662951990962029e-03
-3.426216775551438332e-03
-1.115297316573560238e-03
2.846008865162730217e-03
-3.273162583354860544e-04
-2.116922754794359207e-03
3.478032769635319710e-03
2.598422113806009293e-03
-1.587796024978160858e-03
-2.871057949960231781e-03
-3.824896120931953192e-04
3.298335941508412361e-03
-9.289233712479472160e-04
1.862607547082006931e-03
-7.235233788378536701e-04
1.631462015211582184e-03
-5.376836052164435387e-04
2.434091409668326378e-03
3.834483213722705841e-03
-3.253063885495066643e-03
2.385864732787013054e-03
