-9.159918990917503834e-04
3.301407268736511469e-04
-1.206778106279671192e-03
-7.257163088070228696e-05
-6.611091666854918003e-04
-1.990769291296601295e-03
-2.238138113170862198e-03
-1.088307704776525497e-03
-1.220205915160477161e-03
-1.540793688036501408e-03
4.572306352201849222e-04
-1.366888289339840412e-03
-3.136831801384687424e-03
-4.877028695773333311e-04
5.885589634999632835e-04
-1.672558835707604885e-03
1.710556796751916409e-03
-1.666662748903036118e-03
5.138495471328496933e-04
-2.084659878164529800e-03
-2.658409997820854187e-03
-3.246417269110679626e-03
2.258301014080643654e-03
7.130856974981725216e-04
4.635405202861875296e-04
1.119188964366912842e-03
-3.423180663958191872e-03
3.497026162222027779e-03
1.669290824793279171e-03
3.650876693427562714e-03
2.714153146371245384e-03
2.365933032706379890e-03
-1.414765720255672932e-03
-1.830036053434014320e-03
-8.270536200143396854e-04
1.738487742841243744e-03
-1.528633176349103451e-03
-2.612797077745199203e-03
-1.885855104774236679e-03
-3.038101131096482277e-03
-2.002896508201956749e-03
-1.282337005250155926e-03
2.049166709184646606e-03
1.101554022170603275e-03
-1.967123942449688911e-03
9.682495729066431522e-04
3.784778818953782320e-04
-3.368462435901165009e-03
-3.564850660040974617e-03
2.934327814728021622e-03
-1.333869993686676025e-03
1.344815362244844437e-03
-2.462224802002310753e-03
3.773774078581482172e-04
-1.821078709326684475e-03
2.003791276365518570e-03
3.802947467193007469e-03
2.617034595459699631e-03
1.143409055657684803e-03
2.575413556769490242e-03
-4.800983515451662242e-05
-2.437792718410491943e-03
-2.769767539575695992e-03
3.831330221146345139e-03
2.452003071084618568e-03
-1.670781930442899466e-04
6.988919631112366915e-05
-2.323197433724999428e-03
-2.974042436107993126e-03
-1.948110177181661129e-03
-1.174827120848931372e-04
-1.834272639825940132e-03
-2.916260855272412300e-03
-3.280722070485353470e-03
-2.256731502711772919e-03
-2.757422626018524170e-03
-1.458742772229015827e-03
-2.819971414282917976e-04
-2.298854291439056396e-03
-1.006104052066802979e-03
1.878285314887762070e-03
1.790683949366211891e-03
-2.445073041599243879e-04
-1.879428047686815262e-03
8.723942301003262401e-06
-2.569555770605802536e-03
1.783503335900604725e-03
1.730449381284415722e-03
9.167721727862954140e-04
-1.082946313545107841e-03
4.507999692577868700e-04
2.905682427808642387e-03
-3.312958171591162682e-03
3.516938304528594017e-03
5.030173924751579762e-04
3.517724107950925827e-03
1.568073406815528870e-03
9.756144718267023563e-04
5.843971739523112774e-04
-1.679681008681654930e-03
-2.044627908617258072e-03
3.178705926984548569e-03
1.470387913286685944e-03
-2.873300807550549507e-03
2.026902744546532631e-03
2.639141865074634552e-03
8.729806286282837391e-04
-7.728594937361776829e-04
5.885492428205907345e-04
3.678282024338841438e-03
3.477924838080070913e-05
5.068621831014752388e-04
-1.894477638415992260e-03
-1.098458422347903252e-03
3.797510638833045959e-03
-2.935878001153469086e-03
2.868823066819459200e-04
-7.984793046489357948e-04
-1.048998325131833553e-03
2.770985302049666643e-04
-3.481105668470263481e-03
9.261760278604924679e-04
-1.107844058424234390e-03
1.460788422264158726e-03
-1.798748853616416454e-03
-8.671897812746465206e-04
2.529822755604982376e-03
1.975034829229116440e-03
-2.540395129472017288e-03
3.676811698824167252e-03
-1.034757355228066444e-03
8.987167384475469589e-04
3.153665456920862198e-03
-4.396105359774082899e-04
2.699036616832017899e-03
-1.298707211390137672e-03
1.344002434052526951e-03
-2.128819935023784637e-03
9.730496676638722420e-04
1.333397347480058670e-03
1.304865232668817043e-03
-3.448386443778872490e-03
3.355305874720215797e-03
-1.599710085429251194e-04
2.097885590046644211e-03
-3.023894038051366806e-03
-6.720694364048540592e-04
1.258922740817070007e-03
-1.348337042145431042e-03
1.237327232956886292e-03
-2.278824103996157646e-03
1.301483018323779106e-03
-9.420008864253759384e-04
-1.825474202632904053e-03
-9.815203520702198148e-05
-1.547511667013168335e-03
3.334615903440862894e-04
9.008605848066508770e-04
3.613676177337765694e-03
-2.875716658309102058e-03
-2.793913474306464195e-03
-1.179275801405310631e-03
-9.662278462201356888e-04
-3.679526969790458679e-03
-3.302602795884013176e-03
-1.700295601040124893e-03
2.269857330247759819e-03
1.925609190948307514e-03
-7.588166627101600170e-04
-2.679436467587947845e-03
1.034761313349008560e-03
-3.806568216532468796e-03
2.860920038074254990e-03
3.888897132128477097e-03
-2.573411446064710617e-03
-6.306095747277140617e-04
-1.896630972623825073e-03
2.208908088505268097e-03
-3.121411195024847984e-03
5.040739197283983231e-04
1.914416090585291386e-03
2.609001472592353821e-03
3.121124347671866417e-03
-3.051269566640257835e-03
2.313111908733844757e-03
-1.376541622448712587e-04
-8.101849234662950039e-04
-3.463189117610454559e-03
2.437479095533490181e-03
3.090777201578021049e-03
-1.582720084115862846e-03
-1.345345866866409779e-03
-3.816935233771800995e-03
-5.963374278508126736e-04
-1.940441085025668144e-03
9.928513318300247192e-04
3.396883141249418259e-03
3.438617801293730736e-03
3.029596700798720121e-04
3.724489593878388405e-03
-3.041215939447283745e-03
-8.320647175423800945e-04
3.566558239981532097e-03
-3.533553564921021461e-03
2.737973583862185478e-03
-3.712729783728718758e-03
2.745743375271558762e-03
1.291410648263990879e-03
3.036918584257364273e-03
-5.251099937595427036e-04
2.207607496529817581e-03
-1.142009743489325047e-03
3.676813794299960136e-03
-1.469715847633779049e-03
1.631867024116218090e-03
-9.755771607160568237e-04
3.618332091718912125e-03
-1.478466321714222431e-03
9.639742784202098846e-04
2.769860206171870232e-03
-4.085926339030265808e-04
2.297874772921204567e-03
-1.334141823463141918e-03
-3.026841441169381142e-03
-3.030022606253623962e-03
-1.720768166705965996e-03
3.686710260808467865e-03
-1.260566757991909981e-03
-2.350706141442060471e-03
-2.058762125670909882e-03
7.937002810649573803e-04
-1.083868904970586300e-03
-1.623136922717094421e-03
-3.881302836816757917e-04
1.563597586937248707e-03
-5.426987772807478905e-04
-3.434091573581099510e-03
1.785554923117160797e-03
-2.025253837928175926e-03
-8.398081990890204906e-04
-8.757667965255677700e-04
-3.447817172855138779e-03
2.672729780897498131e-03
1.943518524058163166e-03
3.498020349070429802e-03
-3.214497584849596024e-03
2.901275584008544683e-04
-3.337962261866778135e-04
-3.540588077157735825e-03
7.440707850037142634e-05
-2.965937601402401924e-03
2.841048641130328178e-03
2.261783229187130928e-03
-2.933629788458347321e-03
1.977541483938694000e-03
-1.530802983324974775e-04
