3.275042166933417320e-03
2.696536714211106300e-03
-1.177946687676012516e-03
-2.124371472746133804e-03
-1.624145079404115677e-03
-3.521990729495882988e-03
2.371236914768815041e-03
-3.173855599015951157e-03
3.662421833723783493e-03
2.529305638745427132e-03
-3.262947313487529755e-03
-2.324769971892237663e-03
3.337534843012690544e-03
2.298686886206269264e-03
-1.734109828248620033e-03
5.883196718059480190e-04
3.169973380863666534e-03
-1.570624299347400665e-03
-3.870378946885466576e-03
-3.620149102061986923e-03
-1.250635483302175999e-03
3.724083770066499710e-03
-2.769532846286892891e-03
-8.172116358764469624e-04
3.007111139595508575e-03
9.061394957825541496e-04
3.423921996727585793e-03
1.861954806372523308e-03
-1.027910504490137100e-03
-3.358273534104228020e-03
-5.518209072761237621e-04
2.651280257850885391e-03
-1.888748956844210625e-04
1.963354879990220070e-03
-3.184600966051220894e-03
-2.749938983470201492e-03
-1.856602611951529980e-03
-1.491037430241703987e-03
1.468130736611783504e-03
-3.759881947189569473e-03
3.614857851061969995e-04
-1.289646257646381855e-03
-6.500977324321866035e-04
-1.246114494279026985e-03
-2.932896371930837631e-03
7.505727116949856281e-04
-1.335717854090034962e-03
2.900268416851758957e-03
2.296766964718699455e-03
-3.353447420522570610e-03
1.032687214319594204e-04
-1.902914838865399361e-03
-3.353968395458650775e-06
-3.731113974936306477e-04
-6.134432042017579079e-04
-2.283496782183647156e-03
1.913024578243494034e-03
1.079038134776055813e-03
-3.002372977789491415e-04
-2.219248330220580101e-03
1.874685054644942284e-03
8.449018932878971100e-04
-1.040722476318478584e-03
7.139191729947924614e-04
-1.746748806908726692e-03
1.758871483616530895e-03
-2.722891746088862419e-03
1.460292260162532330e-03
8.872494217939674854e-04
2.721744589507579803e-03
-3.772644791752099991e-03
-2.148802392184734344e-03
-2.183336066082119942e-03
1.606025267392396927e-03
2.608231501653790474e-03
3.131484147161245346e-03
6.099467864260077477e-04
4.300093860365450382e-04
1.261318451724946499e-03
-6.616625469177961349e-04
-1.574515597894787788e-03
3.224537940695881844e-04
3.188530448824167252e-03
-1.894575660116970539e-03
2.241842157673090696e-04
-2.118364674970507622e-03
1.433606725186109543e-03
2.006475813686847687e-03
-2.975105773657560349e-03
-2.672748523764312267e-04
-3.448501811362802982e-04
3.660255344584584236e-03
3.497022902593016624e-03
-2.349679358303546906e-03
-2.569217933341860771e-03
-2.265867078676819801e-03
-1.528521068394184113e-03
3.345046658068895340e-03
-3.610324347391724586e-04
3.257712349295616150e-03
-7.804936612956225872e-04
-3.761664731428027153e-03
-2.778990892693400383e-03
-1.236795797012746334e-04
3.353639971464872360e-03
-1.918094349093735218e-03
-2.329106675460934639e-03
-3.122350433841347694e-03
1.556992414407432079e-03
1.159157720394432545e-03
1.514738192781805992e-03
-3.276184434071183205e-04
-1.200307626277208328e-03
-3.619342809543013573e-03
-2.192069543525576591e-03
2.382915699854493141e-03
4.876473394688218832e-04
3.239539219066500664e-03
3.260806668549776077e-03
-2.749369246885180473e-03
-3.810228663496673107e-04
-3.456281730905175209e-03
3.707796102389693260e-03
-8.334193844348192215e-04
-3.657903755083680153e-03
5.094159860163927078e-04
2.751539926975965500e-03
-1.326729310676455498e-03
3.074906708206981421e-04
-7.022345671430230141e-04
1.971304416656494141e-03
-2.856378443539142609e-03
-3.103225491940975189e-03
3.719665342941880226e-03
-4.456684400793164968e-04
-2.829481090884655714e-04
-1.712648547254502773e-03
-3.435714403167366982e-03
4.271325014997273684e-04
1.260530902072787285e-03
-1.362026087008416653e-03
6.382765714079141617e-04
-1.085710173356346786e-04
-3.071662271395325661e-03
-3.845930797979235649e-03
-1.640371629036962986e-04
-6.036387640051543713e-04
-6.527537479996681213e-04
-2.749028149992227554e-03
-3.802519524469971657e-03
2.110825851559638977e-03
-1.492910436354577541e-03
3.336263122037053108e-03
2.576927887275815010e-03
-1.880503841675817966e-03
1.245446503162384033e-03
-1.928825979121029377e-03
1.307663507759571075e-03
-3.449576906859874725e-03
-1.540980418212711811e-03
-2.223519608378410339e-03
2.709152875468134880e-03
-2.101004123687744141e-03
-3.631948959082365036e-03
-1.615091809071600437e-03
1.166027723229490221e-04
3.851651446893811226e-03
1.148668467067182064e-03
-1.238882774487137794e-03
9.901855373755097389e-04
3.438543062657117844e-03
-2.543811919167637825e-03
-2.550445729866623878e-03
3.539646277204155922e-03
-7.683751173317432404e-04
1.204602536745369434e-03
7.430799305438995361e-04
-1.748166279867291451e-03
2.712138928472995758e-03
-3.537110285833477974e-03
-2.553416881710290909e-03
1.468188478611409664e-03
1.941410358995199203e-03
-3.873464884236454964e-03
2.780736656859517097e-03
-3.783390857279300690e-03
-1.597303547896444798e-03
-1.907478319481015205e-03
-4.082520317751914263e-04
9.400153066962957382e-04
-5.257685552351176739e-04
1.820896519348025322e-03
-3.875647904351353645e-03
-3.608090803027153015e-03
2.086692256852984428e-03
-5.702571943402290344e-04
2.719688229262828827e-03
3.733921563252806664e-03
1.259843935258686543e-03
-2.942047081887722015e-03
1.042641117237508297e-03
3.464017761871218681e-03
-5.796243785880506039e-04
1.733188400976359844e-03
-3.235722891986370087e-03
3.386532887816429138e-03
8.958221296779811382e-04
3.561591729521751404e-03
-2.504571573808789253e-03
3.591150976717472076e-03
3.816037904471158981e-03
-2.263622358441352844e-03
-2.004440873861312866e-03
9.483665926381945610e-04
-1.183970249257981777e-03
-2.453318098559975624e-03
2.651884453371167183e-03
1.678399508818984032e-03
1.957560423761606216e-03
2.847079420462250710e-03
-4.304985341150313616e-04
3.727386472746729851e-03
2.793874591588973999e-03
2.863621339201927185e-04
-1.436770311556756496e-03
2.074831165373325348e-03
-1.069018151611089706e-03
-6.864091847091913223e-04
-4.478497139643877745e-04
-2.559238928370177746e-04
-3.111250698566436768e-03
-2.075760159641504288e-03
-2.771811094135046005e-03
-1.386623014695942402e-03
1.649664016440510750e-03
-3.690006444230675697e-03
9.549396345391869545e-04
-2.605898072943091393e-03
-6.144499056972563267e-04
1.403162605129182339e-03
8.776702452450990677e-04
1.573085784912109375e-03
2.017094288021326065e-03
-2.124882768839597702e-03
5.958105321042239666e-04
7.818656158633530140e-04
5.618262221105396748e-04
-2.530929166823625565e-03
-1.805925276130437851e-03
3.397632972337305546e-04
2.585773356258869171e-03
-9.078080183826386929e-04
1.284703263081610203e-03
3.512021852657198906e-03
2.385248895734548569e-03
-1.792406546883285046e-03
