3.776494413614273071e-03
-1.427359995432198048e-03
-3.924165794160217047e-04
-8.255250868387520313e-04
-1.610136008821427822e-03
-2.180422889068722725e-03
-2.894646720960736275e-03
2.857635030522942543e-03
-1.786095323041081429e-03
3.805241314694285393e-03
-1.165408641099929810e-03
-3.626487916335463524e-03
2.181830583140254021e-03
-7.324557518586516380e-04
-1.768670626915991306e-03
3.649214981123805046e-03
-1.149033545516431332e-03
-3.127042669802904129e-03
-2.667377470061182976e-03
1.313885091803967953e-03
-2.936569042503833771e-03
-1.769915339536964893e-03
-1.149980118498206139e-03
1.638976857066154480e-03
-2.980950288474559784e-03
-1.759389531798660755e-03
3.332588821649551392e-03
1.709555392153561115e-03
-4.928110865876078606e-04
8.197699789889156818e-04
1.582655007950961590e-03
-3.906183410435914993e-03
-2.515667118132114410e-03
1.970920944586396217e-03
-3.612214233726263046e-03
3.605650039389729500e-03
3.651989158242940903e-03
1.261914731003344059e-03
2.679663943126797676e-03
-2.802011789754033089e-03
-3.566805506125092506e-03
-1.664549461565911770e-03
1.962820533663034439e-03
-3.807853907346725464e-03
1.964176539331674576e-03
-2.161340322345495224e-03
-3.441681619733572006e-03
2.649835776537656784e-03
-2.614203142002224922e-03
2.065429463982582092e-03
1.009992323815822601e-03
-1.067685894668102264e-03
9.991502156481146812e-04
2.073706593364477158e-03
-2.945693908259272575e-03
2.249998273327946663e-03
2.999457530677318573e-03
-1.007631537504494190e-03
-3.452916396781802177e-03
-2.218198729678988457e-03
-4.731233930215239525e-04
-1.013208297081291676e-03
1.929036108776926994e-03
-1.582358032464981079e-03
-3.033755812793970108e-03
-2.913285745307803154e-03
2.179345348849892616e-03
-2.895726123824715614e-03
-1.684002112597227097e-03
1.070027006790041924e-03
2.349555026739835739e-03
3.680839901790022850e-03
-1.822275458835065365e-03
-9.247622801922261715e-05
1.178086269646883011e-03
-3.470996627584099770e-03
-1.277183764614164829e-03
2.051367424428462982e-03
1.165307709015905857e-03
1.088269404135644436e-03
-5.272690323181450367e-04
1.633090083487331867e-03
-4.635436343960464001e-04
-1.195945427753031254e-03
-1.251568319275975227e-03
-1.342499046586453915e-03
2.859639469534158707e-03
3.032873384654521942e-03
-4.720191354863345623e-04
3.191699506714940071e-03
-3.216400742530822754e-03
1.907234778627753258e-03
4.464262165129184723e-04
3.899696981534361839e-03
-2.554412698373198509e-03
1.164860441349446774e-03
5.027194856666028500e-04
-1.819413970224559307e-03
3.817946650087833405e-03
-1.671635895036160946e-03
-3.472859039902687073e-03
-2.607184462249279022e-03
3.429587697610259056e-03
3.715025261044502258e-03
1.909674145281314850e-03
-3.015010384842753410e-03
-4.715564136859029531e-04
-3.314997593406587839e-04
3.126354189589619637e-03
2.051475225016474724e-03
-3.404809685889631510e-04
1.177184050902724266e-03
-2.696187235414981842e-03
3.719086991623044014e-03
-3.181023057550191879e-03
-2.035266021266579628e-03
-1.803657272830605507e-03
-8.928573224693536758e-04
2.849868033081293106e-03
1.974740880541503429e-04
-2.825207076966762543e-03
-1.161302905529737473e-03
-2.413624431937932968e-03
-3.284611040726304054e-03
3.486339002847671509e-03
2.876222424674779177e-04
2.765746787190437317e-03
8.298198808915913105e-04
-1.943196053616702557e-03
-3.877057693898677826e-03
2.219913294538855553e-03
1.759366714395582676e-03
-1.308290637098252773e-03
3.064040327444672585e-03
-7.333813700824975967e-04
-2.595687052235007286e-03
-1.712587312795221806e-03
-4.658641410060226917e-04
-5.413316102931275964e-05
-6.446839543059468269e-04
3.523884108290076256e-03
-1.044658129103481770e-03
-2.631035167723894119e-03
1.135090133175253868e-03
1.505240332335233688e-03
1.582610071636736393e-03
-1.558236079290509224e-03
-3.776888828724622726e-03
3.544213948771357536e-03
-1.828196342103183270e-03
-3.308094106614589691e-03
-2.484956523403525352e-03
-3.152031218633055687e-03
-1.454639364965260029e-03
1.671706326305866241e-03
2.530569210648536682e-03
-2.635105047374963760e-04
-1.434542355127632618e-03
-7.524300599470734596e-04
-3.895171917974948883e-03
-7.360035087913274765e-04
-3.606813959777355194e-03
-2.602029358968138695e-03
3.616293892264366150e-03
-6.796895177103579044e-04
5.757912877015769482e-04
-3.321756143122911453e-03
2.775897737592458725e-03
-1.694469829089939594e-03
1.593544380739331245e-03
-3.372068516910076141e-03
-2.505697309970855713e-03
-3.565986640751361847e-03
-4.980512894690036774e-04
-5.195125122554600239e-04
3.291790199000388384e-04
-1.195306540466845036e-03
-3.743071341887116432e-03
3.612960455939173698e-03
-3.413522790651768446e-04
2.744285622611641884e-03
-2.491960069164633751e-03
-3.134880680590867996e-03
1.425898284651339054e-03
5.071802297607064247e-04
3.009849460795521736e-03
-1.184915076009929180e-03
-3.380028763785958290e-03
-2.000103937461972237e-03
2.342438325285911560e-03
1.825752668082714081e-03
9.426831966266036034e-04
-1.395905972458422184e-03
-2.429761923849582672e-03
2.208360703662037849e-03
1.312726992182433605e-03
1.996647915802896023e-04
-1.999465748667716980e-03
1.575845060870051384e-03
2.192613435909152031e-03
1.257377909496426582e-03
2.302302309544757009e-04
-5.094747175462543964e-04
6.708776345476508141e-04
-2.195641165599226952e-03
5.282874917611479759e-04
-2.341277897357940674e-03
1.201573060825467110e-03
2.014272613450884819e-03
-2.782306168228387833e-03
-1.281203120015561581e-03
1.028603874146938324e-03
-8.260394679382443428e-04
3.889342769980430603e-03
-1.342882984317839146e-03
2.439336152747273445e-03
4.110716690775007010e-04
-3.344069700688123703e-04
-1.265086117200553417e-03
-8.420745725743472576e-04
3.627022961154580116e-04
1.748525537550449371e-03
1.326160738244652748e-03
2.021496882662177086e-03
3.020483069121837616e-03
-2.060706494376063347e-03
-8.495068177580833435e-04
2.960671903565526009e-03
9.743383270688354969e-04
2.436940092593431473e-03
7.179826498031616211e-04
2.520547481253743172e-03
2.570773474872112274e-03
3.232646267861127853e-03
-2.406288869678974152e-03
-1.231100875884294510e-03
7.417614688165485859e-05
-7.932640728540718555e-04
-3.206020628567785025e-04
2.757957205176353455e-03
3.625864861533045769e-03
8.335812017321586609e-04
2.908706432208418846e-03
-1.668391749262809753e-03
-1.173930126242339611e-03
-1.638789835851639509e-04
5.346578545868396759e-04
2.509112935513257980e-03
-2.367849461734294891e-03
2.232000697404146194e-03
-7.586994906887412071e-04
-2.526077441871166229e-03
1.148909796029329300e-03
4.392854170873761177e-04
-2.539286389946937561e-03
3.333302913233637810e-03
