3.803333267569541931e-03
9.096735739149153233e-04
2.895496319979429245e-03
2.566851209849119186e-03
1.178365127998404205e-04
5.775802419520914555e-04
-3.289564512670040131e-03
-8.199993753805756569e-04
-2.812451682984828949e-03
6.549815880134701729e-04
-8.361614309251308441e-04
3.172730561345815659e-03
-3.210250521078705788e-03
-2.270617987960577011e-03
-1.430433359928429127e-03
-5.687444354407489300e-04
-2.098138211295008659e-03
1.600270858034491539e-03
-1.756973331794142723e-03
-5.848860018886625767e-05
-2.374291943851858377e-04
-3.697587875649333000e-03
2.520550275221467018e-03
-1.505662687122821808e-03
-3.233896801248192787e-03
-8.761415956541895866e-04
-1.782262348569929600e-03
1.571600878378376365e-04
1.761896768584847450e-03
-5.920473486185073853e-04
-4.828689852729439735e-04
1.551839988678693771e-03
8.282737326226197183e-06
9.578877943567931652e-04
-2.548373304307460785e-03
1.407996634952723980e-03
-1.913618645630776882e-03
-2.463749842718243599e-03
3.805596148595213890e-03
3.346473909914493561e-03
-2.501209033653140068e-03
7.589134038425981998e-04
-6.585270166397094727e-04
-1.740198815241456032e-03
1.828229404054582119e-03
3.143826965242624283e-03
-1.290356740355491638e-03
1.075473614037036896e-03
-2.457155147567391396e-03
3.559967502951622009e-03
1.079391338862478733e-03
-1.550136075820773840e-04
1.663076691329479218e-03
1.580237993039190769e-03
-1.319898408837616444e-03
-4.605423891916871071e-04
-2.751634689047932625e-03
-1.503239735029637814e-03
-2.440777840092778206e-03
1.583319157361984253e-03
-6.591189303435385227e-04
-1.950277946889400482e-03
-3.517753910273313522e-03
6.019364445819519460e-05
3.321512136608362198e-03
2.247311203973367810e-04
1.407503499649465084e-03
2.166738267987966537e-04
8.260156610049307346e-04
-2.340447623282670975e-03
-3.097112756222486496e-03
2.957565709948539734e-03
7.562318933196365833e-04
8.038680534809827805e-04
-2.531494945287704468e-03
-4.400692996568977833e-04
-3.330802079290151596e-03
2.005280693992972374e-03
-1.122008077800273895e-03
-1.732712611556053162e-03
-3.658053930848836899e-03
1.225572894327342510e-03
3.587185172364115715e-03
-9.658898343332111835e-04
2.244867617264389992e-03
-6.221978110261261463e-04
6.389559130184352398e-04
-1.116769621148705482e-03
2.341822255402803421e-03
2.703921054489910603e-04
-1.579146948643028736e-03
1.690952456556260586e-03
-2.238046377897262573e-03
-1.737444428727030754e-03
-2.391612157225608826e-03
-4.247791948728263378e-04
-3.295807633548974991e-03
6.403231527656316757e-04
-1.514928182587027550e-03
-1.309137442149221897e-03
-3.330210922285914421e-03
-1.988297794014215469e-03
-3.604099620133638382e-03
3.719002706930041313e-03
-2.060619648545980453e-03
1.004999852739274502e-03
2.001514425501227379e-03
2.270701341331005096e-03
1.296377158723771572e-03
-2.566620707511901855e-03
-2.895784098654985428e-03
4.381739126984030008e-04
-1.848662155680358410e-03
-2.399316988885402679e-03
2.345602493733167648e-03
2.714510483201593161e-04
1.983873546123504639e-03
1.258227421203628182e-04
4.406136285979300737e-04
-2.129351021721959114e-03
6.225765100680291653e-04
-2.321838401257991791e-03
-2.372322836890816689e-03
3.320771735161542892e-03
-1.331078092334792018e-04
2.759395632892847061e-03
-3.464796813204884529e-03
-7.567714201286435127e-04
-2.639877377077937126e-03
-2.829752163961529732e-03
-2.483788877725601196e-03
-1.433610450476408005e-03
3.851945511996746063e-03
2.673534036148339510e-04
-5.003348924219608307e-04
-8.194590918719768524e-05
8.512258064001798630e-04
1.291420427151024342e-03
2.222308976342901587e-04
-2.698077587410807610e-03
-2.487574238330125809e-03
9.693754836916923523e-04
9.033568785525858402e-04
1.279477728530764580e-03
2.680710284039378166e-03
8.549921913072466850e-04
-1.176335150375962257e-03
-1.235084841027855873e-03
8.752889698371291161e-04
3.511667717248201370e-03
-1.192827243357896805e-03
-3.129400312900543213e-03
2.420640317723155022e-03
2.009810879826545715e-03
-2.228218130767345428e-03
-6.942017935216426849e-04
3.234088188037276268e-03
3.017797134816646576e-03
2.044949069386348128e-04
-2.779791364446282387e-03
2.462220611050724983e-03
3.266595769673585892e-03
2.152280183508992195e-03
-3.194512333720922470e-03
3.835108131170272827e-03
-6.114447605796158314e-04
3.719549160450696945e-03
-3.026512218639254570e-03
-1.522551872767508030e-03
3.304708981886506081e-03
3.146509639918804169e-03
-1.512058079242706299e-03
3.835292998701334000e-03
4.900411004200577736e-04
-1.989888492971658707e-03
3.467267611995339394e-03
-1.516508287750184536e-03
2.242416958324611187e-04
-1.299865543842315674e-04
-3.779497230425477028e-03
3.102464368566870689e-03
2.256994601339101791e-03
1.612597727216780186e-03
-3.672094782814383507e-03
3.624228062108159065e-03
-1.351506332866847515e-03
3.218498080968856812e-03
-2.183202886953949928e-03
1.895030844025313854e-03
-1.886756974272429943e-03
7.299215649254620075e-04
-1.841706456616520882e-03
2.790858270600438118e-03
2.166589722037315369e-03
3.048341488465666771e-03
-5.206001806072890759e-04
2.798006869852542877e-03
-1.474712276831269264e-03
2.204668009653687477e-03
-1.674762810580432415e-03
2.189185936003923416e-03
1.609609113074839115e-03
-2.130865352228283882e-03
1.901853596791625023e-03
3.178882179781794548e-03
7.529826689278706908e-05
-3.653614781796932220e-03
1.829540706239640713e-03
-1.034668064676225185e-03
2.854467369616031647e-03
3.905704710632562637e-03
-1.378625602228567004e-04
1.789419213309884071e-03
-2.163897966966032982e-03
-2.690805122256278992e-03
3.037954447790980339e-03
2.182367956265807152e-03
2.967930398881435394e-03
-2.306859707459807396e-03
-1.709896896500140429e-04
-5.662643234245479107e-04
-2.104652812704443932e-03
2.652432071045041084e-03
-2.277574269101023674e-03
3.197409911081194878e-03
-1.371462130919098854e-03
2.144393220078200102e-04
3.804499574471265078e-04
-1.870883395895361900e-03
3.859286895021796227e-03
1.573277753777801991e-03
2.944773994386196136e-03
-9.353305795229971409e-04
-1.841073040850460529e-03
-9.730723686516284943e-04
-3.010140033438801765e-03
-3.393318504095077515e-03
-5.096675595268607140e-04
1.529939821921288967e-03
7.991516613401472569e-04
3.263882361352443695e-03
2.926800167188048363e-03
1.898506423458456993e-03
-2.382752019912004471e-03
1.610300969332456589e-03
-2.722897566854953766e-03
-1.418443629518151283e-03
2.549224009271711111e-04
-3.169989213347434998e-03
-1.948775956407189369e-03
-6.340084946714341640e-04
2.205500146374106407e-03
3.132895333692431450e-03
2.613410120829939842e-03
3.294032998383045197e-03
3.526577027514576912e-03
