2.122751669958233833e-03
2.557314233854413033e-03
4.418606404215097427e-04
-1.946441130712628365e-03
-2.721533644944429398e-03
3.318639937788248062e-03
-9.679131326265633106e-04
7.111133891157805920e-04
6.122119375504553318e-04
3.374110907316207886e-03
3.221632447093725204e-03
3.091011662036180496e-03
3.765704575926065445e-03
1.848182146204635501e-04
2.554805716499686241e-03
-3.824622370302677155e-03
-3.915501758456230164e-03
2.267223550006747246e-03
-6.649442948400974274e-04
-2.997642150148749352e-03
7.052749861031770706e-04
3.227760316804051399e-03
1.627010758966207504e-03
-3.599052550271153450e-03
1.992028672248125076e-03
-2.611248753964900970e-03
-2.865207381546497345e-03
6.306763389147818089e-04
2.919849939644336700e-03
-2.582786139100790024e-03
1.851564156822860241e-03
-6.389630289049819112e-05
6.532078259624540806e-05
1.724478555843234062e-03
1.473012845963239670e-03
-1.965635456144809723e-03
2.057426841929554939e-03
3.130018943920731544e-03
3.282296936959028244e-03
-2.327152993530035019e-03
-3.296762704849243164e-03
-3.145896364003419876e-03
3.196403267793357372e-04
-2.895587589591741562e-03
1.850445172749459743e-03
-8.831277373246848583e-04
-2.062404295429587364e-03
-1.239177072420716286e-03
-1.801405742298811674e-04
-2.521100919693708420e-03
3.590015927329659462e-03
1.005646539852023125e-03
-5.274481954984366894e-04
2.780048409476876259e-03
-3.700899193063378334e-03
-9.328795713372528553e-04
-2.014260739088058472e-03
1.340276561677455902e-03
2.309772418811917305e-03
2.510771155357360840e-03
-2.804206360451644287e-07
2.907561429310590029e-04
3.539055353030562401e-03
-7.816836587153375149e-04
1.519541372545063496e-03
3.450148971751332283e-03
3.435855032876133919e-03
1.880372292362153530e-03
-2.952632959932088852e-03
3.275675408076494932e-04
-1.682651578448712826e-03
1.799692516215145588e-03
-2.134420443326234818e-03
2.218251815065741539e-03
1.619564718566834927e-03
-1.307036844082176685e-03
6.830290658399462700e-04
-3.629020415246486664e-03
-3.192527918145060539e-03
-2.503470052033662796e-03
1.627008081413805485e-03
3.494574688374996185e-03
-3.391297301277518272e-03
-2.142243087291717529e-03
-2.398297423496842384e-03
4.577144281938672066e-04
-3.898666007444262505e-03
-2.691704547032713890e-03
-1.641476759687066078e-03
3.385758260264992714e-03
3.499713493511080742e-03
-2.015512203797698021e-03
-1.699060900136828423e-03
-5.872694309800863266e-04
-1.612127675798546989e-06
2.174520166590809822e-03
1.975501654669642448e-03
2.186804544180631638e-03
-1.060659298673272133e-03
-3.356551751494407654e-04
1.152712269686162472e-03
-1.958682900294661522e-03
-9.611172135919332504e-04
2.313699660589918494e-04
2.355599775910377502e-03
3.698174841701984406e-03
-3.900409443303942680e-03
4.615997022483497858e-04
1.001869328320026398e-03
-3.134873986709862947e-04
1.144743291661143303e-03
7.150340243242681026e-04
1.879635849036276340e-03
2.064626198261976242e-03
1.228190143592655659e-03
3.299384377896785736e-03
-1.830782741308212280e-03
-2.407523104920983315e-03
-1.027625330607406795e-04
-2.285949653014540672e-03
-1.891278894618153572e-03
-3.926006320398300886e-05
2.852789591997861862e-03
2.190462080761790276e-03
-2.931318944320082664e-03
-1.587576582096517086e-03
2.303222892805933952e-03
-2.085970714688301086e-03
-2.413053996860980988e-03
2.873731078580021858e-03
3.862782381474971771e-03
-8.467938168905675411e-04
1.495421864092350006e-03
6.814331572968512774e-05
3.641844494268298149e-03
3.550315974280238152e-03
-1.600425166543573141e-04
1.438184175640344620e-03
-3.287518396973609924e-03
-3.318600589409470558e-03
-1.762765459716320038e-03
-3.852966241538524628e-03
-2.023190609179437160e-04
-2.041558967903256416e-03
-1.683646929450333118e-03
-1.012787106446921825e-03
3.418440697714686394e-03
-9.467925992794334888e-04
2.155970083549618721e-03
-1.348727266304194927e-03
-1.580300740897655487e-03
-3.589774714782834053e-03
-3.627475351095199585e-03
3.775764489546418190e-03
-1.287083490751683712e-03
7.081198855303227901e-04
-1.408167765475809574e-03
1.407848758390173316e-04
-8.105055894702672958e-04
3.015138674527406693e-03
-3.131855744868516922e-03
1.639992115087807178e-03
2.974118571728467941e-03
-3.218986559659242630e-03
3.875902853906154633e-03
-1.667319098487496376e-03
2.717689843848347664e-03
-4.843893402721732855e-04
1.113043632358312607e-03
1.714664045721292496e-03
-2.231489866971969604e-03
2.264796989038586617e-03
-3.764094435609877110e-04
3.034764435142278671e-03
-3.151333425194025040e-03
-1.204519299790263176e-03
-3.055121982470154762e-03
3.486328292638063431e-03
3.459339495748281479e-03
1.257658819667994976e-03
-6.345018045976758003e-04
-2.678376156836748123e-03
2.060695784166455269e-03
7.872466812841594219e-04
-2.302223583683371544e-03
-2.850370656233280897e-04
-1.567815896123647690e-03
3.616242203861474991e-03
-7.096510962583124638e-04
-2.759767929092049599e-03
-6.952980183996260166e-04
6.932457908987998962e-04
-2.272491110488772392e-04
1.138274674303829670e-03
-1.201047329232096672e-03
2.515483880415558815e-03
1.218316843733191490e-03
-1.617422094568610191e-03
-3.269802080467343330e-03
-2.924952423200011253e-03
2.733783563598990440e-03
-1.937548397108912468e-03
-2.089394722133874893e-03
-2.093130489811301231e-03
-3.912748768925666809e-03
2.016856567934155464e-03
-1.777768018655478954e-03
3.832258284091949463e-03
-6.745770224370062351e-04
2.692292444407939911e-03
3.384945914149284363e-03
1.653607236221432686e-03
1.307683298364281654e-03
-3.732211887836456299e-03
3.225325606763362885e-03
-1.018627779558300972e-03
-1.607177429832518101e-03
1.688811462372541428e-03
2.550689969211816788e-03
-3.046596422791481018e-03
3.470498835667967796e-03
-2.996251452714204788e-03
-3.390789264813065529e-03
-2.383885148447006941e-04
-1.355370914097875357e-04
3.288106061518192291e-03
1.963605638593435287e-03
3.175783436745405197e-03
1.916209468618035316e-03
-9.153985956800170243e-06
-1.075410866178572178e-03
-1.349646481685340405e-03
-2.420415170490741730e-03
3.306861268356442451e-03
-9.409768972545862198e-04
9.021399891935288906e-04
-1.135887927375733852e-03
2.833615522831678391e-03
1.383216818794608116e-03
-1.115434919483959675e-03
-9.165386436507105827e-04
-3.174731740728020668e-03
2.183377044275403023e-03
-2.203048439696431160e-03
3.404175367904826999e-05
2.382290549576282501e-03
2.610312774777412415e-03
2.611796837300062180e-03
-1.021076925098896027e-03
-2.296679886057972908e-03
-2.069827169179916382e-03
3.417155938223004341e-03
-3.350745188072323799e-03
-1.626388984732329845e-04
-9.409398626303300261e-05
2.610224997624754906e-03
