-3.441654145717620850e-03
-2.158905845135450363e-04
-3.167587565258145332e-03
-3.752610879018902779e-03
1.216347096487879753e-03
3.285859711468219757e-03
-3.439898137003183365e-03
1.864823570940643549e-04
1.634891959838569164e-03
2.596431877464056015e-03
-1.314001041464507580e-03
-1.834751106798648834e-03
1.756142475642263889e-03
-3.024892357643693686e-04
6.812478532083332539e-04
5.372324958443641663e-04
1.263843267224729061e-03
3.087252844125032425e-04
-7.053955341689288616e-04
1.479225233197212219e-03
-5.565064493566751480e-04
3.586244769394397736e-03
-7.880979683250188828e-04
2.108894754201173782e-03
-1.431517594028264284e-04
1.430219563189893961e-04
-3.223655221518129110e-04
-1.928742043673992157e-03
-2.188496990129351616e-03
-3.763146523851901293e-04
-2.480866620317101479e-03
-2.251054625958204269e-03
-1.486433437094092369e-03
6.978470482863485813e-04
-3.280017990618944168e-03
1.407777890563011169e-04
-2.493754029273986816e-03
-1.567904371768236160e-03
3.590705804526805878e-03
4.325572517700493336e-04
1.591921318322420120e-03
-6.508630031021311879e-05
5.156015395186841488e-04
8.259437745437026024e-04
2.501842798665165901e-03
1.337614259682595730e-03
1.438087085261940956e-03
2.186259487643837929e-03
-3.816896583884954453e-03
1.014781068079173565e-03
-2.360453363507986069e-03
-2.941060811281204224e-03
-5.095221567898988724e-04
1.644193427637219429e-03
2.899634884670376778e-03
-7.998133660294115543e-04
1.342036644928157330e-03
2.478015267115551978e-05
8.107037865556776524e-04
-2.444612793624401093e-03
-2.840266562998294830e-03
1.691240817308425903e-03
-3.276895266026258469e-03
3.295387607067823410e-03
-3.882385208271443844e-04
-2.504722913727164268e-03
8.961611310951411724e-04
3.909097518771886826e-03
-1.563232042826712132e-03
3.630195744335651398e-03
3.209226764738559723e-03
-5.864723352715373039e-04
3.256748197600245476e-03
-9.059577132575213909e-05
3.847131272777915001e-03
1.611225306987762451e-03
7.355057750828564167e-04
2.051160670816898346e-03
-3.104171715676784515e-03
3.420161316171288490e-03
1.909340382553637028e-03
3.388669938431121409e-05
-5.707802483811974525e-04
3.030650550499558449e-04
4.108205612283200026e-04
1.360822119750082493e-03
3.727683098986744881e-03
-3.454604651778936386e-03
2.332864562049508095e-03
-2.987079322338104248e-03
1.881627365946769714e-03
-5.696214884665096179e-06
1.881853211671113968e-03
-1.873076544143259525e-03
-1.093212165869772434e-03
2.022979781031608582e-03
3.378029679879546165e-03
-2.866084454581141472e-03
-1.164085930213332176e-03
-1.389263081364333630e-03
1.061299699358642101e-03
-2.325358655070886016e-04
-2.528938697651028633e-03
2.166197402402758598e-03
-3.882936900481581688e-03
-1.873574801720678806e-03
3.736263141036033630e-03
-2.698459429666399956e-03
2.114592585712671280e-03
2.899948740378022194e-03
2.549579076003283262e-04
-3.243044484406709671e-03
-4.928217967972159386e-04
2.558102598413825035e-03
-1.692899852059781551e-03
-5.421362584456801414e-04
2.606444759294390678e-03
2.824047347530722618e-03
-9.189632837660610676e-04
3.428480820730328560e-03
2.150984248146414757e-03
7.929805433377623558e-04
4.657057288568466902e-04
2.970766799990087748e-04
2.002866240218281746e-03
2.910442126449197531e-04
5.879053496755659580e-04
-1.798186684027314186e-03
-3.057844005525112152e-03
3.070528851822018623e-03
-1.527175656519830227e-03
-3.346102312207221985e-03
-3.126326017081737518e-03
-1.895220368169248104e-03
-1.387541648000478745e-03
2.362728351727128029e-03
-1.253224327228963375e-03
-1.113421516492962837e-03
-2.781747141852974892e-03
-2.922303974628448486e-03
-3.604835364967584610e-03
-9.076025162357836962e-05
2.549528377130627632e-03
1.940192596521228552e-04
2.137084491550922394e-03
3.394461004063487053e-03
2.412795554846525192e-03
3.437142120674252510e-03
2.568286610767245293e-03
-3.105154726654291153e-03
-6.392115028575062752e-04
-1.090326346457004547e-03
-2.464283956214785576e-03
3.795736934989690781e-03
3.033242886886000633e-03
-2.409879671176895499e-04
9.723383700475096703e-04
2.248651813715696335e-03
2.341370796784758568e-03
3.185474313795566559e-03
1.152641372755169868e-03
-2.492364495992660522e-03
-2.690749010071158409e-03
2.094202442094683647e-03
2.883225446566939354e-03
2.641273429617285728e-03
-3.828241256996989250e-03
1.411582459695637226e-03
-1.642996678128838539e-03
-2.274685684824362397e-04
2.791045466437935829e-03
7.008500688243657351e-05
2.096777549013495445e-03
3.429042408242821693e-04
-1.722903340123593807e-03
-3.534717950969934464e-03
-3.187841139151714742e-05
-3.224807325750589371e-03
-2.808417193591594696e-03
-1.417561550624668598e-03
2.184472046792507172e-03
-1.072720915544778109e-04
-3.176583442836999893e-03
-3.200875362381339073e-03
2.819821471348404884e-03
8.170972578227519989e-04
-2.615328645333647728e-03
-3.663658397272229195e-03
-1.042584888637065887e-03
3.657361259683966637e-03
1.037035253830254078e-03
1.962198643013834953e-03
1.158105442300438881e-04
-1.733875484205782413e-03
3.866190672852098942e-04
-4.553936014417558908e-04
9.698628564365208149e-04
-9.047266794368624687e-04
-1.405839691869914532e-03
9.231303702108561993e-04
-6.770680192857980728e-05
-2.104524755850434303e-03
-2.141705481335520744e-03
2.476538997143507004e-03
-1.652622595429420471e-03
-1.319343689829111099e-03
-1.091444282792508602e-03
-3.793373703956604004e-03
4.335865087341517210e-04
2.485018223524093628e-03
3.199463477358222008e-03
3.622890217229723930e-03
-1.041642390191555023e-03
-2.246189163997769356e-03
-3.798509249463677406e-03
1.465401379391551018e-03
-1.801031525246798992e-03
3.712072502821683884e-03
2.174343680962920189e-03
-3.155001206323504448e-03
-2.479167655110359192e-03
1.348852179944515228e-03
1.697607338428497314e-03
-3.378783119842410088e-03
2.096489915857091546e-04
2.944370964542031288e-03
9.624475496821105480e-04
2.033992670476436615e-03
3.227304667234420776e-03
3.378996159881353378e-03
-2.240701578557491302e-03
-1.592664397321641445e-03
1.638939022086560726e-03
2.612919313833117485e-03
-5.252732444205321372e-05
3.860482480376958847e-03
6.657478515990078449e-04
-2.646441804245114326e-03
3.287583123892545700e-03
-3.143173875287175179e-03
2.364094834774732590e-04
-8.594216196797788143e-04
-2.342507708817720413e-03
1.910590217448771000e-03
1.858620787970721722e-03
-3.151885932311415672e-03
-5.815482581965625286e-04
3.740922082215547562e-03
1.919578411616384983e-03
3.793368116021156311e-03
-1.685743452981114388e-03
-2.873858436942100525e-03
-8.235120913013815880e-05
4.471704960451461375e-05
-1.402907073497772217e-03
-3.415738930925726891e-03
