3.279898315668106079e-03
-3.249902511015534401e-04
1.287490478716790676e-03
2.128819469362497330e-03
2.602614462375640869e-03
3.228599671274423599e-03
2.213456900790333748e-03
-5.600973381660878658e-04
2.604450564831495285e-03
-2.067181514576077461e-03
7.582542602904140949e-04
1.320980605669319630e-03
-1.365707255899906158e-03
-2.227710327133536339e-03
-1.603579265065491199e-03
-1.808178843930363655e-03
-3.106499090790748596e-03
-1.883522490970790386e-03
-2.501581795513629913e-03
1.621152739971876144e-03
1.805210602469742298e-03
2.815207932144403458e-03
-2.892020158469676971e-03
-7.479536579921841621e-04
3.660798538476228714e-03
3.071977989748120308e-03
-3.774527227506041527e-03
1.214271527715027332e-03
-1.543198945000767708e-03
-2.988694235682487488e-03
1.470773364417254925e-03
-3.403072711080312729e-03
6.882413290441036224e-04
-3.153257537633180618e-03
1.210524816997349262e-03
2.544525545090436935e-03
-9.375314693897962570e-04
-2.080337617371696979e-05
-4.210755651001818478e-05
8.608917705714702606e-04
2.685054438188672066e-03
-1.902405521832406521e-03
6.837904220446944237e-04
1.204948173835873604e-03
1.000128686428070068e-03
1.632089515624102205e-05
3.873089561238884926e-03
2.357478952035307884e-03
2.184718148782849312e-03
2.594817662611603737e-03
-3.979718312621116638e-04
-2.659277059137821198e-03
2.304362133145332336e-04
7.239927654154598713e-04
-4.984186380170285702e-04
2.267505042254924774e-03
-1.842196332290768623e-03
3.877604380249977112e-03
-1.480372622609138489e-03
2.172271488234400749e-03
2.676427131518721581e-03
2.117823809385299683e-03
-1.162980988738127053e-04
2.990313572809100151e-03
1.958645647391676903e-03
-2.371436916291713715e-03
3.282907418906688690e-03
2.425206126645207405e-03
2.629016526043415070e-04
-2.498283982276916504e-03
-1.778094738256186247e-04
-2.243079012259840965e-03
-2.454711124300956726e-03
3.708546282723546028e-03
-1.820091158151626587e-03
7.133718463592231274e-04
-1.769757829606533051e-03
3.915517008863389492e-04
1.325309043750166893e-03
3.552765119820833206e-03
-2.898544073104858398e-03
1.986585557460784912e-03
1.401094486936926842e-03
-1.798356999643146992e-03
-3.169815521687269211e-03
-1.242620986886322498e-03
1.920632319524884224e-03
2.761343726888298988e-03
7.247634930536150932e-04
2.440288662910461426e-03
1.803174265660345554e-03
2.330530434846878052e-03
-1.140511827543377876e-03
-4.644254804588854313e-04
-3.805305343121290207e-03
1.378504792228341103e-03
1.572604174725711346e-03
-3.220850136131048203e-03
2.237050794064998627e-03
2.066603628918528557e-04
2.903702901676297188e-03
-7.342936587519943714e-04
3.337762027513235807e-04
1.336553366854786873e-03
-1.069427584297955036e-03
-3.785113105550408363e-03
-2.552019897848367691e-03
-5.955921951681375504e-04
1.202862840727902949e-04
8.250222308561205864e-04
-2.206800505518913269e-03
-3.238978330045938492e-03
-1.798214274458587170e-03
5.937115638516843319e-04
9.665733523434028029e-05
9.363025892525911331e-04
-1.357417437247931957e-03
-6.569366669282317162e-04
-3.573398105800151825e-03
3.238408593460917473e-03
-3.438679035753011703e-03
2.901677740737795830e-03
-2.648297464475035667e-03
-3.154671518132090569e-03
-2.143778605386614799e-03
1.339085632935166359e-03
-2.084042411297559738e-03
1.273555681109428406e-03
-3.290635533630847931e-03
2.616487909108400345e-04
-1.700633438304066658e-03
3.593305125832557678e-03
-1.345930621027946472e-03
3.674048930406570435e-03
-2.309904084540903568e-05
-3.528820816427469254e-04
3.045039193239063025e-04
2.339832251891493797e-03
-1.714922138489782810e-03
-1.840411918237805367e-03
-2.676412463188171387e-03
4.826777148991823196e-04
3.796607954427599907e-03
3.904579716618172824e-05
-2.930762246251106262e-03
3.402509726583957672e-03
3.078831592574715614e-03
3.693775972351431847e-03
-1.864717225544154644e-03
-1.480361446738243103e-03
4.305443144403398037e-04
1.900744682643562555e-04
3.793415613472461700e-03
2.365055843256413937e-04
4.231080765748629346e-06
3.320600371807813644e-03
-2.728989114984869957e-03
1.139796571806073189e-03
-4.448139516171067953e-04
-2.664390020072460175e-03
-3.287993837147951126e-03
1.455612713471055031e-03
-3.096553031355142593e-03
1.185633591376245022e-03
1.015922520309686661e-03
-3.736526414286345243e-04
-1.253696391358971596e-03
-1.617773436009883881e-03
3.635350149124860764e-04
6.104399217292666435e-04
1.031031366437673569e-03
6.926674395799636841e-04
-1.536904950626194477e-03
-6.604329682886600494e-04
-1.235380186699330807e-03
1.041521900333464146e-04
1.498143770731985569e-03
-3.070513717830181122e-03
-3.086853073909878731e-03
9.155165753327310085e-04
9.951462270691990852e-04
2.483114134520292282e-03
3.903609933331608772e-03
9.223973611369729042e-04
-3.711793106049299240e-03
-3.270339220762252808e-03
2.952452749013900757e-03
1.093308324925601482e-03
1.806830056011676788e-03
-2.528175711631774902e-03
2.521634101867675781e-03
2.191943582147359848e-03
6.346679292619228363e-04
-2.537553373258560896e-04
1.888649770990014076e-03
-5.995637038722634315e-04
-4.476630128920078278e-04
2.594368532299995422e-03
2.485172590240836143e-03
2.130420034518465400e-04
1.730577787384390831e-04
1.689105265541002154e-04
2.971843583509325981e-03
1.364664058201014996e-03
-3.188366768881678581e-03
-2.224463038146495819e-03
1.802423212211579084e-04
3.000706667080521584e-03
-2.304180059581995010e-03
2.134757814928889275e-03
2.654422773048281670e-03
2.428466919809579849e-03
-2.084588864818215370e-03
-2.801789087243378162e-04
3.014194546267390251e-03
2.557131927460432053e-03
3.832474583759903908e-03
-2.686583669856190681e-03
2.197318477556109428e-03
3.560293931514024734e-03
1.577593036927282810e-03
3.787457477301359177e-03
-3.848666092380881310e-03
3.838772187009453773e-03
-1.013457658700644970e-03
-1.379918423481285572e-03
-1.505812746472656727e-03
3.712604520842432976e-03
-1.902576768770813942e-03
-3.307927632704377174e-03
-2.662762999534606934e-03
-3.761676838621497154e-03
3.512907773256301880e-03
2.288262126967310905e-03
5.778917111456394196e-04
1.043143915012478828e-03
1.154876314103603363e-03
-2.479426562786102295e-03
3.868367988616228104e-03
-1.029973616823554039e-03
3.267116844654083252e-03
-3.470382653176784515e-03
3.404082730412483215e-03
6.714470800943672657e-04
-1.363688497804105282e-04
-7.597781950607895851e-04
-2.244940726086497307e-03
-2.087000990286469460e-03
-3.229014808312058449e-03
-1.878492068499326706e-03
7.150418823584914207e-04
-2.221257891505956650e-03
-2.483923919498920441e-03
2.795830601826310158e-03
-2.388508524745702744e-03
-2.893592696636915207e-03
