-5.665586213581264019e-04
-2.143373858416453004e-04
1.912909210659563541e-03
-1.897679874673485756e-03
-3.176068188622593880e-03
-2.490439510438591242e-04
3.601627424359321594e-03
1.706551993265748024e-03
-2.216181252151727676e-03
1.518647186458110809e-03
-1.890229177661240101e-03
-3.143748617731034756e-04
-3.519905032590031624e-03
1.447897288016974926e-03
3.424936672672629356e-03
-6.993059068918228149e-04
-3.361256094649434090e-03
-1.195188029669225216e-03
4.010398115497082472e-04
-5.494606739375740290e-05
1.766714034602046013e-03
3.438977990299463272e-03
3.070033853873610497e-03
-3.318082075566053391e-03
2.133771777153015137e-03
2.529656048864126205e-03
2.085827523842453957e-03
3.647722536697983742e-03
-2.586331916972994804e-03
2.759391907602548599e-03
2.381441590841859579e-04
-3.026865422725677490e-03
3.556374213076196611e-05
1.510057598352432251e-03
3.499929560348391533e-03
-1.093214727006852627e-03
3.759303130209445953e-03
-3.288106760010123253e-03
-2.803139388561248779e-03
-2.707580802962183952e-03
9.607712272554636002e-04
1.829482614994049072e-03
1.114968326874077320e-03
-3.262772457674145699e-03
-3.516305005177855492e-03
1.942280214279890060e-03
2.640836755745112896e-04
1.073864987120032310e-03
2.774595282971858978e-03
-2.403328660875558853e-03
-1.789039350114762783e-03
-1.495027914643287659e-03
-3.549787215888500214e-03
-1.006186124868690968e-03
2.972997492179274559e-03
1.163437900686403736e-05
3.177861915901303291e-03
-5.561143625527620316e-04
-2.063437830656766891e-03
4.758110735565423965e-04
-2.266513882204890251e-03
-1.749579445458948612e-03
8.093667565844953060e-04
3.566664177924394608e-03
1.392571488395333290e-03
4.498205089475959539e-04
1.740242354571819305e-03
3.220578422769904137e-03
-3.813316812738776207e-03
1.413286663591861725e-03
1.084702322259545326e-03
4.413862770888954401e-04
5.238904850557446480e-04
-4.039875930175185204e-04
2.993870992213487625e-03
1.648665871471166611e-03
3.307005623355507851e-03
-3.513165749609470367e-03
-3.383906325325369835e-03
-1.195207121782004833e-03
1.818467862904071808e-04
-3.494346281513571739e-03
3.064601682126522064e-03
-1.001830678433179855e-03
-3.541981102898716927e-03
3.585322527214884758e-03
2.331257332116365433e-03
3.672306193038821220e-03
-2.671195426955819130e-03
-7.502389489673078060e-04
1.520293531939387321e-03
-1.076014596037566662e-03
-2.314017387107014656e-03
2.819361397996544838e-03
-1.289315056055784225e-03
2.896463964134454727e-03
1.544207567349076271e-03
-8.545736782252788544e-04
-1.192405703477561474e-03
-3.229056252166628838e-03
2.162692369893193245e-03
-3.387731499969959259e-03
-3.638236550614237785e-03
3.287590574473142624e-03
4.757441056426614523e-04
3.438476705923676491e-03
-5.756337777711451054e-04
-3.410156932659447193e-04
-2.023027744144201279e-03
-1.542273326776921749e-03
1.221453305333852768e-03
1.055215368978679180e-03
5.326503305695950985e-04
-2.044782740995287895e-03
2.778979949653148651e-03
-2.987257437780499458e-03
2.073443494737148285e-03
8.557818364351987839e-04
-3.845815372187644243e-04
-2.232948550954461098e-03
6.140082259662449360e-04
3.848956665024161339e-03
-1.326984609477221966e-03
1.464200904592871666e-03
4.183520795777440071e-04
-2.217455534264445305e-03
3.490400267764925957e-03
8.443395490758121014e-04
2.678110729902982712e-03
-1.097131520509719849e-03
2.921284176409244537e-03
2.427096245810389519e-03
-1.207149543915875256e-04
3.069290658459067345e-03
-1.847886131145060062e-03
-2.819148125126957893e-03
7.086216937750577927e-04
3.738971194252371788e-03
-2.147815888747572899e-03
1.835812232457101345e-03
-2.553050173446536064e-03
1.625545788556337357e-03
2.294817008078098297e-03
4.586344584822654724e-04
-3.314952133223414421e-03
-1.902422867715358734e-03
1.742789987474679947e-03
3.342515090480446815e-03
3.457828890532255173e-03
-2.421848010271787643e-03
-3.776648780331015587e-03
1.911211526021361351e-03
2.808876743074506521e-04
3.756189253181219101e-04
-1.004366087727248669e-03
-3.838951000943779945e-03
-3.396853338927030563e-03
5.335910245776176453e-04
-1.910549588501453400e-03
-2.939129248261451721e-03
-5.869544111192226410e-04
-2.026297152042388916e-03
3.653990803286433220e-03
-1.479323254898190498e-03
5.742938374169170856e-04
3.673582337796688080e-03
6.877593696117401123e-04
2.189423423260450363e-03
3.464430803433060646e-03
-6.142666825326159596e-05
1.826836814871057868e-04
3.478002734482288361e-03
-4.385869760881178081e-05
1.728786621242761612e-03
3.332848660647869110e-03
3.377848304808139801e-03
1.500305836088955402e-03
-1.294995425269007683e-03
3.153458237648010254e-03
3.817147109657526016e-03
2.100364072248339653e-03
-2.633880358189344406e-03
2.063060877844691277e-03
-3.035758854821324348e-03
-2.105778548866510391e-03
-8.181654266081750393e-04
2.937958575785160065e-03
1.696808147244155407e-03
1.453131320886313915e-03
-9.002600563690066338e-04
3.651906270533800125e-03
-7.661023410037159920e-04
6.842254078947007656e-04
3.609020961448550224e-03
3.291436238214373589e-03
-1.394731691107153893e-03
-3.798474557697772980e-03
9.298759687226265669e-05
3.624408273026347160e-03
-2.744238823652267456e-03
3.601578995585441589e-03
-1.582405879162251949e-03
-9.561870247125625610e-04
-1.582850003615021706e-03
1.885946025140583515e-03
-2.116156392730772495e-04
-1.010250532999634743e-03
-1.514971139840781689e-03
-1.524216932011768222e-04
-2.682966412976384163e-03
-3.186805872246623039e-03
-7.658263784833252430e-04
3.858096664771437645e-03
-6.391946808435022831e-04
-2.654067240655422211e-03
2.309537725523114204e-03
-3.788395551964640617e-04
-3.145639086142182350e-03
-3.250005654990673065e-03
-8.115509990602731705e-04
-1.486005377955734730e-03
-3.191518364474177361e-03
-1.523073646239936352e-03
2.165119629353284836e-03
1.922699622809886932e-03
-5.337826587492600083e-05
-1.054677763022482395e-03
1.463466178392991424e-04
-1.505697378888726234e-03
2.201494993641972542e-03
-2.355636795982718468e-03
9.983973577618598938e-04
-3.283082274720072746e-03
6.255089101614430547e-05
-1.849723048508167267e-03
1.716612721793353558e-03
-1.935063046403229237e-03
2.688950626179575920e-03
2.246156509499996901e-04
2.562724752351641655e-03
3.942020994145423174e-04
2.108456101268529892e-03
-1.494082389399409294e-03
-3.330037463456392288e-03
-1.903151045553386211e-03
-1.120377914048731327e-03
2.148751635104417801e-03
-1.633650157600641251e-03
-4.894608282484114170e-04
3.859327640384435654e-03
-3.503276500850915909e-03
1.836037699831649661e-04
-1.459704653825610876e-04
3.638566471636295319e-03
-3.153214929625391960e-03
-3.392351092770695686e-03
