-2.622231142595410347e-03
4.252757353242486715e-04
3.790024493355304003e-04
1.509351423010230064e-04
-3.119596745818853378e-03
-1.390677294693887234e-03
-3.182938322424888611e-03
1.446289010345935822e-03
-1.898630405776202679e-03
2.092955866828560829e-03
-2.104597399011254311e-03
-8.603386231698095798e-04
-2.013617195188999176e-03
8.446798892691731453e-04
2.697854361031204462e-04
2.869680291041731834e-03
6.088011432439088821e-04
-9.085041820071637630e-04
-1.252395333722233772e-03
1.310356776230037212e-03
-3.102968912571668625e-03
-3.056165063753724098e-03
-3.117172280326485634e-03
2.730720909312367439e-03
3.210348950233310461e-04
6.314035854302346706e-04
2.857397543266415596e-03
-2.988365245983004570e-03
-2.658830024302005768e-03
1.938963105203583837e-04
-1.969737466424703598e-03
-1.028046011924743652e-03
-2.883597277104854584e-03
-1.228048349730670452e-03
3.751531010493636131e-03
-1.723294495604932308e-03
3.789002075791358948e-03
-1.244162092916667461e-03
2.136323833838105202e-03
-1.209009671583771706e-03
9.075845591723918915e-04
-3.028111532330513000e-03
3.103030845522880554e-03
-3.130214056000113487e-03
-2.942542312666773796e-03
-3.211888717487454414e-03
-2.804152900353074074e-03
-5.764692905358970165e-04
-9.860645513981580734e-04
3.526340937241911888e-03
6.159361219033598900e-04
3.393452614545822144e-03
1.429271302185952663e-03
6.674620672129094601e-04
6.186818154674256220e-06
-1.664148177951574326e-03
2.892665797844529152e-03
-1.386263757012784481e-03
-2.164814155548810959e-03
1.154880970716476440e-03
-2.895631594583392143e-03
3.738234983757138252e-03
1.662482827669009566e-04
-2.373589450144208968e-05
-8.521333220414817333e-04
2.886251546442508698e-03
1.796037075109779835e-03
-1.715796533972024918e-03
-2.777394838631153107e-03
2.043835585936903954e-03
-3.587273240555077791e-04
-1.156439655460417271e-03
2.192688640207052231e-03
-2.473219938110560179e-04
-1.759238075464963913e-04
-3.025690326467156410e-03
3.440522123128175735e-04
-8.863155962899327278e-04
-1.400681561790406704e-03
1.474607503041625023e-03
3.783332649618387222e-03
2.543376467656344175e-04
1.645907643251121044e-03
-5.607299681287258863e-05
2.921610837802290916e-03
-8.827715646475553513e-04
-7.625780999660491943e-04
3.851219778880476952e-03
3.326973092043772340e-05
4.701695288531482220e-04
-2.406096085906028748e-03
1.730361371301114559e-03
3.309894818812608719e-03
-3.331162501126527786e-03
-2.419057767838239670e-03
-1.962176291272044182e-03
-1.816919073462486267e-03
-3.597055096179246902e-03
-2.864034380763769150e-03
8.188729989342391491e-04
1.330042956396937370e-03
3.399979323148727417e-03
-1.997017068788409233e-03
-2.632029354572296143e-03
-1.345201395452022552e-03
-2.423305122647434473e-04
5.193900433368980885e-04
-2.206526929512619972e-03
3.588971914723515511e-03
7.478821207769215107e-04
-7.752469973638653755e-04
1.917974557727575302e-03
-1.993889221921563148e-03
1.531653222627937794e-03
7.504235836677253246e-04
2.763357711955904961e-03
7.077577756717801094e-04
1.428810879588127136e-03
2.181964693590998650e-03
-3.181271255016326904e-03
-6.791757768951356411e-04
2.762864460237324238e-04
3.199062775820493698e-03
3.645219374448060989e-03
-3.036928828805685043e-03
8.154428796842694283e-04
2.325741806998848915e-03
1.073815976269543171e-03
-2.890188014134764671e-03
1.817849930375814438e-03
-2.097281627357006073e-03
-1.359267858788371086e-03
1.201909733936190605e-03
2.732706023380160332e-03
3.697028616443276405e-03
2.659267629496753216e-04
-2.841595094650983810e-03
2.007679780945181847e-03
-1.814173068851232529e-03
3.386081662029027939e-03
-2.357466612011194229e-03
1.765816523402463645e-05
2.492106752470135689e-03
3.807541215792298317e-03
-2.398609416559338570e-03
-1.066363649442791939e-03
3.441455482970923185e-04
1.266069826669991016e-03
2.053171861916780472e-03
-2.287478651851415634e-03
3.102032002061605453e-03
2.080967416986823082e-03
-3.344396594911813736e-03
2.770406194031238556e-03
9.626827086322009563e-04
-2.781258895993232727e-03
2.233665669336915016e-03
2.694205250008963048e-05
2.262245863676071167e-03
-3.018497955054044724e-03
-4.095721524208784103e-04
3.864319762215018272e-03
-1.429533353075385094e-03
-6.499606533907353878e-04
1.378874876536428928e-03
-9.818685939535498619e-04
2.438072115182876587e-03
-2.100782934576272964e-03
9.705478441901504993e-04
-2.792959858197718859e-04
-1.747498055920004845e-03
-2.310690237209200859e-03
-1.815009396523237228e-03
-1.340482151135802269e-03
-1.111360848881304264e-03
2.121666911989450455e-03
5.612496752291917801e-04
-2.023281296715140343e-03
-5.234308191575109959e-04
-2.025880618020892143e-03
-2.363173407502472401e-04
2.401839010417461395e-04
1.419176813215017319e-03
2.353637479245662689e-03
1.670678611844778061e-03
-1.520004705525934696e-03
1.396956038661301136e-03
-2.656319178640842438e-03
3.157639177516102791e-03
-3.760125488042831421e-03
-7.626826991327106953e-04
-1.936570508405566216e-03
-6.384364096447825432e-04
-3.723759204149246216e-03
2.333451295271515846e-03
1.505614025518298149e-03
7.087372941896319389e-04
-2.219133544713258743e-03
1.809826353564858437e-03
1.996394013985991478e-03
7.606995641253888607e-04
2.372437622398138046e-03
-1.886500627733767033e-03
-2.371243434026837349e-03
1.212032511830329895e-03
-6.700360099785029888e-04
1.424645073711872101e-03
3.466774243861436844e-03
-1.767215901054441929e-03
2.947218483313918114e-03
2.843632129952311516e-03
1.907950616441667080e-03
-3.221126971766352654e-03
1.572177163325250149e-03
2.151274675270542502e-04
3.748878603801131248e-03
-5.474103963933885098e-04
-1.171673997305333614e-03
-1.225092681124806404e-03
-3.093742066994309425e-03
8.983253501355648041e-04
-2.372046699747443199e-03
-2.490557963028550148e-03
3.861129749566316605e-03
-1.029962208122014999e-03
1.905937097035348415e-04
-3.891733242198824883e-03
-2.239672001451253891e-03
5.208007059991359711e-04
1.492219395004212856e-03
3.710665914695709944e-04
3.749022260308265686e-03
-3.181304782629013062e-03
-2.245871291961520910e-04
-3.505602246150374413e-03
-2.669713692739605904e-03
-3.394645871594548225e-03
2.180216135457158089e-03
8.726858068257570267e-04
-3.016347298398613930e-03
2.895856276154518127e-03
3.040108131244778633e-03
9.387030149810016155e-04
-7.764117908664047718e-04
-1.646707067266106606e-03
1.982241868972778320e-03
4.689559282269328833e-04
-3.392693120986223221e-03
2.869240706786513329e-03
-9.112845873460173607e-04
8.472105837427079678e-04
-2.120648423442617059e-04
-5.526232416741549969e-04
-1.422631437890231609e-03
3.756896825507283211e-03
5.432302714325487614e-04
