-2.635272685438394547e-03
1.334305154159665108e-03
3.150649135932326317e-03
2.991931978613138199e-03
-1.799663412384688854e-03
4.290558572392910719e-04
-9.366259910166263580e-04
-7.333741523325443268e-04
3.749124472960829735e-03
-3.226202679798007011e-03
-2.008177340030670166e-03
2.203975571319460869e-03
3.367151657585054636e-04
-1.999026164412498474e-03
7.655755034647881985e-04
1.447359332814812660e-03
-3.575820708647370338e-03
2.916255732998251915e-03
-3.201030194759368896e-03
-3.765225643292069435e-03
1.316505717113614082e-03
-1.204261672683060169e-03
-2.416807226836681366e-03
-3.550663357600569725e-03
1.481529674492776394e-03
2.160095144063234329e-03
1.517114695161581039e-03
2.367982640862464905e-03
2.571388846263289452e-03
-4.934008466079831123e-04
-9.175168816000223160e-04
3.686455078423023224e-03
-2.049586037173867226e-03
8.883758564479649067e-04
2.793488791212439537e-03
-3.661389928311109543e-03
-2.593885874375700951e-03
-9.830164490267634392e-04
-2.298509702086448669e-03
-3.221808234229683876e-03
7.153923506848514080e-04
-2.967849432025104761e-04
-7.907993858680129051e-04
1.796917524188756943e-03
3.551803296431899071e-03
-1.825258717872202396e-03
-3.883149474859237671e-03
-3.480572719126939774e-03
3.396074753254652023e-03
3.824337385594844818e-03
-2.048455207841470838e-04
-2.336926525458693504e-03
-3.013902809470891953e-03
-3.520398633554577827e-03
3.679384099086746573e-05
-9.677122579887509346e-04
1.538060460006818175e-04
-3.538592020049691200e-03
-3.397771855816245079e-03
3.543154569342732430e-03
3.136494895443320274e-03
1.631779130548238754e-03
9.608592372387647629e-04
-1.477933721616864204e-03
-2.178550203097984195e-04
2.223619492724537849e-03
-1.307528582401573658e-04
-3.752435324713587761e-03
8.993817027658224106e-04
-9.612317080609500408e-04
-4.227616591379046440e-04
1.834915135987102985e-03
-1.356556778773665428e-03
1.267267158254981041e-03
-9.538968442939221859e-04
-3.275765266153030097e-05
-2.970332978293299675e-03
2.817472675815224648e-03
1.222178572788834572e-03
1.850272878073155880e-03
-3.571731038391590118e-03
3.164146328344941139e-03
3.423136658966541290e-03
5.791822914034128189e-04
1.531455782242119312e-04
2.620179671794176102e-03
-2.297958126291632652e-03
1.706400886178016663e-03
3.199722385033965111e-03
-1.626867306185886264e-04
-8.628075011074542999e-04
3.262970596551895142e-03
-3.888211678713560104e-03
3.805345389991998672e-03
-1.011351356282830238e-03
-2.498299349099397659e-03
-3.306066384539008141e-03
2.325010609638411552e-05
1.926327473483979702e-03
-1.869232743047177792e-03
-2.557558706030249596e-03
-7.790192612446844578e-04
-2.090352354571223259e-03
3.250704612582921982e-03
3.780487924814224243e-03
1.971561927348375320e-03
1.969350501894950867e-03
-1.644102041609585285e-03
9.591688285581767559e-04
-1.492954674176871777e-03
-1.613771310076117516e-03
-2.072761417366564274e-04
-1.503429957665503025e-03
3.822353202849626541e-03
3.869317006319761276e-03
-1.651708735153079033e-03
3.710119519382715225e-03
-1.381507143378257751e-03
-2.265086630359292030e-03
-3.243520157411694527e-03
3.522167447954416275e-03
3.480139421299099922e-03
1.324019744060933590e-03
1.861990545876324177e-03
3.036886453628540039e-03
1.983047695830464363e-03
6.259019137360155582e-04
3.586417995393276215e-03
-1.983349677175283432e-03
-3.226505825296044350e-03
-1.754714758135378361e-03
3.397711319848895073e-03
-8.219864103011786938e-04
-2.184383774874731898e-04
2.695937873795628548e-03
-3.667800920084118843e-03
1.171283438452519476e-04
-3.184085711836814880e-03
3.360599279403686523e-03
3.767769783735275269e-03
-1.848553190939128399e-03
-1.779297366738319397e-03
2.509677084162831306e-03
-1.618133137526456267e-05
-3.911681473255157471e-03
-2.456012880429625511e-03
3.412709105759859085e-03
-5.223959451541304588e-04
-2.203514799475669861e-03
-1.953184371814131737e-03
-1.287562190555036068e-03
-3.551293630152940750e-03
-2.189615508541464806e-03
1.686567324213683605e-03
1.632667263038456440e-03
3.577759722247719765e-03
3.749516559764742851e-03
3.168241120874881744e-03
2.235590014606714249e-03
2.996311523020267487e-03
3.358775516971945763e-03
1.985183916985988617e-03
-4.955087788403034210e-04
4.898178740404546261e-04
3.602313576266169548e-03
9.960216702893376350e-04
-3.471118863672018051e-03
-3.115378087386488914e-03
-2.155522117391228676e-03
2.571854041889309883e-03
5.526984750758856535e-05
2.976330695673823357e-03
-1.989772310480475426e-03
-3.255242190789431334e-04
5.225480999797582626e-04
-2.249014796689152718e-03
-2.780691953375935555e-03
3.049683058634400368e-03
2.479037968441843987e-03
1.483997912146151066e-03
3.040785901248455048e-03
1.917350804433226585e-03
-2.909461967647075653e-03
2.395986346527934074e-03
2.028766088187694550e-03
-1.835616421885788441e-03
-1.214562566019594669e-03
-3.082846815232187510e-04
2.590116113424301147e-03
1.923737931065261364e-03
2.564962953329086304e-03
9.867816697806119919e-04
-5.279878969304263592e-04
2.221812494099140167e-03
5.076283705420792103e-04
-3.066060133278369904e-03
-3.010219370480626822e-04
3.069335129112005234e-03
3.303575096651911736e-03
-3.470435040071606636e-03
-3.564836224541068077e-03
9.396816603839397430e-04
-3.359094960615038872e-03
3.508121240884065628e-03
-3.225442254915833473e-03
-2.713833469897508621e-03
2.750445157289505005e-03
-1.396688399836421013e-03
-1.402512192726135254e-03
3.656508168205618858e-03
-1.566151971928775311e-03
2.430198015645146370e-03
1.676317071542143822e-03
-1.621593488380312920e-03
-3.216037526726722717e-03
1.710362383164465427e-03
1.703115645796060562e-03
2.396300900727510452e-03
-3.484789282083511353e-03
3.738962346687912941e-03
-1.653403160162270069e-03
-3.184374421834945679e-03
1.302924705669283867e-03
2.668655361048877239e-04
3.316121874377131462e-03
3.021995304152369499e-03
7.245133747346699238e-04
1.996843609958887100e-03
-1.372328377328813076e-03
2.021501306444406509e-03
-1.902546500787138939e-03
-2.334547229111194611e-03
-3.613036824390292168e-04
-1.058216206729412079e-03
2.332790754735469818e-03
5.707431773771531880e-05
-3.173897741362452507e-03
-2.992006251588463783e-03
1.588448532857000828e-03
-1.809290406526997685e-04
7.044109515845775604e-04
3.509066533297300339e-03
1.013442291878163815e-03
7.452805875800549984e-04
2.376732416450977325e-03
3.774192591663450003e-04
2.223267365479841828e-04
-1.397945336066186428e-03
3.905723104253411293e-03
-9.888829663395881653e-04
3.585076192393898964e-03
2.723346464335918427e-03
-7.966013072291389108e-05
-3.331854008138179779e-03
1.491519389674067497e-03
1.081873429939150810e-03
