-3.800270380452275276e-03
-1.584597339387983084e-04
1.838461030274629593e-03
2.979686483740806580e-03
2.616096520796418190e-03
-1.461277483031153679e-03
-3.504566848278045654e-03
3.143670619465410709e-04
2.239942783489823341e-03
9.437765693292021751e-04
-1.560043659992516041e-03
-1.405812567099928856e-03
-2.218310954049229622e-03
-1.836938317865133286e-03
-3.367137629538774490e-03
1.966339303180575371e-03
-1.178905367851257324e-03
-1.994584687054157257e-03
-3.740989835932850838e-03
2.847746945917606354e-03
-3.052662592381238937e-03
-2.651536604389548302e-03
-1.791078364476561546e-03
3.829625202342867851e-04
3.374815452843904495e-03
-2.459085080772638321e-03
5.342552321963012218e-05
-3.306130645796656609e-03
-1.930372323840856552e-03
1.566367340274155140e-03
-1.312305568717420101e-03
1.197780831716954708e-03
3.841729601845145226e-03
2.849518554285168648e-03
-3.326108446344733238e-03
-6.986691150814294815e-04
-3.490106901153922081e-03
-3.738385858014225960e-04
7.011673878878355026e-04
7.974855407155700959e-07
3.507288172841072083e-03
1.010690117254853249e-03
7.047438994050025940e-04
-1.912545529194176197e-03
-2.884209621697664261e-03
3.550189314410090446e-03
7.835417636670172215e-04
2.273390069603919983e-03
3.509351983666419983e-03
4.907610218651825562e-06
-3.281381679698824883e-03
-9.552543633617460728e-04
-3.181469161063432693e-03
2.271085046231746674e-03
7.054957677610218525e-04
1.317235874012112617e-03
3.819125238806009293e-03
-7.419484318234026432e-04
-1.078778062947094440e-03
-2.225648844614624977e-03
-8.832927560433745384e-04
1.785937347449362278e-03
3.678707580547779799e-04
-1.730676973238587379e-03
1.886086887679994106e-03
-1.412643236108124256e-03
1.472379313781857491e-03
2.969331573694944382e-03
-3.258801763877272606e-03
2.952832495793700218e-03
-3.888514183927327394e-04
-2.725708473008126020e-04
2.825164468958973885e-03
-5.101505084894597530e-04
2.194602508097887039e-03
2.757538575679063797e-03
-8.171377703547477722e-04
-1.352095510810613632e-03
2.610449912026524544e-03
-1.980682602152228355e-03
2.083085477352142334e-03
2.764648990705609322e-03
3.234722185879945755e-03
-2.139078918844461441e-03
9.900172153720632195e-05
2.867039293050765991e-03
3.109683515504002571e-03
3.513658652082085609e-03
-9.132519480772316456e-04
-1.803767518140375614e-03
3.851212561130523682e-03
8.927329326979815960e-04
2.484362106770277023e-03
1.118235173635184765e-03
9.554358985042199492e-05
-2.374809235334396362e-03
-2.835930557921528816e-03
1.931405495270155370e-05
9.053787798620760441e-04
3.596511436626315117e-03
-1.849987544119358063e-03
-2.019223989918828011e-03
2.513384912163019180e-03
-1.988440635614097118e-04
-5.857131327502429485e-04
6.513464613817632198e-04
1.725569250993430614e-03
-1.522548845969140530e-03
2.853153040632605553e-03
1.254161004908382893e-03
-3.625781973823904991e-03
1.306540681980550289e-03
-3.282683435827493668e-03
-1.599276321940124035e-03
-1.313593355007469654e-03
1.655761036090552807e-03
3.766940440982580185e-03
3.570966422557830811e-03
-2.235420746728777885e-03
-2.199574373662471771e-03
-1.580888987518846989e-03
3.307880368083715439e-03
1.157391117885708809e-03
-2.114704839186742902e-04
3.732971614226698875e-03
-4.834142746403813362e-04
2.765131182968616486e-03
2.594123361632227898e-03
-1.311643864028155804e-03
-1.511675422079861164e-03
-2.585819689556956291e-03
2.240535104647278786e-03
-3.654996398836374283e-03
-2.718176401685923338e-04
-3.743670415133237839e-03
-2.451157197356224060e-03
-3.229340771213173866e-03
-3.714063903316855431e-03
2.106589032337069511e-03
-5.214941920712590218e-04
9.955252608051523566e-05
3.899119328707456589e-03
-2.467470243573188782e-03
2.724239835515618324e-03
-1.838582829805091023e-04
-3.000480588525533676e-03
-2.152180764824151993e-03
-7.728777127340435982e-04
-3.662917762994766235e-03
2.902093343436717987e-03
-7.978177163749933243e-04
-1.348425517790019512e-03
1.634790445677936077e-03
-2.364059677347540855e-03
-1.853615860454738140e-03
-2.276781713590025902e-03
2.508522709831595421e-03
-1.328906975686550140e-03
4.878439722233451903e-05
1.818119053496047854e-04
-3.838244127109646797e-03
-2.496811794117093086e-03
-3.421890316531062126e-03
-7.649699691683053970e-04
-2.618705853819847107e-03
-1.287423772737383842e-03
1.917674671858549118e-03
1.686145551502704620e-03
2.783124335110187531e-03
-2.693931106477975845e-03
-1.706014969386160374e-03
-3.682991664391011000e-04
2.711138804443180561e-04
-2.076484262943267822e-03
3.619291121140122414e-03
1.343246432952582836e-03
-2.035751473158597946e-03
1.426975242793560028e-03
3.665031166747212410e-03
-2.345314947888255119e-03
-2.791466613416559994e-05
1.695254235528409481e-03
-3.690774086862802505e-03
1.159836770966649055e-03
6.518251029774546623e-04
2.745158271864056587e-03
-2.379648154601454735e-03
2.674870658665895462e-03
-1.473289332352578640e-03
-2.301695523783564568e-03
-6.609493866562843323e-04
2.386501058936119080e-03
-1.934991567395627499e-03
-3.266642335802316666e-03
-4.291914810892194510e-04
8.630245574750006199e-04
3.741923719644546509e-03
6.538097513839602470e-04
1.672349637374281883e-03
-1.710161566734313965e-03
2.694725117180496454e-04
3.803737461566925049e-03
-2.775311935693025589e-03
-3.895842237398028374e-03
2.239846857264637947e-03
5.749558331444859505e-04
-2.941549755632877350e-04
-2.802912844344973564e-03
2.281515160575509071e-03
2.383242594078183174e-03
-3.282788442447781563e-03
-1.368402619846165180e-03
1.690002740360796452e-03
-2.762057818472385406e-03
-3.428428899496793747e-04
7.458443287760019302e-04
2.177885267883539200e-03
-3.586414735764265060e-03
3.676539345178753138e-04
-2.422496210783720016e-03
-3.795820288360118866e-03
-3.615689696744084358e-03
-3.536717966198921204e-03
-2.150546759366989136e-03
-3.478976897895336151e-03
1.468842150643467903e-03
1.742708380334079266e-03
1.519133220426738262e-03
-1.710812328383326530e-03
-3.638810710981488228e-03
1.930621336214244366e-03
-1.754266442731022835e-03
1.652155886404216290e-03
2.767793368548154831e-03
3.007477149367332458e-03
-3.283669473603367805e-03
1.711455988697707653e-03
3.717030165717005730e-03
3.406262723729014397e-03
-2.676781965419650078e-03
-3.333174856379628181e-03
-6.980904145166277885e-04
1.665705931372940540e-03
-1.373135368339717388e-03
1.115249702706933022e-03
-1.863594981841742992e-03
-3.649844729807227850e-04
2.714325906708836555e-03
-1.175344339571893215e-03
-1.623995602130889893e-03
-1.252730959095060825e-03
-2.580277854576706886e-03
-2.816087566316127777e-03
-1.015293877571821213e-03
2.956817857921123505e-03
-3.740837273653596640e-04
