9.929153602570295334e-04
-1.767784706316888332e-03
7.995082414709031582e-04
-2.856656908988952637e-03
-3.882291726768016815e-03
-3.403134411200881004e-03
-1.348621328361332417e-03
-2.280461136251688004e-03
4.563161637634038925e-04
2.406442770734429359e-03
3.818803699687123299e-03
2.367012435570359230e-03
-6.734447379130870104e-05
-2.655767137184739113e-03
-2.199890092015266418e-03
-3.275382099673151970e-03
-3.358300309628248215e-03
1.730420393869280815e-03
-3.158226842060685158e-03
2.927276538684964180e-03
-9.897542186081409454e-04
-2.792539075016975403e-03
-5.928482278250157833e-04
-3.784999018535017967e-03
3.372414503246545792e-03
7.327819475904107094e-04
3.586775856092572212e-04
-8.250920800492167473e-04
3.162113018333911896e-03
-3.404884831979870796e-03
3.294158494099974632e-03
-2.167609753087162971e-03
-2.355844248086214066e-03
-1.024387660436332226e-03
-3.663013456389307976e-03
4.057325713802129030e-04
-3.152546705678105354e-03
2.502042334526777267e-03
-8.528509351890534163e-05
1.457557082176208496e-03
1.294635439990088344e-04
1.558282878249883652e-03
-1.689007513050455600e-05
-2.548285061493515968e-03
1.910009537823498249e-03
-2.580356318503618240e-03
3.246109234169125557e-03
1.967381918802857399e-03
-1.696069957688450813e-03
3.690214361995458603e-03
1.073808060027658939e-03
-6.475561531260609627e-04
-3.733854740858078003e-03
1.320253359153866768e-03
-3.275393042713403702e-03
3.263517050072550774e-03
2.704497193917632103e-03
2.778149675577878952e-03
6.135391595307737589e-05
-2.936438657343387604e-03
-2.312931464985013008e-03
-1.036726054735481739e-03
7.262817816808819771e-04
-1.115527353249490261e-03
3.023142460733652115e-03
-1.547321095131337643e-03
2.688591834157705307e-03
-3.231571754440665245e-03
-1.792689552530646324e-03
7.178394298534840345e-05
-9.086467907764017582e-04
-2.356062410399317741e-03
-1.903152675367891788e-03
-9.848517947830259800e-05
1.313647837378084660e-03
1.280519296415150166e-03
1.392879756167531013e-03
-3.508487716317176819e-03
1.914453925564885139e-03
3.452166449278593063e-03
1.617103233002126217e-03
1.874213456176221371e-03
-7.087637786753475666e-04
3.116227686405181885e-03
-2.005207818001508713e-03
2.408842090517282486e-03
1.309978310018777847e-03
-6.867641932331025600e-04
3.885794430971145630e-03
3.377418266609311104e-03
3.463844070211052895e-03
-3.852038411423563957e-03
5.859177326783537865e-04
2.730342326685786247e-03
-2.528823912143707275e-03
-2.510371850803494453e-03
2.830731449648737907e-03
1.606398262083530426e-03
9.409766644239425659e-04
3.079324960708618164e-05
-9.861002909019589424e-04
3.502962877973914146e-03
3.688791766762733459e-03
-2.330779097974300385e-03
-9.328649030067026615e-04
-3.607050515711307526e-03
-2.931798575446009636e-03
-3.678670618683099747e-03
-1.091864542104303837e-03
2.282731467857956886e-03
-2.596117788925766945e-03
-2.328452887013554573e-03
8.197029819712042809e-04
1.448947121389210224e-03
-7.993505569174885750e-04
3.209733869880437851e-03
2.938028890639543533e-03
2.357327612116932869e-03
3.819332690909504890e-03
8.123134030029177666e-04
-5.403922987170517445e-04
-5.001997578801820055e-06
8.523185970261693001e-04
-1.809441018849611282e-04
-9.973620763048529625e-04
-6.614365847781300545e-04
1.483074389398097992e-03
1.690695295110344887e-03
9.403067524544894695e-04
2.570978133007884026e-03
3.601548029109835625e-03
1.587354694493114948e-03
2.483268035575747490e-03
-3.941544855479151011e-04
-2.412924543023109436e-03
3.284029895439743996e-03
-2.418296411633491516e-03
-1.747175701893866062e-03
-2.490666462108492851e-03
3.606438636779785156e-03
-3.820969024673104286e-03
6.343331278912955895e-06
-5.439389497041702271e-05
6.986340740695595741e-04
-2.518038963899016380e-03
9.236510959453880787e-05
-3.643582109361886978e-03
1.099008950404822826e-03
-3.214820753782987595e-03
-2.634178672451525927e-04
-2.251291880384087563e-03
1.069944235496222973e-03
-1.365134958177804947e-03
-2.942829392850399017e-03
-3.724423935636878014e-03
2.389478730037808418e-03
2.850974211469292641e-03
1.458058948628604412e-03
9.514826233498752117e-04
-2.317360602319240570e-03
-3.347435034811496735e-03
3.555520204827189445e-03
1.407684991136193275e-03
-2.040379913523793221e-03
-4.901901702396571636e-04
-2.238089451566338539e-03
-1.749510876834392548e-03
-3.298227209597826004e-03
3.713651793077588081e-03
9.367145830765366554e-04
-1.575603964738547802e-03
-1.190108479931950569e-03
2.323455410078167915e-03
9.717835346236824989e-04
2.515990519896149635e-03
7.599004893563687801e-04
3.536639735102653503e-03
2.448278828524053097e-04
-3.442671732045710087e-04
-4.956686170771718025e-04
-2.297890605404973030e-03
1.134093268774449825e-03
2.619953593239188194e-03
2.701799152418971062e-03
-3.722166409716010094e-03
-1.107544172555208206e-03
2.503470983356237411e-03
-2.404954517260193825e-03
-2.171436091884970665e-03
-3.270959947258234024e-03
-2.662207465618848801e-03
2.789066638797521591e-03
-2.885036403313279152e-03
-3.369384910911321640e-03
-3.439808206167072058e-04
-2.968471962958574295e-04
9.274951880797743797e-04
-1.386097399517893791e-03
-3.112017642706632614e-03
-3.588203806430101395e-03
-2.211901126429438591e-03
2.071331487968564034e-03
-9.558576857671141624e-05
1.849320484325289726e-03
1.970162848010659218e-03
1.326107536442577839e-03
-3.071756800636649132e-03
4.195398942101746798e-04
-2.661349717527627945e-03
-9.947575163096189499e-04
6.253880565054714680e-04
1.118147280067205429e-03
-2.571374876424670219e-03
1.122614194173365831e-04
-2.447423059493303299e-03
-6.997127784416079521e-04
-1.259189797565340996e-03
-3.688384545966982841e-03
3.354707499966025352e-03
3.312618704512715340e-03
-2.285399241372942924e-03
-8.114129886962473392e-04
-1.942018046975135803e-03
-2.036848018178716302e-04
1.542979618534445763e-03
-1.916433102451264858e-03
-2.640419639647006989e-03
9.345742291770875454e-04
-4.711814835900440812e-05
1.055736676789820194e-03
-1.275271759368479252e-03
2.046656562015414238e-03
-3.142606001347303391e-03
5.113183287903666496e-04
-3.448066767305135727e-03
1.203509978950023651e-03
3.127472009509801865e-03
-7.252597133629024029e-04
-1.818973687477409840e-04
-8.154614624800160527e-05
3.492119489237666130e-03
7.293744711205363274e-04
3.084840485826134682e-03
3.788812318816781044e-03
2.268003299832344055e-03
2.839532215148210526e-03
-1.289980253204703331e-03
-1.182128675282001495e-03
-3.199532628059387207e-03
-1.637929468415677547e-03
-2.716628601774573326e-03
1.912029227241873741e-03
1.796138240024447441e-03
3.840942634269595146e-03
3.352739615365862846e-03
-3.728770418092608452e-03
