-2.210163511335849762e-03
1.418627798557281494e-03
-3.366683376953005791e-03
-2.799686510115861893e-03
2.085851505398750305e-03
5.795567994937300682e-04
7.372335530817508698e-04
1.281971577554941177e-03
-1.374250394292175770e-03
-2.020295010879635811e-03
-6.031277589499950409e-04
3.069180995225906372e-03
1.746364519931375980e-03
3.583372570574283600e-03
-1.417772728018462658e-03
-1.074344734661281109e-03
3.171610645949840546e-03
-2.850491320714354515e-03
-1.083703944459557533e-03
-1.739899627864360809e-03
-5.540372803807258606e-04
-2.117206342518329620e-03
-1.407741947332397103e-04
9.661559597589075565e-04
-3.146246774122118950e-03
-3.826176980510354042e-03
-1.414350932464003563e-03
3.829765133559703827e-03
-2.090550959110260010e-03
9.033828973770141602e-04
1.621909206733107567e-03
1.490859198383986950e-03
1.399647153448313475e-04
5.513314390555024147e-04
-2.722674515098333359e-03
-1.379631576128304005e-03
-6.970998365432024002e-04
-3.023367375135421753e-03
-1.528946566395461559e-03
-1.815376454032957554e-04
-3.055968554690480232e-03
-3.262680955231189728e-03
1.546925399452447891e-03
3.425903618335723877e-03
-8.967104367911815643e-04
6.818139809183776379e-04
1.203312771394848824e-03
-3.656142391264438629e-03
2.322201034985482693e-04
-3.305769292637705803e-03
-6.560870679095387459e-04
1.194352516904473305e-03
3.422997426241636276e-03
1.834051567129790783e-03
-3.433117177337408066e-03
2.799454377964138985e-03
-3.058580216020345688e-03
-4.068644484505057335e-04
-8.139027049764990807e-04
2.192862302763387561e-04
3.479132894426584244e-03
-7.694085943512618542e-04
1.698675623629242182e-05
-2.738285809755325317e-03
1.264742109924554825e-03
3.237938042730093002e-03
3.998029569629579782e-04
-2.258811844512820244e-03
-1.395606901496648788e-03
5.891618784517049789e-04
1.630189712159335613e-03
3.259881050325930119e-04
1.548573258332908154e-03
3.160882042720913887e-03
-4.858125757891684771e-04
1.834739698097109795e-03
-1.055484986864030361e-03
3.626535879448056221e-03
1.344531076028943062e-03
4.068147245561704040e-05
-3.387128701433539391e-03
3.052760846912860870e-03
3.849683853331953287e-04
1.824157894589006901e-03
3.811984788626432419e-03
1.781319733709096909e-03
-2.672014059498906136e-03
-2.856416627764701843e-03
-4.897249164059758186e-04
3.687995718792080879e-03
1.070810481905937195e-03
-5.492450873134657741e-05
1.845284248702228069e-03
2.484139055013656616e-03
3.628396196290850639e-03
8.238494774559512734e-05
3.371887374669313431e-03
3.002880373969674110e-03
2.848655451089143753e-03
-1.866710255853831768e-03
3.481731051579117775e-03
1.114447833970189095e-03
-2.806792967021465302e-03
7.613377529196441174e-04
-2.857632935047149658e-04
-3.173493547365069389e-03
-2.349700313061475754e-03
8.085186127573251724e-04
-2.571325749158859253e-03
-3.204983659088611603e-03
-1.221889251610264182e-04
-8.507617167197167873e-04
-3.411286976188421249e-03
6.134923314675688744e-04
-7.606037979712709785e-05
3.448810195550322533e-03
3.553042653948068619e-03
-2.340094186365604401e-03
1.293883309699594975e-03
-1.906464574858546257e-03
2.727960702031850815e-03
-3.050659317523241043e-03
-3.011037828400731087e-03
-2.877298742532730103e-03
-3.112417412921786308e-03
-3.726157359778881073e-03
-1.870270585641264915e-03
1.851701410487294197e-03
-8.494524518027901649e-04
-4.527908749878406525e-04
-1.531001995317637920e-03
3.887399332597851753e-03
-1.679863082244992256e-03
-4.189200408291071653e-04
9.529162198305130005e-04
3.785149427130818367e-03
-7.710781937930732965e-05
2.907084766775369644e-03
2.448734827339649200e-03
2.623300068080425262e-03
3.653985681012272835e-03
2.413813723251223564e-03
2.355671254917979240e-03
1.092670601792633533e-03
1.353345811367034912e-03
-2.712421352043747902e-03
-2.645606873556971550e-03
1.920470269396901131e-03
-4.169940366409718990e-04
-2.128478838130831718e-03
6.419796845875680447e-04
-2.475983928889036179e-03
-1.550733693875372410e-03
2.526300027966499329e-03
-2.603040076792240143e-03
-2.964835148304700851e-03
3.495692508295178413e-03
-1.492552575655281544e-03
-1.537080388516187668e-03
-6.854352250229567289e-05
-1.956316409632563591e-03
-3.105352399870753288e-03
-1.688723335973918438e-03
-2.552863676100969315e-03
-3.146023082081228495e-04
2.275334205478429794e-03
2.611338160932064056e-03
2.829498378559947014e-03
1.244008191861212254e-03
2.977353986352682114e-03
-2.010378055274486542e-03
-2.494486048817634583e-03
-8.874383056536316872e-04
3.082058159634470940e-03
-1.306538353674113750e-03
-9.975389111787080765e-04
1.401290297508239746e-03
-2.257791580632328987e-03
3.731580218300223351e-03
2.455349778756499290e-03
-7.191696204245090485e-04
-2.477114554494619370e-03
-1.556459465064108372e-03
2.570655196905136108e-03
3.789553185924887657e-03
-1.252952730283141136e-03
-1.381298876367509365e-03
1.332740532234311104e-03
-1.606730860657989979e-03
-2.568291965872049332e-03
1.575401867739856243e-03
-3.281580284237861633e-04
2.194063505157828331e-03
3.146339673548936844e-03
-3.731543431058526039e-03
-2.723099431023001671e-03
-4.427504027262330055e-04
2.886373549699783325e-03
-2.305117668583989143e-03
2.895287703722715378e-03
1.231705304235219955e-03
2.418039832264184952e-03
-3.349179634824395180e-03
3.723120025824755430e-04
2.288712188601493835e-03
1.428664429113268852e-03
1.253225782420486212e-04
1.389043871313333511e-03
3.080469788983464241e-03
-2.996403258293867111e-03
3.366321790963411331e-03
-3.507057437673211098e-03
2.234667073935270309e-03
-6.313657504506409168e-04
-7.971587474457919598e-04
3.626149846240878105e-04
3.905533580109477043e-03
-8.086322341114282608e-04
1.351374783553183079e-03
-1.875702757388353348e-03
1.183933694846928120e-03
-4.387389053590595722e-04
-1.070375088602304459e-03
-2.810804406180977821e-03
1.456022378988564014e-03
-4.109788278583437204e-04
3.920247545465826988e-04
-2.004763111472129822e-03
1.840512384660542011e-03
1.030730200000107288e-03
-2.489231155777815729e-05
-2.302024513483047485e-03
-1.449887175112962723e-03
-2.305517671629786491e-03
-1.851099514169618487e-04
-2.954018767923116684e-03
-8.774651214480400085e-04
1.899719354696571827e-03
-7.156481296988204122e-05
-7.269287016242742538e-04
-7.255325326696038246e-04
1.671700505539774895e-03
3.359433962032198906e-03
2.761467359960079193e-03
3.179527120664715767e-03
2.937875920906662941e-03
1.369458157569169998e-03
3.219451988115906715e-03
3.256786148995161057e-03
-2.120412187650799751e-03
1.677269348874688148e-03
4.041233041789382696e-04
2.778667025268077850e-03
1.566039747558534145e-03
6.157057941891252995e-04
3.717790357768535614e-03
