-1.858178875409066677e-04
2.918774029240012169e-03
-2.635016804561018944e-03
1.946867123479023576e-04
3.376039443537592888e-03
1.189586124382913113e-03
3.564556594938039780e-03
-2.787372795864939690e-03
-2.333134645596146584e-03
-3.383018542081117630e-03
-1.941671129316091537e-03
-2.342181978747248650e-03
-1.092963851988315582e-03
-2.269501565024256706e-03
2.233066130429506302e-03
2.004662019317038357e-05
4.936599871143698692e-04
3.876620903611183167e-03
-6.604353548027575016e-04
-3.005253151059150696e-03
-1.385458395816385746e-03
2.889339579269289970e-03
9.149947436526417732e-04
-3.549471031874418259e-03
1.583145232871174812e-03
5.003119003959000111e-04
-3.482713829725980759e-03
3.132738871499896049e-03
-3.238165518268942833e-03
-9.493191610090434551e-04
3.438620187807828188e-04
1.869479310698807240e-03
-1.731143856886774302e-04
3.581460332497954369e-03
-2.730859443545341492e-03
-1.491640810854732990e-03
3.041681135073304176e-03
9.407217148691415787e-04
2.188929589465260506e-03
-8.434557239525020123e-04
-3.822569735348224640e-03
-6.055666017346084118e-04
3.861063625663518906e-03
3.651509527117013931e-03
2.628393471240997314e-03
-3.489291430014418438e-06
1.252874848432838917e-03
-2.147492923540994525e-04
3.111840691417455673e-03
-1.385745359584689140e-03
8.186682825908064842e-04
3.885269630700349808e-03
3.290920983999967575e-03
1.209945417940616608e-03
4.966740380041301250e-04
-2.502270275726914406e-03
-2.124752849340438843e-03
-3.273610724136233330e-03
6.804730510339140892e-04
-2.632233314216136932e-03
-1.765633234754204750e-03
-3.407316515222191811e-03
2.151884371414780617e-03
-1.577109913341701031e-03
2.523470029700547457e-04
-3.150214906781911850e-03
-3.206603694707155228e-03
3.449520096182823181e-03
3.453754121437668800e-03
-1.793124596588313580e-03
1.972900354303419590e-04
1.195018296130001545e-03
-5.746731767430901527e-04
-2.540797926485538483e-03
-3.773277567233890295e-04
-1.933232269948348403e-04
-2.064468106254935265e-03
-3.153702011331915855e-03
-3.587031969800591469e-03
-1.599129405803978443e-03
-1.844927435740828514e-03
-2.523740753531455994e-03
-4.873512079939246178e-04
-3.175475401803851128e-03
2.662876155227422714e-03
2.091125119477510452e-03
1.491516479291021824e-03
-1.961769070476293564e-03
-6.897349958308041096e-04
-3.617495298385620117e-03
-1.986759307328611612e-04
3.010421758517622948e-03
1.613438013009727001e-03
3.537765704095363617e-03
1.483759144321084023e-03
-3.270924324169754982e-03
1.405663322657346725e-03
3.160786116495728493e-03
3.312338376417756081e-03
3.422673791646957397e-03
-3.773887176066637039e-03
-1.371998805552721024e-03
2.900966792367398739e-04
-7.388262893073260784e-04
-2.866475842893123627e-03
-2.872509183362126350e-03
2.447616541758179665e-03
-1.087341574020683765e-03
2.788885496556758881e-03
4.904626985080540180e-04
1.876489957794547081e-03
-3.008219646289944649e-03
-3.182279411703348160e-03
9.237112826667726040e-04
-2.113417031068820506e-05
-2.550909994170069695e-03
-1.749187125824391842e-03
2.007236704230308533e-03
-2.696906682103872299e-03
-4.817026201635599136e-04
3.877723065670579672e-04
3.832625458016991615e-03
-1.655174302868545055e-03
3.671638900414109230e-03
5.369574646465480328e-04
2.147407212760299444e-04
8.379517239518463612e-04
-1.826423336751759052e-03
1.245979452505707741e-03
3.885015845298767090e-03
3.544070059433579445e-04
2.178748836740851402e-03
6.458475254476070404e-04
2.864910929929465055e-04
2.867063041776418686e-03
-9.022088488563895226e-04
-1.883451186586171389e-04
2.162452088668942451e-03
-1.931055448949337006e-03
9.272210299968719482e-04
3.938359150197356939e-04
-2.357596764340996742e-03
-2.496347529813647270e-03
-2.300587482750415802e-03
-3.050342202186584473e-04
1.494736789027228951e-04
1.485414453782141209e-03
9.123588097281754017e-04
8.164087375917006284e-06
-2.999966265633702278e-03
2.478451002389192581e-03
1.647222670726478100e-03
-5.052881315350532532e-04
1.067884149961173534e-03
1.250313245691359043e-03
2.289399737492203712e-03
-6.489583174698054790e-04
2.577297564130276442e-04
-3.697104752063751221e-03
-3.200826933607459068e-03
-2.218805719166994095e-03
1.553556416183710098e-03
-2.751620922936126590e-05
1.691441284492611885e-03
3.733170451596379280e-03
1.035336870700120926e-03
1.065115095116198063e-03
3.637996269389986992e-04
1.366258016787469387e-03
-8.832872845232486725e-04
2.942144405096769333e-03
-1.699654501862823963e-03
1.490088470745831728e-04
-3.284471575170755386e-03
-8.627690258435904980e-04
1.747484318912029266e-03
-4.501582589000463486e-04
-3.573132678866386414e-03
1.877292990684509277e-03
3.029633080586791039e-03
4.831544938497245312e-04
-1.821845071390271187e-03
-1.016292255371809006e-03
4.903820226900279522e-04
1.868192921392619610e-04
1.019047995214350522e-04
2.580343745648860931e-03
-3.408730495721101761e-03
2.381513593718409538e-03
1.669456600211560726e-03
1.069569610990583897e-03
1.005738857202231884e-03
2.359613543376326561e-03
3.296014154329895973e-03
1.777678960934281349e-03
2.428682055324316025e-03
3.850612847600132227e-04
3.146142465993762016e-03
-6.492360262200236320e-04
1.359600282739847898e-04
-3.116690320894122124e-03
-1.272430818062275648e-04
1.540909055620431900e-03
4.027188988402485847e-04
9.700020309537649155e-04
3.805233864113688469e-03
3.189004492014646530e-03
1.047388883307576180e-03
2.898663224186748266e-04
3.731292905285954475e-03
-1.875875168479979038e-04
4.512706946115940809e-04
-9.902802994474768639e-04
2.428880659863352776e-03
-2.167287049815058708e-03
2.200451213866472244e-03
-2.411602617939934134e-04
-3.047687700018286705e-03
9.758647647686302662e-04
2.205203752964735031e-03
1.491954550147056580e-03
-1.032037893310189247e-03
-1.089239958673715591e-03
-1.611635554581880569e-03
-2.821961650624871254e-03
2.238204702734947205e-03
-2.485698089003562927e-03
-2.809748053550720215e-03
-2.591511292848736048e-04
-2.519481582567095757e-03
7.479852065443992615e-04
-2.628721995279192924e-03
-3.817895893007516861e-03
8.041540859267115593e-04
-3.646583536465186626e-06
-1.221877522766590118e-03
-7.041211356408894062e-04
3.031071973964571953e-03
-3.229731926694512367e-03
3.043355420231819153e-03
-1.567059778608381748e-03
1.422818750143051147e-03
2.228831872344017029e-03
-5.902722477912902832e-04
-1.282339071622118354e-04
-3.458069870248436928e-03
7.201692642411217093e-05
3.031173720955848694e-03
1.838718075305223465e-03
-1.375313266180455685e-03
2.753200940787792206e-03
2.793548861518502235e-03
-2.003779634833335876e-03
1.371172955259680748e-03
2.336615463718771935e-03
-2.584843430668115616e-03
