8.491623448207974434e-04
-3.220961196348071098e-03
-3.648592624813318253e-03
3.869512118399143219e-03
-5.242007900960743427e-04
-8.567397017031908035e-04
-3.826772794127464294e-03
4.015919694211333990e-04
-3.890938824042677879e-03
2.259599510580301285e-03
3.154667094349861145e-03
1.142413122579455376e-03
1.626416807994246483e-03
-3.851243061944842339e-03
3.676616470329463482e-04
-1.911696628667414188e-03
-1.424988382495939732e-03
1.252870075404644012e-03
-1.467607682570815086e-03
1.864858350018039346e-04
3.840157529339194298e-03
2.040180843323469162e-03
-1.165585010312497616e-03
3.116366453468799591e-03
-3.412340534850955009e-03
1.297544455155730247e-03
-2.177389978896826506e-04
2.245438750833272934e-03
2.677332609891891479e-03
-2.864980604499578476e-03
-3.304553451016545296e-03
3.353139385581016541e-03
-1.008914201520383358e-03
-3.475178964436054230e-03
2.551616169512271881e-03
3.840290941298007965e-03
2.593850018456578255e-03
-1.706294133327901363e-03
-1.482881139963865280e-03
4.524172400124371052e-04
3.218816826120018959e-03
-3.685234813019633293e-03
-2.132887486368417740e-03
-2.075393451377749443e-03
-1.752260686771478504e-05
3.531766124069690704e-04
1.819512690417468548e-03
3.417029511183500290e-03
7.142712711356580257e-04
-1.779732294380664825e-03
7.719283457845449448e-04
-2.080107806250452995e-03
-3.353232750669121742e-03
3.315032459795475006e-03
-3.503324114717543125e-04
7.506833062507212162e-04
3.045154968276619911e-03
-1.738435588777065277e-03
2.376532880589365959e-03
-2.190784318372607231e-03
-1.252033165656030178e-03
-2.905217232182621956e-03
1.342488685622811317e-03
-1.863959128968417645e-03
8.811078732833266258e-04
3.511951304972171783e-03
2.043292857706546783e-03
2.682105172425508499e-03
2.164851408451795578e-03
1.024122000671923161e-03
-5.697081796824932098e-04
-2.856382867321372032e-03
3.848349442705512047e-03
4.952178569510579109e-04
1.672297716140747070e-03
5.647587240673601627e-04
1.913564628921449184e-03
-3.860237775370478630e-03
3.217475255951285362e-03
3.444246947765350342e-03
3.317546797916293144e-03
2.203159499913454056e-03
-2.412521571386605501e-04
-2.841940615326166153e-03
6.637442274950444698e-04
1.902487827464938164e-03
2.738653216511011124e-03
1.830183085985481739e-03
-1.573271234519779682e-03
1.225987565703690052e-03
-3.768831957131624222e-04
-5.660862661898136139e-04
1.155033474788069725e-03
-4.870271368417888880e-04
1.932560699060559273e-04
-1.280414173379540443e-03
-2.911330433562397957e-03
-2.786305500194430351e-03
7.089168648235499859e-04
-2.949949353933334351e-03
3.641478717327117920e-03
1.748020877130329609e-03
3.199633210897445679e-03
3.275850322097539902e-03
-1.070956583134829998e-03
5.596280680038034916e-04
-3.585640573874115944e-03
3.803870407864451408e-03
1.845037564635276794e-03
1.379289082251489162e-03
-2.166713587939739227e-03
-2.008700510486960411e-03
-1.487025525420904160e-03
-3.780583618208765984e-03
2.691845409572124481e-03
2.636982593685388565e-03
-3.639684990048408508e-03
3.128348849713802338e-03
-1.764803892001509666e-03
-2.291038166731595993e-03
1.797595643438398838e-03
-1.050416147336363792e-03
2.332089934498071671e-03
-2.974266419187188148e-03
3.603049088269472122e-03
1.228939159773290157e-03
9.446599869988858700e-04
-2.528356853872537613e-04
1.632701372727751732e-03
1.522581791505217552e-03
-2.802121685817837715e-03
-7.490575808333232999e-05
8.562274888390675187e-05
9.130742982961237431e-04
-1.586686004884541035e-03
2.305091125890612602e-03
-1.419141073711216450e-03
-3.113331040367484093e-03
-3.307034960016608238e-03
1.382408430799841881e-03
1.404682756401598454e-03
1.640286762267351151e-03
-3.509907517582178116e-03
4.854188882745802402e-04
1.335078966803848743e-03
3.177602775394916534e-03
1.444863271899521351e-03
-9.705920820124447346e-04
-2.212804509326815605e-03
-3.284275066107511520e-03
-1.709110219962894917e-03
-2.790579572319984436e-03
2.552703721448779106e-03
-3.791417926549911499e-03
-7.728820201009511948e-04
-3.176529717165976763e-04
2.606292255222797394e-03
2.058403333649039268e-03
-2.432691631838679314e-03
1.242967322468757629e-03
2.345001412322744727e-04
3.067430108785629272e-03
3.908152226358652115e-03
-1.490724505856633186e-03
2.888068323954939842e-03
-1.088391640223562717e-03
1.556413481011986732e-04
-1.982969464734196663e-03
2.448813291266560555e-03
2.640743274241685867e-03
2.429296495392918587e-03
1.368357799947261810e-03
1.840794458985328674e-03
-3.298825467936694622e-04
3.771796822547912598e-03
-1.256421674042940140e-03
2.620527986437082291e-03
3.260084660723805428e-03
-9.512212709523737431e-04
1.229285844601690769e-03
3.554269438609480858e-03
-1.533947885036468506e-03
-1.500069978646934032e-03
4.609959432855248451e-04
3.454856341704726219e-03
-9.328813757747411728e-04
1.322880969382822514e-03
-2.472813241183757782e-03
-6.053043762221932411e-04
3.499736485537141562e-04
-1.520577352494001389e-03
9.159817709587514400e-04
-2.437540097162127495e-03
-2.178755588829517365e-03
3.105799201875925064e-03
3.478741273283958435e-03
2.041940577328205109e-03
-3.071121682296507061e-05
2.807744080200791359e-03
-1.263136393390595913e-03
1.807911554351449013e-03
3.332874970510601997e-03
3.748754039406776428e-03
-2.351192757487297058e-03
9.748763986863195896e-04
2.578540879767388105e-04
1.934489700943231583e-03
2.724082674831151962e-03
-1.923805568367242813e-03
2.180500450776889920e-04
2.519262954592704773e-03
1.312737818807363510e-03
-3.063474548980593681e-03
2.812467049807310104e-03
1.982651650905609131e-03
-5.031079053878784180e-04
-2.036605728790163994e-03
-1.544114667922258377e-03
-3.049244871363043785e-03
1.833954360336065292e-03
1.552844420075416565e-03
1.446696114726364613e-03
-6.657636258751153946e-04
2.192521933466196060e-04
3.556181909516453743e-03
-3.657239023596048355e-03
-6.168391555547714233e-04
1.026297686621546745e-03
3.998885804321616888e-04
4.356656572781503201e-04
-7.963983807712793350e-04
-1.776520512066781521e-03
2.978611271828413010e-03
9.031798254000023007e-05
2.739160554483532906e-03
-1.017439528368413448e-03
-7.015863666310906410e-04
3.012841334566473961e-03
-1.075672917068004608e-03
-1.656193344388157129e-04
-1.055383589118719101e-03
2.356405369937419891e-03
2.208659425377845764e-03
-2.938803518190979958e-03
3.525111358612775803e-03
-3.081063274294137955e-03
-3.166016424074769020e-03
2.335152123123407364e-03
2.539890585467219353e-03
5.457519437186419964e-04
3.906223922967910767e-03
2.113793976604938507e-03
-3.812684444710612297e-04
-3.228038782253861427e-03
1.316305832006037235e-03
2.786575059872120619e-04
