5.083319847472012043e-04
4.962318344041705132e-04
-1.697155414149165154e-03
-1.477168872952461243e-03
2.450437285006046295e-03
2.359403064474463463e-03
-6.577833555638790131e-04
1.436205347999930382e-03
-1.566319493576884270e-03
-1.521903323009610176e-03
2.414813498035073280e-03
-2.423712285235524178e-03
3.375576809048652649e-03
1.761766907293349504e-04
2.942375373095273972e-03
1.317942864261567593e-03
3.519224410410970449e-04
4.436427552718669176e-04
1.881936332210898399e-03
-2.788294113997835666e-05
3.882658493239432573e-04
-1.759252278134226799e-03
-3.723942441865801811e-03
-3.271031891927123070e-04
3.794057294726371765e-03
-6.725641433149576187e-04
-1.589418388903141022e-03
-2.131868153810501099e-03
-1.528654946014285088e-03
-1.322243013419210911e-03
-5.435802158899605274e-04
1.332717598415911198e-03
-4.506570694502443075e-04
2.597065875306725502e-03
-7.722728769294917583e-04
-1.935794716700911522e-04
-1.813046983443200588e-04
6.366066518239676952e-04
-3.731008153408765793e-03
4.160398675594478846e-04
2.908054739236831665e-03
-2.610462484881281853e-03
3.069579601287841797e-03
3.333722474053502083e-03
-3.478799015283584595e-03
-9.062059689313173294e-04
-3.914810717105865479e-03
-2.196212764829397202e-03
2.511012367904186249e-03
3.164056455716490746e-03
-1.382982009090483189e-03
2.012985059991478920e-03
-1.925966353155672550e-03
2.029410097748041153e-04
-2.849790267646312714e-03
-7.098069763742387295e-04
3.522301325574517250e-03
-2.030729228863492608e-04
-1.580059411935508251e-03
-1.184175140224397182e-03
3.764064982533454895e-03
2.813349710777401924e-03
3.007091348990797997e-03
1.565062324516475201e-03
3.429141826927661896e-03
2.533453516662120819e-03
3.465034533292055130e-03
1.349053229205310345e-03
-3.407092764973640442e-03
1.309265149757266045e-03
1.915745320729911327e-03
1.645703334361314774e-03
1.360005699098110199e-03
1.884326338768005371e-03
3.000676806550472975e-04
-3.558950265869498253e-03
3.811950329691171646e-03
3.871414810419082642e-03
7.550723239546641707e-05
-3.264618804678320885e-03
-3.842437174171209335e-03
2.809018187690526247e-04
-1.171174342744052410e-03
-1.929477439261972904e-03
2.116364892572164536e-03
-3.496638266369700432e-03
8.842446259222924709e-04
-1.346681819995865226e-04
2.217541448771953583e-03
8.630822994746267796e-04
-3.141865134239196777e-03
-8.682001498527824879e-04
2.283865353092551231e-03
2.487321849912405014e-03
-1.999702071771025658e-03
-9.681592928245663643e-04
-3.667590674012899399e-03
2.665072679519653320e-03
3.863041987642645836e-03
3.359515452757477760e-03
2.190574741689488292e-04
1.649767858907580376e-03
1.924263080582022667e-03
-1.367447082884609699e-03
-3.284959821030497551e-03
2.836990868672728539e-03
-2.116475254297256470e-03
1.744808512739837170e-03
2.081719692796468735e-03
4.439834738150238991e-04
8.656592690385878086e-04
-2.077922923490405083e-03
3.407625190448015928e-04
-4.330163937993347645e-04
3.637699643149971962e-03
2.113123890012502670e-03
-2.023315289989113808e-03
-1.793536939658224583e-04
2.355569042265415192e-03
8.075733785517513752e-04
-2.338354708626866341e-03
-2.884977962821722031e-03
-2.576945582404732704e-03
-3.265990410000085831e-03
9.135910077020525932e-04
1.190311042591929436e-03
-2.898917766287922859e-03
1.032719737850129604e-03
1.467392547056078911e-03
-3.516067052260041237e-03
-3.672972321510314941e-03
3.376802778802812099e-04
-7.414611172862350941e-04
3.244744380936026573e-03
-7.858432363718748093e-04
1.194354030303657055e-03
-3.200374310836195946e-03
-1.716613769531250000e-03
3.491407958790659904e-03
3.770973999053239822e-04
-3.774451324716210365e-03
2.956842305138707161e-03
3.128723939880728722e-03
-3.212915034964680672e-04
-1.372006721794605255e-03
-8.343789377249777317e-04
2.345652785152196884e-03
3.180164378136396408e-03
-1.591753331013023853e-03
-3.922046453226357698e-04
-1.497475896030664444e-03
2.445804188027977943e-03
-2.835611347109079361e-03
-1.697120140306651592e-03
3.523231251165270805e-03
-1.578749506734311581e-03
-1.953920582309365273e-03
1.078543136827647686e-03
1.205219305120408535e-03
2.551099285483360291e-03
-1.165132038295269012e-03
2.980287652462720871e-03
-3.113165730610489845e-03
-3.696490544825792313e-03
-3.841174533590674400e-03
1.089978846721351147e-03
3.832114161923527718e-03
-3.624218981713056564e-03
-2.958488184958696365e-03
1.692619523964822292e-03
3.740018000826239586e-03
-1.233628951013088226e-03
8.760077762417495251e-04
-1.216596341691911221e-03
2.386024687439203262e-03
-3.292867448180913925e-03
-3.740768646821379662e-03
-3.222970990464091301e-03
1.097657484933733940e-03
2.848864533007144928e-03
-2.330549061298370361e-03
-3.078224137425422668e-03
3.496670862659811974e-03
-2.541374415159225464e-03
3.611776279285550117e-03
8.025337592698633671e-04
1.848321990109980106e-03
-8.159766439348459244e-04
3.591806162148714066e-03
6.733160698786377907e-04
-1.080818707123398781e-03
1.160042476840317249e-03
3.741218242794275284e-03
2.515043597668409348e-03
2.860468346625566483e-03
-1.130436779931187630e-03
-1.375919207930564880e-03
2.059652702882885933e-03
2.611606614664196968e-03
3.837300231680274010e-03
3.156246966682374477e-04
3.858595853671431541e-03
-2.799125388264656067e-03
-2.013657940551638603e-03
-9.554441930959001184e-05
3.099986817687749863e-03
3.062637057155370712e-03
3.125370480120182037e-03
-2.014475176110863686e-03
1.423913170583546162e-03
-3.349266713485121727e-03
1.751332194544374943e-03
8.526278543286025524e-04
2.431285800412297249e-03
2.422625664621591568e-03
8.071716874837875366e-04
1.574244583025574684e-03
2.146013779565691948e-03
-8.049129974097013474e-04
-3.824517829343676567e-03
9.831618517637252808e-04
-8.194757392629981041e-04
1.723694731481373310e-03
-3.866579150781035423e-03
2.582568209618330002e-03
2.346988301724195480e-03
-8.513403590768575668e-04
1.539233373478055000e-03
-3.719780128449201584e-03
-6.181680364534258842e-04
4.993448383174836636e-04
1.483897678554058075e-03
-1.028080121614038944e-03
-2.962406724691390991e-03
1.045638346113264561e-03
-3.815199481323361397e-03
1.050216960720717907e-03
2.064351225271821022e-03
-2.140670549124479294e-03
2.969722030684351921e-03
-3.234145930036902428e-03
1.083871698938310146e-03
3.248740918934345245e-03
1.005015685223042965e-03
2.007569186389446259e-03
1.579576928634196520e-04
2.289495198056101799e-03
-3.715475322678685188e-04
1.156201702542603016e-03
1.246280153281986713e-03
-5.103552248328924179e-04
-1.492845709435641766e-03
3.791426774114370346e-03
1.176183650386519730e-04
-3.346282988786697388e-03
3.720228560268878937e-03
