-8.383727981708943844e-04
-2.368732122704386711e-03
-2.886997535824775696e-03
-4.664201114792376757e-04
2.148530445992946625e-03
3.525626147165894508e-03
-1.265015453100204468e-03
-1.832950278185307980e-03
1.877339323982596397e-03
-3.510575508698821068e-03
2.892843913286924362e-03
-5.776582402177155018e-04
3.407951211556792259e-03
-3.056805580854415894e-03
-3.425672417506575584e-03
-2.825567265972495079e-03
-3.403365146368741989e-03
2.229966223239898682e-03
-2.192213665693998337e-03
-2.896049059927463531e-03
-2.227972494438290596e-03
2.507584635168313980e-03
-2.324010012671351433e-03
-1.706778071820735931e-03
-1.387116033583879471e-03
3.296021837741136551e-03
1.597351947566494346e-04
-6.232081213966012001e-04
2.061183098703622818e-03
1.369448960758745670e-03
1.974382437765598297e-03
3.775842196773737669e-04
-3.136604791507124901e-03
2.728421241044998169e-03
3.582981880754232407e-04
-2.307050162926316261e-03
3.534867893904447556e-03
-1.934366300702095032e-03
3.324031597003340721e-03
1.004186691716313362e-03
5.939925904385745525e-04
-3.112738952040672302e-03
2.808629767969250679e-03
2.283431123942136765e-03
-3.667529672384262085e-04
1.382392132654786110e-03
7.818809826858341694e-04
-1.093024620786309242e-03
6.152096320874989033e-04
-1.017165021039545536e-03
-8.290591067634522915e-04
2.594352117739617825e-04
3.305046120658516884e-04
2.928799018263816833e-03
8.115794043987989426e-04
1.498786034062504768e-03
1.595967769389972091e-04
9.972960688173770905e-04
1.615197979845106602e-03
-3.148633753880858421e-03
7.652064086869359016e-04
1.556044095195829868e-03
2.680401783436536789e-03
-3.217160003259778023e-03
2.379589946940541267e-03
-5.346850230125710368e-05
-2.245920011773705482e-03
-3.282110439613461494e-03
-3.090276848524808884e-03
3.578560659661889076e-03
4.353948461357504129e-04
-2.011110918829217553e-04
-2.166114980354905128e-03
2.878381928894668818e-04
-3.532899543642997742e-03
-1.953246683115139604e-04
-3.346917452290654182e-03
1.106247538700699806e-03
1.128359799622558057e-04
1.800423371605575085e-03
-1.763429609127342701e-03
-2.001696266233921051e-03
-1.481610524933785200e-04
-3.762957639992237091e-03
-2.209621248766779900e-03
3.241336438804864883e-03
-8.828060235828161240e-04
2.978831762447953224e-03
3.831690642982721329e-03
3.892484121024608612e-03
2.961438382044434547e-03
3.536436706781387329e-03
2.923339372500777245e-03
1.753624994307756424e-03
-1.014940673485398293e-03
1.250546425580978394e-03
-3.818108700215816498e-03
-1.550966058857738972e-03
-2.049138769507408142e-03
-9.782520355656743050e-04
2.089021261781454086e-03
-3.905298653990030289e-03
3.277757670730352402e-03
2.097421558573842049e-03
-3.434772137552499771e-03
-3.751583164557814598e-03
1.935646869242191315e-03
-2.085905987769365311e-03
-3.277755167800933123e-04
3.093533217906951904e-03
-3.495272714644670486e-03
1.833791029639542103e-03
-2.679822500795125961e-03
2.177356742322444916e-03
-2.996104012709110975e-04
1.755016506649553776e-03
-1.365375821478664875e-03
-7.207780145108699799e-04
-2.053270582109689713e-03
3.468983108177781105e-03
-2.185099991038441658e-03
2.728675957769155502e-03
1.636432949453592300e-03
-1.095372368581593037e-03
1.483628177084028721e-03
3.885068290401250124e-04
5.864048143848776817e-04
9.289325680583715439e-04
3.545215120539069176e-03
-2.341612242162227631e-03
6.002747686579823494e-04
1.375744701363146305e-03
1.959203509613871574e-04
3.292592009529471397e-04
-6.993467686697840691e-04
3.696807892993092537e-03
1.135807717218995094e-03
-3.226958448067307472e-03
8.005425333976745605e-04
3.043391334358602762e-04
2.684880280867218971e-03
1.132905716076493263e-03
-9.756844956427812576e-04
2.194941509515047073e-03
-5.762983346357941628e-04
-8.279791800305247307e-04
-3.509277245029807091e-03
2.674055052921175957e-03
-3.222353989258408546e-03
-3.266729414463043213e-03
2.021271502599120140e-03
-1.152377459220588207e-03
-1.163896522484719753e-03
-1.962465466931462288e-03
1.567930099554359913e-03
-3.048285609111189842e-03
-3.014502814039587975e-03
1.220221631228923798e-03
-3.793736454099416733e-03
-3.132279729470610619e-03
-3.588734660297632217e-03
3.290272783488035202e-03
4.288009076844900846e-04
3.660575253888964653e-03
4.645728404284454882e-05
1.679351204074919224e-03
-3.185357665643095970e-03
2.743569901213049889e-03
-2.491466701030731201e-03
4.016807361040264368e-04
3.510197158902883530e-03
7.049750420264899731e-04
-3.027972765266895294e-03
7.111305603757500648e-04
-3.905550111085176468e-03
-1.061266055330634117e-03
5.872090114280581474e-04
-3.101719310507178307e-03
-9.009543573483824730e-04
3.380681620910763741e-03
-3.633341984823346138e-03
1.546476734802126884e-03
1.599577371962368488e-03
3.424953902140259743e-03
2.410000422969460487e-03
2.478591166436672211e-03
-1.728546805679798126e-03
-2.952155773527920246e-04
3.125279676169157028e-03
-3.382377093657851219e-03
3.247664426453411579e-04
-2.771612722426652908e-03
-3.196531673893332481e-03
3.235993208363652229e-03
3.593944013118743896e-03
-9.679723880253732204e-04
-1.355156069621443748e-03
-5.899899988435208797e-04
3.157493425533175468e-03
3.170129377394914627e-03
-2.868592273443937302e-03
3.588912077248096466e-04
-3.476161975413560867e-03
-1.309700892306864262e-03
2.725699916481971741e-03
-1.692265213932842016e-04
-3.686785232275724411e-03
-9.155877633020281792e-04
-7.663589349249377847e-05
-1.721792155876755714e-03
-6.348887109197676182e-05
2.189139602705836296e-03
5.720277549698948860e-04
2.245854120701551437e-04
3.875631839036941528e-03
3.767752554267644882e-03
1.755360513925552368e-03
1.619308721274137497e-03
-7.612434565089643002e-04
1.297666807658970356e-03
3.759170183911919594e-03
2.636040328070521355e-03
-2.403653692454099655e-03
9.174362057819962502e-04
-3.725185990333557129e-03
1.492774463258683681e-03
1.863759825937449932e-03
2.639093901962041855e-03
-1.716821803711354733e-03
-1.957639353349804878e-03
-2.955333795398473740e-03
-6.894500111229717731e-04
1.411629957146942616e-03
-3.047983045689761639e-05
-1.745600602589547634e-03
3.684968920424580574e-03
-1.710506039671599865e-03
-3.262486308813095093e-03
-1.875551184639334679e-03
-5.529891932383179665e-04
2.625185996294021606e-03
3.305814228951931000e-03
-1.562853576615452766e-04
-2.431932371109724045e-03
-1.057485002093017101e-03
-3.201481187716126442e-03
5.225465283729135990e-04
1.722588087432086468e-03
-6.308296578936278820e-04
2.905519504565745592e-04
-1.974887447431683540e-03
2.677944255992770195e-03
2.900479361414909363e-03
-3.656188026070594788e-03
1.122939866036176682e-03
-3.480831859633326530e-03
