-1.362196984700858593e-03
2.273319754749536514e-03
3.910542465746402740e-03
-1.472966163419187069e-03
-1.399568747729063034e-03
2.777250949293375015e-03
-2.005025278776884079e-03
-3.556439885869622231e-03
1.380212488584220409e-04
-9.476034319959580898e-04
3.835209063254296780e-04
-2.542109228670597076e-03
-1.283503253944218159e-03
2.761611482128500938e-03
-2.501044422388076782e-03
-5.757834296673536301e-04
5.893157212994992733e-04
1.083409297280013561e-03
1.054122461937367916e-03
1.255241921171545982e-03
-2.090201713144779205e-03
8.906222064979374409e-04
-1.497664605267345905e-03
1.991259778151288629e-04
2.399283926934003830e-03
-2.752348082140088081e-03
2.790105761960148811e-03
-6.876419647596776485e-04
1.152450684458017349e-03
-2.796881599351763725e-04
3.480714745819568634e-03
2.581312553957104683e-03
-6.327779847197234631e-04
1.373393228277564049e-03
-3.695376683026552200e-03
2.187613165006041527e-03
-2.617655321955680847e-03
-2.740206196904182434e-03
-6.148492102511227131e-04
-2.948224777355790138e-03
-3.409284865483641624e-03
3.888400970026850700e-03
-9.214786696247756481e-04
9.208309347741305828e-04
2.227186225354671478e-03
-2.097139833495020866e-03
-4.352678079158067703e-04
2.749167149886488914e-03
-2.624122425913810730e-03
-1.607597805559635162e-04
1.290693529881536961e-03
-5.538351979339495301e-05
1.609966508112847805e-03
1.405247370712459087e-03
-1.969940261915326118e-03
-1.501220744103193283e-03
2.257134299725294113e-03
-2.270679833600297570e-04
7.090446306392550468e-04
-9.039147989824414253e-04
-2.672972856089472771e-03
-5.182769382372498512e-05
-4.981484380550682545e-04
-8.492495908285491168e-06
3.361024893820285797e-03
-3.728500334545969963e-03
-2.897899597883224487e-03
-1.836427836678922176e-03
1.138330087997019291e-03
-3.600030671805143356e-03
2.429980086162686348e-03
-1.871709479019045830e-03
-5.773811135441064835e-04
-2.586609218269586563e-03
-1.654461724683642387e-03
3.435532329604029655e-03
-2.978675998747348785e-03
-2.203682437539100647e-03
-2.967706648632884026e-03
-2.260315930470824242e-03
5.471937474794685841e-04
1.580360694788396358e-03
9.167036041617393494e-04
-2.269094577059149742e-03
-1.322993484791368246e-04
3.841971280053257942e-03
-2.888190560042858124e-03
-2.140228403732180595e-03
-1.616225112229585648e-03
-2.141422824934124947e-03
-1.473146025091409683e-03
2.325020264834165573e-03
-2.342553576454520226e-03
-3.326935926452279091e-03
-6.187030230648815632e-04
-1.180553110316395760e-03
-3.301873337477445602e-03
-7.012636633589863777e-04
-1.317048561759293079e-03
2.965119434520602226e-03
-9.568628156557679176e-04
-1.076788757927715778e-03
1.063862349838018417e-03
3.018632763996720314e-03
-2.692585112527012825e-03
1.232408802025020123e-03
9.327823645435273647e-04
-1.846414641477167606e-03
-2.670095127541571856e-04
7.019556360319256783e-04
-1.250203233212232590e-03
-1.117680803872644901e-03
5.152004450792446733e-05
5.892002373002469540e-04
-2.174165099859237671e-03
-2.212773542851209641e-03
-3.009994979947805405e-03
-4.776534333359450102e-04
3.192720701918005943e-03
-1.373488921672105789e-03
5.895345238968729973e-04
-1.191948307678103447e-03
1.524086343124508858e-03
-3.276503179222345352e-03
-3.744226414710283279e-03
3.054867032915353775e-03
2.347561530768871307e-03
-2.323034452274441719e-03
-3.157950704917311668e-03
-3.730847267434000969e-03
-3.258805489167571068e-03
2.006837166845798492e-03
3.328282851725816727e-03
9.257426136173307896e-04
-3.303877543658018112e-03
-3.629287471994757652e-03
-8.576230611652135849e-04
-1.570627326145768166e-03
2.125317230820655823e-03
-3.293192246928811073e-03
8.183370810002088547e-04
-1.636211294680833817e-03
-3.137237858027219772e-03
3.006555838510394096e-03
2.244407543912529945e-03
-1.494939089752733707e-03
3.223558887839317322e-03
2.764109289273619652e-03
2.388788154348731041e-03
-3.534004557877779007e-03
-1.184259774163365364e-03
1.827903906814754009e-03
1.057077315635979176e-03
-2.267644274979829788e-03
-2.956721291411668062e-04
-3.637205343693494797e-03
2.166029531508684158e-03
-2.260835841298103333e-03
-3.138775238767266273e-03
3.769030794501304626e-03
3.551883390173316002e-03
3.060644026845693588e-03
3.409966826438903809e-03
3.802431281656026840e-03
-2.163550583645701408e-03
1.894815010018646717e-03
1.029848237521946430e-03
-2.561905421316623688e-04
1.817367883631959558e-04
-3.762549720704555511e-03
2.251668600365519524e-03
2.574599580839276314e-03
-3.314348403364419937e-03
-8.342289947904646397e-04
8.347638067789375782e-04
-2.706315135583281517e-04
-2.294874517247080803e-03
-3.696070984005928040e-03
2.795600565150380135e-03
-3.218912053853273392e-03
-8.822640520520508289e-04
-4.227492026984691620e-04
-7.674916996620595455e-04
3.528611036017537117e-03
-2.259522210806608200e-03
2.506394172087311745e-03
3.895227098837494850e-03
-2.196165965870022774e-03
-3.706605639308691025e-04
-2.028699964284896851e-04
1.340668997727334499e-03
1.046127872541546822e-03
7.919928757473826408e-04
-2.479689195752143860e-03
2.657217191881500185e-05
2.049281465588137507e-04
2.817881759256124496e-03
2.819173503667116165e-03
-2.827512566000223160e-03
-2.268945099785923958e-03
-1.672416459769010544e-03
2.582168905064463615e-03
-3.894560970366001129e-03
1.081405207514762878e-03
-2.382065169513225555e-03
2.689585089683532715e-03
4.373318515717983246e-04
6.779951509088277817e-04
-3.655812004581093788e-03
-2.190886334574315697e-05
3.253212897107005119e-03
-1.962949754670262337e-03
3.617462702095508575e-03
-7.574378741992404684e-06
-7.223065476864576340e-04
1.750427414663136005e-03
3.428018651902675629e-03
-1.267232000827789307e-03
3.187639173120260239e-03
-1.059566740877926350e-03
1.146311988122761250e-03
1.663119881413877010e-03
2.763431286439299583e-03
-3.702182788401842117e-03
-6.852177903056144714e-04
-1.650561462156474590e-03
-3.412478137761354446e-03
-3.221511607989668846e-03
9.515140118310227990e-05
-4.645625886041671038e-04
1.045475248247385025e-03
-2.192386193200945854e-03
-7.412708509946241975e-05
6.634783494519069791e-05
2.039939863607287407e-03
1.829193904995918274e-03
2.033235505223274231e-03
-3.020656993612647057e-03
3.372796345502138138e-03
6.498756556538864970e-05
-1.559268333949148655e-03
-2.228818368166685104e-03
2.386039355769753456e-03
6.988424574956297874e-04
1.311123720370233059e-03
1.165334761026315391e-04
3.583363431971520185e-04
3.202897263690829277e-03
-1.353249899693764746e-05
1.805656356737017632e-03
-3.648676443845033646e-03
1.351441023871302605e-03
-2.442634897306561470e-03
-2.136439550668001175e-03
-1.039848779328167439e-03
-3.471810603514313698e-03
