-1.905627665109932423e-03
9.376167436130344868e-04
-8.486243314109742641e-04
-2.870680065825581551e-03
-1.502921222709119320e-03
2.816098742187023163e-03
1.745543209835886955e-03
-3.544141945894807577e-04
2.517331158742308617e-03
1.840419601649045944e-03
-3.756154328584671021e-03
-3.612808883190155029e-03
-1.522295933682471514e-04
6.050157244317233562e-04
-2.716820454224944115e-03
-1.208501984365284443e-03
1.692159217782318592e-03
2.405777806416153908e-03
-3.417079336941242218e-03
-8.859534864313900471e-04
3.439508611336350441e-03
-1.226124586537480354e-03
3.050800878554582596e-03
3.091522958129644394e-03
-1.700770691968500614e-03
-9.284628904424607754e-04
-2.023149980232119560e-03
1.924691721796989441e-03
2.017266349866986275e-03
-1.752418465912342072e-03
-1.246208674274384975e-03
1.500895363278687000e-03
2.852602396160364151e-03
-5.613114917650818825e-04
1.701816363492980599e-04
-3.027051454409956932e-03
3.526886459439992905e-03
3.654069732874631882e-03
2.131525427103042603e-03
-2.298959763720631599e-03
-2.742146374657750130e-03
-3.056076122447848320e-03
-6.362237036228179932e-04
1.095609040930867195e-03
-9.043032769113779068e-04
1.331516192294657230e-03
2.929349429905414581e-03
1.348576915916055441e-04
1.656868378631770611e-03
1.760410261340439320e-03
2.556772902607917786e-03
-2.206681529060006142e-03
5.565701867453753948e-04
5.661710747517645359e-05
-5.131818470545113087e-04
3.215163247659802437e-03
-2.158555667847394943e-03
-1.732889795675873756e-03
1.565542304888367653e-03
3.375388216227293015e-03
-1.460587955079972744e-03
1.577108050696551800e-03
1.746035268297418952e-04
1.603958546184003353e-03
3.639536735136061907e-04
2.368898596614599228e-03
-3.432360477745532990e-03
3.130605677142739296e-03
3.169515170156955719e-03
-1.837543910369277000e-03
-3.320277202874422073e-03
-2.582412213087081909e-03
2.954176125058438629e-05
2.049561822786927223e-03
1.348751364275813103e-03
5.241446779109537601e-04
2.754920395091176033e-03
-2.651815302670001984e-03
9.495114791207015514e-04
-1.235180534422397614e-04
3.322564298287034035e-03
3.216490382328629494e-03
-2.220209687948226929e-03
7.178225205279886723e-04
-1.973806880414485931e-03
1.537456177175045013e-03
2.435018541291356087e-03
-1.077710418030619621e-03
-2.032558899372816086e-03
2.306333975866436958e-03
-2.447805367410182953e-03
-2.476522698998451233e-03
-2.658899640664458275e-03
-2.405255509074777365e-04
7.986241835169494152e-04
2.204812830314040184e-03
2.868322422727942467e-03
-3.886871971189975739e-03
-1.912925363285467029e-04
-1.501321385148912668e-04
2.246330492198467255e-03
3.702643094584345818e-03
-3.573518246412277222e-03
5.811810260638594627e-04
2.534207887947559357e-03
1.700287568382918835e-03
2.529552672058343887e-03
8.484616992063820362e-04
-2.418141113594174385e-03
1.953950151801109314e-03
-2.227166434749960899e-03
2.641194267198443413e-03
9.737178916111588478e-04
-2.264224225655198097e-03
3.799750469624996185e-03
3.818770637735724449e-03
8.490891777910292149e-04
-6.737149669788777828e-04
-8.973396616056561470e-04
1.751408562995493412e-04
-2.680617384612560272e-03
-3.671976970508694649e-03
-1.298139803111553192e-03
-3.226123983040452003e-03
2.827444579452276230e-03
3.074360080063343048e-03
3.232276067137718201e-03
2.748005092144012451e-03
1.230315887369215488e-03
-1.534966751933097839e-03
-7.007627282291650772e-04
-2.903014421463012695e-03
-3.120883367955684662e-03
-3.572883142624050379e-04
-1.227206783369183540e-03
7.158227963373064995e-04
-3.716756124049425125e-03
-8.745093364268541336e-04
1.041070674546062946e-03
-2.717931056395173073e-03
5.773894954472780228e-04
-1.202919287607073784e-03
-3.247710643336176872e-03
9.219773928634822369e-04
1.515913172625005245e-03
-1.862885197624564171e-03
1.493801828473806381e-03
2.244751900434494019e-03
1.085044117644429207e-03
-2.882119501009583473e-03
-2.883521141484379768e-03
1.958250533789396286e-03
1.200557453557848930e-03
-1.435493817552924156e-03
-2.788955345749855042e-03
1.157596008852124214e-03
3.080276073887944221e-03
-1.083947485312819481e-03
2.192119369283318520e-03
3.274713410064578056e-03
-3.706999123096466064e-03
-2.018440049141645432e-03
3.649384481832385063e-03
1.937874592840671539e-03
8.598616841481998563e-05
-2.208499005064368248e-03
-1.223400235176086426e-03
2.388307824730873108e-03
-3.535950323566794395e-03
1.007124315947294235e-03
-1.003271667286753654e-03
-3.357901470735669136e-03
8.988071349449455738e-04
-3.226295812055468559e-04
-1.959598856046795845e-03
-1.857869676314294338e-03
-2.219911664724349976e-03
1.888848375529050827e-03
-5.104904994368553162e-04
-2.800361253321170807e-03
2.133629284799098969e-03
-3.116359002888202667e-03
1.487949513830244541e-03
1.800007070414721966e-03
-1.164248562417924404e-03
1.349593279883265495e-03
3.649806836619973183e-03
3.048990853130817413e-03
-5.247796070761978626e-04
-5.486111040227115154e-04
-3.246602602303028107e-03
-3.666229313239455223e-03
2.785460790619254112e-03
2.055625518551096320e-04
3.205514978617429733e-03
7.941536023281514645e-04
3.636615350842475891e-03
-3.628912148997187614e-03
5.444089183583855629e-04
8.126679458655416965e-04
-8.563434239476919174e-04
-3.068477613851428032e-03
-2.579540945589542389e-03
-3.857705742120742798e-03
2.047016983851790428e-03
-2.638339763507246971e-03
-1.048051984980702400e-03
2.913877833634614944e-03
-2.347238827496767044e-03
-1.893823035061359406e-03
1.298972056247293949e-03
1.823178725317120552e-03
3.293010871857404709e-03
-3.677540691569447517e-03
3.514120122417807579e-03
-1.088120276108384132e-03
4.860169428866356611e-04
-3.744154935702681541e-03
-3.347590100020170212e-03
2.627340378239750862e-03
-1.686067436821758747e-03
3.028011415153741837e-03
-5.266913794912397861e-04
2.414565067738294601e-03
-1.925331191159784794e-03
1.365731121040880680e-03
-3.875258145853877068e-03
3.263479797169566154e-03
3.788196016103029251e-03
2.936240285634994507e-03
-2.882435219362378120e-03
3.112726379185914993e-03
-5.685953874490223825e-05
-3.870954504236578941e-03
-1.666841912083327770e-03
6.019198335707187653e-04
2.594866964500397444e-04
-3.412599908187985420e-03
-2.016725717112421989e-03
-7.383151096291840076e-04
5.791276926174759865e-04
-2.216813387349247932e-03
2.755215857177972794e-03
-1.964094117283821106e-03
-6.917588179931044579e-04
1.794591313228011131e-03
1.632558647543191910e-03
-2.561538531153928488e-05
-1.183238782687112689e-04
1.410113298334181309e-03
1.151807509813806973e-06
1.467695343308150768e-03
-1.910100108943879604e-03
4.719461430795490742e-04
-2.481132978573441505e-03
1.825831364840269089e-03
