2.575798891484737396e-03
-1.700292050372809172e-04
-2.645639237016439438e-03
2.519730478525161743e-03
-1.286164624616503716e-03
1.403590576956048608e-04
-1.684058108367025852e-03
-2.660566009581089020e-03
-2.186278725275769830e-04
3.874882822856307030e-03
-8.856759086484089494e-05
-2.727780025452375412e-03
2.569024218246340752e-03
3.222048282623291016e-03
-8.742979844100773335e-04
1.694936770945787430e-03
3.131682053208351135e-03
-1.801242935471236706e-03
-4.072622687090188265e-06
-3.632340114563703537e-03
1.850930042564868927e-03
-1.218369579873979092e-03
1.930641243234276772e-03
-1.625743694603443146e-03
-2.154898364096879959e-03
-3.010522923432290554e-04
2.798495348542928696e-03
7.563105900771915913e-04
2.395505085587501526e-03
-3.077298635616898537e-03
-1.336716959485784173e-04
2.062032697722315788e-03
-2.004327252507209778e-03
5.179737927392125130e-04
-3.817996475845575333e-03
1.578454626724123955e-03
-9.991244878619909286e-04
-3.545104758813977242e-03
8.627562783658504486e-04
-4.846550000365823507e-04
3.585202852264046669e-03
-2.226335695013403893e-03
-3.238681238144636154e-03
2.016671001911163330e-03
-1.164046698249876499e-03
2.973867813125252724e-03
1.742328982800245285e-03
-3.916066780220717192e-04
1.740410807542502880e-03
-7.766843773424625397e-04
-2.465422032400965691e-03
1.560636213980615139e-03
1.244275365024805069e-03
-1.534899696707725525e-03
2.777711022645235062e-03
-9.115826687775552273e-04
-6.734845228493213654e-04
-2.252794336527585983e-03
-1.047548721544444561e-03
5.398367284215055406e-05
-1.097515574656426907e-03
1.108357682824134827e-03
-2.198715694248676300e-03
2.724620571825653315e-04
-2.796410350129008293e-03
-2.882452215999364853e-03
-3.510062815621495247e-03
-6.893090321682393551e-04
-7.627458544448018074e-04
-8.439480734523385763e-05
-3.218082711100578308e-03
3.252261551097035408e-03
3.643783042207360268e-03
-3.811459289863705635e-03
-1.681452151387929916e-03
-1.652803504839539528e-03
3.411121666431427002e-03
-9.233063901774585247e-04
2.002487657591700554e-03
-8.175885886885225773e-04
3.822071943432092667e-03
-1.930057886056602001e-03
-1.429552328772842884e-03
-1.151797128841280937e-03
-2.798514906316995621e-03
-7.151903118938207626e-04
-1.070131314918398857e-03
2.276638289913535118e-03
1.738814753480255604e-03
-1.999079249799251556e-03
2.638277597725391388e-03
-2.862202003598213196e-03
7.239609112730249763e-05
1.102751703001558781e-03
-2.889879942813422531e-05
9.658176568336784840e-04
-2.908952999860048294e-03
-2.899822778999805450e-03
6.016790866851806641e-04
-3.498720470815896988e-03
9.117515292018651962e-04
-1.992094563320279121e-03
-1.352474675513803959e-03
1.429460593499243259e-03
-5.758714978583157063e-04
-2.565409755334258080e-03
3.358154790475964546e-03
-3.681374713778495789e-03
1.507321954704821110e-03
-3.622441552579402924e-03
3.400232177227735519e-03
8.354163146577775478e-04
3.463986096903681755e-03
2.339011058211326599e-03
-3.407671581953763962e-03
3.214603289961814880e-03
-3.223884385079145432e-03
-2.263994654640555382e-03
2.800268586724996567e-03
-2.122033853083848953e-03
-2.384192310273647308e-03
-3.529011271893978119e-03
-1.732453354634344578e-03
-9.514710982330143452e-04
-3.401530906558036804e-03
1.706603798083961010e-04
7.810099050402641296e-04
2.664299914613366127e-03
-3.522137179970741272e-03
1.621944393264129758e-04
3.024455159902572632e-03
-1.852024113759398460e-03
6.723442347720265388e-04
-5.055948859080672264e-04
-5.132945370860397816e-04
-2.101240446791052818e-03
-1.216949662193655968e-03
4.532739403657615185e-04
-9.439121349714696407e-04
8.309601107612252235e-04
-9.906004415825009346e-04
1.355577114736661315e-04
-2.752175088971853256e-03
-3.450654679909348488e-03
-1.602527569048106670e-03
2.122099511325359344e-03
-4.335683188401162624e-04
3.478581784293055534e-03
2.579451538622379303e-03
-1.225829357281327248e-03
1.080895526683889329e-04
-1.231656875461339951e-03
-2.472993917763233185e-03
1.221062615513801575e-03
-2.516202628612518311e-03
-2.853585872799158096e-03
3.153059631586074829e-03
-2.165908226743340492e-03
-2.536440500989556313e-03
1.739074126817286015e-03
-2.717761322855949402e-03
1.104774535633623600e-03
3.519293153658509254e-03
3.862821497023105621e-03
6.010921206325292587e-04
-3.065621946007013321e-03
-1.225944259203970432e-03
-9.794961661100387573e-04
-3.174454439431428909e-03
-1.401240937411785126e-03
-6.058594444766640663e-04
2.855605911463499069e-03
-2.741577336564660072e-03
7.289217319339513779e-04
1.447568065486848354e-03
3.071709303185343742e-03
3.022494784090667963e-04
2.178516115236561745e-05
-1.175714773125946522e-03
1.475854427553713322e-03
3.684604016598314047e-04
-3.554013790562748909e-03
6.086789653636515141e-04
-1.899263588711619377e-03
-4.342398606240749359e-04
7.510695140808820724e-04
-2.167729660868644714e-03
2.745851874351501465e-03
2.901678672060370445e-03
1.361503615044057369e-03
-1.093126265914179385e-04
1.807639724574983120e-03
1.776976045221090317e-03
-2.894613659009337425e-03
-1.668717246502637863e-03
-3.107214812189340591e-03
6.927922368049621582e-04
2.168886829167604446e-03
-2.620019484311342239e-03
1.145642017945647240e-03
-1.015967573039233685e-03
-3.740526735782623291e-03
-8.268933743238449097e-04
-9.674125467427074909e-04
1.123485038988292217e-03
-2.411441877484321594e-03
-3.811629023402929306e-03
-7.338623981922864914e-05
1.207693479955196381e-03
-3.627221565693616867e-03
-8.731206180527806282e-04
-3.813640912994742393e-03
-2.737533533945679665e-03
3.153019351884722710e-04
-2.673074195627123117e-04
4.761123855132609606e-04
3.277475014328956604e-03
-3.458114108070731163e-03
7.779135485179722309e-04
2.582846907898783684e-03
1.719620195217430592e-03
1.685448223724961281e-03
1.170704839751124382e-03
1.718340092338621616e-03
-7.461148197762668133e-04
-2.445424441248178482e-03
3.678942797705531120e-03
-1.434644800610840321e-03
1.816378207877278328e-03
6.586631207028403878e-05
2.557902829721570015e-03
1.464187866076827049e-03
1.954238396137952805e-03
-3.846967825666069984e-03
2.213734900578856468e-03
1.325964578427374363e-03
2.158600109396502376e-04
1.220196936628781259e-04
3.420269582420587540e-03
1.183721004053950310e-03
1.256123883649706841e-03
2.277347957715392113e-03
-8.819221984595060349e-04
2.773884916678071022e-03
3.310777945443987846e-03
2.242496237158775330e-03
5.046774167567491531e-04
-2.516766544431447983e-03
-2.317763864994049072e-03
2.427143976092338562e-03
-3.847043262794613838e-03
2.912617521360516548e-03
3.362519666552543640e-03
-1.666122465394437313e-03
-1.784701016731560230e-03
7.091400912031531334e-04
