-8.137965924106538296e-04
3.402779810130596161e-03
-3.007677383720874786e-03
-7.460901979357004166e-04
-1.945629948750138283e-03
-7.403291529044508934e-04
-1.422756002284586430e-03
-1.145400572568178177e-03
1.984648173674941063e-03
3.345010802149772644e-03
8.172604138962924480e-04
-2.877904335036873817e-03
3.090509911999106407e-03
-2.609414281323552132e-03
4.003811627626419067e-04
-1.356217893771827221e-03
-1.594246830791234970e-03
1.375191495753824711e-03
-2.642350504174828529e-03
-1.473826239816844463e-03
-6.726124556735157967e-04
-1.106468494981527328e-03
-3.168939379975199699e-03
3.029876155778765678e-03
-4.681776626966893673e-04
1.984403235837817192e-03
1.854040427133440971e-03
3.498635487630963326e-03
4.461292701307684183e-04
-8.080934640020132065e-04
-4.777609719894826412e-04
2.243879251182079315e-03
3.099781228229403496e-03
-3.556822193786501884e-04
-8.512371568940579891e-04
1.094041392207145691e-03
3.278800752013921738e-03
2.856457838788628578e-03
1.625666278414428234e-03
2.695627510547637939e-03
-2.951843431219458580e-03
9.323682170361280441e-04
3.089147794526070356e-04
-2.939304802566766739e-03
-6.346874288283288479e-04
2.955127041786909103e-03
2.506354823708534241e-03
-3.304298734292387962e-03
-2.642926119733601809e-04
2.235092222690582275e-03
2.899370156228542328e-03
-2.400465076789259911e-03
-3.641444491222500801e-04
1.486965687945485115e-03
3.325127530843019485e-03
-2.535876585170626640e-03
3.448294475674629211e-03
-3.661201102659106255e-03
1.060638925991952419e-03
8.958922262536361814e-05
2.432612527627497911e-04
3.789415059145539999e-04
-3.114453982561826706e-03
-2.843790687620639801e-03
3.330404637381434441e-03
-9.264047839678823948e-04
-3.443966852501034737e-03
-3.220076439902186394e-03
-3.435590188018977642e-04
-2.544281072914600372e-03
1.885360979940742254e-04
-2.022799570113420486e-03
3.161669708788394928e-03
3.482701722532510757e-03
-4.338783037383109331e-04
8.545700111426413059e-04
-3.685108968056738377e-04
1.249479944817721844e-03
-3.837445692624896765e-04
-3.514495911076664925e-03
-1.824253238737583160e-03
2.478961832821369171e-03
-1.100940047763288021e-03
9.971652179956436157e-04
2.217325381934642792e-03
-3.041217569261789322e-03
1.923124538734555244e-03
-3.173840232193470001e-03
-2.696155104786157608e-03
-2.587958704680204391e-03
-1.993562560528516769e-03
3.884315490722656250e-03
5.205560009926557541e-04
2.878470346331596375e-03
-3.190844086930155754e-03
-8.383599342778325081e-04
-8.358569466508924961e-04
-2.871864940971136093e-03
-3.885585116222500801e-03
1.607434824109077454e-03
2.083329018205404282e-03
3.131573030259460211e-04
-2.253086073324084282e-03
1.650182413868606091e-03
-1.437511818949133158e-04
-7.341777672991156578e-04
-3.378026420250535011e-03
2.222240902483463287e-03
1.451463787816464901e-03
-5.570913199335336685e-04
-4.802542971447110176e-04
6.612219731323421001e-04
6.060289451852440834e-04
-3.057910129427909851e-03
-2.934894291684031487e-03
-9.992220439016819000e-04
-2.629261231049895287e-03
-5.448550218716263771e-04
2.668326720595359802e-03
3.367694560438394547e-03
-1.706729381112381816e-04
-2.626153000164777040e-04
-1.437408445781329647e-05
1.025852863676846027e-03
-1.742539694532752037e-03
3.518326848279684782e-04
2.416514093056321144e-03
1.673325314186513424e-03
-9.881503647193312645e-04
-3.674901556223630905e-03
9.732731850817799568e-04
2.216969849541783333e-03
-1.363100454909726977e-04
-8.982477011159062386e-04
-1.289246487431228161e-03
3.301411634311079979e-03
-1.356883556582033634e-03
3.611020278185606003e-03
-3.385495161637663841e-03
-3.741767024621367455e-03
2.104843035340309143e-03
-3.032676642760634422e-03
-2.158932620659470558e-03
-2.739782910794019699e-03
-7.263640873134136200e-04
-3.869804553687572479e-03
3.828510816674679518e-04
-3.084498923271894455e-03
3.723995760083198547e-03
1.952953985892236233e-03
-2.214941661804914474e-03
2.767413621768355370e-03
3.055084962397813797e-03
1.080428599379956722e-03
-8.274486172012984753e-04
1.216451870277523994e-03
3.421147121116518974e-03
2.730178879573941231e-03
2.585886977612972260e-03
-7.527833804488182068e-04
3.739766310900449753e-03
3.695975523442029953e-03
-2.504681004211306572e-03
1.306683174334466457e-03
-1.813523820601403713e-03
2.431745670037344098e-04
-1.910284394398331642e-03
6.621070206165313721e-04
-5.844934494234621525e-04
3.904799930751323700e-03
8.611556841060519218e-04
-3.333078697323799133e-03
1.716689672321081161e-03
-3.334902459755539894e-03
3.828586312010884285e-03
3.635408589616417885e-03
1.000460935756564140e-03
1.621391158550977707e-03
-2.902168780565261841e-03
-1.945860800333321095e-03
6.931427633389830589e-04
6.870197248645126820e-04
1.823325525037944317e-03
6.988501409068703651e-04
-2.912720199674367905e-03
-3.258259734138846397e-03
-3.732865676283836365e-03
3.863747697323560715e-03
-2.833486767485737801e-03
2.383587881922721863e-03
1.545408391393721104e-03
-2.531415782868862152e-03
-2.821199130266904831e-03
2.723045414313673973e-03
-3.653791500255465508e-03
1.418604631908237934e-03
-1.201786333695054054e-03
1.362363225780427456e-03
1.969263888895511627e-03
-6.389336776919662952e-04
-1.228750916197896004e-03
3.860688069835305214e-03
-3.742275759577751160e-03
1.008802093565464020e-03
2.513178158551454544e-03
-1.782666658982634544e-03
1.737031125230714679e-04
-2.109715482220053673e-03
5.571184447035193443e-04
4.507609992288053036e-04
3.313424997031688690e-03
4.075689066667109728e-04
-3.052637446671724319e-03
2.561848610639572144e-03
7.159890374168753624e-04
3.099827561527490616e-03
-9.593206341378390789e-04
-2.436939626932144165e-03
2.160951029509305954e-03
-1.721654552966356277e-03
1.506398548372089863e-03
-1.201668637804687023e-03
-7.748262723907828331e-04
3.793728305026888847e-03
-2.680667676031589508e-03
-3.437030594795942307e-03
7.677989779040217400e-04
4.107449785806238651e-04
-1.829776563681662083e-03
1.232629641890525818e-03
-2.210168866440653801e-03
-2.406837651506066322e-03
-3.101987298578023911e-03
3.378650872036814690e-03
-3.462977707386016846e-03
-6.396049866452813148e-04
-1.218879595398902893e-03
-2.420346485450863838e-03
-9.412378130946308374e-05
-3.856142284348607063e-03
-8.656369172967970371e-04
2.329129725694656372e-03
-3.866171929985284805e-03
1.059231115505099297e-03
7.182613480836153030e-04
2.064387314021587372e-03
-2.321842825040221214e-03
3.750097472220659256e-03
3.278058022260665894e-03
-2.316581085324287415e-03
2.291984856128692627e-03
-2.645261818543076515e-03
3.136157058179378510e-03
3.157933475449681282e-03
1.660125562921166420e-03
2.414360642433166504e-03
