3.338392823934555054e-03
-2.939979080110788345e-03
1.775713171809911728e-03
2.997281728312373161e-03
2.915659919381141663e-03
2.389860106632113457e-03
1.751461648382246494e-03
7.986076525412499905e-04
-2.353089163079857826e-03
-7.783986511640250683e-04
2.282351255416870117e-03
-3.827850101515650749e-03
-9.104316704906523228e-04
-3.565523307770490646e-03
-1.365291827823966742e-04
1.245112740434706211e-03
-3.533145878463983536e-03
-1.342261210083961487e-03
-2.334352582693099976e-03
-1.927554607391357422e-03
3.790219780057668686e-03
-3.603650839067995548e-04
3.563441103324294090e-03
-2.039130311459302902e-03
-5.679450114257633686e-04
-7.779055158607661724e-04
-9.366189478896558285e-04
1.267408370040357113e-03
-5.311641143634915352e-04
3.220033599063754082e-03
2.979506039991974831e-03
-2.387601183727383614e-03
3.468061331659555435e-03
-2.900589257478713989e-03
2.897986443713307381e-03
-2.274369471706449986e-04
3.152013989165425301e-03
1.605836441740393639e-03
9.134982828982174397e-04
2.480372320860624313e-03
-3.136386862024664879e-03
-2.134584356099367142e-03
1.510287984274327755e-03
3.923899785149842501e-04
-3.892902052029967308e-03
2.074585994705557823e-03
-9.022133308462798595e-04
-2.943796804174780846e-03
-2.179564675316214561e-03
-6.112136179581284523e-05
-2.174083638237789273e-04
-3.039869247004389763e-03
-3.455818397924304008e-03
-2.171991858631372452e-03
-1.723350724205374718e-03
-3.687046235427260399e-03
1.695220125839114189e-03
1.658985740505158901e-03
3.740824526175856590e-03
-3.850802546367049217e-03
9.823219152167439461e-04
-7.125989650376141071e-04
1.799050718545913696e-03
1.526320818811655045e-03
-3.427259158343076706e-03
1.575507689267396927e-03
-8.995878743007779121e-04
-2.049814909696578979e-03
-2.834316575899720192e-03
-5.582418525591492653e-04
-2.964921761304140091e-03
1.619096961803734303e-03
3.284952603280544281e-03
-1.236719428561627865e-03
1.729329116642475128e-03
3.114843042567372322e-03
-4.386734799481928349e-04
3.075418528169393539e-03
-8.837084751576185226e-04
-2.626610687002539635e-03
2.026277594268321991e-03
2.994348062202334404e-03
-1.338550122454762459e-03
6.112192058935761452e-04
-3.046629251912236214e-03
2.532601822167634964e-03
-3.235178999602794647e-03
-1.737732440233230591e-03
2.543911570683121681e-03
-3.759400220587849617e-03
1.742750755511224270e-03
-1.532338792458176613e-03
1.021940144710242748e-03
-2.253492595627903938e-03
6.343256682157516479e-04
2.572379540652036667e-03
-3.271332243457436562e-03
-1.814528251998126507e-03
1.310813706368207932e-03
6.943052285350859165e-04
2.255417639389634132e-03
2.738924231380224228e-03
-3.819697769358754158e-03
2.949317218735814095e-03
-3.558005904778838158e-03
3.340439172461628914e-03
3.365604672580957413e-03
5.765998503193259239e-04
4.095454642083495855e-04
-3.301194636151194572e-03
2.150407293811440468e-03
-3.311434527859091759e-03
-2.101611578837037086e-03
6.678979843854904175e-04
-8.145545143634080887e-04
4.707759653683751822e-04
1.852868357673287392e-03
7.731488440185785294e-04
-7.411472033709287643e-04
1.692278601694852114e-05
-2.585724927484989166e-03
-2.297417027875781059e-03
1.223585684783756733e-03
-1.669686054810881615e-03
-1.257952186278998852e-03
2.922511892393231392e-03
2.245580544695258141e-04
-2.605005167424678802e-03
-3.907451871782541275e-03
-3.696503583341836929e-03
2.990393666550517082e-03
-1.226402469910681248e-03
1.782983308658003807e-03
-1.894570072181522846e-03
3.220448037609457970e-03
3.442007873672991991e-04
3.474780824035406113e-03
-1.065648975782096386e-03
5.316629540175199509e-04
-1.682797214016318321e-03
-1.807552529498934746e-03
2.602730179205536842e-03
-2.932748291641473770e-03
-3.379372647032141685e-03
2.318644663318991661e-03
-3.662693081423640251e-03
-1.167120528407394886e-03
3.614002373069524765e-03
2.084929030388593674e-03
1.190329552628099918e-03
-2.150245942175388336e-03
-3.675996093079447746e-03
-2.491996390745043755e-03
1.231307396665215492e-03
-2.823609625920653343e-03
-2.572592580690979958e-03
1.870927400887012482e-03
-9.056492854142561555e-05
-4.822965129278600216e-04
-2.551201963797211647e-03
-9.816093370318412781e-05
-1.753028132952749729e-03
2.232976956292986870e-03
-2.990019274875521660e-03
-1.215081894770264626e-03
7.412745617330074310e-04
1.397074665874242783e-03
-7.574067567475140095e-04
1.555885886773467064e-03
-1.740246545523405075e-03
-1.013475470244884491e-03
-1.541193807497620583e-03
-5.783539381809532642e-04
2.935760654509067535e-03
1.486452296376228333e-03
-1.373922452330589294e-03
-2.442022785544395447e-03
1.172108575701713562e-03
-1.920363167300820351e-03
1.911713625304400921e-03
-7.810671231709420681e-04
2.366319531574845314e-04
-7.564371917396783829e-04
2.994608599692583084e-03
-2.262907335534691811e-03
-9.297359501942992210e-04
8.275797008536756039e-04
-1.853329711593687534e-03
3.373817075043916702e-03
3.408355405554175377e-03
-1.425932627171278000e-03
-3.206117544323205948e-03
-3.136147977784276009e-03
-2.038662321865558624e-03
3.908972255885601044e-03
-2.556728664785623550e-03
-1.162853804999031126e-04
-2.754416782408952713e-03
1.908988575451076031e-03
-1.929388614371418953e-03
-1.456774421967566013e-03
-2.176769077777862549e-03
2.692614682018756866e-03
-3.357485402375459671e-04
-3.666642121970653534e-03
8.039457025006413460e-04
-3.254372160881757736e-03
2.369610738242045045e-04
-3.251380985602736473e-03
-8.721349295228719711e-04
2.135820686817169189e-03
-2.702425699681043625e-03
-4.787243669852614403e-04
-9.540480095893144608e-04
2.815065439790487289e-03
1.070688245818018913e-03
5.045551806688308716e-04
-7.020898628979921341e-04
-2.181559102609753609e-03
3.795002819970250130e-03
3.702143672853708267e-03
-2.863964065909385681e-03
-1.468942791689187288e-04
1.155339297838509083e-03
-3.813630202785134315e-03
-1.164433429948985577e-03
9.638030314818024635e-05
1.728727715089917183e-03
-2.146732527762651443e-03
-5.481798434630036354e-04
3.234881674870848656e-03
-2.725934609770774841e-03
9.598440374247729778e-04
-2.435290953144431114e-03
3.715639002621173859e-03
-3.789330134168267250e-03
1.863427925854921341e-03
2.038219681708142161e-04
-2.033245982602238655e-03
-2.363999374210834503e-03
-2.590594114735722542e-03
9.448298369534313679e-04
2.480032388120889664e-03
3.605027915909886360e-03
3.487222362309694290e-03
-2.086995868012309074e-03
3.237274941056966782e-03
1.882948214188218117e-03
2.962725004181265831e-03
-3.653009189292788506e-03
6.733394693583250046e-04
3.095501800999045372e-03
2.621032181195914745e-04
7.348060607910156250e-04
-8.826941484585404396e-04
1.882374635897576809e-03
