2.585311303846538067e-04
-2.749327337369322777e-03
-3.513145493343472481e-03
-3.731545992195606232e-03
7.601891411468386650e-04
-8.174601243808865547e-04
-3.857515519484877586e-03
-2.634968375787138939e-03
-1.049840589985251427e-03
3.775862045586109161e-03
1.119881519116461277e-03
8.447334403172135353e-04
2.602349035441875458e-03
-3.212024690583348274e-03
-1.653984538279473782e-03
-1.749193528667092323e-03
-2.120400546118617058e-03
-7.246069144457578659e-04
-1.276222174055874348e-03
1.526765874586999416e-03
-3.091039368882775307e-03
1.802500337362289429e-03
1.409894204698503017e-03
4.231481580063700676e-04
-2.353224204853177071e-03
2.509791636839509010e-03
1.148153329268097878e-03
2.478404203429818153e-03
7.926907856017351151e-04
-7.448875694535672665e-04
3.847432322800159454e-03
1.136514241807162762e-03
3.568779909983277321e-03
-1.047219964675605297e-03
-3.233514493331313133e-03
-2.231949707493185997e-03
-2.709879074245691299e-03
5.649118684232234955e-04
-1.675620558671653271e-03
3.879195777699351311e-03
-3.124215872958302498e-03
3.850271459668874741e-03
-1.750970375724136829e-03
7.929821731522679329e-04
7.077987538650631905e-04
2.488483733031898737e-04
-1.727538066916167736e-03
4.470742715056985617e-04
-3.645135089755058289e-03
-3.794195130467414856e-03
-2.365695079788565636e-03
-2.230740850791335106e-03
-3.238477976992726326e-03
1.822273770812898874e-04
-2.292547374963760376e-03
2.781387418508529663e-03
-3.656749380752444267e-03
1.316762063652276993e-03
-2.570356242358684540e-03
1.962015870958566666e-03
-3.404940711334347725e-03
-9.849846828728914261e-04
-2.508811885491013527e-03
2.253815066069364548e-03
-2.192188752815127373e-03
-3.713580954354256392e-04
-1.404896902386099100e-04
-3.104639006778597832e-03
-3.302689874544739723e-03
-3.778067883104085922e-03
6.590813864022493362e-04
5.342296790331602097e-04
3.550600726157426834e-03
-1.156297279521822929e-03
3.468104696366935968e-04
2.858459018170833588e-03
3.347610356286168098e-03
3.089012578129768372e-03
2.797195687890052795e-03
-7.182931876741349697e-04
-3.184139495715498924e-03
2.405064646154642105e-03
5.949152182438410819e-05
1.731240074150264263e-03
-1.501710939919576049e-04
-4.180212854407727718e-04
2.372638555243611336e-03
3.287274157628417015e-03
-3.643004223704338074e-03
-3.941703180316835642e-04
-1.871940330602228642e-03
3.003587014973163605e-03
3.720899985637515783e-04
2.391058485954999924e-03
3.884095000103116035e-03
-3.093085542786866426e-04
-3.084840020164847374e-03
3.499321464914828539e-04
-3.471645992249250412e-03
-1.426707953214645386e-03
1.335616834694519639e-04
-1.157646649517118931e-03
-2.522526308894157410e-03
-1.657387241721153259e-03
7.866837549954652786e-04
2.199122682213783264e-03
-9.883723687380552292e-04
2.903972053900361061e-03
-5.977107139187864959e-05
1.757051795721054077e-03
-3.408120013773441315e-03
-1.297805691137909889e-03
3.767078043892979622e-03
2.899539889767765999e-03
-2.380804158747196198e-03
-1.278887502849102020e-03
2.137005561962723732e-03
3.888574661687016487e-03
-3.379516128916293383e-04
5.402752140071243048e-05
3.836962627246975899e-03
1.951958984136581421e-03
-1.692747697234153748e-03
2.456268761307001114e-03
-1.452351571060717106e-03
-2.516435226425528526e-03
-1.094535342417657375e-03
3.760050050914287567e-03
2.476759618730284274e-05
2.427086728857830167e-04
-8.744340157136321068e-04
1.950198784470558167e-03
-1.236598589457571507e-03
-9.085274068638682365e-04
-1.955267653102055192e-04
-1.617861329577863216e-03
2.483625197783112526e-03
3.850484499707818031e-03
3.312725340947508812e-03
-3.053240245208144188e-03
3.660839574877172709e-04
3.402658272534608841e-03
2.958819037303328514e-03
9.966731304302811623e-04
4.846777883358299732e-04
-2.580145373940467834e-03
7.973308092914521694e-04
2.036077203229069710e-03
-6.339605315588414669e-04
3.030022140592336655e-03
-1.784230349585413933e-03
3.435222664847970009e-03
-2.186256926506757736e-03
-2.971735084429383278e-03
3.191575640812516212e-03
2.596575999632477760e-03
1.787659712135791779e-03
1.713316654786467552e-03
2.489315011189319193e-05
2.885136753320693970e-03
-8.942449931055307388e-04
2.442911732941865921e-03
-2.190919360145926476e-03
1.913336454890668392e-03
1.256747171282768250e-03
-3.425102680921554565e-03
-3.518057754263281822e-03
-1.520449877716600895e-03
7.507308619096875191e-04
-1.869665458798408508e-03
2.199468435719609261e-03
3.195234807208180428e-03
-2.529739867895841599e-03
-3.475144738331437111e-03
-2.672040835022926331e-03
3.333674510940909386e-03
-3.709090873599052429e-03
-3.405303694307804108e-03
2.310411073267459869e-03
2.445247722789645195e-03
-2.823919523507356644e-03
-2.941466402262449265e-03
9.040815057232975960e-04
1.936083775945007801e-03
9.006407926790416241e-04
2.740766387432813644e-03
-3.026538994163274765e-03
-5.803564563393592834e-04
2.236114116385579109e-03
3.434358630329370499e-03
1.024997443892061710e-03
-1.417620223946869373e-03
2.622193889692425728e-03
-4.729763895738869905e-04
2.154374262318015099e-03
-3.623092547059059143e-03
-2.132647670805454254e-03
2.228786470368504524e-03
-2.652639290317893028e-03
-1.781437080353498459e-03
2.080657141050323844e-04
1.216292963363230228e-03
-1.783704792615026236e-04
1.494671567343175411e-03
1.158181403297930956e-04
2.489811158739030361e-04
2.467749174684286118e-03
-1.738966559059917927e-03
-9.482527384534478188e-04
3.478422295302152634e-04
7.174169295467436314e-04
2.891083131544291973e-04
-3.033163025975227356e-03
-6.238295463845133781e-04
3.355980617925524712e-03
-2.970896428450942039e-03
-2.273858059197664261e-03
3.847092622891068459e-03
-2.823307178914546967e-03
-2.152376109734177589e-03
2.729103667661547661e-03
-2.190892584621906281e-03
2.303059445694088936e-03
-2.244187518954277039e-03
-2.994584152474999428e-03
-2.708591055124998093e-03
-1.700934721156954765e-03
2.954821102321147919e-03
-2.356919925659894943e-03
-8.401717641390860081e-04
-1.132888370193541050e-03
2.328565606148913503e-04
2.574069658294320107e-03
2.267189091071486473e-03
-7.662405841983854771e-04
2.364213578402996063e-03
-7.978855865076184273e-04
2.302448498085141182e-03
1.837563235312700272e-03
-2.072671195492148399e-03
2.781911054626107216e-03
3.076432738453149796e-03
2.063411753624677658e-03
-2.141951350495219231e-03
-3.189513459801673889e-03
-3.790982300415635109e-03
1.046640318236313760e-04
-1.911256927996873856e-03
-3.237832803279161453e-03
2.362503204494714737e-03
1.329314545728266239e-03
7.508472772315144539e-04
5.530918133445084095e-04
-1.093932078219950199e-03
-2.802323549985885620e-03
-3.151217475533485413e-03
