-3.799960017204284668e-03
1.343537704087793827e-03
-9.782037232071161270e-04
2.084905747324228287e-03
-2.750819316133856773e-03
-1.010201987810432911e-03
3.627484897151589394e-03
-3.062739735469222069e-03
-2.242997055873274803e-03
-1.776683609932661057e-03
-1.911283819936215878e-03
-1.293283887207508087e-03
-1.974647631868720055e-03
8.448646985925734043e-04
3.737617982551455498e-03
1.671484787948429585e-03
-3.040296025574207306e-03
1.921458315337076783e-04
2.694159280508756638e-03
1.287247636355459690e-03
-2.687918022274971008e-03
-3.498571692034602165e-03
2.723049372434616089e-03
-3.570283297449350357e-03
3.531297901645302773e-03
-1.043856027536094189e-03
1.440651598386466503e-03
1.485967193730175495e-03
2.089370740577578545e-03
-3.792330157011747360e-03
1.475756755098700523e-03
3.757069585844874382e-03
-1.312445732764899731e-03
3.837986616417765617e-03
-2.020510379225015640e-03
1.190721290186047554e-03
-7.594604976475238800e-04
1.951475394889712334e-03
1.911733299493789673e-03
2.908584428951144218e-03
2.956462325528264046e-03
5.712725105695426464e-04
2.354643540456891060e-03
3.708132309839129448e-03
2.051253570243716240e-03
-2.900509396567940712e-03
1.605109544470906258e-03
-1.191490591736510396e-04
-2.256637439131736755e-03
-2.014451427385210991e-03
-1.640975126065313816e-03
2.899200189858675003e-03
5.603922181762754917e-04
7.251980714499950409e-04
3.409797092899680138e-03
-2.908987225964665413e-03
-2.289169933646917343e-03
-3.642420517280697823e-03
1.275505746889393777e-05
1.980896107852458954e-03
2.804894465953111649e-03
3.885419340804219246e-03
1.140178181231021881e-03
-4.723049351014196873e-04
1.470834366045892239e-03
-1.372123719193041325e-03
2.024811692535877228e-03
-1.019171322695910931e-03
-8.771158172748982906e-04
-3.080624621361494064e-03
4.071517614647746086e-04
2.891041367547586560e-05
1.728803385049104691e-03
-2.809508237987756729e-03
-2.601834479719400406e-03
2.546524163335561752e-03
-1.406809547916054726e-03
2.690142020583152771e-03
-1.558613963425159454e-03
-3.904947370756417513e-04
-2.773542422801256180e-03
-3.491991199553012848e-03
-8.574738167226314545e-04
-8.823042735457420349e-04
1.435411861166357994e-03
-1.122204586863517761e-03
-2.177749265683814883e-04
5.424222908914089203e-04
1.982450019568204880e-03
-2.011824166402220726e-03
1.858939882367849350e-03
3.037878312170505524e-03
2.252256032079458237e-03
-3.870890475809574127e-03
-3.061402589082717896e-03
3.108323726337403059e-04
-2.348475100006908178e-04
1.392993028275668621e-03
-3.727175528183579445e-03
-3.318787785246968269e-03
4.846337105846032500e-05
3.154092701151967049e-03
-1.737330923788249493e-03
-2.610798110254108906e-04
2.345113549381494522e-03
3.837137017399072647e-03
7.431376725435256958e-04
6.226614932529628277e-04
-1.677035586908459663e-03
1.515040523372590542e-03
3.544726874679327011e-03
-1.690625562332570553e-03
8.587128832004964352e-05
2.215508138760924339e-03
2.118059201166033745e-03
1.365734729915857315e-03
2.735578687861561775e-03
-2.333670388907194138e-03
-1.129081720137037337e-04
-3.752031596377491951e-03
-1.366226584650576115e-03
3.096975618973374367e-03
-1.753779943101108074e-03
-2.835837425664067268e-03
1.175384153611958027e-03
4.684884042944759130e-04
3.527509979903697968e-03
-2.901131287217140198e-03
-2.251444151625037193e-03
-1.589929801411926746e-03
-4.513430467341095209e-04
-5.608482169918715954e-04
-1.136838458478450775e-03
3.296734765172004700e-03
-1.784923719242215157e-03
7.452373974956572056e-04
-1.620464609004557133e-03
-1.767171663232147694e-03
9.107842925004661083e-04
3.188964910805225372e-03
2.183566568419337273e-03
-1.811085676308721304e-04
-1.755160279572010040e-03
8.639406878501176834e-04
-2.987640211358666420e-03
-4.751948290504515171e-04
3.894925117492675781e-03
-2.976818243041634560e-03
-7.823917549103498459e-04
-1.300580683164298534e-03
1.574305584654211998e-03
2.600337145850062370e-03
9.797324892133474350e-04
1.796381431631743908e-03
-3.244624705985188484e-03
4.967564018443226814e-04
-2.143595134839415550e-03
5.622594471788033843e-05
-2.364203333854675293e-03
-3.353292122483253479e-03
3.090718295425176620e-03
3.154611680656671524e-03
-3.024603938683867455e-04
6.893058307468891144e-04
-2.356208860874176025e-03
3.328036516904830933e-03
3.290480468422174454e-03
-2.311219926923513412e-03
-1.958369975909590721e-03
1.105880437535233796e-05
-2.531686564907431602e-03
3.509654197841882706e-04
2.045801840722560883e-03
1.432068296708166599e-03
2.167588798329234123e-03
1.189111382700502872e-03
-3.515537900966592133e-05
-3.391078440472483635e-03
3.333404660224914551e-03
1.061998074874281883e-03
1.734906225465238094e-03
6.947575457161292434e-05
3.372311126440763474e-03
3.392114536836743355e-03
-1.580723677761852741e-03
3.133649937808513641e-03
6.106783403083682060e-04
-2.174227032810449600e-03
-2.835580613464117050e-03
-2.237114124000072479e-03
-8.005442214198410511e-04
2.235794236185029149e-04
1.866991660790517926e-04
7.948324200697243214e-04
-3.172355471178889275e-03
-3.583241952583193779e-03
-3.242142964154481888e-03
-2.885747700929641724e-03
-1.952592516317963600e-03
-3.345384728163480759e-03
1.353996223770081997e-03
-3.159049665555357933e-03
-9.254801552742719650e-04
-3.762530395761132240e-03
2.353333402425050735e-03
3.126984520349651575e-04
2.362594022997654974e-05
3.866716986522078514e-03
-3.520062658935785294e-03
-3.161741420626640320e-03
2.422801451757550240e-03
-2.371151931583881378e-03
3.231652779504656792e-03
3.816389944404363632e-04
-2.806392498314380646e-03
3.705123905092477798e-03
-9.434085222892463207e-04
-1.158666098490357399e-03
-9.564166539348661900e-04
1.365325180813670158e-03
-5.335490568540990353e-04
-3.051645820960402489e-03
-1.016461290419101715e-03
-9.502635220997035503e-04
-8.672459080116823316e-05
-8.497512317262589931e-04
-3.265305887907743454e-03
-2.588735194876790047e-03
7.472063298337161541e-04
-1.076685730367898941e-03
-2.664442406967282295e-03
8.728321990929543972e-04
1.852015731856226921e-03
-1.000536023639142513e-03
-1.848001731559634209e-03
2.936631208285689354e-04
3.712873673066496849e-03
-1.095042331144213676e-03
7.963816751725971699e-04
-2.274941420182585716e-03
1.151320320786908269e-04
-2.303468994796276093e-03
1.765345456078648567e-03
4.883764777332544327e-04
-1.644079340621829033e-03
-1.980717992410063744e-03
1.482738298363983631e-04
2.922636689618229866e-03
-3.318091155961155891e-03
7.520009530708193779e-04
3.507532412186264992e-03
-3.383343340829014778e-03
2.877658407669514418e-04
3.431082936003804207e-03
2.612327691167593002e-03
6.908256909810006618e-04
