-1.548364409245550632e-03
3.136528190225362778e-03
2.847108989953994751e-03
1.606776058906689286e-04
-1.967111136764287949e-03
-3.854338312521576881e-03
-7.786129717715084553e-04
2.314936835318803787e-03
-3.697238164022564888e-03
2.825907431542873383e-04
3.820086829364299774e-03
-1.669676625169813633e-03
2.197950612753629684e-03
-3.187150228768587112e-03
-1.590427942574024200e-03
-3.179259598255157471e-03
-1.225103740580379963e-03
-2.088066423311829567e-03
3.608353203162550926e-03
2.669396344572305679e-04
-2.614827360957860947e-03
-2.325418172404170036e-03
1.051653292961418629e-03
3.338892711326479912e-04
-1.333878841251134872e-03
-2.224265597760677338e-03
7.464530062861740589e-04
-3.219333244487643242e-03
1.409892807714641094e-03
3.867480438202619553e-03
1.566210878081619740e-03
6.664746324531733990e-04
1.650391146540641785e-03
-1.777317607775330544e-03
-3.653699997812509537e-03
2.765169600024819374e-03
-3.846465144306421280e-03
-6.698364450130611658e-05
-8.537363028153777122e-04
3.006706945598125458e-03
9.235183824785053730e-04
-2.862849039956927299e-03
-1.759451813995838165e-03
1.597628346644341946e-03
-3.464747918769717216e-03
1.470235001761466265e-04
3.691256046295166016e-03
-3.141611814498901367e-03
1.518143108114600182e-03
1.391417812556028366e-03
1.777890254743397236e-03
-2.196584362536668777e-03
3.748151357285678387e-04
-5.905233556404709816e-04
4.562802205327898264e-04
-3.231216222047805786e-03
1.980361761525273323e-03
3.378825960680842400e-03
2.861657179892063141e-03
6.139274337328970432e-04
-1.796737429685890675e-03
1.295463182032108307e-03
2.142810495570302010e-03
-4.283564339857548475e-05
-3.269770648330450058e-03
5.863480037078261375e-04
3.903932636603713036e-03
-3.569262335076928139e-03
1.932351500727236271e-03
-1.999488333240151405e-03
1.352787949144840240e-03
-2.277116058394312859e-03
1.024177414365112782e-03
6.273631588555872440e-04
2.521483693271875381e-03
2.958147786557674408e-03
2.070072805508971214e-03
-9.735320927575230598e-04
3.808830631896853447e-03
-2.799743553623557091e-03
5.363507443689741194e-05
7.196756778284907341e-04
-3.043853910639882088e-03
-3.113083541393280029e-03
-3.432448022067546844e-03
-2.234799321740865707e-03
-3.899878123775124550e-03
-2.610368654131889343e-03
-2.937638433650135994e-03
3.206327790394425392e-03
1.912311301566660404e-03
2.849229611456394196e-03
-7.365647470578551292e-04
3.261679783463478088e-03
3.337685717269778252e-03
3.274466143921017647e-03
2.631959505379199982e-03
8.287345990538597107e-04
9.126544464379549026e-04
1.639317604713141918e-03
-1.374722924083471298e-03
3.411160549148917198e-03
-2.939634490758180618e-03
3.577662399038672447e-03
3.544061444699764252e-03
8.678994490765035152e-04
-3.258004784584045410e-03
1.861779717728495598e-03
2.203514304710552096e-04
9.271287126466631889e-04
3.314094850793480873e-03
-1.944343908689916134e-03
3.216505865566432476e-04
1.578290597535669804e-03
-2.441613934934139252e-03
-2.695195376873016357e-03
1.866587670519948006e-03
3.351079532876610756e-03
-1.454915269277989864e-03
-1.645142794586718082e-03
2.065720735117793083e-03
8.085049921646714211e-04
-2.769767306745052338e-03
3.905301215127110481e-03
5.764673114754259586e-04
-2.243337454274296761e-03
-2.629215363413095474e-03
1.506924862042069435e-03
1.549235894344747066e-03
1.617111847735941410e-03
-3.522298531606793404e-03
-2.144121099263429642e-04
-2.654160605743527412e-03
4.406913067214190960e-04
3.162810578942298889e-03
-1.110144308768212795e-03
2.123174024745821953e-03
3.411459503695368767e-03
3.708523698151111603e-03
2.967891050502657890e-03
3.181835170835256577e-03
3.837121184915304184e-03
-4.235951928421854973e-04
1.094454783014953136e-03
7.791750831529498100e-04
-2.862483495846390724e-03
1.195712480694055557e-03
1.059251371771097183e-04
-3.582780773285776377e-04
-1.930043217726051807e-03
3.681289032101631165e-03
3.377276472747325897e-03
1.610635314136743546e-03
3.173334989696741104e-03
2.191682346165180206e-03
1.455053570680320263e-03
-4.988517503079492599e-06
-2.448835875838994980e-03
-3.648431273177266121e-03
1.635946915484964848e-03
2.854320882761385292e-05
-1.119791297242045403e-03
2.246073912829160690e-03
1.051515340805053711e-03
3.292236011475324631e-03
-5.075731678516604006e-05
1.536033814772963524e-03
-2.355033764615654945e-03
3.715315135195851326e-03
3.489594208076596260e-03
-3.173380391672253609e-03
2.722916891798377037e-03
-2.771189901977777481e-03
1.909753773361444473e-03
-1.510196947492659092e-03
5.676416913047432899e-04
-3.820473095402121544e-03
-2.000926993787288666e-03
-1.242397236637771130e-03
9.128818637691438198e-04
-1.025242381729185581e-03
-2.415711758658289909e-03
-3.333448665216565132e-03
1.830220338888466358e-03
5.205483175814151764e-04
1.515071257017552853e-03
-2.932317787781357765e-03
2.696983516216278076e-03
1.977250678464770317e-03
9.808839531615376472e-04
-3.162249922752380371e-03
2.328278031200170517e-03
1.131845288909971714e-03
2.985352883115410805e-03
-1.435412093997001648e-03
-3.323475364595651627e-03
-2.472001127898693085e-03
1.034619752317667007e-03
-3.088260535150766373e-03
-1.607231562957167625e-03
-2.920453902333974838e-03
-1.739209285005927086e-03
9.658664348535239697e-04
-3.391486825421452522e-03
-5.882277037017047405e-04
-2.241449896246194839e-03
3.228638379368931055e-04
-6.773167842766270041e-05
2.878080122172832489e-03
-8.301053312607109547e-04
-7.196102524176239967e-04
3.537515643984079361e-03
-3.897997550666332245e-03
1.614815788343548775e-03
-1.287371153011918068e-03
-2.385018160566687584e-03
-6.956851575523614883e-05
3.893003333359956741e-03
-2.213297877460718155e-03
1.057773333741351962e-04
-1.956771593540906906e-03
3.122894791886210442e-03
-1.052274601534008980e-03
1.492603623773902655e-04
2.797166118398308754e-03
1.200374565087258816e-03
1.674777129665017128e-03
8.117207325994968414e-04
-2.011062315432354808e-04
2.498339395970106125e-03
3.562176600098609924e-03
-1.205393346026539803e-03
-3.842115635052323341e-03
2.234786283224821091e-03
-2.062051557004451752e-03
1.250057946890592575e-03
-3.473814285825937986e-04
1.100465538911521435e-03
-2.909692469984292984e-03
3.166601294651627541e-03
1.389670884236693382e-03
-3.209476824849843979e-03
-4.219312395434826612e-04
-1.048705657012760639e-03
-1.355123240500688553e-03
2.381744096055626869e-03
-9.384479490108788013e-04
2.107247943058609962e-03
-2.722916891798377037e-03
2.218826208263635635e-03
1.178900783997960389e-04
1.223028986714780331e-03
2.381915925070643425e-03
-3.258782206103205681e-03
-2.310014329850673676e-03
-1.911052502691745758e-03
