-7.676057066419161856e-06
-3.791952738538384438e-03
-2.238378394395112991e-03
2.585717244073748589e-03
1.066229189746081829e-03
-2.813923405483365059e-03
3.297821152955293655e-03
1.362406066618859768e-03
-1.821636760723777115e-05
1.873646047897636890e-03
7.893604924902319908e-04
1.933537532750051469e-05
3.644880140200257301e-03
2.105087507516145706e-03
2.478071488440036774e-03
-1.877151429653167725e-03
1.153796212747693062e-03
-2.140094875358045101e-04
-2.957606455311179161e-03
2.054153010249137878e-03
5.416015628725290298e-04
-3.328796476125717163e-03
2.101218327879905701e-03
1.496152603067457676e-03
-2.617848571389913559e-03
3.514110343530774117e-03
2.509641461074352264e-03
1.113453763537108898e-03
-1.409207936376333237e-03
-3.156929276883602142e-03
-8.209891966544091702e-04
8.505192818120121956e-04
-3.127470379695296288e-03
1.774003030732274055e-03
1.262910431250929832e-03
3.488889895379543304e-03
-1.324723241850733757e-03
-2.363744279136881232e-04
-1.094909850507974625e-03
5.793964955955743790e-04
-3.507064830046147108e-04
5.781183717772364616e-04
2.480392577126622200e-04
-2.989154309034347534e-03
1.084867282770574093e-03
8.802648517303168774e-04
-1.987282885238528252e-03
-3.064118092879652977e-03
4.355814598966389894e-04
-1.479805447161197662e-03
-2.323221182450652122e-03
4.552802129182964563e-04
-2.093370276270434260e-04
1.112653291784226894e-03
-6.051211967132985592e-04
-2.563703106716275215e-03
-2.608325332403182983e-03
3.033578628674149513e-03
6.721634417772293091e-04
3.711959579959511757e-04
-2.280529355630278587e-03
2.755259629338979721e-03
3.548721724655479193e-04
1.782502047717571259e-03
1.982978312298655510e-03
5.821800441481173038e-04
-2.950448310002684593e-03
-3.239843063056468964e-03
2.480654511600732803e-03
2.736541209742426872e-04
-2.911473391577601433e-03
-3.874868270941078663e-04
9.576953016221523285e-05
-1.152327284216880798e-03
2.106455620378255844e-03
-2.175880596041679382e-03
-1.064552809111773968e-03
-3.325056459289044142e-04
5.287691019475460052e-04
2.047814195975661278e-03
2.177221700549125671e-03
1.507616718299686909e-03
3.371816361322999001e-03
-3.776809899136424065e-03
3.399712033569812775e-03
2.583504188805818558e-03
1.521157915703952312e-03
-5.759243504144251347e-05
-6.465807091444730759e-04
6.230609724298119545e-04
-3.267098916694521904e-03
8.927360177040100098e-04
-2.087182801915332675e-04
8.067972958087921143e-04
3.710716962814331055e-03
2.031154232099652290e-03
2.532071899622678757e-03
-3.468122158665210009e-04
3.006762359291315079e-03
-2.190529368817806244e-03
3.764237510040402412e-03
1.368500525131821632e-03
1.457858248613774776e-03
-2.192986430600285530e-03
2.271225675940513611e-03
2.143969293683767319e-03
3.479358274489641190e-04
3.765162080526351929e-03
-1.685072347754612565e-04
1.286299433559179306e-03
2.783306874334812164e-03
-2.253836719319224358e-03
3.341162344440817833e-03
2.984038088470697403e-03
3.339595859870314598e-03
-3.241666592657566071e-03
-1.483359723351895809e-03
1.980983652174472809e-03
1.373752020299434662e-03
4.885239759460091591e-04
-3.343304153531789780e-03
2.008480019867420197e-03
1.550859306007623672e-03
-2.773619024083018303e-03
1.740555861033499241e-03
9.726606658659875393e-04
1.182183856144547462e-03
2.120580058544874191e-03
-1.752555253915488720e-03
-3.590455744415521622e-03
1.769202179275453091e-03
-3.418770618736743927e-03
-5.944055737927556038e-04
3.072582650929689407e-03
1.980525208637118340e-03
1.486260793171823025e-03
-2.424115336907561868e-05
-1.691432669758796692e-03
2.026699250563979149e-03
-3.853758797049522400e-03
-1.847319072112441063e-03
7.415916770696640015e-04
-2.567399991676211357e-03
3.166256006807088852e-03
-1.780935213901102543e-03
1.916865818202495575e-03
1.042242045514285564e-03
3.619212890043854713e-03
1.910618855617940426e-03
3.187072928994894028e-03
1.401232671923935413e-03
-2.334388205781579018e-03
-2.141362056136131287e-03
4.371669783722609282e-04
-3.642518538981676102e-03
-2.024570945650339127e-03
1.702860579825937748e-03
-3.759304061532020569e-03
2.426153048872947693e-03
1.144867506809532642e-03
-2.199734793975949287e-03
2.333803800866007805e-03
-1.616125882719643414e-05
2.170607447624206543e-03
-1.484903972595930099e-03
1.022986834868788719e-03
3.626561956480145454e-03
-3.804770531132817268e-04
2.915819641202688217e-03
2.443089615553617477e-03
-8.557425462640821934e-05
-1.740279956720769405e-03
-1.096480991691350937e-03
8.712313137948513031e-04
-2.387705491855740547e-03
3.812925191596150398e-03
-3.052542684599757195e-03
3.373319515958428383e-03
-1.132101897383108735e-04
3.140193177387118340e-03
-5.392967141233384609e-04
2.321927342563867569e-03
1.056365785188972950e-03
3.294534282758831978e-03
-3.366196760907769203e-03
-2.206401433795690536e-03
-2.867867005988955498e-03
-2.258570166304707527e-03
-2.358508994802832603e-03
-8.055755752138793468e-04
-1.195424352772533894e-03
-2.133589936420321465e-03
2.779733389616012573e-03
-1.339339534752070904e-03
-2.846616785973310471e-03
1.954454695805907249e-03
-1.398324966430664062e-03
-3.304818179458379745e-03
2.669916488230228424e-03
3.573490772396326065e-03
-1.059193746186792850e-03
-2.238336484879255295e-03
1.567704370245337486e-03
3.746963338926434517e-03
-5.166474729776382446e-04
-3.347266756463795900e-04
2.885656664147973061e-03
9.941027965396642685e-04
-2.566954120993614197e-03
-2.616734709590673447e-03
-7.031473214738070965e-04
1.631121267564594746e-05
-2.102919854223728180e-03
-8.646340575069189072e-04
2.511605620384216309e-03
-7.623332785442471504e-04
-5.291776033118367195e-04
-5.394250038079917431e-04
-1.063782372511923313e-03
-1.755681587383151054e-03
-2.455037785694003105e-03
1.591233187355101109e-03
-1.510084955953061581e-03
-2.803178271278738976e-03
-1.227884669788181782e-03
4.649553375202231109e-05
7.636385271325707436e-04
3.723533824086189270e-03
-3.731931792572140694e-04
2.389262896031141281e-03
3.719449974596500397e-03
1.782393665052950382e-03
-1.519179553724825382e-03
4.140148812439292669e-04
1.870620762929320335e-03
-3.674801671877503395e-03
4.945759428665041924e-05
-1.019105315208435059e-03
3.151858225464820862e-03
-5.446096765808761120e-04
2.698085736483335495e-03
-2.954647876322269440e-03
-2.476644469425082207e-03
-8.800334762781858444e-05
5.950441118329763412e-04
-1.037539681419730186e-03
9.853438241407275200e-04
3.247296204790472984e-03
1.685309689491987228e-03
3.513378556817770004e-03
8.732001879252493382e-04
-3.479291626717895269e-04
-7.473913137800991535e-04
2.792593091726303101e-03
3.421363886445760727e-03
2.037606667727231979e-03
