-1.675057457759976387e-03
-3.485027933493256569e-03
-3.564522601664066315e-03
1.234992640092968941e-03
3.714555874466896057e-03
-2.990806708112359047e-03
1.751107512973248959e-03
-2.112575108185410500e-03
-2.343068365007638931e-03
-3.475557314231991768e-03
3.278612392023205757e-03
-2.075467491522431374e-03
-2.469603670760989189e-03
-2.760607982054352760e-03
-3.100962145254015923e-03
2.361309714615345001e-03
-1.991496654227375984e-03
-3.138416679576039314e-03
2.695986069738864899e-03
-2.854224294424057007e-03
2.490408078301697969e-04
-7.819300517439842224e-04
1.613019849173724651e-03
2.997976960614323616e-03
-8.898918749764561653e-04
1.923505333252251148e-03
1.417889492586255074e-03
2.724057063460350037e-03
-7.514606113545596600e-04
1.422159140929579735e-03
-1.230235066032037139e-04
-1.640884089283645153e-03
2.840327098965644836e-03
-1.134084304794669151e-03
-2.904916647821664810e-03
3.284059464931488037e-03
2.163368044421076775e-03
3.860092256218194962e-03
1.712926896288990974e-03
-1.738427323289215565e-03
1.271688961423933506e-03
1.842489145928993821e-04
1.152714015915989876e-03
-8.491512271575629711e-04
3.431252262089401484e-04
8.384600514546036720e-04
-4.080431244801729918e-04
1.339342095889151096e-03
1.190514420159161091e-03
-3.561443882063031197e-03
-2.419713884592056274e-03
-3.521533682942390442e-03
-9.320545359514653683e-04
1.252476009540259838e-03
3.891011467203497887e-03
5.529568879865109921e-04
-3.724211594089865685e-03
6.396633398253470659e-05
-3.071664134040474892e-03
1.687400741502642632e-03
-7.672725478187203407e-04
1.202581683173775673e-03
-2.524470211938023567e-03
-2.709952415898442268e-03
1.675683597568422556e-04
6.651300936937332153e-04
-3.471506293863058090e-03
2.777885179966688156e-03
5.349933053366839886e-04
-3.687369171530008316e-03
-3.098121378570795059e-03
-5.468185991048812866e-04
-2.371608046814799309e-03
-3.098029876127839088e-03
-3.360981587320566177e-03
6.038373103365302086e-04
-1.050040358677506447e-03
2.177573740482330322e-03
-1.001793774776160717e-03
2.223607851192355156e-03
-1.488459238316863775e-04
3.503677202388644218e-03
-3.715923754498362541e-03
-2.021568361669778824e-03
1.291489577852189541e-03
-1.388224656693637371e-03
1.482905470766127110e-03
1.669683377258479595e-03
-3.353160340338945389e-03
-1.955241430550813675e-03
-7.477732142433524132e-04
-1.717668783385306597e-04
7.580058882012963295e-04
5.034813657402992249e-04
1.784066203981637955e-03
-2.461293945088982582e-03
8.661287720315158367e-04
1.373816980049014091e-03
-3.227591980248689651e-03
-1.069374411599710584e-04
-1.183377695269882679e-03
1.266713021323084831e-03
6.349317263811826706e-04
-1.951522193849086761e-03
-3.071151208132505417e-03
-6.320777465589344501e-04
-2.337968209758400917e-03
-2.327007940039038658e-03
1.065147574990987778e-03
-2.995917107909917831e-03
-1.602999254828318954e-04
-5.440201493911445141e-04
-9.857836412265896797e-04
-7.696864777244627476e-04
1.667930395342409611e-03
4.401750265969894826e-05
-1.351652317680418491e-03
1.436707214452326298e-03
-2.136279363185167313e-03
2.092535840347409248e-03
-3.044095356017351151e-03
-2.753695473074913025e-03
-3.549360902979969978e-03
2.355561446165665984e-04
-2.982306992635130882e-03
-2.856077626347541809e-03
2.342208987101912498e-03
2.255141269415616989e-03
-1.926702097989618778e-03
3.034505993127822876e-03
3.720916574820876122e-03
-1.189587172120809555e-03
1.934713567607104778e-03
1.420268905349075794e-03
-1.596893562236800790e-04
-3.482723608613014221e-03
8.964677108451724052e-04
3.057442838326096535e-03
3.458786057308316231e-03
2.663705963641405106e-03
-1.380774425342679024e-03
-6.547535303980112076e-04
-2.600381383672356606e-03
-1.945050433278083801e-03
-1.448701485060155392e-03
-2.187145408242940903e-03
2.568500814959406853e-03
2.934378804638981819e-03
2.539869165048003197e-03
-3.058117115870118141e-03
-3.777910955250263214e-03
-6.302900874288752675e-05
2.743246033787727356e-03
3.739832201972603798e-03
2.865550341084599495e-03
1.854598638601601124e-03
5.574725582846440375e-05
6.302460678853094578e-04
-3.291550325229763985e-03
-1.090293517336249352e-03
-2.654931042343378067e-03
2.414193470031023026e-03
-9.135762811638414860e-04
-3.219875972718000412e-03
3.529651556164026260e-03
1.843013160396367311e-04
3.878492861986160278e-04
-1.105849281884729862e-03
-2.958163153380155563e-03
9.976489236578345299e-04
2.366668311879038811e-03
-1.417389255948364735e-03
4.166799189988523722e-04
1.901982817798852921e-03
1.007305574603378773e-03
-3.615772584453225136e-03
-3.621439449489116669e-03
-2.530172234401106834e-03
-4.310951771913096309e-05
9.418042609468102455e-04
3.433295991271734238e-03
9.705976699478924274e-04
8.893946069292724133e-04
-3.214820753782987595e-03
-2.861520915757864714e-04
-3.155810292810201645e-03
-4.389403329696506262e-04
2.100258599966764450e-03
-1.165670808404684067e-03
-2.614550525322556496e-03
-1.622917712666094303e-03
-3.796067321673035622e-03
-2.072129165753722191e-03
8.897027582861483097e-04
1.630115439184010029e-03
2.906630281358957291e-03
-3.830278757959604263e-03
-6.956331199035048485e-04
1.069171703420579433e-03
-1.996606122702360153e-03
-2.341685118153691292e-03
2.328761387616395950e-03
1.287503750063478947e-03
-1.576010952703654766e-03
-1.033142674714326859e-03
5.087008466944098473e-04
-1.664462732151150703e-03
-3.039470408111810684e-03
2.966647036373615265e-03
-1.349504571408033371e-03
-3.366100601851940155e-03
9.798845276236534119e-04
1.886319485493004322e-03
-3.605099162086844444e-03
2.366912551224231720e-03
7.785358466207981110e-04
3.409556346014142036e-03
-5.019343807362020016e-04
-1.821511425077915192e-03
-1.487471396103501320e-03
-3.077181521803140640e-03
-5.091381608508527279e-04
-1.502242754213511944e-03
-1.669177785515785217e-03
-3.349757986143231392e-03
1.980311470106244087e-03
1.673762570135295391e-03
2.100326586514711380e-03
1.247340347617864609e-03
1.562643563374876976e-03
1.997793791815638542e-03
3.899597795680165291e-03
2.893570577725768089e-03
2.279222244396805763e-03
-2.703202888369560242e-03
-3.518665442243218422e-03
-2.532812301069498062e-03
-5.085441443952731788e-05
-6.529444945044815540e-04
-3.036792622879147530e-03
3.850201610475778580e-03
-2.102365717291831970e-03
7.553357863798737526e-04
7.035824237391352654e-04
-3.372483479324728251e-04
-3.813000861555337906e-03
1.213778858073055744e-03
-2.770570339635014534e-03
2.340317732887342572e-04
2.311922376975417137e-03
-7.617018418386578560e-04
9.894501417875289917e-04
-3.729477291926741600e-03
7.606919971294701099e-04
1.492997282184660435e-03
1.300826785154640675e-03
