2.492791099939495325e-04
-1.288353116251528263e-03
6.458073621615767479e-04
1.205265289172530174e-03
3.399352543056011200e-03
-2.635916462168097496e-03
2.149117179214954376e-03
-3.164531663060188293e-03
-2.520409179851412773e-03
-2.323045860975980759e-03
-1.278105075471103191e-03
2.398834796622395515e-03
8.134175441227853298e-04
1.730127987684682012e-04
6.853666855022311211e-04
-2.663544844835996628e-03
-3.020007628947496414e-03
3.691868856549263000e-03
-1.006798120215535164e-03
3.399138338863849640e-03
1.884745084680616856e-03
-2.741131465882062912e-03
3.635393804870545864e-04
-3.792564850300550461e-03
-3.492234740406274796e-03
1.856920309364795685e-03
1.562336925417184830e-03
3.533024573698639870e-04
3.735158126801252365e-03
3.175368998199701309e-03
-6.080854291212745011e-05
5.384258693084120750e-04
2.037360332906246185e-03
1.405568094924092293e-03
-8.524468867108225822e-04
8.468318264931440353e-04
3.246293868869543076e-03
2.456203568726778030e-03
-6.705236501147737727e-06
-1.382382586598396301e-03
-8.889281889423727989e-04
-9.722504764795303345e-04
-1.892579603008925915e-03
-1.287597464397549629e-03
1.525061670690774918e-03
-2.933822339400649071e-03
3.794150426983833313e-03
-3.431274322792887688e-03
-2.702326280996203423e-03
-2.311528194695711136e-03
-2.910000737756490707e-03
-7.753092213533818722e-04
2.397732110694050789e-03
-2.010294003412127495e-03
2.478090580552816391e-03
-3.232136950828135014e-04
-1.162380445748567581e-03
1.804067171178758144e-03
2.783979289233684540e-03
7.978477515280246735e-04
3.330500563606619835e-03
-3.544093575328588486e-03
-1.593341468833386898e-03
3.204799490049481392e-03
-6.493728724308311939e-04
-3.702688962221145630e-03
-1.536572934128344059e-03
2.530119381844997406e-03
-2.673472510650753975e-03
5.584835889749228954e-05
-4.483274824451655149e-04
-9.028014028444886208e-04
1.514310250058770180e-03
4.986022249795496464e-04
1.354649313725531101e-03
6.411263020709156990e-04
-2.822680864483118057e-03
-1.986603718250989914e-03
2.724264981225132942e-03
-1.794990850612521172e-03
3.150794189423322678e-03
3.639013448264449835e-04
-2.095075091347098351e-03
3.331951564177870750e-03
-3.063356038182973862e-03
-2.123408485203981400e-03
2.553348662331700325e-03
3.675626358017325401e-03
1.194982556626200676e-03
-4.758704017149284482e-05
2.160764764994382858e-03
-3.636257955804467201e-03
2.615196164697408676e-03
2.633708529174327850e-03
3.224307438358664513e-03
-2.230546902865171432e-03
-4.315863770898431540e-04
5.893095512874424458e-04
-3.032698878087103367e-04
1.291221124120056629e-03
1.948883640579879284e-03
-3.778783138841390610e-03
-3.437042469158768654e-03
-7.638077950105071068e-04
-3.774089505895972252e-03
-9.337955852970480919e-04
-1.520710065960884094e-04
-3.470891155302524567e-03
3.064194694161415100e-03
-2.451674314215779305e-03
7.421593763865530491e-04
2.207024954259395599e-03
3.658578032627701759e-03
2.461368858348578215e-04
3.531590104103088379e-03
3.857858711853623390e-03
-3.862812183797359467e-03
3.495185403153300285e-03
-4.182541160844266415e-04
-1.202886574901640415e-03
4.507468838710337877e-04
-2.563636051490902901e-03
-2.577576786279678345e-03
1.782117993570864201e-03
1.060002134181559086e-03
-2.664189785718917847e-03
3.827741602435708046e-03
-2.108739921823143959e-03
2.578001469373703003e-03
-3.440333530306816101e-03
-3.817392978817224503e-03
-3.577150928322225809e-04
-2.565478207543492317e-03
-9.188003605231642723e-04
3.718513762578368187e-03
2.203017007559537888e-03
-1.472292351536452770e-03
-6.843389710411429405e-04
3.775746095925569534e-03
3.149877069517970085e-03
3.078588284552097321e-03
-3.027109196409583092e-03
-1.523063168860971928e-03
1.030581071972846985e-03
3.826895263046026230e-03
-3.010566870216280222e-04
-5.037669907324016094e-04
2.257941057905554771e-03
6.042124005034565926e-04
-1.963103422895073891e-03
3.648943733423948288e-03
-7.625090074725449085e-05
-2.799226669594645500e-03
3.447202499955892563e-03
6.243129610083997250e-04
1.354566891677677631e-03
-3.851891495287418365e-03
-3.697571344673633575e-03
3.132150508463382721e-03
-3.267089137807488441e-03
-3.487413981929421425e-03
-1.331478473730385303e-03
-2.334589837118983269e-03
-3.247134387493133545e-03
-5.320631316863000393e-04
-2.876270562410354614e-03
1.186799141578376293e-03
3.043072996661067009e-03
3.777116304263472557e-03
-3.226896282285451889e-03
-2.466245088726282120e-03
1.399066997691988945e-03
-3.483085893094539642e-03
-2.172490349039435387e-03
-1.915607135742902756e-03
-1.026230864226818085e-03
-8.441966492682695389e-04
2.093120478093624115e-03
-3.629970364272594452e-03
-2.714043948799371719e-03
-5.984939052723348141e-04
1.338528003543615341e-03
-3.249468514695763588e-03
-3.878021379932761192e-03
2.192306332290172577e-03
3.878871910274028778e-03
-1.917322806548327208e-04
2.499268623068928719e-03
-3.844812978059053421e-03
3.326652804389595985e-03
-2.806417876854538918e-03
5.401792586781084538e-04
2.441512886434793472e-03
5.465488065965473652e-04
-8.557866094633936882e-04
2.406281884759664536e-03
-8.236615685746073723e-04
1.508085006207693368e-05
3.481887513771653175e-03
-1.037252484820783138e-03
1.482935040257871151e-03
2.021339489147067070e-03
1.741108251735568047e-03
-3.152412129566073418e-03
1.926454133354127407e-03
-2.045806962996721268e-03
2.513244748115539551e-03
-3.638544585555791855e-03
4.952428862452507019e-04
-2.757329493761062622e-03
3.549320157617330551e-03
-3.610964631661772728e-03
2.514729741960763931e-03
-2.467722399160265923e-03
-1.517417724244296551e-03
1.339357695542275906e-03
3.168951952829957008e-03
-2.746667945757508278e-03
2.488805213943123817e-03
1.766105880960822105e-03
2.908036345615983009e-03
-2.243293449282646179e-03
-2.153011737391352654e-04
-3.402868751436471939e-03
1.412318088114261627e-03
-2.393171424046158791e-03
-9.277796489186584949e-04
-2.345807384699583054e-03
-2.423589117825031281e-03
2.495799679309129715e-03
1.792787108570337296e-03
1.679287874139845371e-03
-9.138183086179196835e-04
3.240906400606036186e-03
1.616580877453088760e-03
3.881547367200255394e-03
7.313332025660201907e-05
-2.713245572522282600e-03
3.626693971455097198e-03
-1.529957866296172142e-03
1.913627027533948421e-03
3.470656694844365120e-03
-3.409951459616422653e-03
-3.459474770352244377e-03
2.093547722324728966e-03
1.871647196821868420e-03
2.691061701625585556e-03
1.235904870554804802e-03
-3.930737439077347517e-04
-2.069222275167703629e-03
2.306591486558318138e-03
2.865130081772804260e-03
2.673077629879117012e-03
1.923300209455192089e-03
-4.212186031509190798e-04
3.861522069200873375e-03
