-1.522125094197690487e-03
2.816334832459688187e-03
1.537154661491513252e-03
-2.448098966851830482e-03
-2.272228943184018135e-03
-3.454846329987049103e-03
-3.743091365322470665e-03
-1.724449801258742809e-03
2.908339723944664001e-03
-1.209895126521587372e-03
1.001337426714599133e-03
1.257128547877073288e-03
2.407054882496595383e-03
-3.684145631268620491e-03
2.012660494074225426e-03
-3.301437944173812866e-03
1.596055924892425537e-03
2.956457203254103661e-03
-3.468063427135348320e-03
1.653198502026498318e-03
2.862161491066217422e-03
-3.898492781445384026e-03
2.487896941602230072e-03
3.857912262901663780e-03
-2.872169949114322662e-03
1.151831238530576229e-03
8.900006068870425224e-04
1.673700055107474327e-03
-2.000831998884677887e-03
-1.766970730386674404e-03
-1.173115684650838375e-03
-3.753701224923133850e-03
1.840423094108700752e-03
-3.849937347695231438e-03
3.408673917874693871e-03
-3.348293481394648552e-03
1.464165397919714451e-03
-2.617355203256011009e-03
-6.321143009699881077e-04
-2.901002299040555954e-04
-3.810658818110823631e-03
-1.581221004016697407e-03
4.091850132681429386e-04
-2.259566681459546089e-03
-3.069612896069884300e-03
2.691001398488879204e-03
2.545558847486972809e-03
-1.149896997958421707e-03
2.702306956052780151e-03
-1.714076264761388302e-03
2.998859621584415436e-03
-1.733424869598820806e-04
-3.626903984695672989e-03
2.618519822135567665e-03
-1.360667636618018150e-03
-1.836878480389714241e-03
2.653728937730193138e-03
-3.964666393585503101e-04
-2.780864713713526726e-03
2.340266713872551918e-03
2.702947473153471947e-03
-1.849148771725594997e-03
2.194082131609320641e-03
-3.820214420557022095e-03
-3.099618246778845787e-03
1.847371342591941357e-03
1.434488920494914055e-03
9.292467148043215275e-04
-8.406590204685926437e-04
-1.413942547515034676e-03
3.118068678304553032e-03
-6.426105974242091179e-04
-5.125585594214498997e-04
-2.307667396962642670e-03
1.839907956309616566e-03
-3.586435690522193909e-03
3.653561696410179138e-03
-1.268553547561168671e-03
-2.747373888269066811e-03
-3.074757289141416550e-03
-8.266788208857178688e-04
1.065663876943290234e-03
2.248164732009172440e-03
1.616213936358690262e-03
-3.793713403865695000e-04
-1.136799226514995098e-03
-1.993824262171983719e-03
1.405738526955246925e-03
3.071368904784321785e-03
-1.586825586855411530e-03
-2.792650368064641953e-03
-1.355286804027855396e-04
8.879174711182713509e-04
7.110438891686499119e-04
-2.009483432630077004e-04
7.293351809494197369e-04
3.787747584283351898e-03
-1.306442543864250183e-03
1.829356537200510502e-03
-9.244849788956344128e-04
8.211799286073073745e-05
1.857969618868082762e-04
-3.566910512745380402e-03
-2.570700366050004959e-03
-2.760797739028930664e-03
3.666397184133529663e-03
-2.232696395367383957e-03
2.361015416681766510e-03
2.234386280179023743e-03
1.117364270612597466e-03
-1.610416453331708908e-03
-1.799278659746050835e-03
2.867674920707941055e-03
-2.480905270203948021e-03
-3.519505262374877930e-03
-3.532832721248269081e-03
3.306304104626178741e-03
-6.649520364589989185e-04
2.847834490239620209e-03
-9.152351412922143936e-04
4.956204211339354515e-04
-3.943461633753031492e-04
-1.121060224249958992e-03
-2.936571370810270309e-03
1.548130880109965801e-03
-1.519023091532289982e-03
1.115487655624747276e-03
-2.072665840387344360e-03
3.283736761659383774e-03
-3.359733673278242350e-04
3.025113604962825775e-03
-1.605636556632816792e-03
2.305193804204463959e-03
-3.328732913359999657e-03
3.678850829601287842e-03
-3.131432924419641495e-03
-1.956669846549630165e-03
2.603426342830061913e-03
2.624835819005966187e-03
2.868014387786388397e-03
-1.840942539274692535e-03
3.278589574620127678e-03
-3.516132244840264320e-03
-2.193072112277150154e-03
-2.526688156649470329e-03
1.168999471701681614e-03
-2.104256069287657738e-03
-5.486432928591966629e-04
-1.488617970608174801e-03
5.249934838502667844e-05
3.285544691607356071e-03
-2.462780335918068886e-03
2.341919811442494392e-03
-1.482226303778588772e-03
-3.159315325319766998e-03
2.894652541726827621e-03
-1.278823590837419033e-03
2.860031090676784515e-03
1.119330641813576221e-03
-8.215000270865857601e-04
-4.029602278023958206e-04
9.800125844776630402e-04
-1.220100792124867439e-03
-2.466658595949411392e-03
2.725281752645969391e-03
-1.015352609101682901e-04
-5.640010931529104710e-04
1.003277066047303379e-04
1.331688952632248402e-03
2.228028752142563462e-04
7.921929936856031418e-04
-2.823362359777092934e-03
-2.977974945679306984e-03
-2.071773866191506386e-03
2.708671614527702332e-03
-6.952516268938779831e-04
1.729651703499257565e-03
3.679607063531875610e-03
-1.872000051662325859e-03
-2.016710117459297180e-03
2.862008986994624138e-03
3.301827935501933098e-03
-3.189456881955265999e-03
8.375028264708817005e-04
-3.296853275969624519e-03
-1.701341825537383556e-03
5.407354910857975483e-04
1.789679634384810925e-03
1.776618417352437973e-03
-3.434808691963553429e-03
2.390364417806267738e-03
3.264268860220909119e-03
-8.363676897715777159e-05
-1.542816287837922573e-03
2.655918011441826820e-03
-3.811377799138426781e-03
3.866358892992138863e-03
3.272540634498000145e-03
3.942413604818284512e-04
-1.112773199565708637e-03
5.680700996890664101e-04
3.642174182459712029e-03
2.845877315849065781e-03
-3.888127394020557404e-03
-5.780383362434804440e-04
-1.352555118501186371e-03
1.979861175641417503e-03
-2.144933212548494339e-03
-2.299078507348895073e-03
-2.972541376948356628e-03
3.422659821808338165e-03
-8.104617008939385414e-04
-3.560799406841397285e-03
1.177609781734645367e-03
-2.184929093345999718e-03
1.117514213547110558e-03
-3.823951119557023048e-03
-1.814241171814501286e-03
1.396650215610861778e-03
3.709967015311121941e-03
-1.306155812926590443e-03
3.703001188114285469e-03
2.267563249915838242e-03
3.431249409914016724e-03
-1.469801529310643673e-03
2.094519790261983871e-03
-3.085982054471969604e-03
-6.806238670833408833e-04
-3.490002593025565147e-03
-3.257882082834839821e-03
-7.251897477544844151e-05
-3.610688960179686546e-03
-1.187887741252779961e-03
-1.003781217150390148e-03
-9.476531995460391045e-04
1.934034749865531921e-03
-3.180080093443393707e-03
-3.200722625479102135e-03
8.661195752210915089e-04
-7.625163416378200054e-04
2.725066963193967240e-07
-3.544859355315566063e-03
2.015114994719624519e-03
1.291835680603981018e-03
3.308565123006701469e-03
-2.140674274414777756e-03
-6.527674850076436996e-04
2.901167317759245634e-04
-2.869927084248047322e-05
9.238265338353812695e-04
-1.014701789245009422e-03
1.407862291671335697e-03
-7.403071504086256027e-04
-2.907500835135579109e-03
1.428152900189161301e-03
1.195497694425284863e-03
