3.107463009655475616e-03
1.884092809632420540e-03
-2.957688644528388977e-03
-5.175902042537927628e-04
1.506005180999636650e-03
-3.530262736603617668e-03
6.505828787339851260e-05
1.457741949707269669e-03
3.731553209945559502e-03
2.002293011173605919e-03
-3.560435958206653595e-03
-1.430707518011331558e-03
-1.428589574061334133e-03
2.248907461762428284e-03
-2.053070347756147385e-03
3.255201736465096474e-03
2.786332042887806892e-03
-2.444716636091470718e-03
-2.705763559788465500e-03
1.518469420261681080e-03
-2.581463195383548737e-03
-2.661014208570122719e-03
3.640498500317335129e-03
1.414552098140120506e-04
-1.438541337847709656e-03
-8.075232035480439663e-04
-2.062381710857152939e-03
3.235972952097654343e-03
-1.934451051056385040e-03
4.971824819222092628e-05
-1.508043442299822345e-05
2.539083361625671387e-03
-3.095355117693543434e-03
-1.749107497744262218e-03
-3.329368541017174721e-03
-3.774557495489716530e-03
-7.571920868940651417e-04
-2.666320651769638062e-03
-2.867241855710744858e-03
-3.571241162717342377e-03
2.662287151906639338e-04
-3.770426847040653229e-03
1.369295641779899597e-03
-2.156895818188786507e-03
7.106545381247997284e-04
-3.730793483555316925e-03
-1.391101279295980930e-03
1.260754506802186370e-04
2.662725280970335007e-03
-3.901386866346001625e-03
1.069280086085200310e-03
3.135515144094824791e-03
1.071343780495226383e-03
1.957299420610070229e-03
2.450732281431555748e-03
-6.327591836452484131e-04
-1.414671191014349461e-03
-2.678746823221445084e-03
2.005949208978563547e-04
-1.333564054220914841e-03
-2.574949758127331734e-03
-1.913784362841397524e-04
-1.878423849120736122e-03
3.203467698767781258e-03
-3.758799517527222633e-03
1.615583169041201472e-04
9.257974452339112759e-04
-3.045943565666675568e-03
1.114955055527389050e-03
-8.724728832021355629e-04
2.148373518139123917e-03
2.126977546140551567e-03
-7.145526469685137272e-04
2.213575644418597221e-03
1.508526620455086231e-03
-2.539375331252813339e-03
1.500779646448791027e-03
5.492705386132001877e-04
5.374928587116301060e-04
-1.664221403189003468e-03
-2.457850612699985504e-03
-2.777457935735583305e-03
-1.355903572402894497e-03
-1.900048693642020226e-03
-2.661730162799358368e-03
2.246099058538675308e-03
-3.629559418186545372e-03
-8.040688408073037863e-05
-2.555496292188763618e-03
-6.858148844912648201e-04
1.965357689186930656e-03
3.347078571096062660e-03
-2.118699485436081886e-03
-3.422306850552558899e-03
-1.488691661506891251e-03
2.882313216105103493e-03
-2.870189258828759193e-03
-2.779253292828798294e-03
2.620348706841468811e-03
3.328878432512283325e-03
-3.255461109802126884e-03
-4.811924009118229151e-04
-1.602036529220640659e-03
-2.930033951997756958e-03
8.780742791714146733e-05
-2.228646306321024895e-03
1.172219868749380112e-03
-1.302134332945570350e-04
-3.412387566640973091e-03
3.468811744824051857e-03
2.496019937098026276e-03
-2.825286239385604858e-03
1.986765535548329353e-03
-6.451811059378087521e-04
-1.623472548089921474e-03
7.408852688968181610e-04
-2.033116063103079796e-03
-1.470134011469781399e-03
2.050278242677450180e-03
-1.912647625431418419e-03
-2.931789029389619827e-03
1.001082593575119972e-03
7.961804512888193130e-04
-1.898420625366270542e-03
-3.112236736342310905e-03
-1.732748700305819511e-03
-2.025297377258539200e-03
3.779211547225713730e-03
-2.112155081704258919e-03
1.271126209758222103e-03
8.615165133960545063e-04
1.986895222216844559e-03
2.643495099619030952e-04
2.759969793260097504e-04
2.863084897398948669e-03
1.555189490318298340e-03
3.018732182681560516e-03
2.006418071687221527e-03
3.573594614863395691e-03
3.740691579878330231e-03
-1.720062340609729290e-03
8.463751291856169701e-04
-2.103586011799052358e-04
3.328555962070822716e-03
-1.935988431796431541e-03
-1.909447310026735067e-04
-3.816779935732483864e-03
8.390047005377709866e-04
2.528125420212745667e-03
-1.812113798223435879e-03
-3.865115810185670853e-03
-3.043077420443296432e-03
2.731088316068053246e-03
-1.150438329204916954e-03
4.255154344718903303e-04
3.609061532188206911e-04
-3.453211160376667976e-03
3.798874560743570328e-03
-2.405070554232224822e-04
1.381772919557988644e-03
-1.184907159768044949e-04
-3.411111887544393539e-03
-1.178632141090929508e-03
-1.084856106899678707e-03
-1.630540122278034687e-03
-4.545691481325775385e-04
3.708370961248874664e-03
5.802814266644418240e-04
-1.801824546419084072e-04
3.635635366663336754e-03
3.725993447005748749e-03
6.825022283010184765e-04
-3.897484624758362770e-03
-2.747107297182083130e-03
2.724718768149614334e-03
9.296307689510285854e-04
-8.640700834803283215e-04
-3.614100161939859390e-03
-8.978787809610366821e-04
1.721682143397629261e-03
-2.220948459580540657e-03
-3.884659381583333015e-03
-2.888319781050086021e-03
8.676870493218302727e-04
2.124024176737293601e-04
-3.360045375302433968e-04
5.931008490733802319e-04
1.386029296554625034e-03
3.509200410917401314e-03
2.823604270815849304e-03
3.670055884867906570e-03
8.593189995735883713e-04
3.799067577347159386e-03
1.543262769700959325e-04
-1.163197564892470837e-03
2.696588344406336546e-04
6.506246863864362240e-04
1.723137567751109600e-03
-8.537617977708578110e-04
-5.366848199628293514e-04
3.300747368484735489e-03
-3.453123848885297775e-03
1.841839519329369068e-03
-3.817104967311024666e-03
1.005335827358067036e-03
2.834013663232326508e-03
3.461043350398540497e-03
1.678317203186452389e-04
3.668005578219890594e-03
2.287903800606727600e-03
-3.522555343806743622e-04
-2.963255625218153000e-03
-2.637353027239441872e-03
3.020160365849733353e-03
-2.835272345691919327e-03
2.808562247082591057e-03
3.150468459352850914e-03
-3.615293884649872780e-03
2.102686557918787003e-03
3.552248934283852577e-03
-1.374977524392306805e-03
-1.458890968933701515e-03
-1.363320974633097649e-03
-1.130768330767750740e-03
-1.354046282358467579e-03
-1.277281262446194887e-04
1.708101364783942699e-03
-2.982757054269313812e-03
-2.313089324161410332e-03
8.260282338596880436e-04
-2.987077459692955017e-03
-3.145440248772501945e-03
1.419390900991857052e-04
-3.372315317392349243e-03
-1.260261749848723412e-03
1.655404223129153252e-03
3.341980045661330223e-03
-8.267947123385965824e-04
-2.889094641432166100e-03
-2.269935794174671173e-03
9.843903826549649239e-04
2.198863774538040161e-03
1.962446374818682671e-03
-2.899694256484508514e-03
3.073844360187649727e-03
-4.741387383546680212e-04
-2.856402192264795303e-03
-1.715900027193129063e-03
-2.067186636850237846e-03
2.072411589324474335e-03
2.113884547725319862e-03
2.667881781235337257e-03
1.783199259079992771e-03
-8.786281105130910873e-04
-1.400071429088711739e-03
3.876167815178632736e-03
