-5.678581655956804752e-04
-2.100293640978634357e-04
1.911868690513074398e-03
-1.902101794257760048e-03
-3.178826998919248581e-03
-2.426922146696597338e-04
3.618475049734115601e-03
1.703452086076140404e-03
-2.212499734014272690e-03
1.514815725386142731e-03
-1.890394720248878002e-03
-3.084884374402463436e-04
-3.514789743348956108e-03
1.438939478248357773e-03
3.428475465625524521e-03
-6.987872766330838203e-04
-3.363867988809943199e-03
-1.197505043819546700e-03
3.997595922555774450e-04
-5.197618156671524048e-05
1.765266060829162598e-03
3.440893488004803658e-03
3.074161941185593605e-03
-3.310783300548791885e-03
2.139961114153265953e-03
2.522116992622613907e-03
2.076220931485295296e-03
3.642049850896000862e-03
-2.577193547040224075e-03
2.757424488663673401e-03
2.368850109633058310e-04
-3.020403906702995300e-03
5.354941458790563047e-05
1.519083627499639988e-03
3.501288359984755516e-03
-1.100296736694872379e-03
3.761121770367026329e-03
-3.278607269749045372e-03
-2.815575106069445610e-03
-2.715445356443524361e-03
9.587263339199125767e-04
1.830224879086017609e-03
1.109964214265346527e-03
-3.262730082497000694e-03
-3.511482849717140198e-03
1.929376507177948952e-03
2.771841245703399181e-04
1.067926059477031231e-03
2.781822578981518745e-03
-2.410312183201313019e-03
-1.788816647604107857e-03
-1.496348413638770580e-03
-3.555890405550599098e-03
-9.997481247410178185e-04
2.973151393234729767e-03
2.604907422210089862e-05
3.177021630108356476e-03
-5.560764111578464508e-04
-2.058720914646983147e-03
4.676032403949648142e-04
-2.262418391183018684e-03
-1.743528875522315502e-03
8.152854861691594124e-04
3.568344283849000931e-03
1.392727135680615902e-03
4.449289117474108934e-04
1.745941233821213245e-03
3.215603064745664597e-03
-3.813843242824077606e-03
1.400266191922128201e-03
1.085650408640503883e-03
4.432982241269201040e-04
5.131986690685153008e-04
-3.969473764300346375e-04
3.000297117978334427e-03
1.654544030316174030e-03
3.308963263407349586e-03
-3.522341838106513023e-03
-3.376987529918551445e-03
-1.212529838085174561e-03
1.893694861792027950e-04
-3.494753967970609665e-03
3.065899014472961426e-03
-1.004154793918132782e-03
-3.536885371431708336e-03
3.575535258278250694e-03
2.328064525499939919e-03
3.667654702439904213e-03
-2.667756052687764168e-03
-7.571630994789302349e-04
1.524662948213517666e-03
-1.095062587410211563e-03
-2.316188998520374298e-03
2.822141395881772041e-03
-1.287665800191462040e-03
2.893932862207293510e-03
1.553232432343065739e-03
-8.367100381292402744e-04
-1.200480153784155846e-03
-3.223896957933902740e-03
2.168813254684209824e-03
-3.380255075171589851e-03
-3.640602575615048409e-03
3.293802961707115173e-03
4.772834654431790113e-04
3.437036648392677307e-03
-5.771121359430253506e-04
-3.422419831622391939e-04
-2.027533948421478271e-03
-1.531754736788570881e-03
1.225084415636956692e-03
1.047615194693207741e-03
5.332193686626851559e-04
-2.042621839791536331e-03
2.795191016048192978e-03
-2.980943303555250168e-03
2.063236199319362640e-03
8.617655257694423199e-04
-3.871120570693165064e-04
-2.236414002254605293e-03
6.182715296745300293e-04
3.858985844999551773e-03
-1.326842815615236759e-03
1.463314751163125038e-03
4.153455374762415886e-04
-2.214959124103188515e-03
3.469912102445960045e-03
8.441520039923489094e-04
2.675007795915007591e-03
-1.094481325708329678e-03
2.916924655437469482e-03
2.425512764602899551e-03
-1.158387894975021482e-04
3.065680153667926788e-03
-1.852950546890497208e-03
-2.814606996253132820e-03
7.028145482763648033e-04
3.730883123353123665e-03
-2.145665697753429413e-03
1.847208710387349129e-03
-2.556394552811980247e-03
1.628889003768563271e-03
2.294385107234120369e-03
4.583770351018756628e-04
-3.322677919641137123e-03
-1.893070992082357407e-03
1.741265878081321716e-03
3.337919013574719429e-03
3.451869124546647072e-03
-2.416387666016817093e-03
-3.767207264900207520e-03
1.905975863337516785e-03
2.742257202044129372e-04
3.760963154491037130e-04
-1.005612080916762352e-03
-3.841022495180368423e-03
-3.393507562577724457e-03
5.355330649763345718e-04
-1.908342237584292889e-03
-2.952898386865854263e-03
-5.824446561746299267e-04
-2.026172820478677750e-03
3.655305365100502968e-03
-1.480853650718927383e-03
5.689339013770222664e-04
3.669097786769270897e-03
6.897256243973970413e-04
2.185354707762598991e-03
3.474970115348696709e-03
-6.282029062276706100e-05
1.901005744002759457e-04
3.474492579698562622e-03
-3.338353053550235927e-05
1.744837150909006596e-03
3.324836958199739456e-03
3.381361719220876694e-03
1.497891615144908428e-03
-1.292440923862159252e-03
3.162516281008720398e-03
3.817889373749494553e-03
2.090954687446355820e-03
-2.632843796163797379e-03
2.064849250018596649e-03
-3.042903961613774300e-03
-2.103515667840838432e-03
-8.197095012292265892e-04
2.947534201666712761e-03
1.703688525594770908e-03
1.451925258152186871e-03
-8.968170732259750366e-04
3.659472800791263580e-03
-7.654278306290507317e-04
6.941439351066946983e-04
3.613416338339447975e-03
3.275918308645486832e-03
-1.395492930896580219e-03
-3.803106257691979408e-03
8.746916137170046568e-05
3.628294449299573898e-03
-2.749221166595816612e-03
3.612475702539086342e-03
-1.583597622811794281e-03
-9.557873709127306938e-04
-1.586045837029814720e-03
1.877499744296073914e-03
-2.050743787549436092e-04
-1.016792142763733864e-03
-1.511919661425054073e-03
-1.534522161819040775e-04
-2.681615296751260757e-03
-3.192253876477479935e-03
-7.616335060447454453e-04
3.860239172354340553e-03
-6.414525560103356838e-04
-2.652785973623394966e-03
2.311531687155365944e-03
-3.733180346898734570e-04
-3.142272587865591049e-03
-3.251856658607721329e-03
-8.141536964103579521e-04
-1.484351116232573986e-03
-3.186679678037762642e-03
-1.519225421361625195e-03
2.172498963773250580e-03
1.921650138683617115e-03
-4.891743083135224879e-05
-1.045026350766420364e-03
1.523171958979219198e-04
-1.495921635068953037e-03
2.198240719735622406e-03
-2.349415328353643417e-03
9.906211635097861290e-04
-3.286540508270263672e-03
7.338959403568878770e-05
-1.853425987064838409e-03
1.714517711661756039e-03
-1.942829112522304058e-03
2.696972340345382690e-03
2.295491576660424471e-04
2.565243979915976524e-03
3.961657930631190538e-04
2.112948801368474960e-03
-1.487505622208118439e-03
-3.331690561026334763e-03
-1.910836668685078621e-03
-1.109702046960592270e-03
2.157863462343811989e-03
-1.633707899600267410e-03
-4.854082944802939892e-04
3.855158807709813118e-03
-3.507902147248387337e-03
1.902518852148205042e-04
-1.400095788994804025e-04
3.635752247646450996e-03
-3.156238002702593803e-03
-3.391077043488621712e-03
