9.582474740454927087e-05
-2.918595448136329651e-03
6.349423201754689217e-04
-9.553270065225660801e-04
-3.560893703252077103e-03
1.722935237921774387e-03
6.052442477084696293e-04
-2.427735365927219391e-03
-3.258324693888425827e-03
6.840201967861503363e-05
2.562409033998847008e-03
8.724819053895771503e-04
2.669881505426019430e-04
-1.499718520790338516e-03
-1.327111967839300632e-03
-2.012615324929356575e-03
-2.420147182419896126e-03
3.089797683060169220e-03
-1.143954810686409473e-03
5.437368527054786682e-04
2.269944641739130020e-03
3.168575232848525047e-03
-1.597288879565894604e-03
-1.548881264170631766e-04
-3.001274308189749718e-03
-1.195509452372789383e-03
-2.891957759857177734e-03
-8.741181227378547192e-04
2.774932887405157089e-03
2.136417198926210403e-03
1.140577020123600960e-03
-2.401461824774742126e-03
2.430249704048037529e-03
-1.803337363526225090e-04
-2.797692548483610153e-03
-1.440125925000756979e-04
3.130028489977121353e-04
3.171032294631004333e-03
-2.626377623528242111e-03
-2.675316995009779930e-03
-3.501084400340914726e-03
1.934182946570217609e-03
1.097798347473144531e-03
-2.879878971725702286e-03
2.579727442935109138e-03
2.642606850713491440e-04
7.423871429637074471e-04
-2.796265063807368279e-03
4.865607770625501871e-04
-3.866958897560834885e-03
-3.653757972642779350e-03
3.078429028391838074e-03
-3.609736086218617857e-05
-1.897479058243334293e-03
-2.646266715601086617e-03
-1.616690657101571560e-03
1.441273838281631470e-03
-3.554017981514334679e-03
2.196552697569131851e-03
-3.840391218545846641e-05
1.915447879582643509e-03
2.813043771311640739e-03
7.730911020189523697e-04
-3.213465912267565727e-03
-2.965177118312567472e-04
-3.568620653823018074e-03
1.808230066671967506e-03
-3.659680718556046486e-03
6.533132400363683701e-04
3.081580856814980507e-03
-3.581395139917731285e-03
8.955135708674788475e-04
-1.617024186998605728e-03
5.960554699413478374e-04
2.082896651700139046e-03
-2.728041727095842361e-03
-3.488384652882814407e-03
1.630645594559609890e-03
2.524294424802064896e-03
2.451848005875945091e-03
2.326277084648609161e-03
3.770930226892232895e-03
1.949121593497693539e-03
2.203771611675620079e-03
4.393334893393330276e-05
-3.735225414857268333e-03
-2.408470492810010910e-03
-2.178952563554048538e-03
2.243748167529702187e-03
-1.348941354081034660e-03
1.264771795831620693e-03
-2.530374797061085701e-03
3.870293265208601952e-03
-2.789546968415379524e-03
-2.157862181775271893e-04
-2.979115350171923637e-03
3.231671638786792755e-03
9.933519177138805389e-04
-2.800394082441926003e-03
-1.516507938504219055e-03
-1.644286559894680977e-03
2.077562967315316200e-03
5.180357838980853558e-04
1.033539501804625615e-05
3.889695974066853523e-03
-1.287561841309070587e-03
3.599532647058367729e-03
3.689129836857318878e-03
3.597445320338010788e-03
5.833236500620841980e-04
3.663567360490560532e-03
2.532271668314933777e-03
-3.416603198274970055e-03
-1.304803066886961460e-03
-1.838450669310986996e-03
-3.397136693820357323e-03
-2.114851959049701691e-03
-7.678195834159851074e-04
-1.259638578630983829e-03
-2.520660404115915298e-03
9.504111367277801037e-04
-2.277986845001578331e-03
-1.112079597078263760e-03
-3.450081218034029007e-03
-2.031144453212618828e-03
-8.783005760051310062e-04
6.861619185656309128e-04
3.017000388354063034e-03
-8.912947378121316433e-04
2.418612712062895298e-04
1.157924998551607132e-03
-2.685797866433858871e-03
2.677511947695165873e-04
-2.470425097271800041e-03
2.753694541752338409e-03
-1.653054961934685707e-03
7.632017513969913125e-05
5.459853564389050007e-04
9.363013086840510368e-04
-1.037390553392469883e-03
3.197713522240519524e-03
6.502121104858815670e-04
-6.046959897503256798e-04
1.318367314524948597e-03
3.120413050055503845e-03
1.498620491474866867e-03
-1.614627661183476448e-03
1.657568034715950489e-03
-1.569511252455413342e-03
3.762090345844626427e-03
1.512647140771150589e-03
-2.411874476820230484e-03
1.647135708481073380e-03
-4.831520491279661655e-04
-1.266824314370751381e-03
-2.722054487094283104e-03
3.727945499122142792e-03
4.567865980789065361e-04
2.271642908453941345e-03
-2.496345434337854385e-03
-2.200543647632002831e-03
-2.015570411458611488e-03
-1.116515253670513630e-03
2.880725311115384102e-03
-2.640856429934501648e-03
1.973946345970034599e-04
-1.872081193141639233e-03
-8.483076235279440880e-04
-1.486957888118922710e-03
2.546317875385284424e-03
-3.040222916752099991e-03
-2.607837086543440819e-04
-3.380640700925141573e-04
2.750113781075924635e-04
3.251452231779694557e-03
7.650412735529243946e-04
3.774238750338554382e-03
1.380572211928665638e-03
-2.568475203588604927e-03
-2.804681425914168358e-03
-3.081491217017173767e-03
5.088398465886712074e-04
-1.639449736103415489e-03
2.900414401665329933e-04
-3.372931852936744690e-03
-3.596150083467364311e-03
2.567271294537931681e-04
-2.197486755903810263e-04
-5.654276465065777302e-04
1.581407268531620502e-03
-1.144527574069797993e-03
-2.516729524359107018e-03
5.646949866786599159e-04
-2.333666896447539330e-03
3.285515354946255684e-03
-1.624903292395174503e-03
2.785310149192810059e-03
2.935119438916444778e-03
1.703002089925576001e-05
-4.462843644432723522e-04
3.046912606805562973e-03
3.328735940158367157e-03
3.518437268212437630e-03
2.773451851680874825e-03
-3.774080425500869751e-03
-6.636013858951628208e-04
1.903544616652652621e-04
-7.689538761042058468e-04
-3.316744230687618256e-03
-1.904701348394155502e-03
7.094705360941588879e-04
3.919137452612631023e-05
7.260587299242615700e-04
-5.667388322763144970e-04
-3.456054022535681725e-03
2.050326671451330185e-03
1.925459946505725384e-03
2.626700326800346375e-03
7.650099578313529491e-04
-2.869425516109913588e-04
-2.410495420917868614e-03
-2.377880271524190903e-03
-6.041501183062791824e-04
1.015988062135875225e-03
3.354420652613043785e-03
-2.981743542477488518e-03
3.813439980149269104e-03
2.538038650527596474e-03
-9.918349096551537514e-04
2.033919561654329300e-03
2.680992707610130310e-03
3.180412342771887779e-03
-3.645955119282007217e-03
3.357507288455963135e-03
-2.888967981562018394e-03
4.653375654015690088e-04
-2.716558286920189857e-03
1.901212614029645920e-03
6.565029616467654705e-04
2.021272201091051102e-03
8.118128753267228603e-04
2.317935694009065628e-03
1.332775806076824665e-03
2.850666642189025879e-03
3.792422125115990639e-03
-8.278430323116481304e-04
3.032109525520354509e-04
-3.103323280811309814e-03
1.565308077260851860e-03
1.480481005273759365e-03
-1.767370733432471752e-03
1.918237190693616867e-03
-2.134062815457582474e-03
-3.584212856367230415e-03
-1.239311764948070049e-03
2.990846987813711166e-03
