1.088392164092510939e-04
2.057750243693590164e-03
-2.985175233334302902e-03
3.299217671155929565e-03
3.746546572074294090e-03
-2.771932166069746017e-03
3.295313508715480566e-04
9.600183111615478992e-04
2.292112912982702255e-03
-5.854433038621209562e-05
-8.808564743958413601e-04
4.925412213196977973e-05
7.814900163793936372e-05
-2.007139148190617561e-03
-3.412508871406316757e-03
3.227025736123323441e-03
2.818071283400058746e-03
1.749536371789872646e-03
1.013705506920814514e-03
-3.646890865638852119e-03
-4.060764040332287550e-04
1.856474322266876698e-03
-9.556177537888288498e-04
1.914108637720346451e-03
2.435478381812572479e-03
3.531333059072494507e-03
-1.479747937992215157e-03
3.678839420899748802e-03
1.645264681428670883e-03
2.752866363152861595e-03
-2.114708535373210907e-03
1.388269243761897087e-03
-7.252133800648152828e-04
-1.257818366866558790e-04
9.847681503742933273e-04
-1.895894063636660576e-03
-2.452932312735356390e-05
-2.810861216858029366e-03
1.092354999855160713e-03
-3.366566495969891548e-03
2.281805034726858139e-03
-2.992003690451383591e-03
-1.596046728082001209e-03
-5.087196477688848972e-04
-4.517660127021372318e-04
2.558468375355005264e-03
-2.415395108982920647e-03
-3.239555051550269127e-03
2.051077754003927112e-04
3.439043182879686356e-03
2.385441912338137627e-03
7.350987871177494526e-04
3.809046000242233276e-03
2.060054393950849771e-04
-1.296834088861942291e-04
-3.797516401391476393e-04
-2.131770364940166473e-03
-3.136625979095697403e-03
1.095964224077761173e-03
-6.997301243245601654e-04
-2.210780658060684800e-04
1.436962047591805458e-04
1.873307162895798683e-03
3.761317813768982887e-03
-1.152722164988517761e-03
-2.284416463226079941e-03
2.077654004096984863e-03
-5.146880866959691048e-04
-2.074917312711477280e-03
1.736280100885778666e-04
-6.505234050564467907e-04
-2.145363483577966690e-03
-2.432718174532055855e-03
-2.620887709781527519e-03
-2.838776446878910065e-03
-3.355449996888637543e-03
1.248483429662883282e-03
1.483194646425545216e-03
1.417045277776196599e-04
1.788898720405995846e-03
-1.586089492775499821e-04
-7.179095409810543060e-04
2.883441746234893799e-03
-1.829062704928219318e-03
4.011628916487097740e-04
-7.085361285135149956e-04
3.012324217706918716e-03
-5.861949175596237183e-04
-1.833855174481868744e-03
-2.183627948397770524e-04
-2.275524748256430030e-04
1.760053681209683418e-03
5.130911595188081264e-04
3.484615590423345566e-03
-8.148152846843004227e-04
3.810655558481812477e-03
2.036625373875722289e-04
8.356559555977582932e-04
1.668949262239038944e-03
2.883574226871132851e-03
-1.539174816571176052e-03
-1.247680746018886566e-03
3.634585766121745110e-03
1.061802497133612633e-03
-1.338637783192098141e-03
2.787423087283968925e-03
4.920882056467235088e-04
-1.864217920228838921e-03
2.969766268506646156e-03
2.177646616473793983e-03
3.264216473326086998e-03
1.160677406005561352e-03
-1.620909199118614197e-03
-3.886020043864846230e-03
1.092799240723252296e-03
3.392872866243124008e-03
-1.814661198295652866e-03
3.350118175148963928e-03
-1.819029857870191336e-04
-5.261913174763321877e-04
-3.152639139443635941e-03
-2.698969794437289238e-03
3.189970972016453743e-03
-2.161004347726702690e-03
1.438929117284715176e-03
1.599751529283821583e-03
1.647499040700495243e-03
2.560392022132873535e-03
-1.700743450783193111e-03
-3.925208584405481815e-04
2.974396629724651575e-04
-2.773930551484227180e-03
-1.255583832971751690e-03
6.799626280553638935e-04
-1.971106277778744698e-03
2.617517602629959583e-04
-3.152098972350358963e-03
-2.691139932721853256e-03
-1.500994665548205376e-03
-9.179086191579699516e-04
-1.474198303185403347e-03
2.908325986936688423e-03
3.028820734471082687e-03
2.166149904951453209e-03
-2.823953516781330109e-03
3.659421578049659729e-03
2.261004410684108734e-03
1.494317431934177876e-03
9.741318062879145145e-04
-2.402254380285739899e-03
3.817426331806927919e-04
-2.686624648049473763e-03
-7.326971390284597874e-04
-3.788938745856285095e-03
-3.799892030656337738e-03
2.340448088943958282e-03
-1.689880737103521824e-03
3.066690405830740929e-03
-2.644595690071582794e-03
1.313752145506441593e-03
1.230576657690107822e-03
3.774628043174743652e-03
2.043958287686109543e-03
-4.954844480380415916e-04
-1.419313135556876659e-03
-1.799593213945627213e-03
3.392499638721346855e-03
1.548113999888300896e-03
3.530301619321107864e-03
-2.457465743646025658e-03
1.065866439603269100e-03
5.510050687007606030e-04
3.436618717387318611e-03
-3.842782462015748024e-03
-9.912662208080291748e-04
-3.635926172137260437e-03
-3.557038959115743637e-03
-1.748221926391124725e-03
3.106827381998300552e-03
2.193943597376346588e-03
-3.277628449723124504e-03
-1.239337143488228321e-03
-1.944968593306839466e-03
-2.139567804988473654e-04
-2.143249846994876862e-03
1.146398368291556835e-03
1.398397842422127724e-03
9.013256058096885681e-04
1.964014722034335136e-03
-3.209088928997516632e-03
-3.356326138600707054e-03
-1.125012757256627083e-03
9.756078943610191345e-04
-2.588985953480005264e-04
2.412900794297456741e-03
1.366104581393301487e-03
2.080495934933423996e-03
-2.042431151494383812e-03
-1.566021703183650970e-03
2.837890991941094398e-03
-1.637474400922656059e-03
2.693736227229237556e-03
-1.699850312434136868e-03
1.454526674933731556e-03
-1.888205879367887974e-03
-1.945008989423513412e-03
-3.395394189283251762e-03
-3.755161305889487267e-03
2.372700022533535957e-03
2.858061809092760086e-03
5.748489056713879108e-04
1.761953695677220821e-03
2.466446021571755409e-03
-9.048228967003524303e-04
2.555554267019033432e-03
-3.793857060372829437e-03
-1.909252256155014038e-03
-1.105237402953207493e-03
3.441469743847846985e-03
-2.749770646914839745e-03
-2.908487338572740555e-03
2.813484985381364822e-03
3.647614968940615654e-03
-3.786710090935230255e-03
6.444616010412573814e-04
-2.750117098912596703e-03
3.015176160261034966e-03
-1.848776941187679768e-03
-2.888120943680405617e-03
-3.785124048590660095e-03
-1.515179290436208248e-03
-1.851134351454675198e-03
-2.160916919820010662e-04
-3.157979110255837440e-03
2.950961468741297722e-03
-1.945243129739537835e-04
-5.635466077364981174e-04
3.638568523456342518e-05
-3.114189952611923218e-03
-1.670651254244148731e-04
-2.492903033271431923e-03
1.555130467750132084e-03
2.003367058932781219e-03
-1.799409859813749790e-03
-1.838101306930184364e-03
2.339970786124467850e-03
-2.942181192338466644e-03
3.707585623487830162e-03
-3.311973996460437775e-03
2.889761002734303474e-03
2.111481036990880966e-03
-2.733005385380238295e-05
-2.426518825814127922e-03
1.654528459766879678e-04
-1.384648960083723068e-03
-2.950751455500721931e-03
