-3.883690340444445610e-03
-1.509619411081075668e-03
2.158603863790631294e-03
-2.782932482659816742e-03
1.540034660138189793e-03
4.681317950598895550e-04
3.012567467521876097e-04
-1.926205237396061420e-03
9.957272413885220885e-05
3.537588985636830330e-03
-2.128581283614039421e-03
1.076493179425597191e-03
-1.273329136893153191e-03
2.902121981605887413e-03
3.886386286467313766e-03
-8.528070175088942051e-04
1.256170449778437614e-03
-2.931290538981556892e-03
-3.075216431170701981e-03
-1.636504312045872211e-03
-2.498093293979763985e-03
-1.898077665828168392e-03
-2.786700148135423660e-03
1.723857712931931019e-03
2.299251267686486244e-03
-1.284599566133692861e-04
-1.925635384395718575e-03
-1.898160437121987343e-03
-1.540665398351848125e-04
-3.087165998294949532e-03
3.172617405652999878e-03
-2.796474611386656761e-03
-3.246885724365711212e-03
1.103598391637206078e-03
2.390740206465125084e-03
-6.559347384609282017e-04
-3.800402162596583366e-03
2.999292337335646152e-05
3.865336999297142029e-03
1.295749563723802567e-03
-6.713229231536388397e-05
1.668373472057282925e-03
-7.389746024273335934e-04
-1.337889349088072777e-03
2.469685161486268044e-03
1.315147383138537407e-03
3.757112193852663040e-03
-1.764661632478237152e-03
-1.508113695308566093e-03
1.073801424354314804e-03
-1.192220952361822128e-04
5.771280266344547272e-04
1.889117178507149220e-03
-1.847270643338561058e-03
3.841048572212457657e-03
1.378595130518078804e-03
-1.837454619817435741e-04
9.857597760856151581e-04
-2.974628703668713570e-03
-1.415200298652052879e-03
2.376653719693422318e-03
6.573028513230383396e-04
-1.404355280101299286e-03
-1.337123103439807892e-03
-1.357902307063341141e-03
3.105147741734981537e-03
-3.585400525480508804e-03
2.818251028656959534e-03
-3.312268061563372612e-03
2.555763348937034607e-03
-2.871357835829257965e-03
3.868022002279758453e-03
-2.540155546739697456e-03
-4.459073243197053671e-04
-3.076539607718586922e-03
1.490185735747218132e-03
1.230085268616676331e-03
-1.636587316170334816e-03
-2.062423853203654289e-03
1.628953497856855392e-03
-1.609158935025334358e-03
-2.719611860811710358e-03
2.980428107548505068e-04
6.060948362573981285e-04
2.341484650969505310e-04
-1.273098518140614033e-03
-8.242420735768973827e-04
-2.861357992514967918e-03
1.277339179068803787e-03
-2.667170017957687378e-03
3.857853356748819351e-03
-3.494593081995844841e-03
9.719221270643174648e-04
3.204943845048546791e-03
8.254365529865026474e-04
-1.559751806780695915e-03
2.063323510810732841e-03
2.858753548935055733e-03
-1.047713914886116982e-03
-2.793750492855906487e-03
-1.143832341767847538e-04
7.652208441868424416e-04
-2.512423554435372353e-03
-6.705303094349801540e-04
3.659441601485013962e-03
-3.783625317737460136e-03
-2.046930138021707535e-03
-3.855027258396148682e-03
3.701822599396109581e-03
2.245657611638307571e-03
-1.586977741681039333e-03
-2.574945800006389618e-03
1.860430580563843250e-03
-1.194530515931546688e-03
2.306961454451084137e-03
3.445500740781426430e-03
1.794760581105947495e-03
-3.161463653668761253e-03
2.636403078213334084e-03
-1.615898916497826576e-03
2.559919841587543488e-03
-2.274623140692710876e-03
2.106787636876106262e-03
-2.780117793008685112e-03
5.847842548973858356e-04
4.046647227369248867e-04
2.943871950265020132e-04
1.658602850511670113e-03
4.605077556334435940e-04
4.286660623620264232e-05
-1.037085603456944227e-04
9.963784832507371902e-04
1.645384472794830799e-03
1.916003646329045296e-03
-1.987725263461470604e-03
-3.767078742384910583e-03
3.588079940527677536e-03
3.696788102388381958e-03
3.083272837102413177e-03
3.646013559773564339e-03
-3.560543293133378029e-03
-1.708174939267337322e-03
-2.189809456467628479e-03
-1.763255801051855087e-03
2.607791917398571968e-03
3.877328708767890930e-03
3.344630124047398567e-03
-1.813044305890798569e-03
6.915221456438302994e-04
-3.719748696312308311e-03
-1.360823400318622589e-03
-2.653814153745770454e-03
3.914997505489736795e-04
-4.454891895875334740e-04
3.540227422490715981e-03
3.806268505286425352e-04
2.542644040659070015e-03
2.613829215988516808e-03
-3.494119271636009216e-03
2.114431466907262802e-03
-3.992271376773715019e-04
2.626693109050393105e-03
1.030250103212893009e-03
1.042049261741340160e-03
-3.550323657691478729e-03
-2.816159976646304131e-03
1.606412348337471485e-03
-2.392286201938986778e-03
1.631349674426019192e-03
3.614165820181369781e-03
3.039384493604302406e-03
-6.551020196639001369e-04
2.562503213994204998e-04
3.176533849909901619e-03
-1.867078361101448536e-03
-2.639160957187414169e-03
3.423708258196711540e-03
1.192109426483511925e-03
-1.359216519631445408e-03
-3.034018212929368019e-03
-1.004867604933679104e-03
7.945497054606676102e-04
2.540956716984510422e-03
1.340546645224094391e-03
1.313052343903109431e-04
1.015682239085435867e-03
-1.780983875505626202e-03
3.069706493988633156e-03
1.074868952855467796e-03
2.233691280707716942e-03
2.072033006697893143e-03
1.755450735799968243e-03
3.415499348193407059e-03
2.812926424667239189e-03
-1.158885890617966652e-03
3.536430187523365021e-03
-3.621725831180810928e-03
-3.683183575049042702e-03
-2.975981449708342552e-03
1.235585077665746212e-03
6.045380141586065292e-04
1.195166376419365406e-03
1.757080666720867157e-03
-2.492994302883744240e-03
1.746117777656763792e-04
-4.600654065143316984e-04
3.550753928720951080e-03
3.796808887273073196e-03
-1.635681255720555782e-04
-6.804717704653739929e-04
-7.948692073114216328e-04
-1.417135586962103844e-03
-1.680664019659161568e-03
3.195208963006734848e-03
3.359553636983036995e-03
3.394318977370858192e-03
-2.872004406526684761e-04
2.028136281296610832e-03
3.110937774181365967e-03
-1.894241548143327236e-03
-3.856804687529802322e-03
-3.273799316957592964e-03
1.947643817402422428e-03
2.997683361172676086e-03
-2.630525501444935799e-03
-2.744183409959077835e-03
-1.208118628710508347e-03
-1.754589262418448925e-03
2.664070576429367065e-03
-2.611561911180615425e-03
2.303287619724869728e-03
-3.416458785068243742e-04
3.566983621567487717e-03
-9.525296045467257500e-04
-3.506379434838891029e-03
1.196136348880827427e-03
-1.459186314605176449e-03
-1.046158256940543652e-03
5.264711217023432255e-04
3.568468615412712097e-03
2.728786319494247437e-03
-4.647033056244254112e-04
3.478082362562417984e-04
3.427963005378842354e-03
-2.944118343293666840e-03
-2.288275631144642830e-03
5.124107701703906059e-04
9.183946531265974045e-04
3.738675732165575027e-04
8.412622264586389065e-05
-1.474825548939406872e-03
1.328627928160130978e-03
-2.140836557373404503e-03
1.820702687837183475e-03
7.824691710993647575e-04
4.922222578898072243e-04
