3.861567704007029533e-03
-1.184965949505567551e-03
-7.122876704670488834e-04
1.156647456809878349e-03
-3.516889119055122137e-04
-2.928627887740731239e-03
-2.112707625201437622e-05
-2.810017671436071396e-03
-1.900786301121115685e-03
3.334143257234245539e-04
2.858654130250215530e-03
-1.182742766104638577e-03
6.152280839160084724e-04
1.285676844418048859e-03
1.310260500758886337e-03
-1.791326649254187942e-04
-8.578317938372492790e-04
-2.662082202732563019e-03
-1.237268297700211406e-04
-6.209538551047444344e-04
1.041789655573666096e-03
-3.289547516033053398e-03
-3.156708044116385281e-05
1.139840693213045597e-03
1.528067863546311855e-03
9.461249574087560177e-04
1.109217642806470394e-03
6.339259562082588673e-04
3.519314108416438103e-03
3.349475329741835594e-03
-1.546116691315546632e-04
-2.431772416457533836e-03
5.835435586050152779e-04
-1.654259394854307175e-03
3.306974889710545540e-03
3.732847399078309536e-04
-1.925737713463604450e-03
-2.999937860295176506e-03
3.677248256281018257e-03
3.251387272030115128e-03
-1.100960886105895042e-03
1.061175367794930935e-03
-6.172466237330809236e-05
8.653144468553364277e-04
-8.629582007415592670e-04
9.150062396656721830e-05
-3.507293527945876122e-03
9.629466221667826176e-04
9.380729898111894727e-05
1.518053119070827961e-03
3.223854815587401390e-03
-8.507047896273434162e-04
-1.334876869805157185e-03
1.496964017860591412e-03
2.306836424395442009e-03
3.451073076575994492e-03
-7.021412020549178123e-04
1.011244952678680420e-03
1.405041082762181759e-03
2.180221636081114411e-04
2.294368110597133636e-03
-8.320195483975112438e-04
-1.057472545653581619e-03
3.015912137925624847e-03
1.953696599230170250e-03
1.780535676516592503e-03
1.596928923390805721e-03
2.262525027617812157e-03
-3.414641832932829857e-03
-5.704893846996128559e-04
3.602417884394526482e-03
1.879696646938100457e-04
-1.763376640155911446e-03
2.532499609515070915e-03
2.175841946154832840e-03
2.546805189922451973e-03
-7.991614984348416328e-04
3.300398122519254684e-03
1.286721439100801945e-03
-3.525337204337120056e-03
-2.545038238167762756e-03
1.882736920379102230e-03
-2.462008502334356308e-03
3.767167683690786362e-03
-2.476113149896264076e-03
-3.867046441882848740e-03
5.381148657761514187e-04
-1.899736234918236732e-03
-6.321867840597406030e-05
3.422077512368559837e-03
2.911365358158946037e-03
-2.435069996863603592e-03
3.566478146240115166e-03
-4.690999048762023449e-04
2.907939255237579346e-03
3.408406162634491920e-03
-1.259742421098053455e-03
2.757651498541235924e-03
1.643777708522975445e-03
-3.608648199588060379e-03
1.135931815952062607e-03
-2.951488597318530083e-03
-3.541497746482491493e-03
-1.739836996421217918e-03
1.797277014702558517e-03
-1.489534974098205566e-03
2.862803405150771141e-03
-2.637318568304181099e-03
3.691148012876510620e-03
-1.406095980200916529e-04
1.242819824256002903e-03
3.533428389346227050e-05
-3.800783772021532059e-03
3.439288411755114794e-04
-3.010652260854840279e-03
3.823973005637526512e-03
1.200835802592337132e-03
3.741878550499677658e-03
-5.374566899263300002e-05
3.075735643506050110e-03
-4.368778318166732788e-04
6.832237122580409050e-04
-3.084064461290836334e-03
2.136374358087778091e-03
3.379127010703086853e-03
-2.421611919999122620e-03
-3.351945197209715843e-04
-1.372721861116588116e-03
-2.230099635198712349e-03
-1.667213276959955692e-03
-1.078438945114612579e-04
6.253000465221703053e-04
6.814246298745274544e-04
-1.144651207141578197e-03
-1.979450229555368423e-03
-1.084788236767053604e-03
1.906975405290722847e-03
-3.367064520716667175e-03
-6.193741573952138424e-04
2.472656313329935074e-03
1.419068779796361923e-03
-1.454333891160786152e-03
-2.686908235773444176e-03
9.783859131857752800e-04
2.104528481140732765e-03
2.822484588250517845e-03
-2.888933522626757622e-03
-3.724402980878949165e-03
-1.150883850641548634e-03
1.465146313421428204e-03
3.303028875961899757e-03
-1.723529276205226779e-04
-2.221282571554183960e-03
-1.350826001726090908e-03
-3.653140971437096596e-03
3.399870591238141060e-03
3.108355915173888206e-03
-4.404192732181400061e-04
-3.366016549989581108e-03
-3.049590624868869781e-03
-2.569884527474641800e-04
-1.203292282298207283e-03
2.566079841926693916e-03
-1.773857860825955868e-03
-8.713064598850905895e-04
2.356105105718597770e-04
-1.887270947918295860e-03
-4.071461153216660023e-04
-2.345699816942214966e-03
-3.872788278385996819e-03
-3.465653862804174423e-03
-1.506219996372237802e-04
2.009048592299222946e-03
3.770781913772225380e-03
-3.204491222277283669e-03
-2.607901114970445633e-03
1.211823080666363239e-03
-2.605734160169959068e-03
3.725099377334117889e-03
-2.258758526295423508e-03
-2.932899631559848785e-03
-3.649414051324129105e-03
2.164423698559403419e-03
3.231259994208812714e-03
-3.507912158966064453e-03
-1.794147305190563202e-03
7.329336949624121189e-04
3.705705283209681511e-03
7.434569415636360645e-04
-1.912659732624888420e-03
-1.536345807835459709e-04
-3.885176731273531914e-03
-7.446185918524861336e-05
2.043347107246518135e-03
1.595490262843668461e-03
2.398228272795677185e-03
-2.796410815790295601e-03
1.067032921127974987e-03
7.290151552297174931e-04
2.677978714928030968e-03
-7.331657106988132000e-04
-2.957995282486081123e-03
8.667766815051436424e-04
-3.007416613399982452e-03
-1.145072397775948048e-03
3.513279603794217110e-03
-2.480944851413369179e-03
9.039407595992088318e-04
-2.924656728282570839e-03
7.914700545370578766e-04
-1.246601575985550880e-03
-1.588098122738301754e-03
-3.522080078255385160e-04
9.587130043655633926e-04
-2.492026193067431450e-03
6.200681091286242008e-04
-1.114479266107082367e-03
3.304402753201429732e-06
1.847774372436106205e-03
6.081986357457935810e-04
-7.815562421455979347e-04
-1.316483947448432446e-03
3.217711579054594040e-03
-6.397657853085547686e-05
-1.938788627739995718e-04
9.403761214343830943e-05
-3.749591298401355743e-03
1.456182100810110569e-03
-1.571346540004014969e-03
-3.777872305363416672e-03
3.412003628909587860e-03
-1.188293914310634136e-03
2.331134863197803497e-03
8.310303674079477787e-04
-3.144003683701157570e-03
-2.451736479997634888e-03
4.865272203460335732e-04
2.043825341388583183e-03
1.017917646095156670e-03
3.096997737884521484e-03
-7.393948180833831429e-06
-1.803286868380382657e-04
2.430137246847152710e-03
2.684218576177954674e-03
-2.739337505772709846e-04
-1.941940863616764545e-03
3.455232363194227219e-03
-3.232092829421162605e-03
1.989325101021677256e-04
3.107836702838540077e-03
-1.269268570467829704e-03
3.768018679693341255e-03
7.806515204720199108e-04
-1.593573135323822498e-03
-3.072693711146712303e-03
-1.684390939772129059e-03
