3.217840567231178284e-03
9.499657899141311646e-04
-3.417197382077574730e-03
-1.364274765364825726e-03
2.498184621799737215e-04
3.353827400133013725e-03
1.795947784557938576e-03
1.234373776242136955e-03
1.371380174532532692e-03
-2.542482921853661537e-03
-1.416372018866240978e-03
2.027547918260097504e-03
-3.717025509104132652e-03
3.615854366216808558e-04
3.889627754688262939e-03
3.564689308404922485e-03
-2.890460425987839699e-03
-2.332340372959151864e-04
-3.711664117872714996e-03
5.597143899649381638e-04
1.765194232575595379e-03
1.539229531772434711e-03
-2.116143470630049706e-03
-8.656304562464356422e-04
-3.187207505106925964e-03
-2.334847347810864449e-03
-3.540756180882453918e-03
-1.627800869755446911e-03
1.672156737186014652e-03
-1.905531098600476980e-04
-2.894930657930672169e-04
-1.305409823544323444e-03
-1.856048125773668289e-03
-7.289508357644081116e-04
3.639166476204991341e-03
-2.992433437611907721e-04
-2.309170784428715706e-03
-1.394679071381688118e-03
3.681127680465579033e-03
2.352244919165968895e-03
-3.251438261941075325e-03
-3.863796126097440720e-03
3.114818595349788666e-03
-2.350109280087053776e-04
2.264284063130617142e-03
2.494144253432750702e-03
2.869127551093697548e-03
2.971317851915955544e-03
5.078141693957149982e-04
2.801840892061591148e-04
-2.433016663417220116e-03
-2.230161568149924278e-03
-7.597395451739430428e-04
2.269486431032419205e-03
8.588722557760775089e-04
-3.290672320872545242e-03
-7.641550037078559399e-04
-1.202415674924850464e-03
-9.738701191963627934e-05
3.800561418756842613e-03
-3.834037343040108681e-04
-1.706382608972489834e-03
7.209572941064834595e-04
-3.194018732756376266e-03
5.582951707765460014e-04
1.382304471917450428e-03
1.372812897898256779e-03
-3.885694080963730812e-03
-2.073099603876471519e-03
3.805539105087518692e-03
2.827439457178115845e-03
-1.054229564033448696e-03
-4.441866476554423571e-04
-4.150622698944061995e-04
-2.274295547977089882e-03
-1.325491932220757008e-03
3.611341351643204689e-03
-1.086322357878088951e-03
3.071098588407039642e-03
-1.900447416119277477e-03
1.072664672392420471e-04
1.195311560877598822e-04
3.746470669284462929e-03
-2.281683497130870819e-03
-1.670350669883191586e-03
8.797346381470561028e-04
1.251730835065245628e-03
2.215240616351366043e-03
1.102875452488660812e-03
-6.980284233577549458e-04
7.721584406681358814e-04
-1.307234284467995167e-03
-3.130149096250534058e-03
-7.919736090116202831e-04
2.976600313559174538e-03
-3.525861538946628571e-03
1.418053288944065571e-03
-6.489771767519414425e-04
-2.262500580400228500e-03
1.882857526652514935e-03
-1.560532720759510994e-03
7.130349986255168915e-04
-3.811367088928818703e-03
1.270058797672390938e-03
2.991799963638186455e-03
1.135638565756380558e-03
-3.866323269903659821e-03
2.661525737494230270e-03
-6.995674921199679375e-04
7.038056501187384129e-04
3.407501382753252983e-03
1.161285443231463432e-03
3.307508537545800209e-03
9.234900935553014278e-04
-3.871113585773855448e-04
-3.857418196275830269e-03
3.340251045301556587e-03
1.062043593265116215e-04
3.330040024593472481e-03
-3.485344583168625832e-03
-2.121212659403681755e-03
9.770537726581096649e-04
-1.230418565683066845e-03
-1.667867065407335758e-03
-9.105355275096371770e-05
-1.565912389196455479e-04
2.931185299530625343e-03
8.413825416937470436e-04
-8.397435303777456284e-04
-3.326800419017672539e-03
2.681076759472489357e-03
-1.022940035909414291e-03
-3.198536811396479607e-03
3.708964912220835686e-03
-8.237078436650335789e-04
2.961308462545275688e-03
3.075354499742388725e-03
3.630299353972077370e-03
-3.376642940565943718e-03
-2.326986519619822502e-03
8.951157360570505261e-05
1.460340339690446854e-03
3.414672333747148514e-03
1.633333857171237469e-03
2.197721041738986969e-03
-1.043605851009488106e-03
1.200168393552303314e-03
1.337079331278800964e-03
-3.179602790623903275e-03
8.074893848970532417e-04
3.789165522903203964e-03
-3.281910205259919167e-03
-6.923246546648442745e-04
3.468167735263705254e-03
-2.232247963547706604e-03
-2.162606688216328621e-03
3.575595910660922527e-04
2.816447988152503967e-03
-2.273667603731155396e-03
2.974856470245867968e-04
-3.001873381435871124e-03
-1.760259270668029785e-03
3.353555919602513313e-03
-3.592252964153885841e-03
-9.203578520100563765e-05
3.795938100665807724e-03
-2.268300391733646393e-03
-1.124940346926450729e-03
-1.688834046944975853e-03
1.818104647099971771e-03
-2.224232535809278488e-03
-7.523760432377457619e-04
-3.611942986026406288e-03
1.369906240142881870e-03
-1.586530008353292942e-03
-2.736905007623136044e-04
-3.150046570226550102e-03
-2.122961450368165970e-03
-6.922868196852505207e-04
-2.289366908371448517e-03
-3.411891637369990349e-03
-2.737769624218344688e-03
-1.112842350266873837e-03
-1.399150351062417030e-03
3.760514082387089729e-03
3.678277833387255669e-03
-1.527051354059949517e-04
-2.261715126223862171e-04
-3.586309961974620819e-03
3.880990669131278992e-03
-2.680713776499032974e-03
-1.555040013045072556e-03
2.966823056340217590e-03
-4.307678027544170618e-04
3.341418690979480743e-03
2.789654245134443045e-04
-1.855630194768309593e-03
-3.579992102459073067e-03
-5.071573541499674320e-04
1.238619792275130749e-03
9.313444024883210659e-04
-3.433338133618235588e-03
3.663956886157393456e-04
-3.162505105137825012e-03
-2.553476660978049040e-04
-1.967326272279024124e-03
1.998419174924492836e-03
3.739573992788791656e-03
-2.223317977041006088e-03
1.329886261373758316e-03
-1.931125414557754993e-03
-2.932978793978691101e-03
3.492420306429266930e-03
-2.862819470465183258e-03
1.355455169687047601e-04
5.326467799022793770e-04
1.678149448707699776e-03
-3.731544129550457001e-03
2.093064133077859879e-03
-3.022319171577692032e-03
-3.348812460899353027e-03
8.412980823777616024e-04
-6.124544888734817505e-04
2.289176685735583305e-03
2.259605098515748978e-04
-5.806501721963286400e-04
8.105119923129677773e-04
-1.920714974403381348e-03
-1.328756683506071568e-03
2.966656582430005074e-03
2.637679222971200943e-03
-1.630477840080857277e-03
-1.548415893921628594e-04
-3.491260111331939697e-03
2.903863321989774704e-03
3.687753807753324509e-03
7.165018469095230103e-04
-2.105761319398880005e-03
-3.184432862326502800e-03
-1.365398056805133820e-03
1.339699025265872478e-03
2.224640920758247375e-03
2.034933306276798248e-03
1.711247139610350132e-03
-2.610269933938980103e-03
1.927970093674957752e-03
-4.527186974883079529e-04
2.951298141852021217e-03
3.940490714740008116e-04
2.851087134331464767e-03
7.198037928901612759e-04
-3.704381873831152916e-03
8.732218411751091480e-04
6.918128929100930691e-04
1.366352313198149204e-03
-2.116323681548237801e-03
