2.568939002230763435e-03
-1.027047692332416773e-04
2.814027713611721992e-03
-9.823045693337917328e-04
-2.998625859618186951e-03
3.546495456248521805e-03
-1.691968645900487900e-03
2.720600226894021034e-03
3.221234539523720741e-03
-4.562733229249715805e-04
3.805868793278932571e-03
2.561395987868309021e-03
-3.656109562143683434e-03
-2.666925080120563507e-03
9.654271998442709446e-04
-1.654244260862469673e-03
2.102974336594343185e-03
-9.296998032368719578e-04
1.236836891621351242e-03
-5.375351174734532833e-04
-1.737656071782112122e-03
-8.811481529846787453e-04
-3.084866097196936607e-03
1.395815866999328136e-03
-2.024910179898142815e-03
-3.338981186971068382e-03
-1.209839130751788616e-03
1.979439985007047653e-03
-2.552953956183046103e-04
2.417868701741099358e-03
1.411195611581206322e-03
-3.730469150468707085e-03
8.951291092671453953e-04
1.692699850536882877e-03
6.126041407696902752e-04
-2.930970396846532822e-03
-2.832118421792984009e-03
9.998905006796121597e-04
2.371364505961537361e-03
-2.654006471857428551e-03
1.262388774193823338e-03
3.273176029324531555e-03
-3.684180788695812225e-03
-2.947297180071473122e-03
2.472722437232732773e-03
1.008987659588456154e-03
1.956758787855505943e-03
3.077273868257179856e-05
-5.820892984047532082e-04
-3.050843719393014908e-03
2.728724852204322815e-03
-1.981586450710892677e-03
-2.236516214907169342e-03
-2.253520506201311946e-06
1.057086745277047157e-03
-3.256652737036347389e-03
1.846944447606801987e-03
-2.653421543072909117e-04
5.293548456393182278e-04
-3.342723706737160683e-03
2.371220383793115616e-03
3.359676338732242584e-03
1.157068065367639065e-03
5.530578782781958580e-04
-8.820372750051319599e-04
3.761118045076727867e-03
9.665330871939659119e-04
-1.509400899522006512e-03
3.573722904548048973e-03
6.200447096489369869e-04
2.060114406049251556e-03
4.472380096558481455e-04
1.834659051382914186e-04
2.600903157144784927e-03
-3.195693250745534897e-03
-3.061549738049507141e-03
-1.129259704612195492e-03
-1.918817521072924137e-03
-2.615901641547679901e-03
-2.093116287142038345e-03
-1.726603601127862930e-03
-3.893496235832571983e-03
6.887249764986336231e-04
3.179097548127174377e-03
2.489530248567461967e-03
6.488686776719987392e-04
-4.361721221357584000e-05
-7.330895750783383846e-04
3.813566872850060463e-03
-7.156465435400605202e-04
3.293586429208517075e-03
2.477200236171483994e-03
-6.751359705958748236e-06
1.678400672972202301e-03
3.075061249546706676e-04
2.902251668274402618e-03
1.091280209948308766e-04
-3.360213711857795715e-03
-3.785460023209452629e-03
-1.735894475132226944e-03
-1.305460813455283642e-03
3.821938531473278999e-03
2.836558036506175995e-03
1.778544392436742783e-03
-1.996534876525402069e-03
1.649939455091953278e-03
-1.522049424238502979e-03
-1.674992847256362438e-03
-9.211965952999889851e-04
-1.380388741381466389e-03
2.002608729526400566e-03
1.007080281851813197e-04
2.380958030698820949e-04
-3.535361960530281067e-03
3.015110036358237267e-03
2.679467143025249243e-04
3.623407101258635521e-03
-1.086024101823568344e-03
-1.310254883719608188e-04
-4.104968102183192968e-04
3.056055866181850433e-03
-1.936038257554173470e-03
-4.687158507294952869e-04
2.696201670914888382e-03
2.070219721645116806e-03
2.889165189117193222e-03
-1.783861662261188030e-03
-2.612223383039236069e-03
-1.055982429534196854e-03
-2.894418779760599136e-03
-8.242257172241806984e-04
8.185346378013491631e-04
9.603694197721779346e-04
1.333681051619350910e-03
-1.637197914533317089e-03
-2.060794038698077202e-03
-3.540485864505171776e-03
-3.191376104950904846e-03
9.290893794968724251e-04
-2.833265578374266624e-03
-3.466749622020870447e-04
-1.424107234925031662e-03
-2.980655059218406677e-03
-2.737912815064191818e-03
3.219501813873648643e-03
-2.217754721641540527e-03
-3.736355574801564217e-03
1.841273478930816054e-04
-2.827206859365105629e-03
-1.873807632364332676e-03
-2.428250154480338097e-03
1.372261176584288478e-04
3.642974654212594032e-03
-3.035158850252628326e-03
-1.603875309228897095e-03
1.311210333369672298e-03
2.566043753176927567e-03
1.282232464291155338e-03
-2.540193265303969383e-03
2.167592290788888931e-03
3.726840717718005180e-03
3.157588420435786247e-03
3.418096748646348715e-04
1.021563773974776268e-03
-2.678123768419027328e-03
-6.561646587215363979e-04
-5.532157374545931816e-04
-3.700717585161328316e-03
8.750734268687665462e-04
-2.659259829670190811e-03
-5.385202821344137192e-04
-1.203384366817772388e-03
-9.070954401977360249e-04
-2.412042813375592232e-03
8.733234135434031487e-04
1.322513417107984424e-04
-6.119026802480220795e-04
-2.863165922462940216e-03
-3.564566606655716896e-03
3.313728841021656990e-03
1.978473155759274960e-04
2.151611028239130974e-03
-3.823797916993498802e-03
-3.643786301836371422e-03
-1.076511340215802193e-03
3.658737987279891968e-03
2.946308115497231483e-03
1.113804872147738934e-03
2.971202193293720484e-04
-3.512457711622118950e-03
-1.916902838274836540e-03
-2.452353946864604950e-03
-2.569336676970124245e-03
3.170918673276901245e-03
-3.888500155881047249e-03
8.194291731342673302e-04
-2.621624851599335670e-03
7.220425322884693742e-05
-1.980630680918693542e-03
-2.391511341556906700e-03
6.242307135835289955e-04
-1.724355155602097511e-03
3.832692280411720276e-03
1.144382986240088940e-04
-9.746925206854939461e-04
3.342071780934929848e-03
3.133208723738789558e-03
-2.558004343882203102e-03
-2.589146373793482780e-03
-2.647071843966841698e-03
1.624180586077272892e-03
3.706014482304453850e-03
-1.786436070688068867e-03
-2.285260474309325218e-03
-2.534115687012672424e-03
1.784185529686510563e-03
-8.950076298788189888e-04
-1.031033694744110107e-03
-3.740529995411634445e-03
-3.269386943429708481e-03
-2.034030156210064888e-03
-2.035145880654454231e-04
-1.713933888822793961e-04
-4.133985494263470173e-04
-6.998258177191019058e-04
3.172563621774315834e-03
-2.411475172266364098e-03
-3.538669261615723372e-04
-2.484864089637994766e-03
-1.769319525919854641e-03
3.076612483710050583e-03
-6.683659739792346954e-04
-3.278034273535013199e-03
3.682562615722417831e-03
2.711053239181637764e-03
-2.681978046894073486e-03
5.541821010410785675e-04
-1.460456260247156024e-04
-6.401251885108649731e-04
4.051315772812813520e-04
-2.933354815468192101e-03
-5.658121663145720959e-04
-3.532601986080408096e-03
3.062322211917489767e-04
-5.208900547586381435e-04
-3.864213591441512108e-03
-9.918756404658779502e-06
2.644872292876243591e-03
3.666270757094025612e-03
1.090031932108104229e-03
2.463914919644594193e-03
-6.847325130365788937e-04
1.586686470545828342e-03
-3.690673038363456726e-03
-3.813716815784573555e-03
9.168181568384170532e-04
