1.893954467959702015e-03
1.926250872202217579e-03
2.540496352594345808e-04
-3.880569012835621834e-03
-3.522767219692468643e-03
-1.698631560429930687e-03
5.758992047049105167e-04
-6.232688319869339466e-04
2.778028370812535286e-03
3.082101233303546906e-03
2.580395434051752090e-03
-2.852026955224573612e-04
2.445638878270983696e-03
3.559498814865946770e-03
2.562588779255747795e-03
-2.066681860014796257e-03
-1.372459810227155685e-03
-1.805859035812318325e-03
-2.426318824291229248e-03
-9.601566125638782978e-04
3.249620785936713219e-03
2.198606816818937659e-04
1.630011596716940403e-03
1.665447955019772053e-03
-1.103205140680074692e-03
-2.807777374982833862e-03
-2.356852637603878975e-03
2.028349990723654628e-04
3.138437168672680855e-03
-1.038026384776458144e-04
-2.156235044822096825e-03
3.269177395850419998e-03
1.524683786556124687e-03
7.460424676537513733e-04
1.056186272762715816e-03
9.864432504400610924e-04
-3.206881694495677948e-03
-2.172861015424132347e-03
-1.020915922708809376e-03
5.114997838973067701e-05
-3.489690599963068962e-03
1.395507832057774067e-03
2.211045008152723312e-03
3.136407816782593727e-03
-2.443494508042931557e-03
1.030193641781806946e-03
5.177239654585719109e-04
-6.744420388713479042e-04
-8.074016659520566463e-04
2.499577589333057404e-03
6.333015626296401024e-04
-1.637912355363368988e-04
2.307202201336622238e-03
-1.363026793114840984e-03
-2.195018110796809196e-03
1.902057323604822159e-03
6.280193920247256756e-04
-3.492703661322593689e-03
-2.960642799735069275e-03
-1.077511580660939217e-03
1.369033823721110821e-03
-1.965691102668642998e-03
1.851434935815632343e-03
-3.400899004191160202e-04
-2.013547113165259361e-03
-5.409992299973964691e-04
1.867608982138335705e-03
-5.605965270660817623e-04
2.530409721657633781e-03
-6.249186699278652668e-04
2.494846703484654427e-03
-3.227567067369818687e-03
-8.853986510075628757e-04
1.730341464281082153e-03
2.284776186570525169e-03
-3.446810005698353052e-04
4.368141817394644022e-04
2.651921240612864494e-03
3.446206916123628616e-03
1.067718258127570152e-03
1.030617277137935162e-04
1.095390995033085346e-03
1.504761981777846813e-03
2.467058366164565086e-03
7.348540239036083221e-04
-3.736639162525534630e-03
3.840869525447487831e-03
-9.168650140054523945e-04
8.877243963070213795e-04
-2.475904300808906555e-03
-3.809266956523060799e-03
3.126326482743024826e-03
-6.405208259820938110e-04
-1.957520842552185059e-03
-4.680233541876077652e-04
1.307002152316272259e-03
1.683506532572209835e-03
-7.134549668990075588e-04
-3.386493772268295288e-03
7.889627595432102680e-04
2.667475957423448563e-03
-1.335751963779330254e-03
2.365359338000416756e-03
-1.582512486493214965e-04
-3.172819968312978745e-03
2.913875272497534752e-03
2.561366651207208633e-03
-2.211851067841053009e-03
-2.969629596918821335e-03
3.379441041033715010e-04
3.288775915279984474e-03
2.932211384177207947e-03
3.854410606436431408e-04
-8.513495558872818947e-04
-1.135413069278001785e-03
1.336572575382888317e-03
6.378591060638427734e-04
-3.466402878984808922e-03
-3.318232775200158358e-04
1.272660563699901104e-03
-1.725896727293729782e-03
1.898397691547870636e-03
-1.942020608112215996e-03
-1.716934842988848686e-03
-2.565107308328151703e-03
-2.602068416308611631e-04
6.897564162500202656e-04
-2.304840134456753731e-03
2.832355443388223648e-03
2.220994094386696815e-03
-2.788072684779763222e-03
-3.176650032401084900e-03
1.863735960796475410e-03
2.806779928505420685e-03
1.679151173448190093e-04
4.167553561273962259e-04
-2.127558225765824318e-03
1.179089187644422054e-03
-5.146094918018206954e-05
2.928125672042369843e-03
-2.340533101232722402e-04
-2.669587731361389160e-03
3.324217861518263817e-03
2.657275414094328880e-03
-1.750116352923214436e-03
-3.087340446654707193e-04
-3.094723680987954140e-03
-3.094812156632542610e-03
-2.371174748986959457e-03
-1.678359345532953739e-03
-5.760729545727372169e-04
2.230128848168533295e-05
-3.362566465511918068e-03
8.676248253323137760e-04
4.175651411060243845e-04
-3.830819390714168549e-03
-3.234502859413623810e-03
4.512293671723455191e-04
-2.738955896347761154e-03
1.915543572977185249e-03
2.848763717338442802e-03
-3.086953423917293549e-03
-1.625971985049545765e-03
-5.252736737020313740e-04
-1.077466527931392193e-03
2.570165786892175674e-03
5.651717074215412140e-04
-2.683573402464389801e-03
2.164633711799979210e-03
2.525267424061894417e-03
-1.468351343646645546e-03
2.039486309513449669e-03
3.302842145785689354e-03
2.491376362740993500e-03
3.638098482042551041e-03
2.978746313601732254e-03
-1.880537718534469604e-03
2.441146411001682281e-03
-2.189788501709699631e-03
-2.008498413488268852e-03
3.842312376946210861e-03
-3.199715632945299149e-03
-5.634787521557882428e-05
-2.668526489287614822e-03
-2.295327372848987579e-03
1.737329876050353050e-03
-3.742108587175607681e-03
-2.340072998777031898e-03
-3.209639107808470726e-04
-1.666456926614046097e-03
-4.677170072682201862e-04
-1.077447319403290749e-03
1.009615603834390640e-03
-9.386565652675926685e-04
2.874254947528243065e-03
1.726982882246375084e-03
-1.157566788606345654e-03
-1.333021791651844978e-03
2.870115218684077263e-03
-3.391023958101868629e-03
3.015461610630154610e-03
-1.937629131134599447e-04
1.678662374615669250e-03
-1.822268357500433922e-03
3.521863371133804321e-03
-3.512616036459803581e-03
9.539267630316317081e-04
-3.541568061336874962e-03
5.840934463776648045e-04
2.132781373802572489e-04
-1.721272594295442104e-03
1.075545791536569595e-03
-1.090556732378900051e-03
2.861726796254515648e-03
-3.831580514088273048e-03
-2.692013047635555267e-03
8.410365262534469366e-05
1.426959410309791565e-03
3.706666175276041031e-04
3.889692248776555061e-03
2.202437724918127060e-03
-2.665368607267737389e-03
2.294816542416810989e-03
4.264028393663465977e-04
-8.295122534036636353e-04
2.995386021211743355e-03
2.069027163088321686e-03
2.488889265805482864e-03
-2.472995780408382416e-03
2.692401176318526268e-04
2.517877845093607903e-03
-2.148934407159686089e-03
1.211417489685118198e-03
2.405708219157531857e-04
-6.860081921331584454e-04
-6.606329698115587234e-04
1.022171112708747387e-03
1.714455895125865936e-03
5.291876732371747494e-06
-1.753194024786353111e-03
-2.299867803230881691e-03
3.229348221793770790e-04
-1.590920030139386654e-03
-3.632398787885904312e-03
-1.404299167916178703e-03
-1.247582549694925547e-04
2.719034906476736069e-03
1.513261231593787670e-03
1.215001102536916733e-03
5.204827175475656986e-04
-1.949238590896129608e-03
-1.769249356584623456e-04
-1.681987778283655643e-03
-9.194628219120204449e-04
-1.962408423423767090e-03
2.006137976422905922e-03
