2.461420139297842979e-03
1.710915355943143368e-03
2.753010019659996033e-03
-3.409153781831264496e-03
1.199151622131466866e-03
-2.135390182957053185e-03
-2.485456177964806557e-03
1.056439359672367573e-03
-8.754237787798047066e-04
6.758676609024405479e-04
-3.337559755891561508e-03
2.096189884468913078e-03
-8.283209172077476978e-04
-1.396507956087589264e-03
-4.639349062927067280e-04
-5.408311262726783752e-04
-1.655949512496590614e-03
5.502186249941587448e-04
2.052044495940208435e-03
-8.692201809026300907e-04
3.704996081069111824e-03
-2.120416378602385521e-03
2.455376787111163139e-03
2.066031331196427345e-03
-1.458418904803693295e-03
1.279019488720223308e-04
-2.635681536048650742e-03
5.155208637006580830e-04
-2.128412248566746712e-03
3.170269075781106949e-03
-1.527956454083323479e-03
-3.878216026350855827e-03
-3.167224349454045296e-03
2.243197523057460785e-03
-9.041086304932832718e-04
1.740299980156123638e-03
3.182102460414171219e-03
3.198907943442463875e-03
1.125884475186467171e-03
-3.306269036329467781e-06
3.325082827359437943e-03
9.750439785420894623e-04
3.807591041550040245e-03
-1.699283951893448830e-03
3.206203924492001534e-03
1.187319750897586346e-03
-3.644943935796618462e-03
1.632947707548737526e-03
3.715471597388386726e-03
8.794774184934794903e-04
-2.807474462315440178e-03
3.476409008726477623e-03
2.214296953752636909e-03
-5.222494291956536472e-05
-1.068136305548250675e-03
-1.891013816930353642e-03
2.163927070796489716e-03
1.439049956388771534e-03
2.500999951735138893e-03
-1.084601623006165028e-03
2.724409336224198341e-03
-2.077053999528288841e-03
3.679892513900995255e-03
-5.700370529666543007e-04
-3.075627377256751060e-03
1.241890364326536655e-03
2.152745611965656281e-03
3.511980758048593998e-04
1.352987485006451607e-03
-1.804028404876589775e-03
3.116308012977242470e-03
-2.764835488051176071e-03
2.333357231691479683e-03
2.882463159039616585e-03
-5.567086627706885338e-04
-3.470370778813958168e-03
1.483149360865354538e-03
-1.488341717049479485e-03
9.556807926855981350e-04
-1.638108049519360065e-03
2.261730842292308807e-03
-2.347167581319808960e-03
-6.753065390512347221e-04
-3.580986522138118744e-04
-2.000283682718873024e-03
-6.092079565860331059e-04
-1.387954805977642536e-03
1.010104082524776459e-03
-2.122336067259311676e-03
2.839361550286412239e-03
-2.662232844159007072e-03
-3.151809098199009895e-03
1.564028789289295673e-03
2.462333533912897110e-03
-2.953486284241080284e-03
-2.180064562708139420e-03
3.656107583083212376e-04
3.602369397412985563e-04
1.447135815396904945e-03
9.998402092605829239e-04
-1.907825120724737644e-03
-2.579621272161602974e-03
-3.646825673058629036e-03
2.129175001755356789e-03
-3.468795039225369692e-04
2.786610741168260574e-03
-3.104496281594038010e-04
-1.222526072524487972e-03
-2.353576011955738068e-03
2.638570731505751610e-03
2.086639869958162308e-03
3.753141732886433601e-03
1.629429403692483902e-03
-2.231722231954336166e-03
-1.166595495305955410e-03
-1.749329821905121207e-04
3.083179937675595284e-03
-8.694516145624220371e-04
-3.386299358680844307e-03
1.680183340795338154e-03
3.082006238400936127e-03
2.737512579187750816e-03
-8.217571303248405457e-04
1.566521939821541309e-03
-3.414560807868838310e-03
6.703321705572307110e-04
-1.223562285304069519e-03
3.324579913169145584e-03
1.198921236209571362e-03
1.905730459839105606e-03
-3.162025532219558954e-04
2.513074083253741264e-03
-7.485083187930285931e-04
-1.501833554357290268e-03
-2.935866359621286392e-03
1.827174273785203695e-04
-2.412563422694802284e-03
-2.635612618178129196e-03
3.751248586922883987e-03
-1.110614044591784477e-03
-1.377733075059950352e-03
-2.708957297727465630e-03
2.090412657707929611e-03
-2.353536663576960564e-03
3.136640647426247597e-03
9.897022973746061325e-04
-2.668612869456410408e-03
2.068024128675460815e-03
1.903080381453037262e-03
-2.984196878969669342e-03
-9.320124518126249313e-04
-1.467537484131753445e-03
-3.800444304943084717e-03
-1.209166599437594414e-03
-4.997928626835346222e-04
1.071338076144456863e-03
-1.865308033302426338e-03
1.865276251919567585e-03
1.881769858300685883e-04
-2.597179030999541283e-03
1.141327433288097382e-03
-3.190219867974519730e-03
3.379323286935687065e-03
-5.501913838088512421e-04
-2.107035135850310326e-03
-1.894210465252399445e-03
3.194360760971903801e-03
3.219274571165442467e-03
1.712848548777401447e-03
-1.264132675714790821e-03
-3.579964628443121910e-03
-3.292749403044581413e-03
3.694247454404830933e-03
2.497063716873526573e-03
-1.056656357832252979e-03
-2.083999337628483772e-03
3.580117365345358849e-03
-1.303925178945064545e-03
-2.197264257119968534e-04
-3.658203058876097202e-04
-2.737167291343212128e-03
1.462319516576826572e-03
1.904162927530705929e-03
-3.198576159775257111e-04
-2.747896127402782440e-03
-7.299552671611309052e-04
-3.421318950131535530e-03
-1.504467218182981014e-03
-2.699018921703100204e-03
3.568049985915422440e-03
1.298857969231903553e-03
4.197391099296510220e-04
1.168019371107220650e-03
2.366298111155629158e-03
-5.923292483203113079e-04
2.915540942922234535e-03
-3.180252620950341225e-03
-3.821266349405050278e-03
2.241852926090359688e-03
-3.367439378052949905e-03
-3.117437707260251045e-03
1.426773844286799431e-03
2.511119470000267029e-03
-2.660100581124424934e-03
-3.434603422647342086e-05
3.286881837993860245e-03
-2.990706125274300575e-03
-3.032283857464790344e-03
-6.572710117325186729e-04
3.302406519651412964e-03
3.139037638902664185e-03
-4.799651505891233683e-04
-3.524442203342914581e-03
2.490494225639849901e-04
-1.389420591294765472e-03
1.623687567189335823e-03
3.534139599651098251e-03
1.453190343454480171e-03
2.870726864784955978e-03
-3.641764051280915737e-04
2.478873590007424355e-03
1.901431125588715076e-03
5.196258425712585449e-04
-2.036678604781627655e-03
-2.309559844434261322e-03
2.354932716116309166e-03
1.627753721550107002e-03
3.287326311692595482e-03
-2.632238669320940971e-03
-1.692856778390705585e-03
-2.456933492794632912e-03
1.010908046737313271e-03
-3.905642079189419746e-03
3.871239488944411278e-03
6.818693946115672588e-04
-3.405652474611997604e-03
-1.857005525380373001e-03
2.397817326709628105e-03
7.455755257979035378e-04
1.467844558646902442e-04
1.701604458503425121e-03
3.255740040913224220e-03
-1.239463890669867396e-04
-2.547822427004575729e-03
-3.890773514285683632e-03
3.667722921818494797e-03
-1.012904453091323376e-03
-3.333625150844454765e-03
-6.842693546786904335e-04
-2.815853338688611984e-03
1.407736679539084435e-03
-2.902864711359143257e-03
-3.831836860626935959e-03
-3.045567311346530914e-03
2.957531949505209923e-03
3.053491469472646713e-03
