-9.610636043362319469e-04
-3.468924202024936676e-03
-2.989459782838821411e-03
-5.626475322060286999e-04
2.936183707788586617e-03
1.752322656102478504e-03
2.886986185330897570e-04
1.508244080469012260e-03
2.739312360063195229e-03
-1.563430996611714363e-03
-7.785214111208915710e-04
1.371535938233137131e-03
-7.693707593716681004e-04
1.456930185668170452e-03
1.591711072251200676e-03
-1.470624119974672794e-03
1.525095198303461075e-03
-3.580612363293766975e-03
3.770693903788924217e-03
9.650061838328838348e-04
-1.663443632423877716e-03
-4.281390574760735035e-04
2.277323743328452110e-03
-3.587744431570172310e-03
-1.300615025684237480e-03
-2.934748539701104164e-03
-2.290106378495693207e-03
3.538248420227319002e-04
-3.509955713525414467e-03
9.852559305727481842e-04
1.656452193856239319e-03
-3.266559448093175888e-03
-3.716473700478672981e-03
1.444307388737797737e-03
-1.797094359062612057e-03
3.590141132008284330e-04
9.000677528092637658e-05
-6.940024904906749725e-04
3.593160072341561317e-03
3.704485483467578888e-03
3.594183828681707382e-03
6.933825206942856312e-04
2.324326196685433388e-03
2.580451080575585365e-03
2.030936768278479576e-03
2.103763865306973457e-03
-1.542233512736856937e-03
2.502444840501993895e-04
1.992801669985055923e-03
2.607982372865080833e-03
1.658687950111925602e-03
1.404430484399199486e-03
2.454157918691635132e-03
-3.887853818014264107e-03
3.576383925974369049e-03
-8.391861920244991779e-04
-1.847314066253602505e-03
-3.219761420041322708e-03
6.315096979960799217e-04
9.364604484289884567e-04
-3.516780907375505194e-06
-1.361608854494988918e-03
3.520539496093988419e-03
1.513078459538519382e-03
-4.313914687372744083e-04
-2.248062985017895699e-03
-1.218683202750980854e-03
-3.315340261906385422e-03
-2.579324180260300636e-03
1.424492220394313335e-03
-3.852012567222118378e-03
-3.087169257923960686e-03
1.325609395280480385e-03
-8.696669829078018665e-04
3.571013221517205238e-03
2.658079611137509346e-03
-1.227667555212974548e-03
-1.786650973372161388e-04
-1.245209947228431702e-03
-6.216187030076980591e-04
-3.886309219524264336e-03
-2.628173213452100754e-03
-1.746964524500072002e-03
-2.879007719457149506e-03
-3.844982711598277092e-03
2.396405674517154694e-03
1.959768123924732208e-03
3.530500223860144615e-03
-8.280773763544857502e-04
3.171485732309520245e-04
-1.901573734357953072e-03
-2.596886362880468369e-03
-3.557135351002216339e-03
-5.959746195003390312e-04
1.322595169767737389e-03
-2.834854647517204285e-03
-9.407128090970218182e-04
-3.316791495308279991e-03
3.575660986825823784e-03
-3.555689239874482155e-03
-7.009769324213266373e-04
-1.024958910420536995e-03
-2.545995404943823814e-03
-3.766339039430022240e-03
-6.255909829633310437e-05
-1.841707038693130016e-03
-3.330080071464180946e-04
7.776334532536566257e-04
1.306613557972013950e-03
-1.450356678105890751e-03
3.087429562583565712e-03
1.306581194512546062e-03
3.854387905448675156e-03
2.774316351860761642e-03
2.189650898799300194e-03
-3.796139732003211975e-03
-4.605830763466656208e-04
2.308271126821637154e-03
1.114054350182414055e-03
-4.539582005236297846e-05
3.907866484951227903e-04
2.248001750558614731e-03
2.228465396910905838e-03
-3.837711701635271311e-04
1.233467482961714268e-04
-3.542728489264845848e-03
-1.642884220927953720e-03
3.784391097724437714e-03
-3.804199164733290672e-03
-2.195012522861361504e-03
3.043935867026448250e-03
3.585376543924212456e-03
-2.278894651681184769e-03
-3.390180412679910660e-03
2.813124796375632286e-03
8.324585505761206150e-04
1.782660023309290409e-03
3.043364558834582567e-04
-8.075851656030863523e-05
-1.403658767230808735e-03
-2.387849148362874985e-03
-9.244833490811288357e-04
2.515309490263462067e-03
1.929662772454321384e-03
-2.945633605122566223e-03
1.311848871409893036e-03
-3.582593984901905060e-03
1.905120327137410641e-03
1.056362409144639969e-03
-2.284423972014337778e-04
1.971964724361896515e-03
2.964980434626340866e-03
-3.014222020283341408e-03
5.271744448691606522e-04
-2.969763008877635002e-03
-3.907440230250358582e-03
-1.188322436064481735e-03
7.655110675841569901e-04
-1.488223439082503319e-03
5.620792508125305176e-04
3.247988177463412285e-03
1.534450100734829903e-03
3.148268442600965500e-03
2.477247733622789383e-03
-1.112149548134766519e-04
2.033438999205827713e-03
-1.992678036913275719e-03
-1.688115065917372704e-03
2.893478143960237503e-03
1.612381194718182087e-03
-1.245813211426138878e-03
-3.024050965905189514e-04
-1.354410080239176750e-03
-2.632000250741839409e-04
2.464707009494304657e-03
-1.647080411203205585e-03
3.558137686923146248e-03
-1.620828639715909958e-03
3.218190744519233704e-03
2.264166949316859245e-03
-1.516056800028309226e-04
-1.391424564644694328e-03
-1.400752458721399307e-03
-2.696757437661290169e-03
1.322388998232781887e-03
1.882845303043723106e-03
3.168374300003051758e-03
-1.316252164542675018e-03
1.299146097153425217e-03
1.325711957179009914e-03
2.406044164672493935e-03
-2.342571737244725227e-03
-1.565923448652029037e-03
-6.212014704942703247e-04
2.831752179190516472e-03
-3.815529402345418930e-03
3.812113136518746614e-04
-1.330511877313256264e-03
2.280699991388246417e-04
2.081322018057107925e-03
-5.242880433797836304e-04
9.589249384589493275e-04
2.767037367448210716e-03
-2.378476638114079833e-04
1.750594936311244965e-03
-1.912269974127411842e-03
-2.795687410980463028e-03
-2.447865670546889305e-03
-2.025746507570147514e-03
1.897897920571267605e-03
-6.487639038823544979e-04
2.003437606617808342e-03
-2.133967587724328041e-03
3.571785055100917816e-03
-1.079585868865251541e-03
-2.648681169375777245e-03
3.580378834158182144e-03
-2.243625931441783905e-03
-2.593787387013435364e-03
-2.114160917699337006e-03
-3.741661086678504944e-03
-3.263753838837146759e-03
2.556678009568713605e-05
1.643651630729436874e-03
3.251072717830538750e-03
1.058916677720844746e-03
-2.028555609285831451e-03
-5.978654371574521065e-04
-3.079359885305166245e-03
-1.613529631868004799e-03
-1.697045518085360527e-03
7.875064620748162270e-04
-2.069378504529595375e-03
-1.321567397098988295e-04
-3.238992765545845032e-03
-1.334286178462207317e-03
2.029938390478491783e-03
-2.414481947198510170e-03
3.649955033324658871e-04
-3.117188112810254097e-03
1.258113537915050983e-03
-2.703622216358780861e-03
-3.367823548614978790e-03
3.222153987735509872e-03
-1.642913848627358675e-04
1.486833789385855198e-03
-2.070362912490963936e-03
1.859267067629843950e-04
2.229150384664535522e-03
-3.532482543960213661e-03
-3.101601265370845795e-03
-2.118341624736785889e-03
-9.711909224279224873e-04
-1.623812247999012470e-03
2.194830158259719610e-04
-1.110446988604962826e-03
