1.634915941394865513e-03
-3.869637148454785347e-03
2.357487683184444904e-04
7.181549881352111697e-05
-2.970768371596932411e-03
-2.429288346320390701e-03
-3.873834793921560049e-04
3.794873366132378578e-03
-2.854796824976801872e-03
4.470106505323201418e-04
3.573299618437886238e-03
1.805008971132338047e-03
3.313145600259304047e-03
9.852299699559807777e-04
-3.458153456449508667e-03
-1.715171965770423412e-03
1.067206379957497120e-03
4.473653971217572689e-04
-1.151833450421690941e-03
-3.037279471755027771e-03
2.843476133421063423e-03
3.074061591178178787e-03
2.896614139899611473e-03
4.111726884730160236e-04
-1.157477963715791702e-03
-2.052850788459181786e-03
1.581388292834162712e-03
1.035544439218938351e-03
1.570822932990267873e-04
-4.727320047095417976e-04
6.720391684211790562e-04
2.335008466616272926e-03
3.810772672295570374e-03
-2.693986287340521812e-03
-1.510011788923293352e-04
3.171432763338088989e-03
-2.497343812137842178e-03
-3.352131694555282593e-03
-1.631613704375922680e-03
-9.163909126073122025e-04
3.492619842290878296e-03
-1.272032968699932098e-03
-3.644709242507815361e-03
-9.043151512742042542e-04
1.758012571372091770e-03
2.723915968090295792e-03
-1.405147719196975231e-03
-2.787947654724121094e-03
-1.520104357041418552e-03
8.537482062820345163e-05
-7.324785110540688038e-04
-1.971038989722728729e-03
6.512613617815077305e-04
1.548808300867676735e-03
-1.040571602061390877e-03
-3.286540275439620018e-03
2.673674141988158226e-03
1.674382947385311127e-03
3.192068252246826887e-04
1.640624395804479718e-04
-2.033350989222526550e-03
1.653005951084196568e-03
-2.033103490248322487e-03
2.170775318518280983e-03
1.869882573373615742e-03
-1.157550606876611710e-03
5.462774424813687801e-04
2.754049608483910561e-03
-3.285444341599941254e-03
-2.731547458097338676e-03
-3.093441016972064972e-03
-8.152315276674926281e-04
3.646087599918246269e-03
2.784744370728731155e-03
-3.604810219258069992e-03
3.031347005162388086e-04
9.756872896105051041e-04
1.243539154529571533e-03
-3.706874558702111244e-03
-3.046922385692596436e-03
6.380916456691920757e-04
2.643006853759288788e-03
-6.092956173233687878e-04
-1.876548281870782375e-03
-2.412853064015507698e-03
3.015641355887055397e-03
1.656330423429608345e-03
-3.124868264421820641e-03
1.560872071422636509e-03
2.829232718795537949e-03
1.689790864475071430e-03
-1.645101467147469521e-03
-1.931560924276709557e-03
1.469451119191944599e-03
-3.803736297413706779e-03
-2.380867721512913704e-03
1.296217087656259537e-03
2.198473317548632622e-03
-3.881717566400766373e-04
-3.760360879823565483e-03
-2.488189784344285727e-04
5.848847213201224804e-04
-2.324664266780018806e-03
-3.367210738360881805e-03
-7.130235899239778519e-04
2.128666266798973083e-03
-2.900689141824841499e-03
-1.292064553126692772e-03
-3.743761451914906502e-03
-2.074824151350185275e-04
-2.340705366805195808e-03
-3.816835815086960793e-03
-1.664260926190763712e-04
-1.944750430993735790e-03
-2.810586243867874146e-03
-3.905682126060128212e-03
-2.461886499077081680e-03
-1.618979615159332752e-03
-4.176434886176139116e-04
-8.007782162167131901e-04
1.784310443326830864e-03
-2.381615573540329933e-03
1.024293829686939716e-03
3.295817412436008453e-03
-1.455191057175397873e-03
3.361775015946477652e-04
2.040174789726734161e-03
3.693928647408029065e-06
3.235602984204888344e-03
-2.168479608371853828e-03
1.655054977163672447e-03
2.859876956790685654e-03
-1.736711361445486546e-03
-6.300266250036656857e-05
-3.706275485455989838e-03
2.964412560686469078e-03
-2.643604064360260963e-03
6.029565702192485332e-04
2.700473880395293236e-03
2.977947006002068520e-03
2.256063016830012202e-04
3.236128250136971474e-03
2.792156301438808441e-03
4.108838038519024849e-04
-1.996396807953715324e-03
3.714821068570017815e-03
2.518222667276859283e-03
2.067303285002708435e-03
-1.215781550854444504e-03
-2.463203156366944313e-03
5.788424750789999962e-04
-8.615129045210778713e-04
-1.216293821926228702e-04
-2.713691676035523415e-03
1.606935053132474422e-03
1.418703002855181694e-03
2.212500898167490959e-03
7.299880962818861008e-04
-5.267783417366445065e-04
-1.007810700684785843e-03
2.350449794903397560e-03
-3.135008271783590317e-03
-3.537395037710666656e-03
-3.633606946095824242e-03
3.655564738437533379e-03
-1.168610644526779652e-03
2.553762635216116905e-03
2.627372508868575096e-03
2.971775538753718138e-04
1.200855942443013191e-03
-6.799526163376867771e-04
7.162222173064947128e-04
-3.296995768323540688e-03
-2.222802868345752358e-04
-3.621123498305678368e-03
1.916106557473540306e-03
-1.065987278707325459e-03
-2.267114614369347692e-04
3.203721717000007629e-03
3.156306687742471695e-03
-2.387883840128779411e-03
-1.475005992688238621e-03
2.080039354041218758e-03
-2.832370810210704803e-03
-3.184514585882425308e-03
-1.427483395673334599e-03
-3.174683544784784317e-03
1.288153580389916897e-03
3.782041836529970169e-03
-1.550260582007467747e-03
-3.701794659718871117e-03
-1.321290736086666584e-03
3.305791644379496574e-03
-3.400513203814625740e-03
-2.639123413246124983e-04
5.985866300761699677e-04
-1.468528062105178833e-03
2.031380310654640198e-03
3.048015758395195007e-03
2.947881584987044334e-03
3.586406121030449867e-03
1.029230421409010887e-03
-1.716241240501403809e-05
1.360672875307500362e-03
3.540430625434964895e-04
-1.464871107600629330e-03
1.300441217608749866e-03
-7.527162670157849789e-04
3.287181491032242775e-03
-2.496679546311497688e-03
3.423369489610195160e-03
4.818581219296902418e-04
-3.333395579829812050e-03
1.730074407532811165e-03
-2.685136860236525536e-03
1.002524979412555695e-03
1.707208110019564629e-03
1.217170385643839836e-03
7.696314132772386074e-04
2.191337756812572479e-03
-1.920543960295617580e-03
-1.479695783928036690e-03
-9.921914897859096527e-04
-3.907110542058944702e-03
1.085622818209230900e-03
-1.031949301250278950e-03
3.448987612500786781e-03
1.290205982513725758e-03
-2.731228247284889221e-03
-2.615766134113073349e-03
-6.004833267070353031e-04
6.527345976792275906e-04
-3.168477211147546768e-03
-1.923743751831352711e-03
2.557689091190695763e-03
-3.868493717163801193e-03
-2.905401866883039474e-03
-3.723521484062075615e-03
5.821342347189784050e-04
2.839571679942309856e-04
-2.168377395719289780e-03
-2.340347273275256157e-03
2.868095412850379944e-03
-3.519514109939336777e-03
-1.684550661593675613e-03
8.329873089678585529e-04
5.178549326956272125e-04
-3.601867472752928734e-03
1.617841189727187157e-03
-1.955821644514799118e-03
2.280753804370760918e-03
-3.809868358075618744e-04
3.797286190092563629e-04
-1.747553702443838120e-03
3.549410728737711906e-03
-9.168601827695965767e-04
