-1.232402282766997814e-03
3.708715084940195084e-03
-3.678619978018105030e-04
-1.866348204202950001e-03
2.611792646348476410e-03
-1.484028878621757030e-03
-2.598709426820278168e-03
3.616589587181806564e-03
-3.863030811771750450e-03
2.845258684828877449e-03
-1.538085984066128731e-03
1.201005768962204456e-03
-3.229284426197409630e-03
-1.053066807799041271e-04
-3.676610067486763000e-03
-1.130210817791521549e-03
-1.216398668475449085e-03
1.797439908841624856e-04
-3.911467269062995911e-03
-6.277839420363306999e-04
-3.091707185376435518e-04
3.356225090101361275e-03
-3.331546206027269363e-03
6.740007665939629078e-04
2.009948548220563680e-05
9.851161157712340355e-04
1.313376240432262421e-03
1.442799810320138931e-03
-1.073553692549467087e-03
2.906058449298143387e-03
-3.227512584999203682e-03
2.960852347314357758e-03
3.556502342689782381e-04
3.213576273992657661e-03
8.232079562731087208e-05
2.655564807355403900e-03
-2.683981088921427727e-03
7.049815758364275098e-05
-1.657841377891600132e-03
3.848147112876176834e-03
-7.341725286096334457e-04
3.531782713253051043e-04
7.578449440188705921e-04
-3.071473678573966026e-03
1.913116662763059139e-03
1.453710719943046570e-03
1.931700855493545532e-03
6.267564021982252598e-04
2.949513029307126999e-03
-2.697495510801672935e-03
-3.510748792905360460e-04
2.266884315758943558e-03
7.246859022416174412e-04
-3.249961184337735176e-03
9.645111276768147945e-04
-9.461101581109687686e-05
2.415188821032643318e-03
-8.689508540555834770e-04
-1.349297584965825081e-03
-9.534170967526733875e-04
1.835784409195184708e-03
2.289150841534137726e-03
2.952477661892771721e-03
-1.033346285112202168e-03
2.244390052510425448e-04
-1.957430271431803703e-03
2.308156574144959450e-03
-4.906939575448632240e-04
2.254741033539175987e-03
1.683011301793158054e-03
2.922707935795187950e-03
3.622631775215268135e-03
-3.311286214739084244e-03
-1.613297732546925545e-03
-3.140659071505069733e-03
-2.395743969827890396e-03
-3.215015400201082230e-03
6.253258325159549713e-04
1.639884081669151783e-03
1.195088843815028667e-03
-2.714499365538358688e-03
-1.294510671868920326e-03
-3.231165930628776550e-03
1.224563457071781158e-03
2.882874570786952972e-03
2.674024086445569992e-03
1.455572666600346565e-03
-2.984488848596811295e-03
-3.176536178216338158e-03
-3.166941460222005844e-03
1.973578240722417831e-03
2.373341238126158714e-03
1.397394575178623199e-03
1.254808448720723391e-04
1.484635286033153534e-03
-1.438860432244837284e-03
-1.127745024859905243e-03
-3.040469950065016747e-03
-3.258856711909174919e-03
-4.634686338249593973e-04
2.742703072726726532e-03
8.488581515848636627e-04
-1.671546255238354206e-03
2.222908660769462585e-03
3.124270355328917503e-03
-2.496369881555438042e-03
-2.037427620962262154e-03
1.450129435397684574e-03
1.217151759192347527e-03
-3.112817881628870964e-03
3.085990669205784798e-03
-1.753400429151952267e-03
1.508270855993032455e-03
3.215044504031538963e-03
8.295216248370707035e-04
-2.939586294814944267e-03
-3.099179128184914589e-03
2.671625465154647827e-03
2.329464303329586983e-03
-1.651313854381442070e-03
2.046977402642369270e-03
-1.596259768120944500e-03
-3.758522681891918182e-03
-2.814202569425106049e-03
3.389107063412666321e-03
1.641181996092200279e-03
2.742945449426770210e-03
-9.566602529957890511e-04
1.469444483518600464e-03
-1.819156692363321781e-03
-3.691936843097209930e-03
2.442151308059692383e-03
2.771952422335743904e-03
8.911138866096735001e-04
-1.619632355868816376e-03
2.247573807835578918e-03
2.911838237196207047e-04
-1.435454702004790306e-03
2.374435542151331902e-03
-6.291983881965279579e-04
3.085331059992313385e-03
3.144587622955441475e-03
1.229307148605585098e-03
2.258063526824116707e-03
2.348843729123473167e-03
2.088238485157489777e-03
1.833288930356502533e-03
-3.645846154540777206e-03
3.598483279347419739e-03
3.899694420397281647e-03
-2.156940754503011703e-03
3.702053101733326912e-03
5.874169291928410530e-04
-1.763886539265513420e-03
-1.047060592100024223e-03
-3.878718940541148186e-03
1.998202642425894737e-03
-1.850195229053497314e-03
-1.443777699023485184e-03
-3.779498161748051643e-03
3.396963700652122498e-03
1.087424578145146370e-03
-2.549342578276991844e-03
-8.913178462535142899e-04
2.967377658933401108e-03
2.694670809432864189e-03
-2.152747940272092819e-03
-2.693368296604603529e-04
3.334231907501816750e-03
-2.760332543402910233e-03
-5.841759848408401012e-04
1.749781775288283825e-03
2.410173183307051659e-03
-2.271655946969985962e-03
1.966066192835569382e-03
2.030214061960577965e-03
-2.870440017431974411e-03
-5.292049609124660492e-04
-1.093649421818554401e-03
3.882772289216518402e-03
3.524800296872854233e-03
-2.545303897932171822e-03
-1.875884248875081539e-03
2.596249803900718689e-03
-2.358136698603630066e-03
1.485786866396665573e-03
-2.903271932154893875e-03
3.177574399160221219e-05
1.308083417825400829e-03
2.277218038216233253e-03
-1.499346457421779633e-03
-2.024152548983693123e-03
2.173113403841853142e-03
-3.444168716669082642e-03
-1.359815709292888641e-03
-3.024606732651591301e-03
-3.668941790238022804e-03
-1.723746652714908123e-03
2.960973419249057770e-03
2.686488907784223557e-03
-9.155386214843019843e-05
-1.135191763751208782e-03
1.670477911829948425e-03
-2.989317523315548897e-03
-2.175831177737563848e-04
-2.444907324388623238e-03
3.704425878822803497e-03
-2.160834148526191711e-03
-1.975027378648519516e-03
-9.486434864811599255e-04
1.823824364691972733e-03
1.939860405400395393e-03
3.752795746549963951e-03
3.610180458053946495e-03
-1.298646675422787666e-03
-1.111308694817125797e-03
3.513585543259978294e-03
-1.263187732547521591e-03
3.681028960272669792e-03
-3.087674849666655064e-04
1.025457968353293836e-04
-5.385951371863484383e-04
-1.675351755693554878e-03
-6.321312976069748402e-04
9.439827408641576767e-04
-1.520283753052353859e-03
-2.462806412950158119e-03
5.835138726979494095e-04
3.142698435112833977e-03
-7.498132763430476189e-04
-1.076282114809146151e-05
4.782756732311099768e-04
2.433785004541277885e-03
-7.363669574260711670e-04
-3.421334549784660339e-03
-2.594103105366230011e-03
2.797519555315375328e-03
-1.226482097990810871e-03
-1.065211952663958073e-03
3.208538284525275230e-03
2.073689829558134079e-03
-2.465665573254227638e-03
-3.009816166013479233e-03
-2.109629334881901741e-03
-1.864815829321742058e-03
2.876633370760828257e-04
-3.620285307988524437e-03
-3.520255442708730698e-03
-2.313962671905755997e-03
2.982931619044393301e-04
1.737735001370310783e-03
-3.823978826403617859e-03
-3.629795508459210396e-03
6.338384700939059258e-04
-1.353586907498538494e-03
5.024945949116954580e-06
