3.108069067820906639e-03
1.881071366369724274e-03
-2.962253754958510399e-03
-5.198749131523072720e-04
1.507488777860999107e-03
-3.529428038746118546e-03
6.341082917060703039e-05
1.453598728403449059e-03
3.734666155651211739e-03
1.987742492929100990e-03
-3.562899073585867882e-03
-1.434399979189038277e-03
-1.417483668774366379e-03
2.246420364826917648e-03
-2.058180980384349823e-03
3.245202358812093735e-03
2.789568854495882988e-03
-2.438316121697425842e-03
-2.701479475945234299e-03
1.507872599177062511e-03
-2.574580488726496696e-03
-2.653892152011394501e-03
3.643488977104425430e-03
1.402859052177518606e-04
-1.449185074307024479e-03
-8.093265932984650135e-04
-2.064323285594582558e-03
3.231745678931474686e-03
-1.932762213982641697e-03
4.952284871251322329e-05
-2.191785097238607705e-05
2.541239140555262566e-03
-3.094972344115376472e-03
-1.748252427205443382e-03
-3.331738524138927460e-03
-3.778544487431645393e-03
-7.613537600263953209e-04
-2.678378252312541008e-03
-2.863910747691988945e-03
-3.568706801161170006e-03
2.608256763778626919e-04
-3.769357921555638313e-03
1.368623692542314529e-03
-2.155717695131897926e-03
7.059302879497408867e-04
-3.726342692971229553e-03
-1.396472682245075703e-03
1.212310817209072411e-04
2.669765148311853409e-03
-3.903627395629882812e-03
1.071710372343659401e-03
3.135784296318888664e-03
1.057924120686948299e-03
1.948978868313133717e-03
2.448007930070161819e-03
-6.326774018816649914e-04
-1.405233400873839855e-03
-2.682690741494297981e-03
2.076592791127040982e-04
-1.331951818428933620e-03
-2.570601413026452065e-03
-1.990150631172582507e-04
-1.876976108178496361e-03
3.200815059244632721e-03
-3.756466321647167206e-03
1.566870778333395720e-04
9.315063362009823322e-04
-3.037777263671159744e-03
1.116231549531221390e-03
-8.794236928224563599e-04
2.151325577870011330e-03
2.126597333699464798e-03
-7.178225787356495857e-04
2.211221959441900253e-03
1.496680779382586479e-03
-2.536882879212498665e-03
1.491594943217933178e-03
5.425594863481819630e-04
5.392224993556737900e-04
-1.677051885053515434e-03
-2.462799428030848503e-03
-2.777269110083580017e-03
-1.340922433882951736e-03
-1.900325645692646503e-03
-2.662198385223746300e-03
2.258749445900321007e-03
-3.629940794780850410e-03
-7.888312393333762884e-05
-2.556081395596265793e-03
-6.858262349851429462e-04
1.958090579137206078e-03
3.341369796544313431e-03
-2.115976763889193535e-03
-3.428854746744036674e-03
-1.477198209613561630e-03
2.883836394175887108e-03
-2.873105928301811218e-03
-2.772464184090495110e-03
2.617475343868136406e-03
3.334298031404614449e-03
-3.265154082328081131e-03
-4.798150621354579926e-04
-1.596770598553121090e-03
-2.917103469371795654e-03
8.872310718288645148e-05
-2.228962257504463196e-03
1.174128381535410881e-03
-1.354073028778657317e-04
-3.419944085180759430e-03
3.469934919849038124e-03
2.489503705874085426e-03
-2.832075348123908043e-03
1.982984598726034164e-03
-6.441359291784465313e-04
-1.613288652151823044e-03
7.363605545833706856e-04
-2.040368970483541489e-03
-1.468284288421273232e-03
2.065346576273441315e-03
-1.915014814585447311e-03
-2.930542919784784317e-03
1.000012969598174095e-03
7.871586713008582592e-04
-1.895400695502758026e-03
-3.116311738267540932e-03
-1.729604206047952175e-03
-2.025323454290628433e-03
3.783632069826126099e-03
-2.112745074555277824e-03
1.275996561162173748e-03
8.587919874116778374e-04
1.980317523702979088e-03
2.591907104942947626e-04
2.670063113328069448e-04
2.875406062230467796e-03
1.557437120936810970e-03
3.009145380929112434e-03
2.013139426708221436e-03
3.577747615054249763e-03
3.744526999071240425e-03
-1.719572697766125202e-03
8.405216503888368607e-04
-2.144145255442708731e-04
3.324706573039293289e-03
-1.940055633895099163e-03
-1.900315401144325733e-04
-3.810066729784011841e-03
8.360168430954217911e-04
2.533162012696266174e-03
-1.816119416616857052e-03
-3.867231076583266258e-03
-3.038523951545357704e-03
2.729960950091481209e-03
-1.158036990091204643e-03
4.161323595326393843e-04
3.581843920983374119e-04
-3.448163392022252083e-03
3.805205924436450005e-03
-2.399538498139008880e-04
1.386748044751584530e-03
-1.129560405388474464e-04
-3.416175721213221550e-03
-1.182171632535755634e-03
-1.081726280972361565e-03
-1.630826387554407120e-03
-4.485337121877819300e-04
3.706582589074969292e-03
5.903773708269000053e-04
-1.837289746617898345e-04
3.633404150605201721e-03
3.727143630385398865e-03
6.824342417530715466e-04
-3.895317437127232552e-03
-2.744654892012476921e-03
2.722264965996146202e-03
9.341748082078993320e-04
-8.679450838826596737e-04
-3.620017552748322487e-03
-8.957673562690615654e-04
1.723840134218335152e-03
-2.214675070717930794e-03
-3.888160688802599907e-03
-2.897452097386121750e-03
8.635306148789823055e-04
2.045430883299559355e-04
-3.320759278722107410e-04
5.995349492877721786e-04
1.384799717925488949e-03
3.513392759487032890e-03
2.839586231857538223e-03
3.666022093966603279e-03
8.552592480555176735e-04
3.799312980845570564e-03
1.582352415425702929e-04
-1.170998439192771912e-03
2.669637906365096569e-04
6.477014394477009773e-04
1.721887849271297455e-03
-8.610943332314491272e-04
-5.484752473421394825e-04
3.296759212389588356e-03
-3.453171811997890472e-03
1.842685276642441750e-03
-3.818528959527611732e-03
1.010162290185689926e-03
2.837962703779339790e-03
3.459230065345764160e-03
1.710721699055284262e-04
3.666175529360771179e-03
2.281544497236609459e-03
-3.558414173312485218e-04
-2.952140290290117264e-03
-2.626807894557714462e-03
3.010734915733337402e-03
-2.839377615600824356e-03
2.817806322127580643e-03
3.152358811348676682e-03
-3.623803844675421715e-03
2.099341712892055511e-03
3.550411667674779892e-03
-1.373931183479726315e-03
-1.445775036700069904e-03
-1.366195268929004669e-03
-1.116924104280769825e-03
-1.359938760288059711e-03
-1.212407660204917192e-04
1.711815246380865574e-03
-2.980901859700679779e-03
-2.321961335837841034e-03
8.293416467495262623e-04
-2.981812693178653717e-03
-3.150931792333722115e-03
1.405533403158187866e-04
-3.368294565007090569e-03
-1.258270349353551865e-03
1.661711256019771099e-03
3.335390938445925713e-03
-8.310719858855009079e-04
-2.890378236770629883e-03
-2.276932587847113609e-03
9.900983422994613647e-04
2.205349737778306007e-03
1.959280110895633698e-03
-2.908676164224743843e-03
3.080763155594468117e-03
-4.793789412360638380e-04
-2.854614751413464546e-03
-1.724056201055645943e-03
-2.069101668894290924e-03
2.074181800708174706e-03
2.099746372550725937e-03
2.671195892617106438e-03
1.783341402187943459e-03
-8.775345631875097752e-04
-1.405286253429949284e-03
3.873005276545882225e-03
