3.165756585076451302e-03
5.580403376370668411e-04
3.738447325304150581e-03
2.810185309499502182e-03
2.627596026286482811e-03
-1.618798589333891869e-03
-2.814753679558634758e-03
3.150989068672060966e-03
4.418524913489818573e-04
-1.345529453828930855e-03
2.480337163433432579e-03
2.397292060777544975e-03
-1.251136418431997299e-03
2.712990681175142527e-04
2.104283543303608894e-03
3.022463992238044739e-03
-2.462936798110604286e-03
-2.552367746829986572e-03
-1.286357291974127293e-03
-1.219974248670041561e-03
-3.316685324534773827e-03
-1.092915772460401058e-03
3.913358785212039948e-03
2.622187603265047073e-03
-2.435411879559978843e-04
-2.045098459348082542e-03
-4.879171901848167181e-04
7.592861074954271317e-04
2.983176847919821739e-03
-1.792464754544198513e-03
-1.330099767073988914e-03
-3.770533250644803047e-03
-1.551654306240379810e-03
-3.048676997423171997e-03
-2.199160866439342499e-03
-2.801078604534268379e-03
-3.077560802921652794e-03
2.254034159705042839e-03
9.317716467194259167e-05
-7.068350096233189106e-04
2.249100944027304649e-03
-3.181780688464641571e-03
-4.049747949466109276e-04
7.763746543787419796e-04
-3.702968126162886620e-03
-2.350828610360622406e-03
-4.825773939955979586e-04
3.435214981436729431e-03
-1.534357084892690182e-03
-1.590199244674295187e-04
-2.381217898800969124e-03
-3.249044297263026237e-03
2.055017044767737389e-03
1.844108453951776028e-03
-3.882076591253280640e-03
-2.482816576957702637e-03
1.515100360848009586e-03
1.409336808137595654e-03
-5.133048398420214653e-04
-1.618021400645375252e-03
9.212744771502912045e-04
2.450961619615554810e-03
-1.790992799215018749e-03
1.964676892384886742e-03
-3.336819587275385857e-03
-1.866981387138366699e-03
-6.869912613183259964e-04
-1.827312051318585873e-03
-3.319621318951249123e-03
-9.164829389192163944e-04
-8.423184626735746861e-04
-3.427299438044428825e-03
-1.867250306531786919e-03
-2.072708914056420326e-03
7.831145194359123707e-04
-4.391604743432253599e-04
3.971371334046125412e-04
1.246807863935828209e-03
-5.535201053135097027e-04
2.168086590245366096e-03
2.452475891914218664e-04
-1.246339990757405758e-03
-1.708329189568758011e-03
2.276338404044508934e-03
-4.323518369346857071e-04
2.886330476030707359e-03
-7.871747948229312897e-04
-3.847100306302309036e-03
1.471091294661164284e-03
1.107965828850865364e-03
3.670855890959501266e-03
-2.421059180051088333e-03
6.449526699725538492e-05
-3.377835033461451530e-03
-2.045037224888801575e-03
-2.241987269371747971e-03
1.209174981340765953e-03
-1.865762285888195038e-03
-3.333399770781397820e-03
3.373736108187586069e-04
-3.490686882287263870e-03
-2.511929720640182495e-03
-1.590351457707583904e-03
-2.353365533053874969e-03
1.540401601232588291e-03
-1.777692086761817336e-04
-1.404111040756106377e-03
-4.289202333893626928e-04
-1.073513180017471313e-03
-1.014914829283952713e-03
-1.018200418911874294e-03
-2.987532876431941986e-03
-2.600652864202857018e-03
-1.202735700644552708e-03
3.459941654000431299e-04
-1.622854382731020451e-03
1.000201096758246422e-03
1.555398688651621342e-03
-3.486820060061290860e-05
-3.050056693609803915e-04
-4.342959982750471681e-06
-3.826496656984090805e-03
-1.436558668501675129e-03
-7.879870245233178139e-04
-1.308324048295617104e-03
-1.241231220774352551e-03
-8.351670112460851669e-04
1.680059358477592468e-03
-3.549491986632347107e-03
1.444010413251817226e-03
1.304863020777702332e-03
2.816967433318495750e-03
3.779299790039658546e-03
-2.029058756306767464e-03
1.930179190821945667e-03
3.848907304927706718e-03
-9.849001653492450714e-04
3.395135747268795967e-03
3.788975067436695099e-03
-3.026136197149753571e-03
2.222759183496236801e-03
1.722802990116178989e-03
-1.058461493812501431e-03
-1.668099197559058666e-03
5.018483498133718967e-04
-3.900942392647266388e-03
3.415609942749142647e-03
-2.398230135440826416e-03
1.070725498721003532e-03
8.042455301620066166e-04
-1.271031331270933151e-03
-2.834554063156247139e-03
-9.202461224049329758e-04
-3.658831701613962650e-04
9.567285887897014618e-04
1.388958073221147060e-03
1.712821424007415771e-03
-9.096912690438330173e-04
2.838581101968884468e-03
3.478718921542167664e-03
-8.559850393794476986e-04
2.909210510551929474e-03
-3.167445305734872818e-03
3.002644516527652740e-03
6.325040012598037720e-04
-2.630287082865834236e-03
-1.914746942929923534e-03
8.903837297111749649e-04
-3.449364565312862396e-03
3.214556956663727760e-03
2.401956124231219292e-03
-1.831988221965730190e-03
3.808405715972185135e-03
-2.085602143779397011e-03
1.041487790644168854e-03
1.990235177800059319e-03
3.890981432050466537e-03
6.781916599720716476e-04
-3.816395765170454979e-03
-1.552277477458119392e-03
-3.016390139237046242e-03
-3.832893911749124527e-03
-3.079554066061973572e-03
-3.019733820110559464e-03
-3.867597086355090141e-03
-6.444439641200006008e-04
1.901657902635633945e-03
1.279668300412595272e-03
-3.590831765905022621e-03
3.504940308630466461e-03
1.945417025126516819e-03
-6.441208533942699432e-04
3.353052539750933647e-03
-2.121276687830686569e-03
-1.390276243910193443e-03
3.915560897439718246e-03
3.419302869588136673e-03
-3.816802520304918289e-03
-3.666990669444203377e-04
-2.411801833659410477e-03
1.552542962599545717e-04
-1.603010605322197080e-04
-1.063897041603922844e-03
-1.516028889454901218e-03
1.020724885165691376e-03
3.506853478029370308e-03
3.882380900904536247e-03
-4.697859185398556292e-05
-3.209377173334360123e-03
1.566127873957157135e-03
-7.023391663096845150e-04
3.840397810563445091e-03
2.679493976756930351e-03
2.558136126026511192e-03
-1.505968684796243906e-04
3.871897468343377113e-03
-3.333143889904022217e-03
-1.541218021884560585e-03
-2.462447155267000198e-03
-2.843571128323674202e-03
-2.057927194982767105e-03
-3.047085832804441452e-03
2.597988583147525787e-03
1.972606871277093887e-03
-3.101367270573973656e-03
-3.309451276436448097e-03
-2.454914851114153862e-03
-1.011288724839687347e-03
2.349266782402992249e-03
1.469678827561438084e-03
-9.665320394560694695e-04
7.704970194026827812e-04
-1.224142382852733135e-03
1.744425622746348381e-03
3.471175674349069595e-03
-2.957186916319187731e-05
1.085849246010184288e-03
-1.960105029866099358e-03
4.290083306841552258e-04
-1.685612136498093605e-03
3.277798881754279137e-03
-1.003115670755505562e-03
-2.483006566762924194e-03
-9.460426517762243748e-04
9.317372459918260574e-04
-1.424818648956716061e-03
-2.331890864297747612e-03
3.249178407713770866e-03
3.708970965817570686e-03
-2.180888550356030464e-03
-1.438163744751363993e-04
3.763075452297925949e-03
2.548959339037537575e-03
3.509590402245521545e-03
-3.631588770076632500e-03
4.231882048770785332e-04
