-3.244060091674327850e-03
-3.046326106414198875e-03
3.132272977381944656e-03
-1.881228177808225155e-03
-3.418941050767898560e-03
1.294666668400168419e-03
-1.983597030630335212e-04
-4.976359196007251740e-04
-2.777405548840761185e-03
1.117843436077237129e-03
7.212815689854323864e-04
2.777718706056475639e-03
3.209215588867664337e-03
3.106466494500637054e-03
3.263066289946436882e-03
-1.424502814188599586e-03
-2.946267602965235710e-03
-7.415784057229757309e-04
1.194324227981269360e-03
3.886562539264559746e-03
2.474411856383085251e-03
-2.065138425678014755e-03
-2.241972833871841431e-03
2.747750841081142426e-03
3.613014006987214088e-03
-1.613227883353829384e-03
6.575813749805092812e-04
1.290025655180215836e-03
-8.280150941573083401e-04
1.575477654114365578e-03
-1.633733627386391163e-03
9.189314368995837867e-06
-2.743240445852279663e-03
4.630348994396626949e-04
-1.162657281383872032e-03
3.349176142364740372e-03
2.121093217283487320e-03
-3.344146767631173134e-03
-2.892047632485628128e-03
2.366330008953809738e-03
-1.487496483605355024e-04
4.638143291231244802e-04
2.148458268493413925e-03
1.045327517203986645e-03
-1.858487725257873535e-03
-2.990073990076780319e-03
-2.699465956538915634e-03
1.459759660065174103e-03
6.540348113048821688e-05
1.518029312137514353e-04
1.980897039175033569e-03
2.246482181362807751e-04
-3.033325076103210449e-03
2.718468196690082550e-03
-6.879186839796602726e-04
-2.989044412970542908e-03
3.687730059027671814e-03
2.594057936221361160e-03
3.404172137379646301e-03
4.540012378129176795e-05
2.863756672013550997e-04
1.743759494274854660e-03
-1.664052833802998066e-03
1.171074341982603073e-03
1.155169797129929066e-03
2.481872448697686195e-03
1.793745206668972969e-03
-6.719019147567451000e-04
2.972548827528953552e-03
-1.004249090328812599e-03
1.883761957287788391e-03
-2.640479069668799639e-04
8.092072675935924053e-04
-1.147730974480509758e-03
-2.505972515791654587e-03
-1.692157820798456669e-03
2.683278289623558521e-04
8.780398638918995857e-04
-1.129318261519074440e-03
-2.759710885584354401e-03
-7.479893974959850311e-04
-7.425535841321107000e-06
1.951433718204498291e-03
-3.172039752826094627e-03
-2.839910099282860756e-03
1.072778715752065182e-03
-1.293460838496685028e-03
3.234777832403779030e-03
-2.144931582733988762e-03
-4.670307098422199488e-04
-3.168242692481726408e-04
3.446891438215970993e-03
-1.723627792671322823e-03
-3.397620283067226410e-03
-3.751255804672837257e-03
-3.685886505991220474e-03
-2.419592114165425301e-03
-2.114500850439071655e-03
3.114309860393404961e-03
-1.367216696962714195e-03
-2.734399400651454926e-03
1.281003467738628387e-03
-1.524498802609741688e-03
-2.346114255487918854e-03
2.564006950706243515e-03
-3.850992303341627121e-03
-1.117863575927913189e-03
3.130621975287795067e-03
3.663355950266122818e-03
3.587201063055545092e-04
3.352739382535219193e-03
8.430996676906943321e-04
2.778366208076477051e-03
-1.466843765228986740e-03
-3.424023045226931572e-03
1.633839798159897327e-03
-1.727976370602846146e-03
3.020417410880327225e-03
3.452683566138148308e-03
2.942868042737245560e-03
-3.614154993556439877e-04
-2.966584637761116028e-03
1.031661289744079113e-03
-2.860415028408169746e-03
6.076839054003357887e-04
1.575344707816839218e-03
-2.348470501601696014e-03
3.525653621181845665e-03
1.081212423741817474e-03
-1.573968474986031651e-04
-1.899942173622548580e-03
1.829417538829147816e-03
-3.587554907426238060e-03
-1.884305733256042004e-03
-3.177499631419777870e-03
3.622056916356086731e-03
8.300705812871456146e-04
-1.570077147334814072e-03
-1.466321293264627457e-03
-2.690880792215466499e-03
-3.010289743542671204e-03
-2.604990731924772263e-03
-1.070656464435160160e-03
-1.270006177946925163e-04
-1.555372291477397084e-04
2.804294228553771973e-03
1.074026455171406269e-03
1.259719021618366241e-03
-3.721954417414963245e-04
1.581782591529190540e-03
-1.182734013127628714e-05
2.366497414186596870e-03
1.783985411748290062e-03
2.703657140955328941e-03
6.903358735144138336e-05
-2.382634440436959267e-03
1.522002741694450378e-03
1.528106280602514744e-03
-2.981890458613634109e-03
2.021296648308634758e-03
-2.821463393047451973e-03
-2.509603742510080338e-03
-9.379566763527691364e-04
1.375871477648615837e-03
-1.147499307990074158e-03
-3.585930680856108665e-03
2.302954904735088348e-03
-3.108817851170897484e-03
2.496880188118666410e-04
1.783000188879668713e-03
2.739403629675507545e-03
-1.136597929871641099e-04
-2.581012668088078499e-03
-1.725031412206590176e-03
-1.328757381998002529e-03
-1.261216937564313412e-03
-3.823114093393087387e-03
-2.889651572331786156e-03
3.179757623001933098e-03
-1.126404269598424435e-03
-1.985670998692512512e-03
-4.503141681198030710e-04
2.092851558700203896e-03
-1.892717904411256313e-03
4.621270054485648870e-04
4.722023440990597010e-04
2.638411009684205055e-03
-4.148430307395756245e-04
-2.387889660894870758e-03
1.191089511848986149e-03
-7.662933203391730785e-04
6.659418577328324318e-04
-7.005099323578178883e-04
-1.957903616130352020e-03
-2.007332397624850273e-03
-3.108182863797992468e-05
-6.291575264185667038e-04
-9.655476897023618221e-04
-6.995656876824796200e-04
-4.700226127170026302e-04
9.949351660907268524e-04
-3.449959040153771639e-04
-3.759285435080528259e-03
-3.108706325292587280e-03
-1.011662534438073635e-03
-2.636469667777419090e-03
2.257953863590955734e-03
4.976735799573361874e-04
-1.477622543461620808e-03
-1.757295685820281506e-03
1.707117306068539619e-03
2.074496296700090170e-04
-2.467051148414611816e-03
3.055077046155929565e-03
1.769786234945058823e-03
2.921910956501960754e-03
3.792583942413330078e-03
-2.469111932441592216e-03
9.251532028429210186e-04
-2.215430838987231255e-03
-6.563509232364594936e-04
1.683574751950800419e-03
2.185908844694495201e-03
1.758063677698373795e-03
-3.373341634869575500e-03
1.624597643967717886e-04
-3.258422017097473145e-03
5.518777179531753063e-04
3.123199334368109703e-03
1.002098433673381805e-03
2.981500001624226570e-03
6.233783788047730923e-04
-1.197726931422948837e-03
2.710377797484397888e-03
-9.613354341126978397e-04
-1.353564875898882747e-04
1.196832396090030670e-03
-1.766662346199154854e-03
3.447173803579062223e-04
-5.016295290261041373e-06
7.436280720867216587e-04
-3.023009281605482101e-03
1.596012618392705917e-03
-2.595380414277315140e-03
2.488788217306137085e-03
-1.642818213440477848e-03
2.709412947297096252e-03
-3.437267616391181946e-03
-2.115990035235881805e-03
2.570047276094555855e-03
-3.903201548382639885e-03
-8.342797518707811832e-04
-1.680868212133646011e-03
3.899333300068974495e-03
1.511314185336232185e-04
3.759740851819515228e-03
