4.635904333554208279e-04
-3.157298313453793526e-03
-2.673725597560405731e-03
-2.346558962017297745e-03
-2.984400605782866478e-03
4.059455750393681228e-05
-3.898184746503829956e-03
-3.197448560968041420e-03
-3.906293306499719620e-03
1.093805069103837013e-03
-3.589720465242862701e-03
-1.044382457621395588e-03
-2.645150991156697273e-03
2.444160170853137970e-03
-2.679512603208422661e-03
-2.508946461603045464e-03
-1.452885568141937256e-03
-5.131374928168952465e-04
-8.801063522696495056e-04
-3.537346608936786652e-03
-3.232380840927362442e-03
1.208557398058474064e-03
-2.378316596150398254e-03
-2.124440390616655350e-03
3.800536738708615303e-03
3.217769321054220200e-03
3.669306868687272072e-03
-7.337953429669141769e-04
2.664867788553237915e-03
5.851067835465073586e-04
3.537001786753535271e-03
-3.363206051290035248e-03
3.574372502043843269e-03
-2.259545959532260895e-03
2.744031604379415512e-03
-2.385777479503303766e-04
-2.224834403023123741e-03
-4.634005599655210972e-04
-3.590903477743268013e-03
1.945281517691910267e-03
-1.075463835150003433e-03
-3.457685001194477081e-03
-3.048081649467349052e-03
-3.318346338346600533e-03
2.817904576659202576e-03
-3.456683771219104528e-04
-6.184985977597534657e-04
2.571443328633904457e-03
-1.313876127824187279e-04
2.989618107676506042e-03
1.158745362772606313e-04
1.312540494836866856e-03
-3.254146315157413483e-03
2.018260274780914187e-04
-1.690804376266896725e-03
2.319404156878590584e-03
-3.349392907693982124e-03
2.455732319504022598e-03
2.868933370336890221e-03
1.359724323265254498e-03
-3.160899272188544273e-03
-2.795994281768798828e-03
2.809489844366908073e-03
2.759704133495688438e-03
-2.945216547232121229e-04
-1.949117868207395077e-03
2.267371746711432934e-04
2.277992665767669678e-03
-6.843362643849104643e-05
6.808412726968526840e-04
1.148830415331758559e-04
7.582142716273665428e-04
2.560077002272009850e-03
-2.214245963841676712e-03
2.005624584853649139e-03
2.533931750804185867e-03
3.694476094096899033e-03
-2.108731539919972420e-03
-3.502134932205080986e-03
1.019626739434897900e-03
-1.645041396841406822e-03
-3.170911455526947975e-03
1.656869775615632534e-03
-5.726376548409461975e-04
-2.953588496893644333e-03
-3.574990667402744293e-03
-6.709324079565703869e-04
5.813820753246545792e-04
-2.085958607494831085e-03
9.947879007086157799e-04
3.713216938194818795e-05
2.446959959343075752e-03
-1.219807309098541737e-04
1.419474952854216099e-03
-1.219488447532057762e-03
-2.704051556065678596e-03
-3.469783347100019455e-03
-3.215718315914273262e-03
-4.341399180702865124e-04
-2.785712946206331253e-03
2.520958660170435905e-03
-2.720030723139643669e-03
-1.004568999633193016e-03
-1.871567568741738796e-03
2.889408031478524208e-03
1.513311406597495079e-03
-4.321761371102184057e-04
2.662708749994635582e-03
2.705235034227371216e-03
-1.055824221111834049e-03
3.063777694478631020e-03
2.768918406218290329e-03
6.381107232300564647e-05
3.665200667455792427e-03
3.631797851994633675e-03
3.344008233398199081e-03
-3.367149736732244492e-03
-3.736904123798012733e-03
-3.423080546781420708e-03
1.294072484597563744e-03
-7.948567508719861507e-04
1.949363155290484428e-03
-1.630469341762363911e-03
3.024642865057103336e-05
-3.143131500110030174e-03
-3.022860735654830933e-03
-1.336229383014142513e-03
-2.363090403378009796e-03
-1.329279388301074505e-03
-3.529876237735152245e-03
1.555505004944279790e-04
1.098927925340831280e-03
-4.465498495846986771e-04
-1.177433994598686695e-03
1.634041778743267059e-03
-3.203903092071413994e-03
2.504253934603184462e-04
2.008449519053101540e-03
3.100572852417826653e-03
3.740877844393253326e-03
2.770812716335058212e-03
-2.934521762654185295e-03
-2.644989581312984228e-04
1.832930021919310093e-03
-2.483396092429757118e-03
1.406852272339165211e-03
8.495270158164203167e-04
-2.837128704413771629e-03
-9.917834540829062462e-04
1.765716588124632835e-03
2.325367648154497147e-03
8.962385472841560841e-04
-6.035845945007167757e-05
-3.376802895218133926e-03
1.943230745382606983e-03
-2.047848887741565704e-03
-5.751610733568668365e-04
-9.572655544616281986e-04
4.537801723927259445e-04
3.800191683694720268e-03
1.002143602818250656e-03
3.640254260972142220e-03
-3.556434297934174538e-03
-7.681025890633463860e-04
-3.793684300035238266e-03
3.276332281529903412e-03
-2.694415161386132240e-03
-2.237391192466020584e-03
-2.462482778355479240e-03
2.246858930448070168e-04
1.580238225869834423e-03
-7.034564623609185219e-04
-1.115201157517731190e-03
2.871530596166849136e-04
-2.197569003328680992e-03
2.020050073042511940e-03
-1.946081640198826790e-03
-4.217280657030642033e-04
-1.589742489159107208e-03
-7.434414874296635389e-05
-3.571500303223729134e-03
2.928188536316156387e-03
-3.571965498849749565e-04
1.509111840277910233e-03
-3.395858453586697578e-03
2.160067902877926826e-03
3.324599005281925201e-03
-8.527190657332539558e-04
-3.503310494124889374e-03
-1.521481550298631191e-03
3.400467176106758416e-05
-3.005554608535021544e-04
2.469832077622413635e-03
1.911056460812687874e-03
-2.114002360031008720e-03
1.806779415346682072e-03
1.163265769719146192e-04
-2.650281181558966637e-03
1.840008539147675037e-03
1.264502294361591339e-03
1.377071836031973362e-03
1.927867531776428223e-03
2.984957303851842880e-03
-3.748851129785180092e-03
1.121369074098765850e-03
-2.306566340848803520e-03
-2.414941554889082909e-03
-2.141626551747322083e-03
4.563940456137061119e-04
-2.468522172421216965e-03
2.830392448231577873e-03
-3.847054671496152878e-03
-2.270138589665293694e-03
-1.654328545555472374e-03
2.863445552065968513e-03
6.457841955125331879e-04
-3.282036632299423218e-03
2.551857847720384598e-03
-2.955144504085183144e-03
-1.397299929521977901e-03
-3.866011975333094597e-03
-2.856654347851872444e-03
7.908967090770602226e-04
2.736499067395925522e-03
3.503977088257670403e-03
2.458776114508509636e-03
3.805075539276003838e-03
3.364208852872252464e-03
1.815789379179477692e-03
2.116467803716659546e-03
3.664134768769145012e-03
5.447735020425170660e-05
-6.329095922410488129e-04
3.186158719472587109e-04
-9.422909934073686600e-04
3.636332461610436440e-03
2.806465141475200653e-03
-1.362273585982620716e-03
-3.153703291900455952e-04
-1.107423333451151848e-03
-2.156797330826520920e-03
-3.677416360005736351e-03
2.446479164063930511e-03
-2.865960123017430305e-03
-1.340859686024487019e-03
1.464499742724001408e-03
2.389782574027776718e-03
-5.086165037937462330e-04
3.813386894762516022e-03
-2.687830245122313499e-03
1.230278430739417672e-04
-1.933711580932140350e-03
1.038622809574007988e-03
-2.113645896315574646e-03
-2.313163131475448608e-03
5.879459786228835583e-04
