-3.034386900253593922e-04
8.490985492244362831e-04
3.566062310710549355e-03
3.411378245800733566e-03
-3.575143637135624886e-04
7.106769480742514133e-04
2.840405795723199844e-03
-2.082391874864697456e-03
-1.002050237730145454e-03
3.447610652074217796e-03
2.811406971886754036e-03
2.585479989647865295e-03
-2.716222370509058237e-04
9.427868062630295753e-04
-3.573998576030135155e-03
2.582209184765815735e-03
2.682554069906473160e-03
-2.104061888530850410e-03
7.265960448421537876e-04
3.446607617661356926e-03
-2.420346485450863838e-03
-2.176600100938230753e-04
-8.911081240512430668e-04
-2.056436147540807724e-03
-2.115423558279871941e-03
-1.756376354023814201e-03
6.498136208392679691e-04
1.124656409956514835e-03
-3.777028468903154135e-04
3.291112370789051056e-03
6.439384887926280499e-04
3.877340117469429970e-03
1.874947105534374714e-03
5.370294675230979919e-04
-2.282776404172182083e-03
2.793678082525730133e-03
-2.814636565744876862e-03
-3.392244689166545868e-04
-3.564356011338531971e-04
2.548044139984995127e-04
3.765353001654148102e-03
1.764062442816793919e-03
3.129868069663643837e-03
1.983824418857693672e-03
-2.738225273787975311e-03
1.123191788792610168e-03
1.667745527811348438e-03
1.514824107289314270e-03
9.944430785253643990e-04
-2.532356651499867439e-03
-3.372750943526625633e-03
-2.958899829536676407e-03
1.298407674767076969e-03
-1.774712582118809223e-03
1.167240334325470030e-04
1.403224770911037922e-03
-1.084321760572493076e-03
-2.325530862435698509e-03
8.532193896826356649e-05
1.273884554393589497e-03
-2.605675486847758293e-03
-3.715617349371314049e-03
-2.184164011850953102e-03
-1.172859687358140945e-03
2.283444162458181381e-03
2.907739486545324326e-03
1.702610636129975319e-03
-2.928658854216337204e-03
-1.824970706366002560e-03
3.308471059426665306e-04
2.431795466691255569e-03
3.525856882333755493e-04
4.679849371314048767e-04
-3.514310810714960098e-03
1.471914118155837059e-03
-2.170421415939927101e-03
1.166513306088745594e-03
-1.655599102377891541e-03
9.870500070974230766e-04
-2.640873892232775688e-03
1.713063567876815796e-03
-3.273237729445099831e-03
-2.268263138830661774e-03
-2.753775566816329956e-03
2.566364826634526253e-03
-1.194458105601370335e-03
3.288051113486289978e-03
3.621155861765146255e-03
-3.176078200340270996e-03
2.232647821074351668e-04
-6.088622030802071095e-04
3.392219368834048510e-04
2.209859434515237808e-03
1.248018932528793812e-03
-2.139902673661708832e-03
2.103984123095870018e-03
-3.544415580108761787e-03
2.088301349431276321e-03
2.496144967153668404e-03
-3.437970066443085670e-03
2.796478569507598877e-03
-2.347698668017983437e-03
-2.626684494316577911e-03
-2.542936010286211967e-03
3.467034082859754562e-03
2.591360826045274734e-03
1.123323920182883739e-03
5.610532825812697411e-04
-1.150565221905708313e-03
1.146560185588896275e-03
2.663031686097383499e-03
-1.325913821347057819e-03
-1.705082016997039318e-03
-1.825885265134274960e-03
1.950015081092715263e-03
-2.373243332840502262e-04
-3.099846420809626579e-03
2.212953986600041389e-03
-2.577299717813730240e-03
-3.461928339675068855e-03
1.265183673240244389e-03
2.153334673494100571e-03
2.283282810822129250e-04
-2.667001914232969284e-03
-3.860991855617612600e-04
-2.742819488048553467e-03
-6.828467594459652901e-04
2.575010061264038086e-03
3.714627819135785103e-04
3.534638322889804840e-03
4.211403720546513796e-04
-2.198681759182363749e-04
1.099731307476758957e-03
-5.591133958660066128e-05
-1.397267100401222706e-03
3.857469884678721428e-03
2.557700790930539370e-04
-1.369037181575549766e-05
-2.099981298670172691e-03
-4.351726674940437078e-04
1.847945735789835453e-03
1.543151913210749626e-03
-3.517387667670845985e-03
1.409871270880103111e-03
6.432802765630185604e-04
3.153716446831822395e-03
1.552039175294339657e-03
2.850026125088334084e-03
-1.126255723647773266e-03
2.558193169534206390e-03
2.291711280122399330e-03
-2.216548891738057137e-03
-2.758307382464408875e-03
-2.437880029901862144e-03
-1.825981773436069489e-03
3.263101447373628616e-03
-1.446197391487658024e-03
6.300061068031936884e-05
3.763496351893991232e-05
-3.843096783384680748e-03
-2.957663731649518013e-03
1.664617680944502354e-03
3.799184458330273628e-03
6.439362914534285665e-05
1.879921001091133803e-05
-2.519540023058652878e-03
3.699506167322397232e-03
2.187859266996383667e-03
-2.076504461001604795e-04
-9.575333097018301487e-04
1.218185643665492535e-03
1.072184066288173199e-03
-2.086775784846395254e-04
-2.978145610541105270e-03
-1.180786406621336937e-03
1.295717549510300159e-03
-2.929296111688017845e-03
3.459362313151359558e-03
3.482578089460730553e-03
-3.814954310655593872e-03
-2.756041940301656723e-03
1.980663364520296454e-04
9.721274836920201778e-04
2.915251767262816429e-03
2.438508439809083939e-03
-1.508849090896546841e-03
2.904679859057068825e-03
3.539248835295438766e-03
4.118365177419036627e-04
-2.287201816216111183e-03
-3.468600567430257797e-03
-1.821884303353726864e-03
-5.918643364566378295e-05
-9.696491179056465626e-04
1.955997198820114136e-03
-1.144394045695662498e-03
4.680803976953029633e-04
-1.211673370562493801e-03
3.505816916003823280e-03
5.045573343522846699e-04
2.452920423820614815e-03
6.132024282123893499e-05
1.001541619189083576e-03
-2.836494008079171181e-03
2.062612213194370270e-03
2.411397872492671013e-03
3.730428637936711311e-03
2.816984197124838829e-03
4.308410861995071173e-04
-2.108977641910314560e-03
-1.237118733115494251e-03
-1.672603888437151909e-03
-5.839671357534825802e-04
-3.300174605101346970e-03
-3.195554250851273537e-03
-2.224112162366509438e-03
1.778335426934063435e-03
-4.968274151906371117e-04
-1.656172098591923714e-03
-1.461371197365224361e-03
1.010049949400126934e-03
-1.211662129207979888e-05
1.301501994021236897e-03
1.928140292875468731e-03
-1.725282520055770874e-03
3.567400621250271797e-03
-5.952471401542425156e-04
-2.607878064736723900e-03
-2.229028759757056832e-04
3.557139076292514801e-03
2.956606913357973099e-03
-2.650839276611804962e-03
-2.079372527077794075e-03
3.545912913978099823e-03
6.855769315734505653e-04
-2.885541645810008049e-03
1.807573367841541767e-03
4.195538640487939119e-04
2.559521002694964409e-03
1.577935530804097652e-03
2.715617651119828224e-03
2.878149272873997688e-03
-2.921897917985916138e-03
3.605359001085162163e-03
-3.934555024898145348e-06
-2.461582771502435207e-04
-9.121849434450268745e-04
1.809400971978902817e-03
-2.138437470421195030e-03
2.199085429310798645e-03
-3.300657728686928749e-03
-1.393822138197720051e-03
2.716854214668273926e-03
-9.026002371683716774e-04
1.223748084157705307e-03
-2.646624343469738960e-03
