1.182293868623673916e-03
8.481424447381868958e-05
3.618317423388361931e-03
1.907658879645168781e-03
-5.164507310837507248e-04
-2.870085882022976875e-03
-6.948961527086794376e-05
1.367427990771830082e-03
1.889625214971601963e-03
3.542089834809303284e-03
-8.728758548386394978e-04
8.234569104388356209e-04
2.856889972463250160e-03
2.897809958085417747e-03
-1.285800244659185410e-03
1.086352625861763954e-03
3.593190340325236320e-03
3.465536050498485565e-03
8.713136776350438595e-04
2.670513233169913292e-03
1.985843526199460030e-03
-3.848583670333027840e-03
-3.778314217925071716e-03
3.877847688272595406e-03
-3.328389488160610199e-03
-3.535589901730418205e-03
3.882979042828083038e-03
2.945065498352050781e-03
1.568380626849830151e-03
-2.134395530447363853e-03
3.609390463680028915e-03
2.548680407926440239e-03
-1.389373326674103737e-03
-1.756140380166471004e-03
3.752495627850294113e-03
2.189138438552618027e-03
-1.778817619197070599e-03
1.112621510401368141e-03
-7.572983740828931332e-04
-2.313160948688164353e-04
-1.592126558534801006e-03
-1.203451305627822876e-03
-1.136475708335638046e-03
-1.282363082282245159e-03
-2.119364915415644646e-03
6.847942713648080826e-04
-2.289175521582365036e-03
-3.029399085789918900e-04
-3.492858377285301685e-04
-1.927889999933540821e-03
3.177626756951212883e-03
-1.372890430502593517e-03
2.340202452614903450e-03
-1.916832523420453072e-03
-3.572759451344609261e-03
3.670932259410619736e-03
9.535574936307966709e-04
7.257080869749188423e-04
2.780707553029060364e-03
-2.861330518499016762e-03
1.470825285650789738e-03
-1.370033482089638710e-03
2.006377093493938446e-03
3.812986542470753193e-04
3.082469105720520020e-03
-1.183960586786270142e-03
-2.971914596855640411e-03
5.534767406061291695e-04
-2.352251613046973944e-04
-2.846401650458574295e-03
4.431079432833939791e-04
1.446328009478747845e-03
-1.918871887028217316e-03
2.281602472066879272e-03
-2.835867693647742271e-03
-2.625009743496775627e-03
1.619794638827443123e-03
9.735040366649627686e-04
-1.825796673074364662e-03
-2.384632593020796776e-03
2.503447467461228371e-03
2.731058048084378242e-03
1.351834274828433990e-03
-7.464268128387629986e-04
2.116813324391841888e-03
-1.640003756619989872e-03
1.925210235640406609e-03
-2.652316587045788765e-03
-1.500832615420222282e-03
1.018795228446833789e-04
-4.417629679664969444e-05
-1.399940927512943745e-03
1.867684884928166866e-03
7.647507591173052788e-04
8.562296861782670021e-04
5.237230652710422873e-05
-1.376514905132353306e-03
3.149532247334718704e-03
3.044132143259048462e-03
3.067731391638517380e-03
1.067718025296926498e-03
-2.501440700143575668e-03
2.068307017907500267e-03
1.255224575288593769e-03
4.400839097797870636e-04
-1.360409543849527836e-03
-2.956059062853455544e-03
2.032380318269133568e-03
-3.662761533632874489e-03
3.402587259188294411e-03
-2.477350644767284393e-03
-2.405923325568437576e-03
-1.620817813090980053e-03
-1.217754208482801914e-03
2.341174986213445663e-03
1.470367307774722576e-03
-3.035585628822445869e-03
1.348434714600443840e-03
3.545325249433517456e-03
-3.581468015909194946e-03
-9.954306297004222870e-04
-3.142089117318391800e-03
3.645307617262005806e-03
1.938807428814470768e-03
-3.730249824002385139e-03
-1.013945584418252110e-04
-1.780050108209252357e-03
1.080600311979651451e-03
-3.340093884617090225e-03
3.897338639944791794e-03
-8.935955702327191830e-04
-2.035968005657196045e-03
-1.523699756944552064e-04
-3.138322615996003151e-03
3.218502504751086235e-03
-3.867565654218196869e-03
-2.127571729943156242e-03
-2.130069537088274956e-03
-2.364605898037552834e-03
2.231176244094967842e-03
-2.990824170410633087e-03
-2.805305877700448036e-03
-3.082344308495521545e-03
-3.342364216223359108e-04
-2.987256040796637535e-03
6.055877893231809139e-04
-1.972243888303637505e-03
2.707357052713632584e-03
3.834896720945835114e-03
2.029571216553449631e-03
2.055561635643243790e-04
2.071052556857466698e-03
1.834203721955418587e-03
-3.446887712925672531e-03
2.732167486101388931e-03
1.934132422320544720e-03
-4.243603325448930264e-04
-1.871346030384302139e-03
7.822144107194617391e-05
3.060455899685621262e-03
-4.992480535292997956e-05
6.066664936952292919e-04
1.447226619347929955e-03
-1.508138142526149750e-03
1.886544981971383095e-03
-9.208252304233610630e-04
2.057607052847743034e-03
3.651823848485946655e-03
-1.839337521232664585e-03
3.700999659486114979e-04
2.541812602430582047e-03
-6.251070881262421608e-04
-2.869737727451138198e-05
-2.449364867061376572e-03
3.064023330807685852e-04
1.749895163811743259e-03
-3.294417401775717735e-03
1.917654182761907578e-03
3.458308929111808538e-04
1.575408532517030835e-04
-1.253089867532253265e-03
-3.148826304823160172e-03
9.948998922482132912e-04
6.053688703104853630e-04
1.640201313421130180e-03
2.190746134147047997e-03
1.103797811083495617e-03
-1.917559769935905933e-03
-1.031026127748191357e-03
3.710330638568848372e-04
-3.401581663638353348e-03
3.882341552525758743e-03
2.228446192020783201e-06
-1.161234453320503235e-03
-3.391325939446687698e-03
2.249758981633931398e-04
-3.745709080249071121e-03
-2.950236434116959572e-03
-2.206079661846160889e-03
-3.234619041904807091e-03
-1.067370612872764468e-04
-8.478778763674199581e-04
3.525512991473078728e-03
-1.442018663510680199e-03
1.109806471504271030e-03
3.125776071101427078e-03
-3.814902855083346367e-03
-1.515577314421534538e-03
3.271935274824500084e-03
2.146420767530798912e-03
-1.697511645033955574e-03
-2.524737035855650902e-03
1.023317687213420868e-03
1.330059254541993141e-03
1.417072489857673645e-03
-5.346291000023484230e-04
2.637154422700405121e-03
3.735309233888983727e-03
8.709578542038798332e-04
-5.095939850434660912e-04
1.048315432853996754e-03
2.789040096104145050e-03
1.800897414796054363e-03
-2.831709105521440506e-03
-1.448949216865003109e-03
5.075538647361099720e-04
1.989407464861869812e-03
2.800699090585112572e-03
7.825969951227307320e-04
2.898286795243620872e-03
-3.383026923984289169e-03
-3.295690519735217094e-03
3.514516167342662811e-03
-8.210498490370810032e-04
2.224399941042065620e-03
-3.162028500810265541e-03
1.954433042556047440e-03
-1.179496059194207191e-03
2.766659716144204140e-03
8.890586323104798794e-04
3.128106473013758659e-03
-1.458397891838103533e-04
-4.712521040346473455e-04
-3.477881662547588348e-03
3.078108653426170349e-03
6.031445809639990330e-05
-2.268227515742182732e-03
-2.680767094716429710e-03
2.854222897440195084e-03
-1.955255400389432907e-03
3.647347912192344666e-03
2.518545137718319893e-03
-1.342318020761013031e-03
-1.668483368121087551e-03
3.864122088998556137e-03
2.800944261252880096e-03
