-3.375397529453039169e-03
2.098532626405358315e-03
-3.474622033536434174e-03
-8.330454584211111069e-04
-3.349431790411472321e-03
2.043871674686670303e-03
-1.813799724914133549e-03
3.379962639883160591e-03
-2.813027705997228622e-03
-3.654788015410304070e-03
3.183137159794569016e-03
-3.300742479041218758e-03
2.690226072445511818e-03
-1.863836077973246574e-03
2.391104120761156082e-03
-7.859086035750806332e-04
3.435881575569510460e-03
2.802236005663871765e-03
-5.742160137742757797e-04
-9.146826341748237610e-04
3.535600844770669937e-03
1.356124412268400192e-03
-3.460050793364644051e-03
2.929161535575985909e-03
-1.947144861333072186e-03
-6.934446864761412144e-04
-9.840690763667225838e-04
2.027430571615695953e-03
-5.788253620266914368e-04
-3.690211568027734756e-03
2.934531308710575104e-03
-2.455407753586769104e-03
-1.174045959487557411e-03
3.504618303850293159e-03
5.037653027102351189e-04
-1.910771592520177364e-03
3.435321850702166557e-03
2.664727624505758286e-03
2.977256663143634796e-04
-3.024778328835964203e-03
-2.167999045923352242e-03
3.100885311141610146e-03
2.242530463263392448e-04
3.022818593308329582e-03
-2.611309755593538284e-03
-4.679996636696159840e-04
3.130238736048340797e-03
2.926973160356283188e-03
6.076231366023421288e-04
1.356142805889248848e-03
1.706719485810026526e-04
-2.827539807185530663e-03
-1.837748102843761444e-03
-2.614080207422375679e-03
3.529282985255122185e-03
3.399925772100687027e-03
1.533322152681648731e-03
2.927885623648762703e-03
-5.863961414434015751e-04
4.524948599282652140e-04
3.099860914517194033e-04
-6.909676594659686089e-04
-1.250512548722326756e-03
3.828922519460320473e-03
-1.577304792590439320e-03
1.768035508575849235e-05
3.264299361035227776e-03
-2.568984637036919594e-03
1.027553342282772064e-03
-5.782924126833677292e-04
-2.711624139919877052e-03
-2.919364487752318382e-03
-5.789608112536370754e-04
-9.727836732054129243e-05
2.566538052633404732e-03
3.672758350148797035e-03
8.947211899794638157e-04
-3.087178571149706841e-03
3.428049385547637939e-03
1.682571601122617722e-03
7.025394588708877563e-04
-1.838625059463083744e-03
-1.227760454639792442e-03
9.287280263379216194e-04
3.797162557020783424e-03
3.003749996423721313e-03
8.493568748235702515e-04
3.079343587160110474e-03
-2.399849472567439079e-03
-2.244567585876211524e-04
1.447134301997721195e-03
-3.697445150464773178e-03
-2.932678908109664917e-03
3.025312675163149834e-03
-2.845122362487018108e-04
-3.737784223631024361e-03
-7.917411858215928078e-04
-4.038454208057373762e-04
-2.033674682024866343e-04
6.714779301546514034e-04
-6.460275617428123951e-04
-2.366305096074938774e-03
3.865155624225735664e-03
8.149942150339484215e-04
-3.893674816936254501e-03
-2.268122509121894836e-03
3.805738175287842751e-03
6.267724675126373768e-04
-2.265203977003693581e-03
1.388934091664850712e-03
-6.021681474521756172e-04
-4.590199678204953671e-04
2.346958965063095093e-03
-2.099575940519571304e-03
-2.379880985245108604e-03
-3.858330426737666130e-03
-2.040233230218291283e-03
2.040618564933538437e-03
2.664039857336319983e-05
3.250824054703116417e-03
-3.899592673406004906e-03
-2.951249247416853905e-03
1.629849197342991829e-03
2.933660987764596939e-03
-2.974761882796883583e-03
2.299728104844689369e-03
-2.218393608927726746e-03
-3.190714167430996895e-03
-1.305437879636883736e-03
2.316063764737918973e-04
-2.223385032266378403e-03
2.197563881054520607e-03
-1.141827233368530869e-04
4.020080814370885491e-05
2.808710327371954918e-03
-3.224367043003439903e-03
-2.727093175053596497e-03
7.028940017335116863e-04
-1.672662678174674511e-03
3.026623046025633812e-03
1.955990912392735481e-03
1.491394476033747196e-03
-1.427467912435531616e-03
-6.556738517247140408e-04
1.155562466010451317e-03
-1.833448885008692741e-03
2.317480975762009621e-03
2.345943357795476913e-03
-1.610948704183101654e-03
8.548121695639565587e-05
3.683147020637989044e-03
3.662839764729142189e-03
-1.721593434922397137e-03
-1.339329755865037441e-03
5.768548580817878246e-04
-7.506321417167782784e-04
2.115247771143913269e-03
2.859132364392280579e-03
-2.760937204584479332e-03
-3.248876892030239105e-03
3.589338622987270355e-03
1.331837032921612263e-03
4.836356383748352528e-04
-2.867218572646379471e-03
-3.347903955727815628e-03
-3.754977660719305277e-04
-2.065183827653527260e-03
-1.901818555779755116e-03
3.493954194709658623e-03
2.286225790157914162e-03
-8.458267548121511936e-04
6.592824356630444527e-04
2.911126473918557167e-03
-7.041390636004507542e-04
-2.478058682754635811e-03
-3.150474745780229568e-03
-7.817696314305067062e-05
9.044357575476169586e-04
-8.874364430084824562e-04
-2.608287846669554710e-03
-3.110391262453049421e-04
-1.657328684814274311e-03
2.433033369015902281e-04
-1.642949297092854977e-03
2.366336993873119354e-03
-6.152653950266540051e-04
-1.625093980692327023e-03
-7.524604443460702896e-04
-1.366197015158832073e-03
2.526418073102831841e-03
1.352075603790581226e-03
-2.802272560074925423e-03
-1.971977064386010170e-03
-3.796962555497884750e-03
-1.521796570159494877e-03
-3.145019058138132095e-03
-3.721392713487148285e-03
-2.693123416975140572e-03
-3.176316386088728905e-03
-1.876967842690646648e-03
8.606683695688843727e-04
-1.684846822172403336e-03
3.865768434479832649e-03
3.727422561496496201e-03
2.055671764537692070e-03
-3.034794062841683626e-04
6.711853784509003162e-04
-3.696901490911841393e-03
-1.325911143794655800e-03
1.150780823081731796e-03
7.738128770142793655e-04
9.041617158800363541e-04
3.880449337884783745e-03
-1.432997174561023712e-03
-1.342515577562153339e-03
-3.606432350352406502e-03
7.598350639455020428e-04
-1.659283181652426720e-03
1.017338014207780361e-03
1.102740643545985222e-03
-3.320530056953430176e-03
1.024753903038799763e-03
-8.282746421173214912e-04
-2.489970531314611435e-03
-2.254209015518426895e-03
1.316957408562302589e-03
-1.501822494901716709e-03
-3.723794361576437950e-03
3.060907591134309769e-03
3.572206711396574974e-03
1.192062700283713639e-04
-3.733679652214050293e-03
1.931959064677357674e-03
3.348058089613914490e-03
1.645124168135225773e-03
-2.082131337374448776e-03
-2.202909672632813454e-03
5.068222526460886002e-04
1.928746467456221581e-03
1.461394131183624268e-03
-3.457339014858007431e-03
3.485659835860133171e-03
-1.921574235893785954e-03
-2.039929095190018415e-04
2.505448414012789726e-03
2.768842503428459167e-03
9.213842713506892323e-05
8.664355846121907234e-04
2.278869505971670151e-03
2.981608966365456581e-03
-2.391834277659654617e-03
-3.158764215186238289e-03
-3.338544629514217377e-03
2.157024107873439789e-03
2.312004333361983299e-03
9.750380413606762886e-04
