1.461805659346282482e-03
-2.908301306888461113e-03
-2.587700029835104942e-03
3.443256486207246780e-03
2.648130292072892189e-03
-3.238322446122765541e-03
-2.505929733160883188e-04
-3.345138626173138618e-03
2.812860533595085144e-03
-4.638272366719320416e-05
-1.089165103621780872e-03
-2.534742699936032295e-03
3.226982895284891129e-03
2.853102516382932663e-03
-2.333076903596520424e-03
2.519461093470454216e-03
-3.058680449612438679e-04
1.109997974708676338e-03
1.961565576493740082e-03
-8.116797835100442171e-05
5.425650160759687424e-04
4.376907891128212214e-04
-5.449199234135448933e-04
1.360168564133346081e-03
-4.896853934042155743e-04
-5.463143461383879185e-04
3.324152436107397079e-03
1.608238788321614265e-03
1.127622555941343307e-03
-3.696369007229804993e-03
-3.302380209788680077e-03
3.452554810792207718e-03
4.833969287574291229e-04
-1.874286099337041378e-03
-2.647576620802283287e-03
2.929039299488067627e-03
7.844862411729991436e-04
-8.598536951467394829e-04
-2.655867720022797585e-03
-5.958195542916655540e-04
-2.243508584797382355e-03
-3.901858348399400711e-03
-1.449022209271788597e-03
-8.666015346534550190e-04
-2.870635828003287315e-03
-3.620854404289275408e-04
-9.388491744175553322e-04
-3.616715548560023308e-03
-1.015653251670300961e-03
7.814956479705870152e-04
-5.053701461292803288e-04
3.391114762052893639e-03
3.896465059369802475e-03
3.818773897364735603e-03
-3.405637107789516449e-03
6.532824045279994607e-05
-2.259348286315798759e-03
-7.146827992983162403e-04
2.443978330120444298e-03
1.706212759017944336e-03
8.930379990488290787e-04
3.348134923726320267e-04
-2.497271401807665825e-03
3.850492415949702263e-03
-1.202017068862915039e-03
-1.807948341593146324e-03
-2.770629944279789925e-03
1.825208310037851334e-03
-6.537872250191867352e-04
1.401518704369664192e-03
-1.951430807821452618e-03
-2.308621536940336227e-03
-5.098991678096354008e-04
2.433468122035264969e-03
1.055406522937119007e-03
1.981020439416170120e-03
-3.469315124675631523e-03
2.199587412178516388e-03
-2.776742912828922272e-03
2.525773597881197929e-03
-1.428664545528590679e-03
-5.122906295582652092e-04
-9.083719342015683651e-04
1.697612460702657700e-03
1.018772018142044544e-03
-1.067432574927806854e-03
6.284954724833369255e-04
-2.907937625423073769e-03
-1.329688006080687046e-03
-3.577363211661577225e-03
-2.390278386883437634e-04
-2.278237836435437202e-03
2.789069199934601784e-03
1.078720786608755589e-03
-9.274731273762881756e-04
-2.675415307749062777e-04
-3.464938374236226082e-03
1.510483911260962486e-03
-1.820979057811200619e-03
4.094978503417223692e-04
2.692241454496979713e-03
2.340865321457386017e-03
3.301888005807995796e-03
2.969376510009169579e-03
-3.552545094862580299e-03
2.242423361167311668e-03
-3.161363070830702782e-03
-3.381863702088594437e-03
-2.909308823291212320e-04
2.008615992963314056e-03
2.310949377715587616e-03
-3.274841001257300377e-03
2.413765061646699905e-03
-1.596023794263601303e-03
3.986425581388175488e-04
2.705850638449192047e-03
-1.910931896418333054e-03
3.312932327389717102e-03
3.001833334565162659e-03
2.500037197023630142e-03
-2.867926377803087234e-03
8.756038150750100613e-04
2.530366647988557816e-03
4.296194820199161768e-04
9.276353521272540092e-04
-2.951229689642786980e-03
-3.859210759401321411e-03
-2.933939453214406967e-03
-2.048762980848550797e-03
2.574435784481465816e-04
1.989023992791771889e-03
-1.511480659246444702e-03
1.656907028518617153e-03
3.365371841937303543e-03
1.158161321654915810e-03
1.025924342684447765e-03
1.763788983225822449e-03
1.114904414862394333e-03
-5.569434724748134613e-04
3.186766698490828276e-04
1.799742574803531170e-03
-3.151544136926531792e-03
-4.048046830575913191e-04
3.131341421976685524e-03
1.148763694800436497e-03
-1.884500496089458466e-03
-3.341591800563037395e-04
-3.810147987678647041e-03
-2.099585486575961113e-03
-3.748878603801131248e-03
2.995531307533383369e-03
3.746978240087628365e-03
-3.065307158976793289e-03
-8.530144114047288895e-04
1.898547983728349209e-03
-2.999170916154980659e-03
-2.100068144500255585e-03
-3.285679966211318970e-03
-8.753103902563452721e-04
3.599153133109211922e-03
-1.515033771283924580e-03
-3.557401010766625404e-03
2.224501920863986015e-03
3.673317376524209976e-03
-1.090578502044081688e-03
-1.170509494841098785e-03
1.559290103614330292e-03
-5.303708167048171163e-05
-2.963267033919692039e-03
2.909167204052209854e-03
1.572044449858367443e-03
3.077402478083968163e-03
-1.726474845781922340e-03
2.154385671019554138e-03
5.399820511229336262e-04
-3.564586222637444735e-04
-1.529472763650119305e-03
-3.029082901775836945e-03
-2.654578769579529762e-03
3.271183464676141739e-03
-2.479288261383771896e-03
1.739905419526621699e-04
3.114201594144105911e-03
1.568442326970398426e-03
3.845083760097622871e-03
3.214038675650954247e-03
-3.101008245721459389e-03
1.668889657594263554e-03
-2.816218184307217598e-03
-3.464110195636749268e-03
6.590652628801763058e-04
-2.418086398392915726e-03
-2.939907601103186607e-03
2.393495291471481323e-03
2.545677823945879936e-03
-1.546878134831786156e-03
2.321285894140601158e-03
2.999236574396491051e-03
-2.518161665648221970e-03
-2.617954509332776070e-03
1.082682050764560699e-03
1.204245723783969879e-03
9.432160295546054840e-04
3.007069928571581841e-03
-1.286560669541358948e-03
-1.417596242390573025e-03
-3.491179319098591805e-03
3.743460401892662048e-04
-1.420396380126476288e-03
-2.608214505016803741e-03
-6.263367831707000732e-04
3.027561353519558907e-03
3.738183993846178055e-03
2.730715554207563400e-03
8.461415418423712254e-04
1.480628969147801399e-03
-2.267805859446525574e-03
3.787217661738395691e-03
-1.553434762172400951e-03
-2.244840376079082489e-03
6.062664906494319439e-04
-8.992149960249662399e-04
1.936440705321729183e-03
-1.824305858463048935e-03
2.929452108219265938e-03
4.607008013408631086e-04
-3.375114174559712410e-03
2.205136232078075409e-03
-7.398123852908611298e-04
-1.458506216295063496e-03
-3.242379054427146912e-03
3.754941280931234360e-03
-8.580536232329905033e-04
3.025743644684553146e-03
3.444115864112973213e-03
-2.734236186370253563e-03
-2.254951512441039085e-03
2.456994843669235706e-04
3.579010954126715660e-03
1.508696703240275383e-03
-5.248701927484944463e-05
-5.775301251560449600e-04
2.932871459051966667e-03
8.486200240440666676e-04
-2.481619827449321747e-03
-2.713034860789775848e-03
-2.774680266156792641e-03
2.918951911851763725e-03
9.384739096276462078e-04
2.253092359751462936e-03
3.162476466968655586e-03
-3.387979231774806976e-03
1.795871881768107414e-03
-1.077603083103895187e-03
-1.515267416834831238e-03
3.547785105183720589e-03
