-3.327030688524246216e-03
9.290301823057234287e-04
-1.203327323310077190e-03
-5.552336806431412697e-04
2.111365320160984993e-03
2.844676782842725515e-04
1.540260505862534046e-03
1.934591331519186497e-03
-2.432293491438031197e-03
-1.633633160963654518e-03
-2.758073853328824043e-03
-8.697648299857974052e-04
-1.599612645804882050e-03
-1.150710042566061020e-03
1.263391575776040554e-03
1.782686216756701469e-03
1.365974079817533493e-03
-3.198995254933834076e-03
4.564550763461738825e-04
-1.017667003907263279e-03
1.261099678231403232e-04
1.712346565909683704e-03
-1.435356563888490200e-03
-3.692357102409005165e-03
-1.855897950008511543e-03
1.860681571997702122e-03
3.418127074837684631e-03
-9.935360867530107498e-05
-3.085994627326726913e-03
8.130004862323403358e-04
-3.526464337483048439e-03
-2.063740743324160576e-03
1.370213576592504978e-03
-2.310415962710976601e-03
-1.289656152948737144e-03
4.855203151237219572e-04
-2.849752083420753479e-03
-3.181791631504893303e-03
-1.751474570482969284e-03
-1.049101683747721836e-05
-2.467544982209801674e-03
-4.231292768963612616e-05
1.994906924664974213e-03
-2.900634659454226494e-03
-2.685720799490809441e-03
-7.658841204829514027e-04
2.889671595767140388e-03
3.573794150725007057e-03
1.824660925194621086e-03
1.343726646155118942e-03
-2.039399463683366776e-03
1.570573513163253665e-04
-8.381179650314152241e-04
1.469955430366098881e-03
1.688082586042582989e-03
-2.680441131815314293e-03
-3.758612088859081268e-03
3.467316506430506706e-03
-2.269697375595569611e-03
-4.127949941903352737e-04
2.828283933922648430e-03
-9.138344466919079423e-05
3.241309197619557381e-03
2.213562838733196259e-03
2.934739459306001663e-03
9.554225835017859936e-04
-1.543037942610681057e-03
2.447608858346939087e-03
-3.589198226109147072e-03
-7.696975953876972198e-04
2.570317592471837997e-03
-3.682067152112722397e-03
-8.972286741482093930e-05
3.362543648108839989e-03
-3.886202815920114517e-03
-2.313108881935477257e-03
1.594733679667115211e-03
1.631935127079486847e-03
6.668578716926276684e-04
-4.373295523691922426e-04
-1.801232458092272282e-03
1.936425338499248028e-03
-4.119400982744991779e-04
-3.827280830591917038e-03
2.775782020762562752e-03
-1.614102628082036972e-03
-2.844793023541569710e-03
-3.460953244939446449e-03
3.266680054366588593e-03
-3.709260141476988792e-03
-7.360433810390532017e-04
2.639784244820475578e-03
-1.552174682728946209e-03
-1.776901888661086559e-03
-2.747587393969297409e-03
-3.265861188992857933e-03
-1.364211319014430046e-03
2.799524227157235146e-03
2.055436838418245316e-03
1.621294301003217697e-03
-3.132261801511049271e-03
3.503516083583235741e-03
-3.316357498988509178e-03
1.083950744941830635e-03
3.939049202017486095e-04
-3.620421281084418297e-03
3.495878772810101509e-03
3.850617576972581446e-05
5.955386768619064242e-06
-2.306382870301604271e-03
-2.267299219965934753e-03
-3.460163483396172523e-03
1.035177032463252544e-03
-1.844918937422335148e-03
2.572934841737151146e-03
-3.971357000409625471e-05
1.093689585104584694e-03
9.866098407655954361e-04
2.977069932967424393e-03
1.763037987984716892e-03
-2.772505686152726412e-04
2.826809417456388474e-03
2.192660700529813766e-03
1.446826499886810780e-03
1.737773069180548191e-03
3.819072619080543518e-03
2.699320670217275620e-03
3.383590839803218842e-03
-2.529666060581803322e-03
2.656920114532113075e-03
3.544605569913983345e-03
2.385213971138000488e-03
2.110505476593971252e-03
-1.239214092493057251e-03
9.428829653188586235e-04
-3.219661070033907890e-03
8.546187309548258781e-04
3.841043217107653618e-03
-1.810039975680410862e-03
1.359286135993897915e-03
1.763785025104880333e-03
3.626170102506875992e-03
1.017247850541025400e-04
7.435943698510527611e-04
3.790932241827249527e-03
-3.570626024156808853e-03
-2.578055486083030701e-03
-4.065976099809631705e-05
1.732330420054495335e-03
3.303892211988568306e-03
3.656917251646518707e-03
2.049278235062956810e-03
-5.366038385545834899e-05
1.525186235085129738e-03
-1.051107188686728477e-03
3.334169276058673859e-03
-1.706850249320268631e-03
-1.580866868607699871e-03
2.754238899797201157e-03
1.980229048058390617e-03
1.568962121382355690e-03
-3.171222284436225891e-03
2.693026093766093254e-03
3.411551238968968391e-03
3.460886888206005096e-03
3.385446034371852875e-04
-1.419961336068809032e-03
1.926648663356900215e-03
-3.206214169040322304e-03
3.383243456482887268e-03
-3.134622005745768547e-03
2.427419880405068398e-03
-3.053379245102405548e-03
-3.318185918033123016e-03
9.589170222170650959e-04
-2.864286769181489944e-03
-1.664088689722120762e-03
1.162775879492983222e-04
2.951090922579169273e-03
-2.761891111731529236e-03
-2.403060672804713249e-03
2.798352157697081566e-03
-2.652642782777547836e-03
6.446127081289887428e-04
3.857848234474658966e-03
-2.177336486056447029e-03
1.948767923749983311e-03
1.715357298962771893e-03
-2.207037468906491995e-04
-2.777537563815712929e-03
1.001936179818585515e-04
-4.300969303585588932e-04
-1.566706807352602482e-03
3.740153042599558830e-03
9.841651190072298050e-04
9.583440842106938362e-04
2.651595743373036385e-03
-2.993551548570394516e-03
-6.844152812846004963e-04
-3.811426926404237747e-03
2.281156834214925766e-03
2.672591246664524078e-03
1.560982491355389357e-04
3.462746462901122868e-05
4.726054030470550060e-04
1.976030645892024040e-03
1.407000236213207245e-03
-1.102914568036794662e-03
-2.282956120325252414e-04
-3.451839322224259377e-03
-2.368488116189837456e-03
1.622589072212576866e-03
-1.042038551531732082e-03
2.966960193589329720e-03
3.044226905331015587e-03
-1.025711535476148129e-03
3.783508902415633202e-03
-3.527872497215867043e-03
1.232618349604308605e-03
-2.388541819527745247e-03
-3.815590636804699898e-03
-2.294261706992983818e-03
1.340214745141565800e-03
-1.653146580792963505e-03
-2.818731591105461121e-03
-2.557242987677454948e-03
-7.604443235322833061e-04
1.989227021113038063e-03
2.729602856561541557e-03
-9.726101416163146496e-04
2.263878559460863471e-04
3.723812289535999298e-03
2.849419368430972099e-03
-2.259011846035718918e-03
2.120586577802896500e-03
3.815436502918601036e-03
6.561143090948462486e-04
2.298232400789856911e-03
2.817293163388967514e-03
-2.963620470836758614e-03
-2.771141298580914736e-04
-1.154887955635786057e-03
-3.810358233749866486e-03
-3.896694164723157883e-03
2.339140977710485458e-03
-2.776402048766613007e-03
-2.336625242605805397e-03
-3.146775765344500542e-03
1.856417162343859673e-03
-2.590414835140109062e-03
-1.480950042605400085e-03
-2.841390669345855713e-03
1.886101556010544300e-03
7.382919429801404476e-04
-1.556098228320479393e-03
-3.020654665306210518e-03
