1.161236781626939774e-03
4.646086017601191998e-04
1.798477489501237869e-03
-3.746142145246267319e-03
-3.344221506267786026e-03
-1.197217148728668690e-03
-3.397377906367182732e-03
2.636593068018555641e-03
-1.177351921796798706e-03
-2.499557333067059517e-03
-1.543772057630121708e-03
2.439466770738363266e-03
1.650392194278538227e-03
-3.887367900460958481e-03
2.367563080042600632e-03
-3.488703630864620209e-03
2.792823594063520432e-03
-3.862651283270679414e-07
2.793878782540559769e-03
5.196217680349946022e-04
3.490149741992354393e-03
-2.009707735851407051e-03
5.176011109142564237e-05
2.194329630583524704e-03
2.885796129703521729e-03
-9.805971058085560799e-04
7.137862849049270153e-04
-2.949713263660669327e-03
2.441311953589320183e-03
-3.454961115494370461e-03
1.772043178789317608e-04
-2.361018705414608121e-04
2.403697231784462929e-03
5.969180492684245110e-04
1.411757781170308590e-03
-3.650116501376032829e-03
3.422195091843605042e-03
2.390852168900892138e-04
-4.509597783908247948e-05
2.498300280421972275e-03
-2.758121117949485779e-04
-9.410994243808090687e-04
-1.416474697180092335e-03
1.179067185148596764e-04
-3.850887063890695572e-03
1.464249799028038979e-03
2.675148658454418182e-03
3.124022157862782478e-03
-3.341037780046463013e-03
2.635675016790628433e-03
-1.430001459084451199e-03
1.446714508347213268e-03
-2.233603736385703087e-03
2.216572902398183942e-04
-3.194116055965423584e-03
7.410612306557595730e-04
1.458384504076093435e-04
-2.194207394495606422e-03
-1.265937811695039272e-03
-3.195273689925670624e-03
2.776722889393568039e-03
-1.849510939791798592e-03
3.705397248268127441e-03
2.252118894830346107e-03
-2.849405398592352867e-03
1.130952034145593643e-03
-9.771388722583651543e-04
-3.189758863300085068e-04
-1.791877089999616146e-03
-9.981663606595247984e-05
4.423114660312421620e-05
-5.816680495627224445e-04
3.725684713572263718e-03
2.004730049520730972e-03
1.409763935953378677e-03
-3.222831059247255325e-03
1.858740462921559811e-03
-2.454847795888781548e-03
2.711774082854390144e-03
1.762847998179495335e-03
4.862752030021511018e-05
-2.337829442694783211e-03
1.101130503229796886e-03
1.176390214823186398e-03
5.154796599526889622e-05
3.234923584386706352e-03
3.342218231409788132e-03
-3.413653466850519180e-03
-5.775261670351028442e-04
3.592286957427859306e-03
-2.931495895609259605e-03
3.104389179497957230e-03
1.335357083007693291e-03
1.874009147286415100e-03
3.487513458821922541e-04
-2.287274459376931190e-03
3.129979595541954041e-03
-3.097455948591232300e-03
3.690349170938134193e-03
2.610536292195320129e-03
-7.569569861516356468e-04
3.789457492530345917e-03
3.040397306904196739e-03
-1.366638898616656661e-04
-1.621788716875016689e-03
7.288918131962418556e-04
-3.424502210691571236e-04
-2.763678086921572685e-03
-1.651345402933657169e-03
-2.104575978592038155e-04
-3.711808240041136742e-03
-2.398742130026221275e-03
2.165415557101368904e-03
-4.030836280435323715e-04
1.768945483490824699e-03
6.831794744357466698e-04
-2.085957676172256470e-03
3.288052743300795555e-03
-3.745558671653270721e-03
2.370887668803334236e-04
9.290032903663814068e-05
1.616227207705378532e-03
-2.848808420822024345e-03
3.307648934423923492e-03
1.571665285155177116e-03
1.394955907016992569e-03
2.329902490600943565e-03
1.235752715729176998e-03
-3.628079546615481377e-03
3.184637054800987244e-03
1.311114523559808731e-03
3.550582041498273611e-04
-5.353567030397243798e-05
-1.131613738834857941e-03
-2.255750121548771858e-03
-3.783962689340114594e-03
-2.422356512397527695e-03
2.435200440231710672e-04
-6.598506588488817215e-04
5.827111090184189379e-05
-3.808962414041161537e-03
1.995273050852119923e-04
-9.498099680058658123e-04
7.389067322947084904e-04
-6.775937799829989672e-05
2.085422165691852570e-03
-9.094041888602077961e-04
-8.040132524911314249e-05
3.537156153470277786e-03
-8.056098595261573792e-04
3.552523208782076836e-03
3.165318164974451065e-03
-1.398856868036091328e-03
3.083264455199241638e-03
3.752794815227389336e-03
1.890422543510794640e-03
2.198596717789769173e-03
2.433624817058444023e-03
2.407617168501019478e-03
2.960648853331804276e-03
-2.203633077442646027e-03
3.177314763888716698e-03
1.748982002027332783e-03
3.056240966543555260e-03
1.887661637738347054e-03
-1.028004102408885956e-03
2.320021856576204300e-03
-1.911000232212245464e-03
-2.219416666775941849e-03
2.292625838890671730e-03
9.372092317789793015e-04
-7.540570804849267006e-04
-1.540765515528619289e-03
-1.899088383652269840e-03
3.303074743598699570e-03
4.658445832319557667e-04
-4.467697581276297569e-04
-9.055599803104996681e-04
-1.722242916002869606e-03
-3.792187897488474846e-03
1.541995909065008163e-03
1.476739067584276199e-03
-1.229485380463302135e-03
2.770968480035662651e-03
3.830822650343179703e-03
1.411200035363435745e-03
-1.597401220351457596e-03
3.111602505668997765e-03
1.328518497757613659e-03
-1.071563689038157463e-03
-1.958798384293913841e-03
3.262364771217107773e-03
3.147215582430362701e-03
-3.228955902159214020e-04
3.414869075641036034e-03
-6.488982471637427807e-04
-1.633040141314268112e-03
1.647196477279067039e-03
1.841882243752479553e-03
-4.201875126454979181e-04
-3.652182873338460922e-03
2.092553069815039635e-03
-1.178656566480640322e-05
1.370708574540913105e-03
3.309745807200670242e-03
1.841027988120913506e-03
1.332896208623424172e-04
-1.279964111745357513e-03
-3.512551775202155113e-03
5.368381971493363380e-04
2.284081419929862022e-03
-2.164297038689255714e-03
-2.746967831626534462e-03
1.468038302846252918e-03
-2.180284354835748672e-03
-2.955092815682291985e-03
2.644982887431979179e-03
-1.309989311266690493e-04
2.570734068285673857e-04
-1.080110203474760056e-03
2.432197332382202148e-03
1.562750549055635929e-03
-3.860541619360446930e-03
3.020306117832660675e-03
-4.627466551028192043e-04
6.985880900174379349e-04
3.701765090227127075e-03
3.336178779136389494e-04
4.918406484648585320e-04
-1.401141169480979443e-03
-3.593301516957581043e-04
2.639775397256016731e-03
-2.373901661485433578e-03
-3.253218485042452812e-03
-1.656907610595226288e-03
3.046234836801886559e-03
-1.908979960717260838e-03
-2.309703268110752106e-03
2.060660393908619881e-03
3.196021309122443199e-03
-2.701206365600228310e-03
4.081277584191411734e-04
-3.881973447278141975e-03
1.030361861921846867e-03
2.524628598621347919e-06
2.508452394977211952e-03
8.910677279345691204e-04
-1.331423060037195683e-03
1.620413037016987801e-03
-1.953614177182316780e-03
7.822017651051282883e-04
2.858222462236881256e-03
-1.356491819024085999e-03
-3.906195517629384995e-03
-2.492244122549891472e-03
-1.228942070156335831e-03
