-8.371415315195918083e-04
9.149787365458905697e-04
2.606158610433340073e-03
3.359003225341439247e-03
3.535165451467037201e-03
-1.631296181585639715e-04
3.432921133935451508e-03
-2.006662543863058090e-03
-5.224670894676819444e-05
-2.585533948149532080e-04
2.337562153115868568e-03
-1.129191834479570389e-03
-1.241335994563996792e-03
-2.703309990465641022e-03
-9.056197013705968857e-04
-1.173274940811097622e-03
-1.354429638013243675e-03
9.956845315173268318e-04
1.649734098464250565e-03
-2.394129522144794464e-03
2.342007355764508247e-03
1.666545169427990913e-03
7.118395296856760979e-04
-2.644968684762716293e-03
-1.312047010287642479e-03
-3.747173817828297615e-03
3.582331992220133543e-04
-3.612491535022854805e-03
-3.130040131509304047e-03
-1.570315333083271980e-03
1.336763496510684490e-03
3.233406227082014084e-03
-3.027186263352632523e-03
-2.850107848644256592e-04
-1.501926919445395470e-03
3.460636129602789879e-03
2.600447041913866997e-03
8.814194006845355034e-04
-2.265894087031483650e-03
1.101312693208456039e-03
-3.906608093529939651e-03
3.358852816745638847e-03
3.786003915593028069e-03
-7.145637646317481995e-04
-3.375494852662086487e-03
2.661198610439896584e-03
3.828097367659211159e-03
-2.506978809833526611e-03
1.457135309465229511e-03
-2.751118037849664688e-03
-8.424538536928594112e-04
-2.480840310454368591e-03
-1.656490843743085861e-03
-2.593858633190393448e-03
2.107172040268778801e-03
2.861626446247100830e-03
2.835167106240987778e-04
3.198483958840370178e-03
-3.689258825033903122e-03
1.951612532138824463e-03
2.346132649108767509e-03
3.203101223334670067e-03
-2.764015691354870796e-03
-6.707156717311590910e-05
1.152647200797218829e-05
8.124152082018554211e-04
3.052675747312605381e-04
-6.124314386397600174e-04
3.813803661614656448e-03
2.118496457114815712e-03
8.641210733912885189e-04
3.074719104915857315e-03
-1.339767128229141235e-03
-3.550523892045021057e-03
-8.247313089668750763e-04
-2.489570993930101395e-03
8.316501407534815371e-06
-3.082532435655593872e-03
-2.838490181602537632e-04
2.492987259756773710e-04
2.107952488586306572e-03
-1.578828669153153896e-04
-9.718236397020518780e-04
1.947120763361454010e-03
-3.289170097559690475e-03
-2.990327309817075729e-03
-3.514033276587724686e-03
6.069727824069559574e-04
-1.100461231544613838e-03
6.994162686169147491e-04
-3.561154007911682129e-03
-1.127923489548265934e-03
8.101403363980352879e-04
-1.900896779261529446e-03
1.934906467795372009e-03
2.657999051734805107e-03
2.112117654178291559e-04
8.305532974191009998e-04
1.094679697416722775e-03
-3.108776407316327095e-03
2.849552314728498459e-03
-2.163243712857365608e-03
3.386125434190034866e-03
5.613815737888216972e-04
3.027276601642370224e-03
-1.577659742906689644e-03
1.894810004159808159e-03
2.181143936468288302e-04
4.292157827876508236e-04
3.463612869381904602e-03
-2.649502828717231750e-03
-1.127455383539199829e-03
-2.968623768538236618e-03
2.613335673231631517e-04
3.300275653600692749e-03
1.693269237875938416e-03
2.110803266987204552e-03
1.645551412366330624e-03
-3.246102482080459595e-03
-2.719195908866822720e-04
3.255140967667102814e-03
-1.597616821527481079e-03
-7.619499228894710541e-04
-2.943666419014334679e-03
9.074713452719151974e-04
2.187231322750449181e-03
-3.479855367913842201e-03
-3.115311730653047562e-03
-3.107714466750621796e-03
1.659570611082017422e-03
-4.985922132618725300e-04
-3.497993806377053261e-03
3.725895658135414124e-03
1.280208525713533163e-04
-2.806954784318804741e-03
-3.447172464802861214e-03
3.070947714149951935e-03
-1.237054588273167610e-03
1.353962114080786705e-03
1.195185977849178016e-04
2.498732181265950203e-03
-3.555183066055178642e-03
-1.429058844223618507e-03
-6.427090265788137913e-04
-1.880500698462128639e-03
-1.445794012397527695e-03
2.238412620499730110e-03
-1.443838351406157017e-03
-3.471486736088991165e-03
1.949707162566483021e-03
-1.236063661053776741e-03
-2.837386680766940117e-03
-2.071445109322667122e-03
-7.614702917635440826e-04
-2.965315012261271477e-03
2.381762489676475525e-03
-3.350933082401752472e-03
2.241520909592509270e-03
1.848365762270987034e-03
1.357460423605516553e-04
1.339025096967816353e-03
-3.028030507266521454e-03
1.458613434806466103e-03
-3.139307722449302673e-03
2.900096122175455093e-03
5.847942084074020386e-04
1.985624199733138084e-03
2.700793324038386345e-03
-9.338727104477584362e-04
1.696544350124895573e-03
1.961373724043369293e-03
-1.969138393178582191e-03
-3.170146839693188667e-03
1.712411991320550442e-03
-3.534603747539222240e-04
3.270769957453012466e-03
1.566747552715241909e-03
2.441775985062122345e-03
3.261743811890482903e-03
3.895028261467814445e-03
5.262913182377815247e-04
2.581603359431028366e-03
1.370837911963462830e-03
2.146299520973116159e-04
1.812813105061650276e-03
-9.312670445069670677e-04
2.526607131585478783e-03
-3.343621036037802696e-03
3.568237414583563805e-03
2.288064919412136078e-03
1.252982066944241524e-03
-1.421221531927585602e-03
3.448014613240957260e-03
3.432060824707150459e-03
1.813524519093334675e-03
2.018631668761372566e-03
-2.344877721043303609e-04
-2.261218382045626640e-03
-3.111559664830565453e-03
-3.068837570026516914e-03
-1.704104943200945854e-03
1.932361978106200695e-03
-2.200895221903920174e-03
3.603797405958175659e-03
-3.445884911343455315e-03
2.997412346303462982e-03
-2.430994762107729912e-03
-2.875542850233614445e-04
1.556069124490022659e-03
1.327767386101186275e-03
3.569318447262048721e-03
3.251486225053668022e-03
-1.822350546717643738e-03
1.284838421270251274e-03
-1.669127494096755981e-03
-1.490894472226500511e-03
5.781067884527146816e-04
-3.622253891080617905e-03
-8.191904635168612003e-04
3.005990060046315193e-03
3.281526267528533936e-03
-2.375586191192269325e-03
4.986772546544671059e-04
2.218752866610884666e-03
-3.013224573805928230e-03
1.737703685648739338e-03
8.096759120235219598e-05
2.289143856614828110e-03
2.477523405104875565e-03
3.402323927730321884e-03
-3.538553370162844658e-03
3.234540112316608429e-03
1.115127000957727432e-03
5.504226428456604481e-04
-1.547913416288793087e-03
3.017662093043327332e-03
1.125279348343610764e-03
1.037911279127001762e-03
-3.585176775231957436e-03
3.257983596995472908e-03
3.007420338690280914e-03
-3.646593249868601561e-04
-2.088518813252449036e-03
-3.435560967773199081e-03
-5.138727719895541668e-04
1.743845990858972073e-03
3.039756556972861290e-03
3.833979368209838867e-03
2.477823989465832710e-03
8.696025470271706581e-04
2.137034665793180466e-03
-1.053937230608426034e-04
-2.617760794237256050e-03
1.243826583959162235e-03
1.337014371529221535e-03
4.199782561045140028e-04
