1.307467347942292690e-03
-1.633477164432406425e-03
1.405056449584662914e-03
8.217712747864425182e-04
-5.844733095727860928e-04
-2.329371171072125435e-03
2.472599968314170837e-03
1.106513780541718006e-03
-1.791912713088095188e-03
2.629164140671491623e-03
1.254781847819685936e-03
1.158711151219904423e-03
3.476440906524658203e-03
-3.856522729620337486e-03
-3.364561125636100769e-03
3.653095627669245005e-04
-2.702343044802546501e-03
-4.737182171083986759e-04
3.409661119803786278e-03
1.919920439831912518e-03
1.856240560300648212e-04
-3.627007128670811653e-03
3.254910989198833704e-04
1.854394329711794853e-03
-6.125528598204255104e-04
4.926142282783985138e-04
3.722806693986058235e-03
-1.392629463225603104e-03
-2.084524603560566902e-03
2.368930960074067116e-03
2.380030462518334389e-03
8.898630621843039989e-04
2.367129549384117126e-03
-1.797089469619095325e-03
-1.226952997967600822e-03
2.681626239791512489e-03
1.420378102920949459e-03
3.473190125077962875e-03
1.121463486924767494e-03
1.119164749979972839e-03
-3.278117626905441284e-03
-1.283060875721275806e-03
2.750533865764737129e-03
-1.237355987541377544e-03
-1.567993196658790112e-03
3.431475022807717323e-03
2.354361582547426224e-03
3.375914879143238068e-03
-3.799411701038479805e-03
-3.347467398270964622e-03
2.470936160534620285e-03
-1.318677095696330070e-03
2.512871753424406052e-03
-2.374241128563880920e-03
-1.536196214146912098e-04
2.938283141702413559e-03
-1.865315367467701435e-03
-4.740044823847711086e-04
-1.353379338979721069e-03
-2.836030675098299980e-03
1.939193462021648884e-03
-1.866762293502688408e-03
-9.704456897452473640e-04
-1.012623833958059549e-04
-7.957102498039603233e-04
-1.583466422744095325e-03
-3.578532021492719650e-03
1.414257450960576534e-03
-3.668669611215591431e-03
-1.998576568439602852e-03
-2.148250117897987366e-03
2.028936985880136490e-03
5.969216581434011459e-04
1.211532740853726864e-03
3.580376040190458298e-03
1.999683445319533348e-03
2.251550788059830666e-03
-3.187508322298526764e-03
1.190969371236860752e-03
-3.639005008153617382e-04
6.152414716780185699e-04
-4.990531306248158216e-05
-1.510439207777380943e-03
-6.798619870096445084e-04
8.267205557785928249e-04
-1.985259586945176125e-03
1.617138274013996124e-03
2.193773165345191956e-03
1.773117226548492908e-03
-1.517893630079925060e-03
1.227179425768554211e-03
2.408756176009774208e-03
-2.279991051182150841e-03
8.653740515001118183e-04
1.302960561588406563e-03
-3.775248304009437561e-03
-2.502183895558118820e-03
-1.636068569496273994e-03
4.773662949446588755e-04
-3.017853014171123505e-03
-1.358279027044773102e-03
1.524119055829942226e-03
1.538101234473288059e-03
3.632635809481143951e-03
1.466447720304131508e-03
-2.392492489889264107e-03
-1.374561688862740993e-03
3.759589744731783867e-03
2.046843525022268295e-03
-1.449266332201659679e-03
1.688422518782317638e-03
3.941678151022642851e-04
1.049898564815521240e-03
2.547405427321791649e-03
-8.590676588937640190e-04
-1.242434489540755749e-03
2.031892336162854917e-06
-1.308475155383348465e-03
-6.353914504870772362e-04
-4.917129408568143845e-04
-3.891012864187359810e-03
-7.221115520223975182e-04
-1.551380148157477379e-03
1.244512968696653843e-03
7.411993574351072311e-04
-4.041696956846863031e-05
1.621376140974462032e-03
-1.394011545926332474e-03
5.932870553806424141e-04
-2.122615696862339973e-03
6.761293479939922690e-05
-2.127416897565126419e-03
-2.257839543744921684e-03
3.844338003545999527e-03
5.977810360491275787e-04
-1.190514303743839264e-03
-2.505479846149682999e-03
-1.983708236366510391e-03
-3.668993595056235790e-04
-3.435991704463958740e-03
2.233330858871340752e-03
-2.341661835089325905e-03
2.900059043895453215e-04
3.694585524499416351e-03
1.458253245800733566e-03
-1.773155643604695797e-03
-2.425609622150659561e-03
2.693753689527511597e-03
-1.180669409222900867e-03
-3.312236862257122993e-03
1.833753660321235657e-03
-1.907525002025067806e-03
-1.811015972634777427e-04
-6.390108028426766396e-04
-1.281005563214421272e-03
2.484265714883804321e-03
2.291829790920019150e-03
-2.212921855971217155e-03
-2.433742163702845573e-03
-3.573493100702762604e-03
-6.960342288948595524e-04
2.066740998998284340e-03
2.448137151077389717e-03
1.275058253668248653e-03
-1.407788513461127877e-04
-3.456178586930036545e-03
-3.234187839552760124e-03
1.056739492923952639e-04
3.707400464918464422e-04
3.198692575097084045e-03
-3.052930114790797234e-03
-3.050026949495077133e-03
3.480941522866487503e-03
-3.500810591503977776e-03
3.117911051958799362e-03
-7.899300544522702694e-04
-1.872963155619800091e-03
-8.885731222108006477e-04
2.632857300341129303e-03
-2.340244827792048454e-03
-3.710640827193856239e-03
-2.614079043269157410e-03
3.675725776702165604e-03
1.726806513033807278e-03
3.121218178421258926e-03
3.783862106502056122e-03
4.803763586096465588e-04
-2.632308285683393478e-03
3.690215991809964180e-03
1.115268911235034466e-03
-1.171426381915807724e-03
-2.307603834196925163e-03
-1.846977393142879009e-03
2.960202051326632500e-03
8.721264312043786049e-04
2.802801784127950668e-03
-2.860580803826451302e-03
-1.963763730600476265e-03
-9.965937351807951927e-04
1.342322793789207935e-03
3.186188696417957544e-04
2.157537965103983879e-03
-7.518523489125072956e-04
-3.906149882823228836e-03
-3.638223046436905861e-03
-3.307576989755034447e-03
-1.287021324969828129e-03
1.843621721491217613e-03
2.457228256389498711e-03
1.096584834158420563e-03
-2.012347569689154625e-03
1.251799985766410828e-03
-1.120983855798840523e-03
-3.859889460727572441e-03
2.534146886318922043e-03
1.952642691321671009e-03
3.362840274348855019e-03
9.378607501275837421e-04
-1.501346821896731853e-03
2.705454593524336815e-03
2.728813560679554939e-03
-2.041495172306895256e-03
8.374956669285893440e-04
6.963155465200543404e-04
3.237481927499175072e-03
-1.178786624222993851e-03
2.716767136007547379e-03
-2.731689019128680229e-03
-2.715563867241144180e-03
2.057364443317055702e-03
-2.372530056163668633e-03
-2.480590948835015297e-03
3.782357554882764816e-03
6.013747188262641430e-04
-2.057021949440240860e-03
-9.394781664013862610e-04
3.800809616222977638e-03
-4.871070632361806929e-05
2.257261192426085472e-03
1.841384219005703926e-03
-3.436892526224255562e-03
1.286829588934779167e-03
-4.129045009904075414e-06
-6.197741604410111904e-04
-3.628418780863285065e-04
-3.458797698840498924e-03
-8.657922735437750816e-04
-3.704447764903306961e-03
-3.861421719193458557e-03
-3.338134381920099258e-03
-6.223729724297299981e-05
-2.167637459933757782e-03
1.906154328025877476e-03
-1.228504348546266556e-03
-1.469187671318650246e-03
3.146673785522580147e-03
