5.080649279989302158e-04
4.903094377368688583e-04
-1.699605840258300304e-03
-1.479289261624217033e-03
2.455706009641289711e-03
2.360814949497580528e-03
-6.564013310708105564e-04
1.419901964254677296e-03
-1.564671867527067661e-03
-1.524070161394774914e-03
2.407391555607318878e-03
-2.424360252916812897e-03
3.385548014193773270e-03
1.727414928609505296e-04
2.945117885246872902e-03
1.315249130129814148e-03
3.452121745795011520e-04
4.566190473269671202e-04
1.875003566965460777e-03
-3.960813046433031559e-05
3.813258954323828220e-04
-1.755719422362744808e-03
-3.714236663654446602e-03
-3.167056711390614510e-04
3.797686658799648285e-03
-6.697150529362261295e-04
-1.595057779923081398e-03
-2.139873337000608444e-03
-1.526576583273708820e-03
-1.306410646066069603e-03
-5.469486932270228863e-04
1.337568392045795918e-03
-4.456770548131316900e-04
2.595092868432402611e-03
-7.755615515634417534e-04
-1.913270098157227039e-04
-1.865183439804241061e-04
6.291025201790034771e-04
-3.735672449693083763e-03
4.123581456951797009e-04
2.903287997469305992e-03
-2.606486435979604721e-03
3.073440166190266609e-03
3.332125255838036537e-03
-3.470306750386953354e-03
-9.052944369614124298e-04
-3.901788033545017242e-03
-2.189874183386564255e-03
2.506201853975653648e-03
3.157554194331169128e-03
-1.375423511490225792e-03
2.010451862588524818e-03
-1.930901664309203625e-03
2.010399039136245847e-04
-2.845216309651732445e-03
-7.111381855793297291e-04
3.517554374411702156e-03
-2.040531981037929654e-04
-1.576357404701411724e-03
-1.188075053505599499e-03
3.769700881093740463e-03
2.807346871122717857e-03
3.009849460795521736e-03
1.569622079841792583e-03
3.428327152505517006e-03
2.533168997615575790e-03
3.463488304987549782e-03
1.347810728475451469e-03
-3.408013144508004189e-03
1.303353463299572468e-03
1.921632327139377594e-03
1.651385799050331116e-03
1.362952287308871746e-03
1.890324056148529053e-03
2.918659884016960859e-04
-3.563576610758900642e-03
3.813235322013497353e-03
3.870169864967465401e-03
6.714131450280547142e-05
-3.266688669100403786e-03
-3.837035736069083214e-03
2.829768345691263676e-04
-1.172447693534195423e-03
-1.921337912790477276e-03
2.110663801431655884e-03
-3.506424371153116226e-03
8.918921812437474728e-04
-1.308544742641970515e-04
2.222394803538918495e-03
8.588744676671922207e-04
-3.145901253446936607e-03
-8.678218582645058632e-04
2.279115840792655945e-03
2.487266436219215393e-03
-2.005901187658309937e-03
-9.684088290669023991e-04
-3.664277726784348488e-03
2.663104096427559853e-03
3.863768652081489563e-03
3.366612596437335014e-03
2.192129322793334723e-04
1.653161481954157352e-03
1.935703796334564686e-03
-1.370832556858658791e-03
-3.291668370366096497e-03
2.838604385033249855e-03
-2.118454780429601669e-03
1.740287872962653637e-03
2.085404237732291222e-03
4.449953557923436165e-04
8.687900262884795666e-04
-2.079791389405727386e-03
3.359351539984345436e-04
-4.273502563592046499e-04
3.633518703281879425e-03
2.103991108015179634e-03
-2.030657604336738586e-03
-1.832241832744330168e-04
2.365802647545933723e-03
8.111605420708656311e-04
-2.329204231500625610e-03
-2.879957668483257294e-03
-2.579780993983149529e-03
-3.269083565101027489e-03
9.146068478003144264e-04
1.190752838738262653e-03
-2.897997852414846420e-03
1.031945343129336834e-03
1.464938046410679817e-03
-3.516821889206767082e-03
-3.666295204311609268e-03
3.380383423063904047e-04
-7.368192309513688087e-04
3.239357611164450645e-03
-7.823141640983521938e-04
1.196497119963169098e-03
-3.205671207979321480e-03
-1.715834252536296844e-03
3.489545080810785294e-03
3.683507093228399754e-04
-3.766082692891359329e-03
2.960825571790337563e-03
3.122928785160183907e-03
-3.239994985051453114e-04
-1.367766759358346462e-03
-8.304812363348901272e-04
2.355845645070075989e-03
3.177958773449063301e-03
-1.590530853718519211e-03
-3.835186653304845095e-04
-1.497020013630390167e-03
2.459321636706590652e-03
-2.838849322870373726e-03
-1.702881883829832077e-03
3.517476376146078110e-03
-1.569701475091278553e-03
-1.956176245585083961e-03
1.082549802958965302e-03
1.198942074552178383e-03
2.541217021644115448e-03
-1.166250323876738548e-03
2.981536090373992920e-03
-3.118987893685698509e-03
-3.687245771288871765e-03
-3.842348931357264519e-03
1.084291492588818073e-03
3.827234730124473572e-03
-3.624836681410670280e-03
-2.955675823614001274e-03
1.684393850155174732e-03
3.735299687832593918e-03
-1.234562951140105724e-03
8.829489233903586864e-04
-1.216671196743845940e-03
2.385552506893873215e-03
-3.289853688329458237e-03
-3.742811968550086021e-03
-3.225249005481600761e-03
1.098946551792323589e-03
2.853375393897294998e-03
-2.330971183255314827e-03
-3.076938213780522346e-03
3.501749830320477486e-03
-2.535585779696702957e-03
3.607646794989705086e-03
7.877798634581267834e-04
1.850997330620884895e-03
-8.121738210320472717e-04
3.591398242861032486e-03
6.776493974030017853e-04
-1.080610556527972221e-03
1.167826354503631592e-03
3.754907753318548203e-03
2.512467792257666588e-03
2.855438739061355591e-03
-1.132464502006769180e-03
-1.376113155856728554e-03
2.060174476355314255e-03
2.609603339806199074e-03
3.838051343336701393e-03
3.186951216775923967e-04
3.862326499074697495e-03
-2.807684475556015968e-03
-2.016925718635320663e-03
-9.464639151701703668e-05
3.100920934230089188e-03
3.070482984185218811e-03
3.127844305709004402e-03
-2.009300049394369125e-03
1.428626244887709618e-03
-3.349487204104661942e-03
1.748244161717593670e-03
8.468633168376982212e-04
2.427891828119754791e-03
2.421222394332289696e-03
8.055790094658732414e-04
1.576884067617356777e-03
2.149613108485937119e-03
-8.042217814363539219e-04
-3.835235256701707840e-03
9.722057729959487915e-04
-8.223957265727221966e-04
1.724963309243321419e-03
-3.861968638375401497e-03
2.589656971395015717e-03
2.350413706153631210e-03
-8.506082231178879738e-04
1.532013993710279465e-03
-3.723552916198968887e-03
-6.142689962871372700e-04
4.994184710085391998e-04
1.489203190430998802e-03
-1.040434348396956921e-03
-2.964987885206937790e-03
1.046063844114542007e-03
-3.816531505435705185e-03
1.054996741004288197e-03
2.063009189441800117e-03
-2.132476540282368660e-03
2.965515945106744766e-03
-3.241043072193861008e-03
1.083494280464947224e-03
3.253161674365401268e-03
1.010065898299217224e-03
2.003210363909602165e-03
1.642690767766907811e-04
2.284957328811287880e-03
-3.648234123829752207e-04
1.157242339104413986e-03
1.237499644048511982e-03
-5.094548105262219906e-04
-1.488373614847660065e-03
3.784675151109695435e-03
1.092368183890357614e-04
-3.342076204717159271e-03
3.723430214449763298e-03
