-2.351464470848441124e-03
-6.022759480401873589e-04
1.946451084222644567e-04
2.240341855213046074e-03
-3.352774539962410927e-03
-2.478158799931406975e-03
-2.125167753547430038e-03
2.232546219602227211e-03
-4.911481519229710102e-04
1.373296370729804039e-03
-1.356964232400059700e-03
-3.278360702097415924e-03
-2.808258635923266411e-03
1.204263535328209400e-03
-1.009132014587521553e-03
-1.199545571580529213e-03
3.015293506905436516e-03
1.625330420210957527e-03
-2.130402484908699989e-03
-3.252424532547593117e-03
1.416524173691868782e-03
3.818403929471969604e-04
2.635633107274770737e-03
3.889661515131592751e-03
-3.298848634585738182e-03
2.841602079570293427e-03
-8.705542859388515353e-05
-3.573327790945768356e-03
-3.623865777626633644e-03
-4.190551117062568665e-04
-2.663486171513795853e-03
-2.993121510371565819e-03
-4.308148636482656002e-04
2.079977886751294136e-03
-2.485210541635751724e-03
-2.886974252760410309e-03
-1.125453389249742031e-03
-2.661658450961112976e-03
-3.306047990918159485e-03
3.103496041148900986e-03
-3.366953169461339712e-04
-1.122204819694161415e-03
1.467952039092779160e-03
-1.453896635212004185e-03
1.718585146591067314e-03
3.063659416511654854e-03
-3.543187864124774933e-03
8.447699947282671928e-04
2.797202439978718758e-03
3.844938473775982857e-03
3.035732079297304153e-04
-1.896934583783149719e-03
-7.403716444969177246e-04
2.759595867246389389e-03
-2.835885388776659966e-03
-2.159952884539961815e-03
3.236422082409262657e-03
-1.544080441817641258e-03
-2.321166452020406723e-03
-1.920170470839366317e-04
1.355366315692663193e-03
1.472030649892985821e-03
-1.828551641665399075e-03
1.651945494813844562e-04
-7.243220352393109351e-06
-4.390887334011495113e-04
7.670890772715210915e-04
-6.402246981451753527e-06
3.769753675442188978e-04
-3.511368762701749802e-03
1.219987170770764351e-03
-2.572518307715654373e-03
1.631499617360532284e-03
-1.287131221033632755e-03
-2.738809213042259216e-03
3.176365513354539871e-03
3.714849473908543587e-03
-1.683552982285618782e-03
-1.700145890936255455e-03
3.550423309206962585e-03
-1.667977921897545457e-04
-1.354176783934235573e-04
2.893257886171340942e-03
-1.606353209353983402e-03
4.165500286035239697e-05
-3.753578057512640953e-03
-1.884442754089832306e-03
1.634540385566651821e-03
-2.272950485348701477e-03
-5.849252920597791672e-04
4.961577360518276691e-04
-6.339760147966444492e-04
2.158867428079247475e-03
1.853269524872303009e-03
-3.126052324660122395e-04
1.981082372367382050e-03
-2.711410401389002800e-03
1.214473741129040718e-03
-1.371481223031878471e-03
2.662116661667823792e-03
-1.370703685097396374e-03
-2.897599712014198303e-03
1.650460413657128811e-03
-1.399863511323928833e-03
-2.658606739714741707e-03
-1.364388153888285160e-03
1.615176443010568619e-03
-3.688806435093283653e-03
-1.501275808550417423e-03
-1.388881239108741283e-03
-2.703594043850898743e-03
3.544684499502182007e-03
-2.063657855615019798e-03
2.086443826556205750e-03
2.272428711876273155e-03
2.320247236639261246e-03
-1.301859156228601933e-03
-1.431673415936529636e-03
-4.264306626282632351e-04
-4.085947293788194656e-04
-2.258923603221774101e-03
2.308493712916970253e-03
-2.360264770686626434e-03
2.495460212230682373e-04
-3.280298551544547081e-03
4.779993323609232903e-04
-3.703450085595250130e-03
4.581447574310004711e-04
2.883591689169406891e-03
-9.581915219314396381e-04
-3.758867969736456871e-03
1.626118435524404049e-03
-5.415496998466551304e-04
3.509963629767298698e-03
2.873020246624946594e-03
2.420881995931267738e-03
-2.437590155750513077e-03
7.406925433315336704e-04
-1.115830149501562119e-03
2.588546602055430412e-03
1.672213431447744370e-03
-2.583177993074059486e-03
1.250641653314232826e-03
-3.811436181422322989e-04
-6.183254881761968136e-04
3.415874671190977097e-03
2.391781890764832497e-03
-2.902847947552800179e-03
-5.868981243111193180e-04
9.780701948329806328e-04
2.353286370635032654e-03
-3.869924228638410568e-03
-1.346560078673064709e-03
-8.945626323111355305e-04
-5.422498725238256156e-05
9.634798043407499790e-04
-2.059819642454385757e-03
-8.419118967140093446e-05
2.162809949368238449e-03
-4.967323911841958761e-05
-1.530448673292994499e-03
2.333915093913674355e-03
5.764136221841908991e-05
-1.286848564632236958e-03
-3.162575885653495789e-03
-3.233351046219468117e-03
3.329069353640079498e-03
1.075516222044825554e-03
1.155672012828290462e-03
2.000947715714573860e-03
3.084535012021660805e-03
3.046544501557946205e-03
-2.983172191306948662e-03
2.700131619349122047e-03
-8.557775290682911873e-04
3.437499282881617546e-03
-1.704278402030467987e-03
2.167344064218923450e-04
1.110461773350834846e-03
-8.556370739825069904e-04
-3.857237752526998520e-03
3.310831496492028236e-03
2.312643220648169518e-03
6.801615818403661251e-04
-5.431322497315704823e-04
-3.597760805860161781e-03
-1.397608546540141106e-03
2.198300324380397797e-03
-3.587203565984964371e-03
-2.404251135885715485e-03
2.565087634138762951e-04
-2.609286224469542503e-03
1.563077792525291443e-03
2.126656472682952881e-03
3.250395238865166903e-04
-1.220846199430525303e-03
-1.873822766356170177e-04
-1.512071583420038223e-03
3.159750252962112427e-03
-1.163885346613824368e-03
1.727252500131726265e-03
2.560664201155304909e-03
-3.539359895512461662e-03
-3.165400819852948189e-03
1.768574235029518604e-03
1.746245892718434334e-03
-9.995929431170225143e-04
-6.606090464629232883e-04
5.912578199058771133e-04
3.745258785784244537e-03
2.159559633582830429e-03
-3.356449538841843605e-03
-3.798904595896601677e-03
3.631218569353222847e-04
3.866904880851507187e-03
-2.166003920137882233e-03
2.974475733935832977e-03
2.904877997934818268e-03
-5.240644677542150021e-04
2.142223966075107455e-04
2.044987864792346954e-03
3.656161716207861900e-03
-8.503607241436839104e-04
3.253598697483539581e-03
3.289904678240418434e-03
-3.153176745399832726e-03
2.010457683354616165e-03
-1.426432863809168339e-03
2.694837283343076706e-03
-3.216515295207500458e-03
-2.281190361827611923e-03
-2.707952167838811874e-03
-1.107510295696556568e-03
-1.371022663079202175e-04
-8.606532355770468712e-04
-1.552712754346430302e-03
5.871132016181945801e-04
1.419293810613453388e-03
6.667213165201246738e-04
3.648624988272786140e-03
-2.617230871692299843e-03
2.655943855643272400e-03
-3.139847423881292343e-03
4.981024540029466152e-04
-1.612509367987513542e-03
2.615719800814986229e-03
-7.169045275077223778e-04
-2.656552707776427269e-03
2.392937662079930305e-03
-3.642528026830404997e-04
2.237468026578426361e-03
2.310462296009063721e-03
-7.953952881507575512e-04
-9.647013503126800060e-04
3.100479254499077797e-03
-3.800484817475080490e-03
