1.916405744850635529e-03
3.069875529035925865e-03
6.408966728486120701e-04
-1.023446675390005112e-03
-1.520158002676907927e-05
-3.635510802268981934e-03
2.636480785440653563e-04
-1.950237900018692017e-03
-4.014829755760729313e-04
3.154489910230040550e-03
2.980274381116032600e-03
4.097039636690169573e-04
-4.066785550094209611e-05
-5.387974088080227375e-04
-3.223118372261524200e-03
2.743272576481103897e-03
3.668360412120819092e-03
3.792665665969252586e-03
-3.772522788494825363e-03
3.148755058646202087e-03
-9.839087724685668945e-04
7.056180620566010475e-04
-1.565601909533143044e-03
-2.992712659761309624e-03
-2.418160671368241310e-03
3.419626504182815552e-03
-2.455426845699548721e-03
1.647254335694015026e-03
-1.123577705584466457e-03
1.859164796769618988e-03
-2.728468389250338078e-04
-2.563100773841142654e-03
2.870163880288600922e-03
-3.161844331771135330e-03
-2.506490563973784447e-03
-2.118639880791306496e-03
-3.379653440788388252e-03
3.725922200828790665e-03
-1.096727559342980385e-03
-7.958206697367131710e-04
-7.448658579960465431e-04
1.792269176803529263e-03
-1.852681394666433334e-03
-7.564792176708579063e-04
1.688479329459369183e-03
-3.470406169071793556e-03
-3.454245859757065773e-03
-3.040706971660256386e-03
-3.530412679538130760e-03
2.907948568463325500e-03
-7.190411561168730259e-04
7.972050807438790798e-04
-3.061976516619324684e-03
3.494987031444907188e-03
7.103115785866975784e-04
3.675819607451558113e-03
2.603432862088084221e-03
3.317060414701700211e-03
2.509113168343901634e-03
-1.617982517927885056e-03
2.252162899821996689e-03
-3.731959732249379158e-03
-2.889572177082300186e-03
-2.422631718218326569e-03
1.181053812615573406e-03
-1.542899175547063351e-03
-9.002778097055852413e-04
-1.782172243110835552e-03
-2.988495165482163429e-03
2.491299761459231377e-03
1.902482821606099606e-03
-2.655123826116323471e-03
2.822554437443614006e-03
5.545707972487434745e-05
1.683754497207701206e-03
-3.155516227707266808e-03
3.678805427625775337e-03
-2.014742698520421982e-03
-2.492174739018082619e-03
-2.835736144334077835e-03
2.157095586881041527e-03
-1.666875905357301235e-03
-2.745799953117966652e-03
-1.534167095087468624e-03
-3.758357372134923935e-03
8.171488298103213310e-05
2.532538492232561111e-04
-2.689031651243567467e-03
3.788494272157549858e-03
8.572468068450689316e-04
-8.210715604946017265e-04
5.913788336329162121e-04
-1.090753939934074879e-03
2.075499389320611954e-03
1.221684622578322887e-03
-3.670488717034459114e-03
-3.465739777311682701e-03
-3.168423194438219070e-03
-3.098582848906517029e-03
2.423078753054141998e-03
1.474050572142004967e-03
1.361068221740424633e-03
2.501696348190307617e-03
8.906288421712815762e-04
3.175409045070409775e-03
-3.413873724639415741e-03
-1.530813635326921940e-03
-2.215063432231545448e-03
-1.031888416036963463e-03
-2.113247755914926529e-03
3.678264794871211052e-03
-3.009308828040957451e-03
-7.649840554222464561e-04
-2.205961383879184723e-03
1.637115958146750927e-03
3.390551544725894928e-03
3.342447336763143539e-03
1.309636980295181274e-03
-2.369594440096989274e-04
-1.825212966650724411e-03
9.328525629825890064e-04
3.898903960362076759e-03
-3.506227163597941399e-03
1.124240574426949024e-03
1.927937031723558903e-03
1.106396666727960110e-03
-3.619427094236016273e-03
2.596336184069514275e-03
-1.702623907476663589e-03
1.930377795360982418e-03
-7.421356276609003544e-04
-7.369873346760869026e-04
3.391521517187356949e-03
2.702109282836318016e-03
2.485811419319361448e-04
-5.412850296124815941e-04
-2.697735035326331854e-04
-3.463487839326262474e-03
4.301730368752032518e-04
-1.333488966338336468e-03
1.181638450361788273e-03
-2.772340551018714905e-03
-1.013669316307641566e-04
1.134248566813766956e-03
-2.284229034557938576e-03
6.832379731349647045e-04
-1.553151872940361500e-03
-1.603929093107581139e-03
-2.290306380018591881e-03
-2.608012873679399490e-03
1.658618100918829441e-03
-3.604094497859477997e-03
1.969794509932398796e-03
1.107708318158984184e-03
-5.305769154801964760e-04
3.521764883771538734e-03
-1.930597936734557152e-03
-3.168442752212285995e-03
-1.327039557509124279e-03
1.696455728961154819e-04
2.928954316303133965e-03
-3.748472372535616159e-04
-9.414353407919406891e-04
-3.015460912138223648e-03
-1.098884618841111660e-03
-6.195961032062768936e-04
-2.365629188716411591e-03
6.128816748969256878e-04
9.252568124793469906e-04
3.621302312240004539e-03
8.485341095365583897e-04
-1.869425876066088676e-03
-1.694166567176580429e-03
3.702702000737190247e-03
-3.249341854825615883e-03
3.366045420989394188e-04
-5.445969291031360626e-04
1.466525834985077381e-03
-3.529590088874101639e-03
-3.904192009940743446e-03
1.568113686516880989e-03
4.236621316522359848e-04
-2.551519311964511871e-03
1.184217748232185841e-03
1.720349304378032684e-03
6.410601781681180000e-05
-1.475972938351333141e-03
4.373687843326479197e-04
1.473733573220670223e-03
-5.186620182939805090e-05
1.798994489945471287e-03
3.143634414300322533e-03
2.778516616672277451e-03
-1.633547362871468067e-03
-2.853137440979480743e-03
-1.472577801905572414e-03
-1.777169381966814399e-04
-3.880341304466128349e-03
-1.532855210825800896e-03
-1.433985657058656216e-03
5.746672395616769791e-04
-8.042430854402482510e-04
1.596969203092157841e-03
-2.667181193828582764e-03
-8.598166750743985176e-04
-3.503940533846616745e-03
-3.748889314010739326e-03
-3.813640447333455086e-03
2.652510767802596092e-03
-5.019457312300801277e-04
3.641437433543615043e-05
3.844946855679154396e-03
6.434827810153365135e-04
-1.817324548028409481e-03
4.112875612918287516e-04
1.570932916365563869e-03
5.047239756095223129e-05
-3.541439073160290718e-03
4.153441695962101221e-04
2.744366880506277084e-03
3.259537974372506142e-03
-2.729825209826231003e-03
-2.825844101607799530e-03
1.192852971144020557e-03
-3.890023217536509037e-04
-2.472276333719491959e-03
-4.593878402374684811e-04
3.756267484277486801e-03
-3.520257305353879929e-03
-3.624230856075882912e-03
-7.479576161131262779e-04
-2.553605940192937851e-03
2.307944232597947121e-03
7.996949534572195262e-06
-2.847668714821338654e-03
-2.355130854994058609e-03
3.019680501893162727e-03
-3.815683070570230484e-03
3.144759393762797117e-04
-2.129086758941411972e-03
1.934313797391951084e-03
-3.814401105046272278e-03
1.669761142693459988e-03
-8.361305808648467064e-04
2.011544536799192429e-03
3.233391558751463890e-03
-3.484808839857578278e-03
1.578663825057446957e-03
4.162325058132410049e-04
-3.124967683106660843e-03
-2.528939221519976854e-04
5.149373901076614857e-04
7.031545974314212799e-04
3.638335503637790680e-03
3.148241434246301651e-03
8.856084314174950123e-04
