5.046407459303736687e-04
-3.022272358066402376e-05
5.982402944937348366e-04
8.840358932502567768e-04
1.457920297980308533e-03
-3.651473904028534889e-03
-3.644611453637480736e-03
3.208915877621620893e-04
-1.537073170766234398e-03
-5.741252098232507706e-04
2.755655907094478607e-03
-3.573347581550478935e-03
-2.978001954033970833e-03
3.883207449689507484e-03
-8.332207216881215572e-04
-1.249814871698617935e-03
-2.474253764376044273e-03
-2.517540240660309792e-03
-1.070835511200129986e-03
2.388793276622891426e-03
-4.856403393205255270e-04
-1.413199584931135178e-03
1.278170384466648102e-03
-3.017223207280039787e-04
3.596754977479577065e-03
1.959581626579165459e-03
-1.506192842498421669e-03
2.554305130615830421e-03
-2.499694237485527992e-03
3.326657926663756371e-03
-3.349649778101593256e-04
3.106454852968454361e-03
-3.826936241239309311e-03
2.641949569806456566e-03
-2.931131981313228607e-03
-3.145706374198198318e-03
-2.184136537835001945e-03
7.807471556589007378e-04
3.122241701930761337e-03
-3.121864050626754761e-03
1.396323787048459053e-03
1.492611627327278256e-04
2.533842343837022781e-03
1.330101862549781799e-03
2.537392312660813332e-03
2.943448023870587349e-03
-3.453677287325263023e-03
3.544851671904325485e-03
3.277574898675084114e-03
-3.565454855561256409e-03
1.179066603071987629e-03
-5.623738979920744896e-04
3.785403212532401085e-03
2.712491201236844063e-03
2.005247806664556265e-04
2.512404462322592735e-03
3.202078863978385925e-03
-2.547982694522943348e-05
3.630837425589561462e-03
-1.965473638847470284e-03
-2.160226460546255112e-03
1.894019311293959618e-03
-2.518238965421915054e-03
3.129171454929746687e-05
-1.677101827226579189e-03
-2.051408402621746063e-03
-7.779825245961546898e-04
-2.362599916523322463e-04
1.796638476662337780e-03
-1.520687830634415150e-03
3.159622661769390106e-03
-2.088550012558698654e-03
2.465965226292610168e-03
-3.864992409944534302e-03
-2.720589516684412956e-03
-3.070647828280925751e-03
2.228982048109173775e-03
-2.105212304741144180e-03
-1.134259975515305996e-03
-9.660227224230766296e-04
6.653969758190214634e-04
1.714133890345692635e-03
-2.604354172945022583e-03
1.091635553166270256e-03
3.909593506250530481e-04
2.122579608112573624e-03
2.632375690154731274e-04
-2.113935537636280060e-03
2.310880954610183835e-04
-3.423740854486823082e-03
2.837185747921466827e-03
1.576028415001928806e-03
1.494591007940471172e-03
-9.943678742274641991e-04
1.469717710278928280e-03
2.059941878542304039e-03
3.454608144238591194e-03
1.392989186570048332e-03
1.008113613352179527e-04
1.469398383051156998e-03
2.299421234056353569e-03
-2.842017682269215584e-03
2.200326853198930621e-04
2.471982035785913467e-03
2.426937920972704887e-03
4.026672395411878824e-04
-3.680093213915824890e-03
-7.258107070811092854e-04
2.104256069287657738e-03
-2.997016999870538712e-03
3.488468471914529800e-03
8.923491695895791054e-04
4.903565859422087669e-04
2.769467886537313461e-03
-3.648635232821106911e-03
-2.934841904789209366e-03
8.650416020827833563e-06
-3.841067431494593620e-03
-2.230188547400757670e-04
-3.727372968569397926e-03
-5.428069271147251129e-04
-1.398924854584038258e-03
-3.885322017595171928e-03
-3.383104689419269562e-03
3.704521106556057930e-03
1.700580585747957230e-03
-2.802111441269516945e-03
1.975939143449068069e-03
3.508811816573143005e-03
2.153160981833934784e-03
3.585555125027894974e-03
9.571454720571637154e-04
2.160198710043914616e-05
-3.175732679665088654e-03
2.906116191297769547e-03
3.358111251145601273e-03
-8.598158019594848156e-04
-2.578988671302795410e-03
-3.613629145547747612e-03
-1.051904051564633846e-03
-6.222364609129726887e-04
1.593868131749331951e-03
2.954539842903614044e-03
-1.772266812622547150e-03
-3.616804024204611778e-03
-2.007674193009734154e-03
-1.495362143032252789e-03
-1.528917229734361172e-03
1.056399429216980934e-03
-1.477751764468848705e-03
-1.417757594026625156e-03
-3.843629965558648109e-03
-2.492517698556184769e-03
3.400325542315840721e-03
-1.557483919896185398e-03
1.910562976263463497e-03
3.374594030901789665e-03
-1.092698425054550171e-03
-9.801997803151607513e-04
-3.823952050879597664e-03
2.939166035503149033e-03
-1.259352895431220531e-03
-2.499528229236602783e-03
3.681999864056706429e-03
1.003092271275818348e-03
-3.541616955772042274e-03
1.874315668828785419e-03
-2.774421591311693192e-03
1.988673117011785507e-03
-2.195211127400398254e-03
2.055151999229565263e-04
3.540024394169449806e-03
2.333983313292264938e-03
1.481426297686994076e-03
2.052912721410393715e-03
-3.434431273490190506e-03
1.902489690110087395e-03
-3.003509249538183212e-03
9.786140872165560722e-04
1.471670460887253284e-03
-2.758283168077468872e-03
-6.262779352255165577e-04
1.656079781241714954e-03
3.884148085489869118e-03
-2.749825944192707539e-04
-2.146480139344930649e-03
-1.619613030925393105e-04
3.076153341680765152e-03
3.658938454464077950e-03
3.069582628086209297e-03
3.051148960366845131e-03
-3.668270539492368698e-03
2.635852666571736336e-03
3.438017796725034714e-03
-2.909146482124924660e-03
3.199228318408131599e-03
-3.206529188901185989e-03
3.098664106801152229e-03
2.211380749940872192e-03
-2.592698205262422562e-03
2.544976538047194481e-03
-6.017928535584360361e-05
-5.909510655328631401e-04
-7.344608893617987633e-04
-1.759045058861374855e-03
-1.330217812210321426e-03
3.605810692533850670e-03
3.009369829669594765e-03
-8.560377173125743866e-04
5.918177776038646698e-04
9.793782373890280724e-04
-1.560113742016255856e-03
5.103357834741473198e-04
6.176662282086908817e-04
-1.026248675771057606e-03
1.238215365447103977e-03
-1.789348199963569641e-03
-1.217211829498410225e-03
-9.960714960470795631e-04
-2.489434089511632919e-03
2.787859644740819931e-03
1.870211563073098660e-03
-8.054040954448282719e-04
1.455083023756742477e-03
2.104423474520444870e-03
1.298388349823653698e-03
2.813328988850116730e-03
-2.993151778355240822e-03
2.180567971663549542e-04
2.540361892897635698e-04
1.160161802545189857e-03
7.736751576885581017e-04
3.284117439761757851e-03
-1.859408454038202763e-03
1.161458785645663738e-03
1.576697803102433681e-03
-1.451487420126795769e-03
3.396705491468310356e-03
7.057058974169194698e-04
-4.627047164831310511e-04
-2.403081860393285751e-03
1.157833961769938469e-03
1.363629125989973545e-03
-1.653757411986589432e-03
-3.522766288369894028e-03
8.811948355287313461e-04
-1.268093241378664970e-03
3.831908805295825005e-03
-2.403836464509367943e-03
1.470185001380741596e-03
-2.514916239306330681e-03
-1.522988430224359035e-03
4.957903875038027763e-04
-3.882287710439413786e-04
-1.251076813787221909e-03
1.614777720533311367e-03
