3.708803793415427208e-03
2.878920873627066612e-03
-2.661957638338208199e-03
1.541836303658783436e-03
1.154719066107645631e-04
-3.370795166119933128e-03
1.077597727999091148e-03
-1.209648908115923405e-03
2.735368208959698677e-03
-5.444245180115103722e-04
8.582574082538485527e-04
1.106253592297434807e-03
1.144731941167265177e-04
1.456604688428342342e-03
-2.731461543589830399e-03
1.932617975398898125e-03
-1.378224347718060017e-03
-2.582495799288153648e-03
-3.750455100089311600e-03
-3.351018531247973442e-03
3.391373902559280396e-03
-1.022734679281711578e-03
2.385949017480015755e-03
-2.061322331428527832e-03
-3.159474581480026245e-03
-2.220313530415296555e-03
3.069180529564619064e-03
4.557281790766865015e-04
-3.245138563215732574e-03
3.164040390402078629e-03
1.732613542117178440e-03
-1.079769222997128963e-03
1.755719305947422981e-03
7.623423589393496513e-04
3.366229357197880745e-03
1.907820347696542740e-03
3.536314005032181740e-03
-1.549365697428584099e-03
-7.896177703514695168e-04
3.185063600540161133e-03
-8.040344109758734703e-04
-1.331749372184276581e-03
3.714980324730277061e-03
-3.445112379267811775e-03
2.042161300778388977e-03
-3.664000891149044037e-03
-2.395772375166416168e-03
-3.862217534333467484e-03
-8.133227238431572914e-04
-2.418560907244682312e-03
1.605011289939284325e-03
3.113692393526434898e-03
8.043249254114925861e-04
2.555261831730604172e-03
-1.771131064742803574e-03
-4.726613115053623915e-04
-2.784004900604486465e-03
1.119687338359653950e-03
-1.334278727881610394e-03
2.702974481508135796e-03
2.384167630225419998e-03
-3.826964413747191429e-03
3.598159179091453552e-03
5.035166977904736996e-04
-4.924710956402122974e-04
1.810200978070497513e-03
-2.379621844738721848e-03
5.872884066775441170e-04
7.767776842229068279e-04
2.136925002560019493e-03
1.545876730233430862e-03
-1.808538450859487057e-03
-3.202301915735006332e-03
-4.565518174786120653e-04
-1.097043510526418686e-03
2.535291423555463552e-04
2.421631943434476852e-04
1.538648735731840134e-03
-1.845398102886974812e-03
-2.873568097129464149e-03
-2.052776049822568893e-03
3.451297525316476822e-03
2.557411207817494869e-04
1.039570779539644718e-03
-2.681817160919308662e-03
3.261435776948928833e-03
-2.884687390178442001e-03
4.410552792251110077e-04
-2.603363478556275368e-03
-3.516300581395626068e-03
-1.317242044024169445e-03
1.015037414617836475e-03
1.905448152683675289e-03
-4.676038224715739489e-04
4.474523011595010757e-04
-2.623304957523941994e-03
2.447716833557933569e-04
1.219261554069817066e-03
-4.644318833015859127e-04
-1.225750078447163105e-03
1.073563355021178722e-03
1.051567145623266697e-03
3.747563110664486885e-03
2.611161675304174423e-03
3.564828308299183846e-03
-1.228843466378748417e-03
1.314557739533483982e-03
3.582371631637215614e-03
-4.739727592095732689e-04
1.662202877923846245e-03
-7.605722057633101940e-04
1.081833615899085999e-04
-2.534971339628100395e-03
-9.323044796474277973e-04
3.642511554062366486e-03
-1.884952769614756107e-03
3.179966472089290619e-03
-1.813416020013391972e-03
1.918677473440766335e-03
-3.136817831546068192e-04
-4.916192847304046154e-04
-3.834866452962160110e-03
-3.675613552331924438e-03
-3.639623057097196579e-03
3.410076024010777473e-03
1.987005816772580147e-03
2.857997082173824310e-03
8.141580619849264622e-04
-3.424408379942178726e-03
-1.135181752033531666e-03
-1.071601873263716698e-03
-1.589279505424201488e-03
3.571162931621074677e-03
1.671034493483603001e-03
3.291600383818149567e-03
-1.655359519645571709e-04
6.249958532862365246e-04
-7.407540688291192055e-04
2.747896127402782440e-03
1.700180466286838055e-03
2.403454389423131943e-03
-1.073622610419988632e-03
3.620643867179751396e-03
-2.868371549993753433e-03
-2.661763690412044525e-03
-2.387225860729813576e-03
3.067096113227307796e-04
-1.839872798882424831e-03
2.958924043923616409e-03
5.772003205493092537e-04
3.843387821689248085e-03
2.064532134681940079e-03
-3.563245292752981186e-03
-3.871488617733120918e-03
1.249102526344358921e-03
3.268649335950613022e-03
3.479975508525967598e-03
-1.526738982647657394e-03
-2.572556259110569954e-03
-1.464597764424979687e-03
-3.210794180631637573e-03
-3.081359900534152985e-03
-6.143883219920098782e-04
-3.897488350048661232e-03
-1.716047641821205616e-03
3.168794326484203339e-03
1.840008771978318691e-03
2.480396535247564316e-03
-1.390882069244980812e-03
-1.995254773646593094e-03
8.559509296901524067e-04
3.513321746140718460e-03
-3.955315914936363697e-04
-3.205389017239212990e-03
2.168372040614485741e-03
-2.501279581338167191e-03
-3.450475633144378662e-03
-3.289663931354880333e-03
3.844459075480699539e-03
1.736694248393177986e-03
3.206432564184069633e-03
2.393538597971200943e-03
9.843778098002076149e-04
-1.218983321450650692e-03
2.674887422472238541e-03
3.689053235575556755e-03
-3.648834768682718277e-03
3.582810051739215851e-03
1.139941232395358384e-04
-1.402458408847451210e-03
4.534540639724582434e-04
-3.361000213772058487e-03
-2.928377361968159676e-03
-5.096797249279916286e-04
1.162196043878793716e-03
1.914388121804222465e-04
1.548676751554012299e-03
-3.483159933239221573e-03
-2.827507909387350082e-03
-1.727171125821769238e-03
2.157011069357395172e-03
-2.575008664280176163e-03
2.126548439264297485e-03
3.009694395586848259e-03
9.704586409498006105e-05
1.785561209544539452e-03
1.459299121052026749e-03
-4.598043160513043404e-04
-1.231904258020222187e-03
-8.118532132357358932e-04
-1.622193376533687115e-04
-3.724403213709592819e-03
-5.532891955226659775e-04
3.707436844706535339e-04
1.633687876164913177e-03
1.319892471656203270e-03
1.390936085954308510e-03
-3.840518416836857796e-03
2.681715413928031921e-03
4.356628051027655602e-04
1.867756247520446777e-03
2.402488375082612038e-03
1.843507052399218082e-03
-2.222742652520537376e-03
2.642272040247917175e-03
8.980950224213302135e-04
1.867133891209959984e-03
3.777170088142156601e-03
1.966774871107190847e-04
-2.860910259187221527e-03
-2.328255446627736092e-03
7.191224140115082264e-04
-3.319022245705127716e-03
-3.447355469688773155e-03
-2.070015994831919670e-03
2.888668328523635864e-03
2.107364125549793243e-03
2.927795285359025002e-03
6.057207938283681870e-04
-9.954919805750250816e-04
1.414048601873219013e-03
-1.031407620757818222e-03
3.055866109207272530e-03
3.247531363740563393e-03
-3.534562187269330025e-03
3.754807868972420692e-03
-9.340897086076438427e-04
1.420250278897583485e-03
1.993920595850795507e-04
2.047681482508778572e-03
-1.739131635986268520e-03
2.465724712237715721e-03
3.815021133050322533e-03
3.109802491962909698e-03
1.118433428928256035e-03
-2.850165823474526405e-03
