2.894939971156418324e-04
-3.716747509315609932e-03
-3.903892065864056349e-04
2.387765096500515938e-03
1.564896374475210905e-04
-6.070815288694575429e-05
-3.305917605757713318e-03
-2.411064691841602325e-03
-2.877305261790752411e-03
-1.057732268236577511e-03
-1.990586053580045700e-03
1.820018049329519272e-03
-3.167992224916815758e-03
1.294337678700685501e-03
-1.612695399671792984e-03
3.109817858785390854e-03
3.912001382559537888e-03
1.875684713013470173e-03
2.532360143959522247e-03
3.271782770752906799e-03
-3.122802299913018942e-04
3.863452933728694916e-03
-1.120092929340898991e-03
-1.878815237432718277e-04
3.225167747586965561e-03
-3.524863626807928085e-03
-3.125102957710623741e-03
-1.896825619041919708e-03
5.830477457493543625e-04
-1.538931275717914104e-03
-6.728827720507979393e-04
-1.977030187845230103e-03
6.953510455787181854e-04
-2.260301262140274048e-03
6.661504157818853855e-04
-2.535311505198478699e-03
1.865474769147112966e-04
8.410182199440896511e-04
1.856263494119048119e-03
1.272890833206474781e-03
-6.684702384518459439e-05
2.934996038675308228e-03
3.818481694906949997e-03
1.610914943739771843e-03
2.775724744424223900e-03
7.373946718871593475e-04
1.338290283456444740e-03
-3.038425697013735771e-03
-2.725404920056462288e-03
-3.636010223999619484e-03
6.684084073640406132e-04
1.143151195719838142e-03
3.688442753627896309e-03
1.946549047715961933e-03
2.462832955643534660e-03
-1.121528679504990578e-03
-2.414263784885406494e-03
3.424743190407752991e-03
6.917667342349886894e-04
-2.547770040109753609e-03
2.602620283141732216e-03
-5.968773039057850838e-04
3.617489943280816078e-03
-3.401809604838490486e-03
-1.262122881598770618e-03
-2.633050782606005669e-03
2.963720588013529778e-03
-1.137534505687654018e-03
-2.695843111723661423e-03
-2.351070987060666084e-03
3.224317217245697975e-03
-3.188540460541844368e-03
-2.698943484574556351e-03
-3.124362789094448090e-03
-2.567411167547106743e-03
1.573655870743095875e-03
9.338265517726540565e-04
-7.937814807519316673e-04
2.943817991763353348e-03
-3.332182765007019043e-03
6.428708438761532307e-04
3.655312582850456238e-03
-4.089474678039550781e-04
3.871470107696950436e-04
-3.725604852661490440e-03
-2.204013522714376450e-03
-2.542527159675955772e-03
5.243436899036169052e-04
2.408645115792751312e-03
-1.387476804666221142e-03
-1.490697963163256645e-03
1.587367150932550430e-03
-3.613933804444968700e-04
2.291191834956407547e-03
1.518694625701755285e-04
2.048221416771411896e-03
2.129349624738097191e-03
1.347574056126177311e-03
1.413896796293556690e-03
2.962874248623847961e-03
-1.859793788753449917e-03
2.229252597317099571e-03
-2.552157384343445301e-04
-2.809303696267306805e-04
9.586960077285766602e-04
3.107162192463874817e-03
-1.521331607364118099e-03
1.410063239745795727e-03
-2.434337045997381210e-03
-3.226583590731024742e-03
3.457468701526522636e-03
3.164974739775061607e-03
1.615612185560166836e-03
3.518766025081276894e-03
-2.947847126051783562e-03
-3.655282314866781235e-03
5.626406054943799973e-04
1.013593864627182484e-03
3.550821216776967049e-03
-2.446491038426756859e-03
-1.610355335287749767e-03
1.400450011715292931e-03
-2.400943776592612267e-03
6.246250704862177372e-04
-1.176729332655668259e-03
2.630645642057061195e-03
9.976918809115886688e-04
1.057016896083950996e-03
-2.824175171554088593e-03
1.068573328666388988e-03
-3.278730437159538269e-04
-3.636883106082677841e-03
1.431333483196794987e-03
-3.823005536105483770e-04
-3.156989347189664841e-03
-3.807738423347473145e-03
3.665979718789458275e-03
-2.341660670936107635e-03
-2.343921689316630363e-03
-3.287871135398745537e-03
3.141407156363129616e-03
-2.245523734018206596e-03
2.186248311772942543e-03
1.581044984050095081e-03
3.362239105626940727e-03
-8.747300598770380020e-04
-3.369111102074384689e-03
-1.763500913511961699e-04
2.454305067658424377e-03
1.312866923399269581e-03
1.357911154627799988e-03
-1.718577579595148563e-03
-3.682914655655622482e-03
-3.515985328704118729e-03
-1.833129441365599632e-03
2.164308214560151100e-03
-1.073051244020462036e-03
-1.019331510178744793e-03
3.826469474006444216e-04
-1.349565922282636166e-03
-3.080946393311023712e-03
1.105519477277994156e-03
8.688781526871025562e-04
3.865866223350167274e-03
1.498531491961330175e-04
3.250031964853405952e-03
-3.483944572508335114e-03
1.188005044241435826e-04
-1.109863049350678921e-03
1.523758633993566036e-03
6.776577793061733246e-04
-3.753941738978028297e-03
-1.525597064755856991e-03
-1.146867871284484863e-03
-9.391549247084185481e-05
2.903679385781288147e-03
3.259447636082768440e-03
3.378745634108781815e-03
9.451602236367762089e-04
-2.806340344250202179e-03
3.694260725751519203e-03
-1.124636852182447910e-03
-2.291628392413258553e-03
1.427023205906152725e-03
-5.420754896476864815e-04
1.241526566445827484e-03
3.758338745683431625e-03
-1.755037810653448105e-03
3.088179975748062134e-03
-2.123757964000105858e-03
2.253136131912469864e-03
2.025542547926306725e-03
-2.372469287365674973e-03
-2.613769611343741417e-03
-3.646362107247114182e-03
-3.536595730111002922e-03
2.952406881377100945e-03
-2.132252557203173637e-03
1.321479678153991699e-03
-7.973209721967577934e-04
3.262906568124890327e-03
-8.515520603395998478e-04
-1.820656470954418182e-03
3.351625287905335426e-03
2.945415908470749855e-03
-2.425832935841754079e-04
4.133555339649319649e-04
2.559574553743004799e-03
-2.322084037587046623e-03
3.479695180431008339e-03
-2.198250498622655869e-03
2.198783913627266884e-03
3.124546259641647339e-03
3.521404287312179804e-04
-3.781143808737397194e-03
-2.036879304796457291e-03
-2.304730005562305450e-03
-3.528618952259421349e-03
3.204018110409379005e-03
-2.475086366757750511e-04
-2.921263687312602997e-03
-2.696901326999068260e-03
-3.585049416869878769e-03
-2.601654268801212311e-03
-1.995813101530075073e-03
-1.369797275401651859e-03
-1.332930638454854488e-03
-1.317996764555573463e-03
3.307334613054990768e-03
3.887344850227236748e-03
2.175834728404879570e-03
5.985206807963550091e-04
-3.406360920052975416e-04
-1.405619317665696144e-03
2.553856233134865761e-03
-3.346744459122419357e-03
-1.869039377197623253e-03
-1.150761730968952179e-03
3.387800417840480804e-03
3.364142728969454765e-03
2.166703110560774803e-03
3.414131468161940575e-03
-3.690719371661543846e-03
2.617385936900973320e-03
-3.017468145117163658e-03
-2.286045346409082413e-03
1.926053548231720924e-03
1.554278132971376181e-04
8.533597574569284916e-04
1.456275582313537598e-03
1.773801166564226151e-03
3.712855977937579155e-03
2.148382132872939110e-03
-3.127566771581768990e-03
1.639644382521510124e-03
-3.866060869768261909e-03
