-3.577915020287036896e-03
-3.669512225314974785e-03
-9.595271549187600613e-04
4.860721528530120850e-04
6.400659913197159767e-04
1.410303753800690174e-03
1.718530314974486828e-03
3.332281718030571938e-03
-2.258944790810346603e-03
-1.997254788875579834e-03
1.997237559407949448e-03
-3.515065647661685944e-03
1.323330332525074482e-03
4.224656731821596622e-04
-1.490416936576366425e-03
3.438272688072174788e-04
1.552718109451234341e-03
1.027141232043504715e-03
2.267546020448207855e-03
-2.812988590449094772e-03
2.721410477533936501e-03
-1.574300462380051613e-03
3.409007564187049866e-03
3.384720766916871071e-03
-3.637329442426562309e-03
2.913029631599783897e-03
1.328073441982269287e-03
1.449475763365626335e-03
2.807656303048133850e-03
2.354283584281802177e-03
6.527139921672642231e-04
-9.770117467269301414e-04
6.708895671181380749e-04
3.271675435826182365e-03
-7.945725810714066029e-04
-3.463616361841559410e-03
-4.679356061387807131e-04
-2.752766711637377739e-03
-3.185615874826908112e-03
-3.402785165235400200e-03
-1.344200572930276394e-03
-2.564572962000966072e-03
-1.801270875148475170e-03
2.487548859789967537e-03
2.387765329331159592e-03
2.825696719810366631e-03
2.904789522290229797e-03
1.445394358597695827e-03
5.283083883114159107e-04
8.380217477679252625e-04
-4.570760938804596663e-04
2.042631385847926140e-03
-2.332067582756280899e-03
1.557882758788764477e-03
-1.261514145880937576e-03
3.472726093605160713e-03
-3.867084393277764320e-03
3.114958992227911949e-03
-2.305475529283285141e-03
-2.473811618983745575e-03
-3.175368532538414001e-03
1.476866891607642174e-03
2.289732685312628746e-03
2.237491076812148094e-03
6.070399540476500988e-04
1.812408212572336197e-03
1.927129233081359416e-05
2.593904733657836914e-03
1.182805281132459641e-03
1.658458379097282887e-03
3.044300712645053864e-03
2.523658098652958870e-03
-3.125252667814493179e-03
1.449029310606420040e-03
5.569133791141211987e-04
-8.353151497431099415e-05
-1.814663060940802097e-03
-1.249253400601446629e-03
2.164550358429551125e-03
2.883731853216886520e-03
-2.635708660818636417e-04
-3.422334324568510056e-03
8.297134772874414921e-04
-1.256523974006995559e-04
1.541959820315241814e-03
-2.637139987200498581e-03
-1.685217139311134815e-03
-3.204880515113472939e-03
-8.739245240576565266e-04
-1.762334140948951244e-03
1.286528189666569233e-03
-3.971629485022276640e-04
5.925740115344524384e-04
2.913118572905659676e-03
1.600738731212913990e-03
1.099229324609041214e-03
3.868898609653115273e-03
-2.718581119552254677e-03
2.295407000929117203e-03
3.818690311163663864e-03
-2.676180563867092133e-03
-2.709103981032967567e-03
-3.620332572609186172e-03
1.154956873506307602e-03
6.097617442719638348e-04
6.423513405025005341e-04
-2.710749860852956772e-03
-1.736182020977139473e-03
-1.956558320671319962e-03
3.856666153296828270e-03
-3.524914151057600975e-03
2.240719550172798336e-05
-2.589242998510599136e-03
5.770489224232733250e-04
1.417079009115695953e-03
1.674255123361945152e-03
1.474908320233225822e-03
-3.727513598278164864e-03
3.548178588971495628e-03
-1.912660081870853901e-03
3.175741760060191154e-03
5.961526185274124146e-04
2.672243863344192505e-03
-1.524675521068274975e-03
-3.484505927190184593e-03
-2.128253690898418427e-03
2.429985674098134041e-03
3.699193766806274652e-04
2.674077637493610382e-03
-1.336463144980370998e-03
-1.584474113769829273e-03
2.051467075943946838e-03
-2.490201732143759727e-03
1.323361066170036793e-03
1.538723474368453026e-03
1.084552495740354061e-03
-3.449603682383894920e-03
-3.777947509661316872e-03
2.113814465701580048e-03
-8.109524496830999851e-04
2.804250456392765045e-03
-3.739810083061456680e-03
3.109074197709560394e-03
9.730115998536348343e-04
-3.855529008433222771e-03
-3.346006385982036591e-03
-3.867729799821972847e-03
3.327702870592474937e-03
-1.629155944101512432e-03
-3.057609545066952705e-03
-2.196770627051591873e-03
1.923061441630125046e-03
2.456636633723974228e-03
1.711089164018630981e-03
-1.026339014060795307e-03
-4.212943604215979576e-04
-2.699521370232105255e-03
-1.325814635492861271e-03
-1.813775452319532633e-04
1.923460164107382298e-03
3.093434264883399010e-03
1.447616145014762878e-03
-3.582045203074812889e-03
-3.636066103354096413e-03
1.036212313920259476e-03
-9.336647781310603023e-05
3.663737559691071510e-03
-1.632314408197999001e-03
-1.017143134959042072e-03
-1.873468747362494469e-03
-8.793570450507104397e-04
1.979440450668334961e-03
-2.721669618040323257e-03
7.427470409311354160e-04
-2.899558050557971001e-03
2.383704297244548798e-03
5.446749273687601089e-04
-2.122919249814003706e-04
-3.677654778584837914e-03
-2.107611653627827764e-04
-3.013965673744678497e-03
-4.752970125991851091e-04
4.192408814560621977e-04
8.974862430477514863e-05
-3.458892460912466049e-03
-3.734363708645105362e-03
4.831239057239145041e-04
-3.369296435266733170e-03
7.303667953237891197e-04
-2.873087301850318909e-03
3.066807519644498825e-03
6.695190677419304848e-04
-2.040610270341858268e-04
2.430480904877185822e-03
6.502692122012376785e-04
-1.410109922289848328e-03
-1.139686792157590389e-03
-5.300607299432158470e-04
-2.932279836386442184e-03
-2.138536889106035233e-03
1.887144637294113636e-03
8.305423543788492680e-04
-2.012243727222084999e-03
-3.524964442476630211e-03
-2.505114302039146423e-03
-2.751299412921071053e-03
3.251758869737386703e-03
2.426911843940615654e-03
3.601513104513287544e-03
-1.155100646428763866e-03
3.764488268643617630e-03
3.821013495326042175e-03
2.102635335177183151e-03
9.451865334995090961e-04
-3.311358159407973289e-03
-1.636204076930880547e-03
2.687631640583276749e-03
1.054398133419454098e-03
-1.155026140622794628e-03
3.609333187341690063e-03
2.723121433518826962e-04
-3.644350916147232056e-03
1.275426475331187248e-03
3.341139294207096100e-03
-1.864501740783452988e-03
2.061180537566542625e-03
-6.169399130158126354e-04
3.355939406901597977e-03
-3.146748291328549385e-03
2.304987749084830284e-03
3.398986533284187317e-03
3.802105085924267769e-03
-2.366872038692235947e-03
-2.555505139753222466e-03
3.129142802208662033e-03
1.613125321455299854e-03
-2.870964584872126579e-03
-3.210270311683416367e-03
1.548146014101803303e-03
-2.538127591833472252e-04
-3.215755801647901535e-03
3.373328596353530884e-03
2.687453059479594231e-03
2.986465347930788994e-03
2.841360867023468018e-03
8.458972442895174026e-04
1.179559389129281044e-03
-6.334241479635238647e-04
-9.294761694036424160e-04
2.780382754281163216e-03
1.072929473593831062e-03
-6.885650800541043282e-04
-2.645220840349793434e-03
-3.761107102036476135e-03
-2.750159241259098053e-03
-2.180500654503703117e-03
