-3.401198657229542732e-03
-1.854033907875418663e-03
1.810441375710070133e-03
3.763872431591153145e-03
-3.315596375614404678e-03
3.502782434225082397e-03
-3.391817677766084671e-03
-2.032619435340166092e-03
4.832466074731200933e-04
4.083810563315637410e-05
-1.737041602609679103e-04
3.633128944784402847e-03
1.209582202136516571e-03
1.019674004055559635e-03
2.659259131178259850e-03
2.112125977873802185e-03
-3.658485133200883865e-03
2.505271695554256439e-03
-3.013360314071178436e-03
8.664260385558009148e-04
3.143494948744773865e-03
-1.636715489439666271e-03
-8.529673796147108078e-04
9.640763164497911930e-04
-2.277061808854341507e-03
-1.410494791343808174e-03
-1.984297065064311028e-03
1.792105729691684246e-03
-2.641311381012201309e-03
-6.701808888465166092e-04
-3.300886019133031368e-04
1.973341859411448240e-04
-3.470520488917827606e-03
-3.543115919455885887e-03
3.631004365161061287e-03
1.402436522766947746e-03
6.660826620645821095e-04
1.674437080509960651e-04
-3.589866100810468197e-04
-2.719506621360778809e-03
-2.797818277031183243e-03
3.199016675353050232e-03
5.433718324638903141e-04
-1.979692839086055756e-03
3.209287067875266075e-03
-1.811801048461347818e-04
6.494570989161729813e-04
-3.448110306635499001e-03
3.031903412193059921e-03
-3.595502581447362900e-03
-3.178729908540844917e-03
2.663584309630095959e-04
-2.832220867276191711e-03
-2.925047418102622032e-03
-1.205511740408837795e-03
-3.594459965825080872e-03
1.106774201616644859e-03
-1.520248944871127605e-03
-3.213836345821619034e-03
2.643753774464130402e-03
-2.376069081947207451e-03
2.189001301303505898e-03
-1.583364210091531277e-03
-1.074080471880733967e-03
-8.000939269550144672e-04
7.022926001809537411e-04
-6.416884134523570538e-04
-3.381712129339575768e-03
1.108872471377253532e-03
-6.512184627354145050e-04
-9.078803705051541328e-04
7.553645991720259190e-04
-2.211806597188115120e-03
2.857045736163854599e-03
-2.400617115199565887e-03
-3.760838808375410736e-05
-1.408417127095162868e-03
-2.369212917983531952e-03
9.658272028900682926e-04
5.664721247740089893e-04
-2.994554815813899040e-03
2.174033783376216888e-03
2.468778286129236221e-03
-2.536847488954663277e-03
-3.736389335244894028e-03
3.254562616348266602e-03
3.576638642698526382e-03
-4.164321871940046549e-04
-2.059952123090624809e-03
8.462432306259870529e-04
-2.374368632445111871e-04
2.160440199077129364e-03
2.848961390554904938e-03
-3.534626681357622147e-03
-9.246376575902104378e-04
3.835041541606187820e-03
2.755753230303525925e-03
9.047309868037700653e-04
-2.898369682952761650e-03
-1.161113381385803223e-03
-2.424096921458840370e-03
2.378120552748441696e-03
-7.106659904820844531e-05
-3.328294260427355766e-03
8.768637781031429768e-04
-1.464214641600847244e-03
-2.831716847140341997e-04
-1.117906067520380020e-03
-3.694223472848534584e-03
5.299222539179027081e-04
1.445323228836059570e-03
3.509905887767672539e-03
6.149965920485556126e-04
2.195324050262570381e-03
-2.732602646574378014e-03
-3.069981466978788376e-03
-8.330275886692106724e-04
1.657370361499488354e-03
-2.446380211040377617e-03
-3.628785489127039909e-03
4.393396957311779261e-04
-3.279302502050995827e-03
1.289181294851005077e-03
-3.153227735310792923e-03
-1.426703413017094135e-03
7.887979154475033283e-04
2.763118362054228783e-03
9.663385571911931038e-04
7.026596576906740665e-04
-8.731937268748879433e-04
5.236165015958249569e-04
-4.628401657100766897e-04
1.570070977322757244e-03
3.858866868540644646e-03
2.052190829999744892e-04
6.046972121112048626e-04
-9.848981426330283284e-05
3.330005332827568054e-03
-1.756096258759498596e-03
2.212591236457228661e-03
4.024174122605472803e-04
-2.425858285278081894e-03
-1.893577398732304573e-03
1.499450590927153826e-04
-1.641292939893901348e-03
-1.804571831598877907e-03
3.314990084618330002e-03
1.379668014124035835e-03
-7.768983487039804459e-04
3.632788779214024544e-03
-1.085296273231506348e-03
-1.664799638092517853e-03
3.749874886125326157e-03
6.894465186633169651e-04
-5.586850456893444061e-04
1.485651591792702675e-03
1.841615187004208565e-03
-1.694202423095703125e-03
-1.220059231854975224e-03
-1.119042863138020039e-03
-3.107399912551045418e-03
-3.072430146858096123e-03
2.618144499137997627e-03
-3.766745096072554588e-03
1.481576939113438129e-03
-3.078286303207278252e-03
-1.412174606230109930e-04
1.153570716269314289e-03
1.177547266706824303e-03
9.864926105365157127e-04
3.786227665841579437e-03
-2.770420862361788750e-03
4.841234185732901096e-04
2.954580588266253471e-03
-2.450636588037014008e-03
-1.158162718638777733e-03
-1.729280920699238777e-03
-6.826563039794564247e-04
1.746891066431999207e-03
-2.050075912848114967e-03
-1.600975170731544495e-03
2.225144300609827042e-03
1.449251896701753139e-03
-3.456363920122385025e-03
-4.196462396066635847e-05
1.312606153078377247e-03
7.975295739015564322e-05
3.561328398063778877e-03
-4.407288361107930541e-05
1.771075068973004818e-03
2.466256730258464813e-03
-3.029889659956097603e-03
2.746435813605785370e-03
-1.902353717014193535e-03
3.443237394094467163e-03
-3.108367556706070900e-03
-1.334381406195461750e-03
6.526790093630552292e-04
2.046939684078097343e-03
9.724303381517529488e-04
-3.798916470259428024e-03
1.763919717632234097e-03
3.634934313595294952e-03
-3.528718370944261551e-03
1.493636867962777615e-03
3.266988554969429970e-03
1.814496499719098210e-04
-1.773299416527152061e-03
4.679485864471644163e-04
3.403934417292475700e-03
-3.307573031634092331e-03
-1.995893428102135658e-03
-1.400487613864243031e-03
-2.415445633232593536e-03
2.215832646470516920e-04
-1.215893542394042015e-03
-2.280622953549027443e-03
-2.947236876934766769e-03
-1.131934463046491146e-03
-1.946527627296745777e-03
-1.963265473023056984e-03
-3.616504836827516556e-03
-3.299348987638950348e-03
-8.629027288407087326e-04
2.418206073343753815e-03
-8.547939942218363285e-04
-1.890617655590176582e-03
-2.472467953339219093e-03
3.787284018471837044e-03
-2.052516909316182137e-03
1.417049788869917393e-04
-3.129592863842844963e-03
3.898201044648885727e-03
5.310442065820097923e-04
3.851572517305612564e-03
1.915032509714365005e-03
3.642665920779109001e-03
2.116328105330467224e-03
1.722434069961309433e-03
-2.692361827939748764e-03
3.100662026554346085e-03
-2.514602849259972572e-03
-2.307405695319175720e-03
-3.070089034736156464e-03
-3.729137359187006950e-03
-2.640211954712867737e-03
2.397805685177445412e-03
-1.232795766554772854e-03
3.375345608219504356e-03
2.998495940119028091e-03
1.922673895023763180e-03
3.592083230614662170e-03
-3.503871848806738853e-03
3.410113742575049400e-03
3.273288253694772720e-03
-1.720329746603965759e-03
