6.078443257138133049e-04
1.369621459161862731e-04
-3.519271034747362137e-03
-9.258117061108350754e-04
-1.503819832578301430e-03
-2.821431029587984085e-03
1.451960531994700432e-03
-2.756222616881132126e-03
2.695787930861115456e-03
2.283686539158225060e-03
1.796745928004384041e-03
1.053891464835032821e-04
2.556728199124336243e-03
1.601225812919437885e-03
-5.707016680389642715e-05
-1.940001267939805984e-03
-1.569078420288860798e-03
-2.775601577013731003e-03
-1.772068906575441360e-03
-3.188321599736809731e-03
2.487629884853959084e-03
1.331376377493143082e-03
6.886281880724709481e-06
3.457055194303393364e-03
2.670120913535356522e-03
2.469605300575494766e-03
1.540601719170808792e-03
-2.737588249146938324e-03
-9.880617726594209671e-04
1.084127070498652756e-04
-2.884404500946402550e-03
-3.094945801421999931e-03
3.729554591700434685e-03
-1.669189892709255219e-03
1.008944702334702015e-03
-1.088824006728827953e-03
-2.440551528707146645e-03
-6.889522192068397999e-04
4.217815876472741365e-04
3.663833718746900558e-03
2.516949782148003578e-03
1.402958063408732414e-03
3.872233210131525993e-03
2.810143632814288139e-03
2.193991327658295631e-03
1.444341149181127548e-03
-9.287000284530222416e-04
4.308816278353333473e-04
-3.254696028307080269e-03
-5.187674541957676411e-04
-4.589192030834965408e-05
3.385980147868394852e-03
-3.306009573861956596e-03
8.194945403374731541e-04
-2.897691214457154274e-03
2.326230052858591080e-03
-1.352726481854915619e-03
-1.004807767458260059e-03
-2.702200319617986679e-03
-2.891811309382319450e-03
1.488336420152336359e-04
1.494318479672074318e-03
-1.572991488501429558e-03
2.515227068215608597e-03
-2.936499658972024918e-03
-1.934348372742533684e-03
-1.622851821593940258e-03
-2.329212613403797150e-03
-3.475897712633013725e-03
-5.271726404316723347e-04
1.462024752981960773e-03
3.581690252758562565e-04
-6.836688844487071037e-04
-3.059384180232882500e-03
-1.421935739926993847e-03
8.137628319673240185e-04
-3.283617086708545685e-03
3.099709749221801758e-03
-8.804488461464643478e-04
1.402784371748566628e-03
-2.751634921878576279e-03
4.545734554994851351e-05
-2.034679753705859184e-03
8.658439619466662407e-04
3.317119553685188293e-04
9.137561428360641003e-04
2.540655666962265968e-03
-2.854034537449479103e-03
-2.248308621346950531e-03
-3.173869801685214043e-03
6.137994350865483284e-04
-1.339091686531901360e-03
2.660197671502828598e-03
-3.039866685867309570e-03
-2.297691768035292625e-03
7.111569866538047791e-04
1.113425358198583126e-03
-1.363858929835259914e-03
2.912991680204868317e-03
-8.017321815714240074e-04
2.810008125379681587e-03
-5.496129742823541164e-04
2.012800658121705055e-03
2.875359496101737022e-03
1.254303730092942715e-03
2.990332199260592461e-03
2.754858462139964104e-03
-1.784503110684454441e-03
-2.262563211843371391e-03
-3.539465600624680519e-03
2.949781774077564478e-04
3.256291849538683891e-03
-2.983063692227005959e-03
-2.517295069992542267e-03
2.225166885182261467e-03
-6.084465421736240387e-04
-3.487716428935527802e-03
-2.325822366401553154e-03
3.444911912083625793e-03
1.382911344990134239e-03
-3.749483730643987656e-03
-2.551593584939837456e-03
-2.970852889120578766e-03
-7.658564718440175056e-04
6.005672039464116096e-04
-1.236537937074899673e-03
-1.056298962794244289e-03
-2.452331595122814178e-03
-1.422140980139374733e-03
2.735313493758440018e-03
-2.204012998845428228e-04
3.092617262154817581e-03
3.018411807715892792e-03
-3.232514020055532455e-03
1.996070146560668945e-03
-2.319177147001028061e-04
-3.890043823048472404e-03
-2.352260285988450050e-03
1.175150624476373196e-03
2.754719695076346397e-03
3.508022520691156387e-03
-2.621153835207223892e-03
-1.028319122269749641e-03
-2.814674051478505135e-03
1.987314608413726091e-04
-3.600990399718284607e-03
-2.899663755670189857e-03
2.388756489381194115e-03
-4.239386762492358685e-04
3.039127914234995842e-03
3.851203713566064835e-03
1.010641804896295071e-03
-7.943456294015049934e-04
-3.856872906908392906e-03
9.996510343626141548e-04
2.671652007848024368e-03
1.541212084703147411e-03
-3.244386287406086922e-03
-3.199751954525709152e-03
1.172163523733615875e-03
-3.531411755830049515e-03
-2.784261479973793030e-03
-2.989365486428141594e-03
3.306073602288961411e-03
-2.380489837378263474e-03
-1.995036378502845764e-03
-2.057673875242471695e-03
1.409242278896272182e-03
-1.197760342620313168e-03
-1.767623936757445335e-03
-1.664833747781813145e-03
2.202080795541405678e-03
1.407500356435775757e-03
-2.439637901261448860e-03
-3.118182765319943428e-03
3.786962013691663742e-03
3.721621178556233644e-04
9.844723390415310860e-04
1.282575889490544796e-03
1.742681721225380898e-03
1.936345826834440231e-03
2.738683717325329781e-03
-1.823456725105643272e-03
-3.994032449554651976e-04
-2.289377851411700249e-03
7.767880451865494251e-04
2.992517547681927681e-03
2.996364841237664223e-03
-2.397890435531735420e-03
1.648303703404963017e-03
3.667487762868404388e-03
-8.576235268265008926e-04
-9.378889808431267738e-04
-1.714329584501683712e-03
1.547449617646634579e-03
-9.702221141196787357e-04
2.026560017839074135e-03
3.242789302021265030e-03
-1.624904689379036427e-03
3.366188146173954010e-03
5.819961079396307468e-04
-2.041299128904938698e-03
2.681007899809628725e-04
-2.052567899227142334e-03
3.471313975751399994e-03
-3.658998524770140648e-03
-2.275268314406275749e-03
-1.149191870354115963e-03
-4.902968648821115494e-04
-5.534745287150144577e-04
1.961270580068230629e-03
-2.324885921552777290e-03
-3.508589928969740868e-03
3.109990619122982025e-03
-3.686151234433054924e-03
-1.514063100330531597e-03
-2.341530052945017815e-03
-2.664622850716114044e-03
-3.252725116908550262e-03
-3.498355392366647720e-03
-1.428963616490364075e-03
8.102215360850095749e-04
-3.377779386937618256e-03
-2.413154579699039459e-03
1.573076588101685047e-03
-6.257881177589297295e-04
2.681988407857716084e-04
-1.023372984491288662e-03
2.554867416620254517e-03
2.676946460269391537e-04
1.276277936995029449e-03
-1.055479515343904495e-03
2.635207027196884155e-03
-1.898136455565690994e-03
1.936285640113055706e-03
-3.368189092725515366e-03
-1.115329680033028126e-03
3.268891479820013046e-03
-1.498589524999260902e-03
3.743218956515192986e-03
-1.141856191679835320e-03
-5.491606425493955612e-04
-1.035127206705510616e-03
9.910203516483306885e-04
-9.824611479416489601e-04
-1.153328688815236092e-03
-4.271291545592248440e-04
-3.577271243557333946e-03
1.245811115950345993e-03
3.397911554202437401e-03
-2.811037469655275345e-03
-3.325479803606867790e-03
-1.396160805597901344e-03
2.778006484732031822e-03
1.583099365234375000e-03
3.691192949190735817e-03
