3.238085890188813210e-03
-2.479004207998514175e-03
1.281816745176911354e-03
1.269953325390815735e-03
2.181518590077757835e-03
-1.508290879428386688e-04
-1.374891959130764008e-03
-3.451847471296787262e-03
2.923408756032586098e-04
1.577568822540342808e-03
9.119961032411083579e-05
1.738425926305353642e-03
3.683651797473430634e-03
3.755397163331508636e-03
-2.879976062104105949e-03
3.126335330307483673e-03
-3.104763163719326258e-04
9.222619701176881790e-04
-8.465135470032691956e-04
-2.840195083990693092e-04
2.628055866807699203e-03
6.840820424258708954e-04
-2.683338010683655739e-03
4.909236449748277664e-04
-3.067367288167588413e-05
-2.985784376505762339e-04
-1.282202545553445816e-03
-3.738687373697757721e-03
5.826728738611564040e-05
-2.476462163031101227e-03
-1.713765785098075867e-03
-1.987348514376208186e-04
3.730719676241278648e-03
1.489990972913801670e-03
1.895681372843682766e-03
-8.995060343295335770e-04
-1.927019562572240829e-03
2.959950594231486320e-03
3.424350172281265259e-03
2.806449076160788536e-03
8.257938316091895103e-04
-2.833191305398941040e-03
3.526419168338179588e-03
3.854466835036873817e-03
4.373419214971363544e-04
-2.342192747164517641e-04
-1.079329405911266804e-03
3.041893243789672852e-03
2.089340705424547195e-03
2.636846387758851051e-03
-2.691072411835193634e-03
-3.613732522353529930e-03
2.425457118079066277e-03
-1.206294400617480278e-03
9.865035535767674446e-04
9.084332268685102463e-04
-2.424982376396656036e-03
-2.380841644480824471e-03
-3.318979404866695404e-03
-4.850308469031006098e-04
-3.310329513624310493e-03
-8.893404738046228886e-04
-2.432540990412235260e-03
-3.601579228416085243e-03
-1.259328215382993221e-03
3.085221862420439720e-03
1.027540536597371101e-03
1.388561358908191323e-04
6.501774187199771404e-04
3.255649702623486519e-03
-1.483800355345010757e-03
-2.599858911707997322e-03
8.687942754477262497e-04
-1.366754440823569894e-04
-2.370768925175070763e-03
1.237557386048138142e-03
2.770287217572331429e-03
-1.591017236933112144e-03
-1.692812191322445869e-03
6.237792549654841423e-04
1.766251516528427601e-03
5.512976786121726036e-04
-1.344927819445729256e-03
6.044511683285236359e-04
3.758315928280353546e-03
-2.102757804095745087e-03
-2.843328984454274178e-03
3.115055384114384651e-03
3.576906863600015640e-03
2.521127695217728615e-03
-1.212145085446536541e-03
2.987570827826857567e-03
3.090051468461751938e-03
1.397749059833586216e-03
-6.518061272799968719e-04
-3.204124979674816132e-03
-2.427050378173589706e-03
3.320916090160608292e-03
-1.619432587176561356e-04
-3.077547764405608177e-03
-2.657275414094328880e-03
3.223739797249436378e-03
1.594329951331019402e-03
-3.142767352983355522e-03
1.084661344066262245e-03
2.769508166238665581e-03
2.582502085715532303e-03
-1.181823085062205791e-03
1.584089477546513081e-03
1.453545875847339630e-03
-2.665513020474463701e-04
2.836196916177868843e-03
2.810881705954670906e-03
-5.190701267565600574e-05
6.558852619491517544e-04
-9.241349762305617332e-04
-1.375830732285976410e-03
1.058056601323187351e-03
-5.889567546546459198e-04
2.999283140525221825e-03
1.550104003399610519e-03
1.786145265214145184e-03
2.315048826858401299e-03
2.341145183891057968e-03
3.898812457919120789e-03
-8.693269337527453899e-04
-9.160732734017074108e-04
-3.592600114643573761e-03
-2.661427250131964684e-03
6.111997645348310471e-04
-2.345020882785320282e-03
-6.582266651093959808e-04
-2.011815784499049187e-03
-1.417715684510767460e-04
-3.791409311816096306e-03
-2.240802394226193428e-03
-1.010759966447949409e-03
-1.887145335786044598e-03
-3.055071225389838219e-03
-2.758403541520237923e-03
-2.378652803599834442e-03
-1.882666139863431454e-03
1.524978666566312313e-03
-1.211766269989311695e-03
2.199346199631690979e-03
-1.142357941716909409e-03
2.671998925507068634e-03
3.021124517545104027e-03
3.333492903038859367e-03
-1.150105032138526440e-03
-1.735602738335728645e-03
2.415886614471673965e-03
-1.558000687509775162e-03
1.728907809592783451e-04
6.527579971589148045e-04
1.579809817485511303e-03
-1.354521664325147867e-04
4.738557909149676561e-04
8.639239240437746048e-04
-5.563190788961946964e-04
2.407978754490613937e-03
-2.174893859773874283e-03
9.181413333863019943e-04
-6.887631025165319443e-04
2.903140382841229439e-03
2.877149963751435280e-03
-3.589922096580266953e-03
-2.794020576402544975e-03
-1.564574078656733036e-03
3.813000861555337906e-03
2.116386312991380692e-03
3.199812956154346466e-03
-1.468859729357063770e-03
1.245371997356414795e-03
9.990218095481395721e-04
2.106698462739586830e-03
3.477848134934902191e-03
-2.707687672227621078e-03
1.666443073190748692e-03
2.584976609796285629e-04
3.172815078869462013e-03
5.705315270461142063e-04
2.178892260417342186e-03
-1.614861539565026760e-03
3.667651908472180367e-03
8.191437227651476860e-04
2.251577563583850861e-03
-1.806091051548719406e-03
-3.298706607893109322e-03
-5.229339585639536381e-04
-2.479203045368194580e-03
2.326281508430838585e-03
1.611394109204411507e-04
-6.338613457046449184e-04
1.057454268448054790e-03
2.239274792373180389e-03
-2.325222129002213478e-03
3.902010386809706688e-03
-2.898412458307575434e-05
-6.789102335460484028e-04
3.533194772899150848e-03
-2.312847180292010307e-03
3.637395100668072701e-03
4.575634957291185856e-04
-1.817805576138198376e-03
-5.322282086126506329e-04
-1.398437889292836189e-03
-3.834559116512537003e-03
-4.421227204147726297e-04
-1.150465337559580803e-03
3.040689975023269653e-03
-3.600202908273786306e-04
-1.935873879119753838e-03
1.813286915421485901e-03
-3.230774775147438049e-03
-1.403722213581204414e-03
-1.428806455805897713e-03
3.645926481112837791e-03
-2.745435805991292000e-03
-2.752959961071610451e-03
-7.028730469755828381e-04
-2.922113984823226929e-03
2.094894414767622948e-03
3.113424871116876602e-03
-3.585611470043659210e-03
-2.200573217123746872e-03
-3.904439508914947510e-03
1.198315410874783993e-03
-2.251165220513939857e-03
9.477642015554010868e-04
-2.007737290114164352e-03
6.713103502988815308e-04
-1.974797574803233147e-03
-7.564208935946226120e-04
1.556691015139222145e-03
-2.318629994988441467e-03
1.760527142323553562e-03
3.414346370846033096e-03
1.907368823594879359e-05
-3.113452810794115067e-03
3.705027280375361443e-03
1.890389539767056704e-04
1.852589659392833710e-03
-3.749619936570525169e-03
3.203186672180891037e-03
1.404546550475060940e-03
-3.043571254238486290e-03
3.001855919137597084e-03
-1.395633211359381676e-03
2.449749037623405457e-03
-2.163236727938055992e-03
-2.220324939116835594e-03
-3.317320719361305237e-03
-3.028842154890298843e-03
2.861370448954403400e-04
-3.601558564696460962e-04
