3.614134155213832855e-03
3.020317759364843369e-03
1.879187300801277161e-03
8.680963073857128620e-04
6.927935755811631680e-04
1.631551655009388924e-03
1.298021525144577026e-03
2.270369092002511024e-03
1.639340654946863651e-03
-3.691578051075339317e-03
3.424426075071096420e-03
2.140681957826018333e-03
-3.838038071990013123e-03
3.560826648026704788e-03
3.377353306859731674e-03
2.539145294576883316e-03
8.711436530575156212e-04
3.395265899598598480e-03
8.404537220485508442e-04
-2.520264359191060066e-03
-2.139862044714391232e-04
2.310076495632529259e-03
1.765194581821560860e-03
-2.058630576357245445e-03
-1.399333705194294453e-03
1.461889711208641529e-03
-2.582971355877816677e-04
-1.330839149886742234e-04
2.071763388812541962e-03
-7.280533900484442711e-04
6.413223454728722572e-04
-1.275776769034564495e-03
2.110325498506426811e-03
-1.447887625545263290e-03
-1.198224141262471676e-03
-3.746135160326957703e-03
-3.012692090123891830e-03
3.432061057537794113e-03
1.649765530601143837e-03
-2.946689259260892868e-03
1.733717392198741436e-03
-1.937749329954385757e-03
3.013147041201591492e-03
-1.183878164738416672e-03
-2.653624396771192551e-03
2.846877090632915497e-03
-1.266172039322555065e-03
5.586500046774744987e-04
9.469124488532543182e-04
-9.820914128795266151e-04
2.772606210783123970e-03
-2.828999655321240425e-03
9.508345829090103507e-05
9.952113032341003418e-04
3.635028842836618423e-03
-3.579419106245040894e-03
-7.683948497287929058e-04
3.357861889526247978e-03
-2.562311128713190556e-04
2.925780368968844414e-03
2.613311866298317909e-03
-2.125435275956988335e-03
1.877496019005775452e-03
-2.151970518752932549e-03
-1.724917558021843433e-03
-3.728056093677878380e-03
2.945751475635915995e-04
-1.158559345640242100e-03
3.546637017279863358e-03
-2.763233147561550140e-03
-3.860653843730688095e-03
-2.241358393803238869e-03
6.045189220458269119e-04
-3.182542510330677032e-03
-3.738261526450514793e-03
3.555178409442305565e-03
5.021255929023027420e-04
1.705992035567760468e-03
-2.684678882360458374e-03
-3.047447651624679565e-03
2.217335859313607216e-03
-1.941863098181784153e-03
-4.778252914547920227e-04
5.979465204291045666e-04
6.816119421273469925e-04
1.642994000576436520e-03
2.932558069005608559e-03
-3.206376219168305397e-03
4.496688779909163713e-04
1.312882988713681698e-03
2.892060438171029091e-03
4.774653352797031403e-04
3.342489246279001236e-03
-5.056487279944121838e-04
8.096339879557490349e-04
-1.126635906985029578e-04
-6.679717334918677807e-04
1.846608705818653107e-03
-1.390301506035029888e-03
-1.595937210367992520e-04
1.787269255146384239e-03
7.919810595922172070e-04
4.112741735298186541e-04
-3.341801930218935013e-03
1.430643023923039436e-04
8.177570416592061520e-04
-4.896591417491436005e-04
-2.882308792322874069e-03
2.889142604544758797e-03
4.902448272332549095e-04
1.589214778505265713e-03
1.560844015330076218e-03
8.521756390109658241e-04
-2.265095012262463570e-03
-3.814343363046646118e-03
4.008734249509871006e-04
2.150432672351598740e-03
-1.105650910176336765e-03
-3.071010811254382133e-03
-3.021120093762874603e-03
1.857212977483868599e-03
3.447445807978510857e-03
-3.732124809175729752e-03
-2.298140432685613632e-03
1.338712754659354687e-03
-2.766381483525037766e-03
-8.299145265482366085e-04
-2.335476310690864921e-04
9.605807717889547348e-04
-2.238048939034342766e-03
-3.604305442422628403e-03
-1.446660025976598263e-03
2.989573869854211807e-03
-4.969401634298264980e-04
-3.046635305508971214e-03
-3.195780096575617790e-03
-2.015021629631519318e-03
-6.068194634281098843e-04
-1.158253871835768223e-03
2.097556833177804947e-03
2.269106451421976089e-03
9.569206158630549908e-04
3.234469331800937653e-03
1.294298679567873478e-03
1.389800570905208588e-03
2.839794382452964783e-03
1.833457732573151588e-03
-2.657435135915875435e-03
-3.707293653860688210e-04
-1.328165992163121700e-03
1.309476327151060104e-03
2.405553590506315231e-03
3.406588512007147074e-04
1.065813121385872364e-03
-3.489297581836581230e-03
1.918654190376400948e-03
2.182086929678916931e-03
2.332668518647551537e-03
1.715299731586128473e-05
-9.224911918863654137e-04
3.291166154667735100e-03
2.374664880335330963e-03
2.942748600617051125e-03
5.580492434091866016e-04
3.456914098933339119e-03
1.905344077385962009e-03
2.165147569030523300e-03
-1.114635961130261421e-03
2.603727392852306366e-03
1.515227922936901450e-04
3.235617652535438538e-03
-2.349517853872384876e-05
-3.523033577948808670e-03
-6.399970152415335178e-04
5.630197119899094105e-04
-1.195857301354408264e-03
1.081505906768143177e-03
-6.839606212452054024e-04
-1.950635574758052826e-03
-3.210787894204258919e-03
-1.208021189086139202e-03
1.561170560307800770e-03
-3.041100455448031425e-03
9.161072666756808758e-04
-3.705306444317102432e-03
1.152443350292742252e-03
3.380188951268792152e-03
2.215970307588577271e-03
3.258791519328951836e-03
1.680901623331010342e-04
-1.058424240909516811e-03
1.256969524547457695e-03
2.885004272684454918e-03
-1.083812094293534756e-03
9.851407958194613457e-04
3.003496211022138596e-03
-2.884135115891695023e-03
-1.800347352400422096e-03
1.228267094120383263e-03
1.111933495849370956e-03
2.808466553688049316e-03
-2.020537649514153600e-04
-3.169079311192035675e-03
-1.232668873853981495e-03
-7.532199961133301258e-04
-1.876405440270900726e-03
-2.374744741246104240e-03
-3.370307153090834618e-03
1.699243905022740364e-03
-3.087454708293080330e-03
2.234189305454492569e-03
6.254430045373737812e-04
8.452880429103970528e-04
-2.909587696194648743e-03
-2.113438211381435394e-03
1.883809600258246064e-04
3.005406819283962250e-03
8.129999623633921146e-04
4.684477753471583128e-04
-2.205263357609510422e-03
-2.897530212067067623e-04
4.294438258511945605e-05
-5.610993248410522938e-04
2.379637007834389806e-04
3.874395741149783134e-03
2.256980864331126213e-03
1.426340895704925060e-03
1.119039370678365231e-03
-1.496078446507453918e-03
3.055662615224719048e-03
1.187850604765117168e-03
1.091141835786402225e-03
2.316385740414261818e-03
2.464037621393799782e-03
3.597810573410242796e-04
-1.563178142532706261e-03
-1.479396596550941467e-03
-3.013442503288388252e-03
2.487219637259840965e-03
3.228275338187813759e-03
-2.754255663603544235e-03
-2.119920682162046432e-04
-1.196062541566789150e-03
-5.326484679244458675e-04
-3.345987293869256973e-03
1.923277508467435837e-03
2.778687747195363045e-03
8.073463104665279388e-04
-3.795698517933487892e-03
-4.782841424457728863e-04
1.212105969898402691e-03
2.078104298561811447e-03
-1.653620973229408264e-03
1.803431077860295773e-03
-2.119956043316051364e-04
3.025873331353068352e-03
