3.962454211432486773e-04
1.089193276129662991e-03
7.998523651622235775e-04
3.663562238216400146e-03
-1.258502830751240253e-03
-2.841691253706812859e-03
-3.423030429985374212e-04
1.424925867468118668e-03
2.100141718983650208e-03
-2.947574947029352188e-03
-3.037238726392388344e-03
-3.177012084051966667e-03
2.249711425974965096e-03
1.142175868153572083e-03
2.287394891027361155e-04
-3.161001368425786495e-04
1.489185378886759281e-03
-3.153299447149038315e-03
1.684156450210139155e-04
1.139876316301524639e-03
3.148755524307489395e-03
6.924294284544885159e-04
-1.485540065914392471e-03
3.165302798151969910e-03
3.215040778741240501e-03
1.667915494181215763e-03
-2.036119985859841108e-04
1.568012987263500690e-03
8.167357882484793663e-04
3.106696065515279770e-03
1.192594063468277454e-03
-2.318043727427721024e-03
-2.906968584284186363e-03
-1.876714988611638546e-03
-2.952358452603220940e-03
-8.562591392546892166e-04
8.711907430551946163e-04
-2.026027301326394081e-03
2.658926649019122124e-03
7.365787168964743614e-04
1.159085193648934364e-03
-3.014981281012296677e-03
2.899119863286614418e-03
-3.192315110936760902e-03
-3.666025120764970779e-03
1.091148937121033669e-03
-3.586883423849940300e-03
-1.153310411609709263e-03
1.984064292628318071e-04
3.041934454813599586e-03
-1.501818420365452766e-03
3.774405457079410553e-03
1.934147439897060394e-03
-3.848861902952194214e-03
-3.012115601450204849e-03
1.172199263237416744e-03
2.850215882062911987e-03
3.644776763394474983e-03
-8.922272827476263046e-04
2.448749437462538481e-04
-2.433313289657235146e-03
-1.152005395852029324e-03
3.134181490167975426e-03
3.155714599415659904e-03
-1.959082204848527908e-03
3.440984291955828667e-03
-7.032204302959144115e-04
2.404014812782406807e-03
-1.572198932990431786e-03
2.188774757087230682e-03
8.772961446084082127e-04
-1.582454307936131954e-03
3.454317338764667511e-03
2.254415303468704224e-03
-1.236671669175848365e-04
-1.585891470313072205e-03
1.250663073733448982e-03
1.806933549232780933e-03
-1.747702364809811115e-03
-3.646194236353039742e-03
3.274570917710661888e-03
1.406974042765796185e-03
3.271943656727671623e-03
2.432242967188358307e-03
-1.811606809496879578e-03
3.873472800478339195e-03
-7.342844037339091301e-04
3.144883550703525543e-03
-3.073011059314012527e-03
2.484713913872838020e-03
-1.518416334874927998e-03
-3.010282991454005241e-03
6.950852693989872932e-04
3.626004909165203571e-04
2.161515410989522934e-03
2.090509515255689621e-03
2.960690530017018318e-03
-2.569841919466853142e-03
-2.655832096934318542e-03
-3.174573357682675123e-04
3.237771743442863226e-04
2.292548539116978645e-03
-6.911775562912225723e-04
-3.125619841739535332e-03
-3.575049806386232376e-03
-3.621491370722651482e-03
-1.891577616333961487e-03
-3.025023965165019035e-03
2.271681558340787888e-03
3.635974833741784096e-03
1.941357739269733429e-03
9.463576716370880604e-04
-5.522232968360185623e-04
-3.717074636369943619e-03
2.382384147495031357e-03
-1.001407857984304428e-03
3.054219065234065056e-03
-3.365792799741029739e-03
-1.131521537899971008e-03
-7.089475984685122967e-04
-1.681210123933851719e-03
-3.505033906549215317e-03
-4.247706237947568297e-05
3.685070842038840055e-04
3.559824253898113966e-04
3.884536912664771080e-03
1.632981002330780029e-04
2.354187425225973129e-03
3.814128227531909943e-03
-5.561240832321345806e-04
7.626056903973221779e-04
-1.379297347739338875e-03
3.605301259085536003e-03
6.393424118869006634e-04
-2.833932405337691307e-03
-3.177485661581158638e-03
-3.463377943262457848e-03
-2.922305371612310410e-03
9.455118561163544655e-04
6.246927659958600998e-05
-1.186861423775553703e-03
-4.562126705422997475e-04
-1.270717009902000427e-03
3.409867174923419952e-03
3.891770029440522194e-03
-2.844405127689242363e-03
1.371025573462247849e-03
3.869186039082705975e-04
3.290817840024828911e-03
-2.932105271611362696e-04
6.094090640544891357e-04
-2.519336296245455742e-03
1.307415193878114223e-03
3.877248382195830345e-03
-1.113453763537108898e-03
1.958359032869338989e-03
-2.529218094423413277e-03
2.116965362802147865e-03
2.343259053304791451e-03
3.151645418256521225e-03
-2.716195886023342609e-04
-3.009168198332190514e-03
1.547842752188444138e-03
-2.363136503845453262e-03
2.719331067055463791e-03
-7.019227487035095692e-04
3.108909819275140762e-03
2.831066725775599480e-03
1.304956502281129360e-03
-1.151438220404088497e-03
-2.800755202770233154e-03
-1.875939313322305679e-03
-3.526195418089628220e-03
-2.680054400116205215e-03
-2.426744031254202127e-04
-1.306589227169752121e-03
4.280088178347796202e-04
-1.129613490775227547e-03
1.688162446953356266e-03
-3.650276339612901211e-04
-2.435609931126236916e-04
8.232771069742739201e-04
8.318590698763728142e-04
-3.676609834656119347e-03
-1.789519214071333408e-03
2.475441666319966316e-03
1.519769721198827028e-04
2.606011461466550827e-03
-4.505225806497037411e-04
-3.327955259010195732e-03
2.294934587553143501e-03
-2.048337832093238831e-03
1.047866680892184377e-05
-2.308498136699199677e-03
2.438299998175352812e-04
3.002895973622798920e-03
3.600141266360878944e-03
-3.466535825282335281e-03
4.709366767201572657e-04
-2.605359477456659079e-04
3.344235708937048912e-03
-8.429752779193222523e-04
-3.306120634078979492e-03
1.149103743955492973e-03
2.368319546803832054e-03
-8.106625755317509174e-04
3.332330845296382904e-03
1.647198660066351295e-04
3.771874587982892990e-03
-3.489370457828044891e-03
2.229990495834499598e-04
-2.700790995731949806e-03
-2.530209021642804146e-03
7.229841430671513081e-04
1.826965017244219780e-03
1.922844327054917812e-03
3.402282949537038803e-03
-8.978681871667504311e-04
3.230894915759563446e-03
2.005122369155287743e-03
-2.914987504482269287e-03
-3.027557861059904099e-03
1.071248087100684643e-03
2.823281101882457733e-03
1.926185679621994495e-03
-2.591965254396200180e-03
-1.129276701249182224e-03
-2.665660809725522995e-03
3.298235824331641197e-03
-2.240271860500797629e-04
-3.740401240065693855e-03
2.113361377269029617e-03
-1.226322347065433860e-04
-1.089420053176581860e-03
-1.395944738760590553e-03
-1.083715935237705708e-03
5.441125831566751003e-04
3.621195210143923759e-03
3.654533997178077698e-03
-2.182640491810161620e-05
3.811320755630731583e-03
-2.779778093099594116e-03
2.920761005952954292e-03
-1.628202851861715317e-03
-1.644632313400506973e-03
-3.834943287074565887e-03
-8.882505353540182114e-04
-3.884333418682217598e-03
7.702861912548542023e-04
1.685948227532207966e-03
-5.111526115797460079e-04
9.796672966331243515e-04
-2.618615282699465752e-03
-1.705921720713376999e-03
3.884163452312350273e-03
-1.402186928316950798e-03
