2.642885083332657814e-03
-1.664351904764771461e-03
-3.197218757122755051e-03
3.475398290902376175e-03
2.640166785567998886e-03
-6.142253550933673978e-05
2.345544751733541489e-03
-2.063246211037039757e-03
-1.583360251970589161e-03
-3.905414836481213570e-03
-2.145213074982166290e-03
-3.006319748237729073e-04
-1.520896679721772671e-03
5.241787876002490520e-04
3.514132695272564888e-04
2.721416298300027847e-03
1.888591330498456955e-03
3.101659473031759262e-03
3.563652047887444496e-03
3.863784251734614372e-03
2.202392555773258209e-03
-8.924843859858810902e-05
-1.415236503817141056e-03
-2.079806523397564888e-03
-3.349323989823460579e-03
8.255502907559275627e-04
3.001578850671648979e-03
1.746845955494791269e-04
4.523953539319336414e-04
2.083059633150696754e-03
-2.498051151633262634e-03
1.566495280712842941e-03
2.128011779859662056e-03
6.842316361144185066e-04
-1.348858000710606575e-03
3.855864284560084343e-03
-2.913403091952204704e-03
-2.495326567441225052e-03
-3.361196024343371391e-03
2.085695508867502213e-03
-3.217480611056089401e-03
-8.009051671251654625e-04
2.949721601908095181e-05
-1.486398861743509769e-03
-2.892569638788700104e-03
1.676942920312285423e-03
1.606114092282950878e-03
-2.055305987596511841e-03
-8.613334503024816513e-04
-2.086134161800146103e-03
3.644049167633056641e-03
-9.066821658052504063e-04
-3.636844689026474953e-03
-1.205126172862946987e-03
1.828274456784129143e-03
2.438953379169106483e-03
1.493265968747437000e-03
2.369608962908387184e-03
-2.387253334745764732e-03
3.374313935637474060e-03
-2.390190027654170990e-03
1.848896208684891462e-04
-2.899724524468183517e-03
6.816833629272878170e-04
1.734213437885046005e-03
2.840109169483184814e-03
3.248362801969051361e-03
3.206601133570075035e-03
2.741690026596188545e-03
-1.712734345346689224e-03
1.252005575224757195e-03
1.866856473498046398e-03
1.745601533912122250e-03
-9.355338406749069691e-04
-1.894743181765079498e-03
2.341287443414330482e-03
2.880720421671867371e-03
2.434101887047290802e-03
8.044872665777802467e-04
3.493962809443473816e-03
-1.617939327843487263e-03
-9.056819253601133823e-04
3.011996159330010414e-03
-1.713658566586673260e-03
-1.654399209655821323e-03
-1.274773734621703625e-03
-3.386885393410921097e-03
1.789797897799871862e-05
3.132806159555912018e-03
1.654403400607407093e-03
-1.901237759739160538e-03
2.247499534860253334e-03
1.531470101326704025e-03
8.667031070217490196e-04
3.023018362000584602e-03
2.281939378008246422e-03
-3.093903418630361557e-03
1.729345764033496380e-03
3.861659904941916466e-03
1.739652827382087708e-03
1.708998926915228367e-03
-3.315459704026579857e-03
-2.031886018812656403e-03
1.871284912340342999e-03
5.926858284510672092e-04
-5.654984270222485065e-04
-2.210562583059072495e-03
2.942967228591442108e-03
-4.746876948047429323e-05
8.161231526173651218e-04
2.575321355834603310e-03
-3.429047763347625732e-03
4.638035316020250320e-04
-1.521215424872934818e-03
-2.392953028902411461e-04
1.621931907720863819e-03
1.217957469634711742e-03
-7.394842687062919140e-04
-4.108586872462183237e-04
3.285467100795358419e-04
2.492004306986927986e-03
-9.148468961939215660e-04
-1.517490018159151077e-03
-2.896494930610060692e-03
-3.485704772174358368e-03
-1.782804843969643116e-03
-3.747337614186108112e-04
-1.168264891020953655e-03
2.540683373808860779e-03
3.051072824746370316e-03
-3.679945599287748337e-03
9.732655598782002926e-04
1.488025882281363010e-03
-2.604549285024404526e-03
-2.723544021137058735e-04
-1.837050192989408970e-03
-2.289378782734274864e-03
3.285805229097604752e-03
3.873884852509945631e-04
-1.458242331864312291e-04
2.888941089622676373e-04
2.661971608176827431e-03
-3.065250581130385399e-03
-2.581955166533589363e-03
3.092502243816852570e-03
-3.565639199223369360e-04
-6.183891673572361469e-04
3.486556699499487877e-03
-2.298464765772223473e-03
-8.938049177231732756e-06
-1.712747849524021149e-03
-1.681041903793811798e-03
3.646492841653525829e-04
2.136583672836422920e-03
-2.423241734504699707e-03
-2.346818801015615463e-03
-3.512468421831727028e-03
2.271567936986684799e-03
-1.180569524876773357e-03
1.562072546221315861e-03
-3.711513010784983635e-03
-1.756888465024530888e-03
-2.260116307297721505e-04
2.610432682558894157e-03
2.292932709679007530e-03
-2.476652851328253746e-03
-1.463019871152937412e-03
2.978766337037086487e-03
2.567677292972803116e-03
1.566803897731006145e-03
1.373803475871682167e-03
-2.842296380549669266e-03
-6.331102340482175350e-04
3.340879688039422035e-03
-6.821157294325530529e-04
-1.614539069123566151e-03
-1.739392639137804508e-03
-5.172745431991643272e-07
-2.716179238632321358e-03
1.791655784472823143e-03
-5.544721498154103756e-04
-1.231664442457258701e-03
-2.138484269380569458e-03
-2.623005770146846771e-03
3.270548768341541290e-04
2.165116748074069619e-04
1.771317562088370323e-03
9.338312083855271339e-04
3.471404546871781349e-03
4.003065114375203848e-04
-2.477100817486643791e-03
-2.612486947327852249e-03
-3.794939955696463585e-03
3.748717252165079117e-03
-3.544277511537075043e-03
2.321644220501184464e-03
2.385936910286545753e-03
-2.168055158108472824e-03
2.238038694486021996e-03
-4.910838324576616287e-04
-4.060878418385982513e-04
2.124183345586061478e-03
-1.187555171782150865e-04
-3.613121807575225830e-03
1.247927080839872360e-03
-2.656542928889393806e-03
2.096367301419377327e-03
-1.305119134485721588e-03
-3.865407081320881844e-03
1.536914613097906113e-03
4.842747875954955816e-04
-7.978050853125751019e-04
3.848430467769503593e-03
-1.626471988856792450e-03
-2.093954710289835930e-03
8.101211860775947571e-04
-3.511138027533888817e-03
1.089799450710415840e-03
3.666204633191227913e-03
3.041925607249140739e-03
-4.702687729150056839e-04
1.626291661523282528e-03
1.363430055789649487e-03
-8.918673265725374222e-04
-8.540455601178109646e-04
-1.060125301592051983e-03
-2.127642364939674735e-04
-3.142725909128785133e-03
6.214086315594613552e-04
2.935269847512245178e-03
1.049200422130525112e-03
-3.591031534597277641e-03
-8.074123179540038109e-04
-3.436748171225190163e-03
7.482604705728590488e-04
1.364533673040568829e-03
2.304538618773221970e-03
8.921842672862112522e-04
-3.533488605171442032e-03
-1.701664063148200512e-03
-3.740293672308325768e-03
2.124056220054626465e-03
-1.720968633890151978e-03
3.513547708280384541e-04
1.802391489036381245e-03
2.389577450230717659e-03
1.482371939346194267e-03
2.093008952215313911e-03
1.184021748485974967e-04
1.663513598032295704e-03
-3.567577572539448738e-03
3.518559737130999565e-03
2.920491853728890419e-03
2.169643761590123177e-03
-6.887851050123572350e-04
-3.231290262192487717e-03
