1.473925542086362839e-03
-2.229465637356042862e-03
-1.346132368780672550e-03
2.405433915555477142e-03
-3.782966872677206993e-03
1.341671682894229889e-03
-2.553701866418123245e-03
-3.314756322652101517e-04
3.684802912175655365e-03
1.502081635408103466e-03
-3.541624173521995544e-03
1.726690912619233131e-03
-2.221591072157025337e-03
1.584774698130786419e-03
-1.581152318976819515e-04
-1.456919824704527855e-03
-2.554771723225712776e-03
-1.013922388665378094e-03
-1.584580983035266399e-03
-3.145385999232530594e-03
-2.842150395736098289e-03
-3.874722402542829514e-03
-1.950369682163000107e-03
-2.965277759358286858e-03
9.340510587207973003e-05
2.730471082031726837e-03
2.998938551172614098e-03
1.980897970497608185e-03
-3.799101803451776505e-03
1.333402906311675906e-04
3.720324719324707985e-03
-3.802337218075990677e-03
2.316876081749796867e-03
1.518106902949512005e-03
9.342658449895679951e-04
-2.526438795030117035e-03
1.642908202484250069e-03
-2.730392385274171829e-03
6.854175589978694916e-04
8.081821142695844173e-04
2.326329471543431282e-03
3.262439975515007973e-03
-2.489664591848850250e-03
-8.309664553962647915e-04
3.242516890168190002e-03
-2.246267627924680710e-03
-2.965986495837569237e-03
-1.970242708921432495e-03
1.650974620133638382e-03
-2.190503291785717010e-03
1.777623314410448074e-03
6.385729066096246243e-04
3.003211226314306259e-03
-1.770280417986214161e-03
1.398708671331405640e-03
-1.767921959981322289e-03
3.695980645716190338e-03
3.665211377665400505e-03
3.340735565871000290e-03
-4.323856555856764317e-04
1.615802757441997528e-03
-3.178681479766964912e-03
-1.959148561581969261e-03
8.696636541571933776e-06
1.689368044026196003e-03
-1.719377818517386913e-03
-3.735095961019396782e-03
8.195486734621226788e-04
2.495854627341032028e-03
1.979934284463524818e-03
1.124947448261082172e-03
-9.657174232415854931e-04
1.645420095883309841e-03
2.500162925571203232e-03
1.222003134898841381e-03
-1.615113811567425728e-03
-4.023112414870411158e-04
-3.843954065814614296e-03
3.711071098223328590e-03
1.942996052093803883e-03
-6.401601713150739670e-04
-1.520582474768161774e-03
3.725069982465356588e-04
1.785910921171307564e-03
-5.430299788713455200e-04
-1.209467183798551559e-03
6.749263266101479530e-04
-2.052945783361792564e-03
-2.157468814402818680e-03
1.643209019675850868e-03
-2.248334785690531135e-04
-2.948944224044680595e-03
-3.278892021626234055e-03
3.220940998289734125e-04
-1.021977746859192848e-03
1.920712878927588463e-03
-6.840316345915198326e-04
-3.865917213261127472e-03
2.786686876788735390e-03
-2.584769390523433685e-03
1.085704541765153408e-03
3.798032412305474281e-03
9.301896789111196995e-04
1.127670286223292351e-03
3.503424813970923424e-03
-9.318147203885018826e-04
-1.302971155382692814e-03
3.232877468690276146e-03
-1.188694383017718792e-03
2.175761153921484947e-03
-1.856115413829684258e-03
-1.834438531659543514e-03
1.864716177806258202e-04
1.092791906557977200e-03
-1.257820404134690762e-03
2.153053879737854004e-03
1.299887080676853657e-03
1.009751576930284500e-03
-5.376515910029411316e-04
3.677984233945608139e-03
-2.711343811824917793e-03
-2.079608617350459099e-03
-2.362937433645129204e-03
8.359476341865956783e-04
-9.735896601341664791e-04
-1.863768440671265125e-03
-3.279943019151687622e-03
3.770184936001896858e-03
7.735914550721645355e-04
-2.214395906776189804e-03
-2.397126285359263420e-03
2.133165020495653152e-03
-4.366673238109797239e-04
2.757387934252619743e-03
9.598638862371444702e-04
1.114849932491779327e-03
-1.812903210520744324e-03
-1.480791135691106319e-03
-1.400559325702488422e-03
-7.728071068413555622e-04
-2.261940855532884598e-03
2.712774090468883514e-03
1.853082794696092606e-03
1.468118163757026196e-03
-3.120010718703269958e-03
1.375371124595403671e-03
1.798417884856462479e-03
1.589978695847094059e-03
-2.332633361220359802e-03
-1.080319285392761230e-03
-3.224999178200960159e-03
2.587182680144906044e-03
-5.787168047390878201e-04
2.936106873676180840e-03
-9.314558119513094425e-04
9.189965785481035709e-04
-2.396641997620463371e-03
-2.166965423384681344e-04
-9.711549500934779644e-04
-2.569942967966198921e-03
-2.253374550491571426e-03
-1.318700960837304592e-04
2.985205035656690598e-03
1.704376627458259463e-04
-2.152793807908892632e-03
-1.405129842169117182e-05
-3.575409762561321259e-03
-1.819620956666767597e-04
-2.636259887367486954e-03
-2.067079534754157066e-03
-1.512616756372153759e-03
-2.573584904894232750e-03
-3.624772652983665466e-03
3.666904056444764137e-03
2.386751119047403336e-03
7.895071757957339287e-04
-3.888640494551509619e-04
-3.145949449390172958e-03
-1.210123416967689991e-03
-1.882482203654944897e-03
-2.543409354984760284e-03
-5.877911098650656641e-05
-3.282639430835843086e-03
8.973865769803524017e-04
1.274903421290218830e-03
-3.536835545673966408e-03
1.908035133965313435e-03
3.391360398381948471e-03
-4.502872470766305923e-04
3.864551894366741180e-03
-1.286973478272557259e-03
-3.719866741448640823e-03
1.358012901619076729e-03
5.931768100708723068e-04
2.965955529361963272e-03
2.605879213660955429e-03
-2.581471111625432968e-03
2.829381264746189117e-03
-2.357745543122291565e-03
1.742625376209616661e-03
-2.776733599603176117e-03
-5.368206766434013844e-04
-1.682492089457809925e-03
-3.169971518218517303e-03
8.253086125478148460e-04
-1.179373357445001602e-03
-2.091240836307406425e-03
-2.855543512850999832e-03
-2.207979792729020119e-03
-2.086580265313386917e-03
-3.691423917189240456e-03
-1.247034757398068905e-03
1.905157347209751606e-03
-5.032589542679488659e-04
1.871759537607431412e-03
-3.071949118748307228e-03
2.129108179360628128e-03
3.167600836604833603e-03
3.682216163724660873e-03
-2.786078024655580521e-03
-1.083625247702002525e-03
2.783189062029123306e-03
1.831781584769487381e-03
-7.022124191280454397e-05
-1.822357182390987873e-03
8.960856357589364052e-04
-2.403610851615667343e-03
-6.053163670003414154e-04
3.331741085276007652e-03
2.683367114514112473e-03
-1.368005294352769852e-03
-1.198070705868303776e-03
2.409460488706827164e-03
3.465847694315016270e-04
-2.915685763582587242e-03
-3.526581858750432730e-04
2.834131242707371712e-03
-3.160060150548815727e-04
1.842681784182786942e-03
-2.191411331295967102e-03
-1.164254033938050270e-03
2.493278589099645615e-03
7.930619758553802967e-04
-8.260561298811808228e-05
6.819237023591995239e-04
1.701617962680757046e-03
3.735483391210436821e-03
-1.970580313354730606e-03
3.161736240144819021e-04
-2.536149113439023495e-04
5.623263423331081867e-04
-1.092754886485636234e-03
3.556986572220921516e-03
-3.671073354780673981e-03
-3.756334772333502769e-03
3.773111850023269653e-03
