2.317013684660196304e-03
-1.249372842721641064e-03
3.711213590577244759e-03
1.630849787034094334e-03
-2.370152622461318970e-03
3.150697797536849976e-03
4.217343521304428577e-04
-3.068643156439065933e-03
2.227880526334047318e-03
1.826334395445883274e-03
-3.272798610851168633e-03
3.281914629042148590e-03
-3.511344315484166145e-03
1.291737426072359085e-03
-6.192524451762437820e-04
-2.253268845379352570e-03
-3.122702182736247778e-04
-3.572419751435518265e-03
-3.443887108005583286e-04
1.073271618224680424e-03
-3.753279161173850298e-04
2.783428411930799484e-03
1.504196436144411564e-03
-2.530908212065696716e-03
-3.342283423990011215e-03
-3.176630241796374321e-03
-2.255372935906052589e-03
3.838097210973501205e-03
4.462675715330988169e-04
-1.966813579201698303e-03
-5.959431291557848454e-04
-1.196468481793999672e-03
-1.673951745033264160e-03
1.304912264458835125e-03
1.498852507211267948e-03
3.686222713440656662e-03
-3.590039908885955811e-03
-1.648432924412190914e-03
3.604267491027712822e-03
-5.275584408082067966e-04
-6.504022167064249516e-04
-1.557034905999898911e-03
-6.490270607173442841e-04
1.727242139168083668e-03
-3.345695440657436848e-04
-2.584283472970128059e-03
1.015589688904583454e-03
-1.849455526098608971e-03
-3.553329734131693840e-03
2.158580115064978600e-03
1.272579072974622250e-03
-3.805310931056737900e-03
-1.449011615477502346e-03
-1.724700559861958027e-03
2.453773049637675285e-03
-5.634283879771828651e-04
-1.153310877270996571e-03
-1.394944265484809875e-03
-1.296280534006655216e-03
-2.919346559792757034e-03
3.798901336267590523e-03
-3.512220690026879311e-03
-9.940285235643386841e-04
9.938637958839535713e-04
6.580839399248361588e-04
1.879910822026431561e-03
3.606254234910011292e-03
-2.992497058585286140e-03
8.387589477933943272e-04
-2.545966766774654388e-03
-2.281201072037220001e-03
2.500790636986494064e-03
-1.904545351862907410e-03
-1.978388987481594086e-03
-3.051015315577387810e-03
-3.753479570150375366e-03
1.688541378825902939e-03
-4.903776571154594421e-04
-1.037124893628060818e-03
7.300232537090778351e-04
-1.151212258264422417e-03
-3.550033783540129662e-03
1.858716947026550770e-03
-1.718874205835163593e-03
-1.645162352360785007e-03
-3.439097898080945015e-03
1.700312015600502491e-03
-1.050995662808418274e-03
-3.430628683418035507e-03
1.899150898680090904e-03
6.368102040141820908e-04
1.079827197827398777e-03
-3.467871109023690224e-03
3.011553548276424408e-03
3.295057453215122223e-03
-2.804599003866314888e-03
2.843256341293454170e-03
2.153317211195826530e-03
-1.707635005004703999e-03
-3.055217443034052849e-03
-3.660037880763411522e-03
-2.804142422974109650e-03
3.476131707429885864e-03
1.617181813344359398e-03
2.936980221420526505e-03
3.268691012635827065e-03
3.870461601763963699e-03
-1.628003548830747604e-03
2.792032202705740929e-03
2.527415635995566845e-04
8.984098676592111588e-04
-7.564721163362264633e-04
-1.353112165816128254e-03
2.289132913574576378e-03
-3.027117112651467323e-03
2.502414630725979805e-03
2.279478590935468674e-03
3.859885036945343018e-03
1.419766340404748917e-03
-2.801232738420367241e-03
-9.948929073289036751e-04
3.493382828310132027e-03
-1.522697275504469872e-03
2.061942126601934433e-03
1.573638437548652291e-04
-2.777660032734274864e-03
-3.717987798154354095e-03
-3.682532813400030136e-03
1.555455237394198775e-04
-3.644412616267800331e-03
2.139505697414278984e-03
3.681045956909656525e-03
-3.891341621056199074e-03
5.329159903340041637e-04
1.159385465143714100e-05
2.285038586705923080e-03
-1.933989231474697590e-03
-1.110270968638360500e-03
-2.150593791157007217e-03
-1.553655136376619339e-03
2.540874993428587914e-03
-3.641204908490180969e-03
-2.537759719416499138e-03
-3.415449522435665131e-03
2.448482904583215714e-03
-1.538127195090055466e-03
1.428364776074886322e-03
2.192575950175523758e-03
-2.425877028144896030e-04
2.617705031298100948e-04
-1.656524371355772018e-03
-7.012764690443873405e-04
-1.777501543983817101e-03
1.721854438073933125e-03
3.188963048160076141e-03
3.616094589233398438e-03
-9.710958693176507950e-04
-3.045167308300733566e-03
3.861367236822843552e-03
-2.491834165994077921e-04
6.490435916930437088e-04
2.620306098833680153e-03
3.476366866379976273e-03
6.044597830623388290e-04
3.301562974229454994e-03
2.183251082897186279e-03
1.699017360806465149e-03
1.319256611168384552e-03
2.820980735123157501e-03
-1.474984921514987946e-03
-3.568027867004275322e-03
-7.539650541730225086e-04
-2.779853763058781624e-03
-1.691083307377994061e-04
-1.942353323101997375e-03
1.162376953288912773e-03
7.034790469333529472e-04
-9.911149973049759865e-04
-2.797316294163465500e-03
-5.649728700518608093e-04
7.884884835220873356e-04
2.933910116553306580e-03
1.201214618049561977e-03
1.868415973149240017e-03
-3.601281205192208290e-03
3.452070523053407669e-03
-1.231197034940123558e-03
1.597826601937413216e-03
-7.937491755001246929e-04
-1.618007081560790539e-03
-3.434870624914765358e-03
3.865797072649002075e-03
3.575412556529045105e-03
3.754807636141777039e-03
-1.877078553661704063e-03
1.765968743711709976e-03
6.769370520487427711e-04
-2.631314098834991455e-03
2.395693911239504814e-03
-2.545563504099845886e-03
-8.189721265807747841e-04
-9.804564760997891426e-04
-1.198803191073238850e-03
1.045620650984346867e-03
-8.393470779992640018e-04
-2.115976531058549881e-03
9.591731941327452660e-04
1.716365455649793148e-03
3.894245252013206482e-03
-3.152627032250165939e-03
-1.587756327353417873e-03
2.602018648758530617e-03
3.240686783101409674e-04
3.724780865013599396e-03
8.510995539836585522e-04
-3.679346526041626930e-03
-5.265378058538772166e-05
-3.813988296315073967e-03
2.749998820945620537e-03
-3.275680588558316231e-03
-3.855481336358934641e-04
-2.781205344945192337e-03
1.115878345444798470e-03
2.004804555326700211e-03
-1.845999504439532757e-03
-2.564027439802885056e-03
3.415961982682347298e-03
3.893601708114147186e-03
-2.283690962940454483e-03
3.584781428799033165e-03
8.038306259550154209e-04
3.299540607258677483e-03
-8.148244232870638371e-04
-8.268578676506876945e-04
2.575665479525923729e-03
-3.837909782305359840e-03
1.694486563792452216e-04
3.037652466446161270e-03
2.474420936778187752e-03
1.115278806537389755e-03
-2.865431131795048714e-03
-6.882289890199899673e-04
2.556626219302415848e-03
2.044080523774027824e-03
-1.788165071047842503e-03
-2.948325825855135918e-03
4.723067977465689182e-04
1.612342544831335545e-03
1.056904904544353485e-03
9.265625849366188049e-04
-1.965718343853950500e-03
9.164877119474112988e-04
4.277191765140742064e-04
9.608031250536441803e-04
7.059553172439336777e-04
2.036873484030365944e-03
