-1.951301936060190201e-03
1.680716988630592823e-03
1.490739086875692010e-04
-4.726411134470254183e-04
4.353501717559993267e-04
2.939598634839057922e-03
-2.824105555191636086e-03
1.496732234954833984e-03
-3.014040878042578697e-03
-2.187339356169104576e-03
-8.453588234260678291e-04
-1.797023345716297626e-03
-3.831108100712299347e-03
1.526899519376456738e-03
2.313212025910615921e-03
3.728545736521482468e-03
-2.375467214733362198e-03
2.054638927802443504e-03
1.732413657009601593e-03
2.399800578132271767e-03
4.739254654850810766e-04
-7.252109935507178307e-04
1.285080681554973125e-03
-2.250923309475183487e-03
5.368731217458844185e-05
3.350955434143543243e-03
2.622795989736914635e-03
-3.717013634741306305e-03
8.259678725153207779e-04
2.957574790343642235e-03
8.000922389328479767e-04
1.633371226489543915e-03
2.765281824395060539e-03
-2.215167507529258728e-03
2.947747707366943359e-03
9.933597175404429436e-04
1.017802511341869831e-03
-2.336920239031314850e-03
1.267046784050762653e-03
-9.543617488816380501e-04
2.854168182238936424e-03
1.065029937308281660e-04
2.401007339358329773e-03
-1.785869710147380829e-03
3.271675202995538712e-03
3.202810650691390038e-03
9.875014657154679298e-04
7.962319068610668182e-04
-3.685519099235534668e-03
3.565146587789058685e-03
1.907218829728662968e-03
-4.612772900145500898e-04
3.369034966453909874e-03
-8.676218567416071892e-04
-2.201225841417908669e-03
2.060490893200039864e-03
3.452867968007922173e-04
2.434282563626766205e-03
2.135096350684762001e-03
-1.641470124013721943e-03
-2.572743222117424011e-03
-1.535743824206292629e-03
-2.621290041133761406e-03
1.110296580009162426e-03
2.216859487816691399e-03
2.827828982844948769e-03
3.649787046015262604e-03
2.772231819108128548e-03
-1.146189519204199314e-03
1.533779548481106758e-03
2.591901225969195366e-03
3.813172457739710808e-03
5.523926229216158390e-04
5.680468748323619366e-04
-3.749432973563671112e-03
-2.328940667212009430e-03
1.705563045106828213e-03
3.579552052542567253e-03
3.102458082139492035e-03
-3.454370191320776939e-03
-3.061926225200295448e-03
-2.804115880280733109e-03
2.294916426762938499e-03
-2.936610952019691467e-03
1.121904060710221529e-04
-3.492192365229129791e-03
3.494357923045754433e-03
1.545534905744716525e-04
1.899117138236761093e-03
-1.767416484653949738e-03
2.992778783664107323e-03
-3.485776018351316452e-03
-1.827339176088571548e-03
-2.029596827924251556e-03
-3.188470727764070034e-04
1.931652543134987354e-03
3.062943695113062859e-03
-1.272994210012257099e-03
-2.888392889872193336e-03
3.638526191934943199e-03
-2.198811853304505348e-03
-3.154528560116887093e-03
-1.358296489343047142e-03
-2.499130321666598320e-03
5.602957680821418762e-04
2.441970165818929672e-03
3.820046316832304001e-03
-5.143886664882302284e-04
2.628518035635352135e-03
4.483184311538934708e-04
-5.279144970700144768e-04
3.075686050578951836e-03
-3.757428377866744995e-03
-1.419871230609714985e-03
-5.693204584531486034e-04
-2.666899468749761581e-03
9.406098397448658943e-04
-2.696962794288992882e-03
2.214808482676744461e-03
-1.716203638352453709e-03
-2.537327120080590248e-03
-2.724191406741738319e-03
4.024760273750871420e-04
3.715530969202518463e-03
3.153592348098754883e-03
-2.714107977226376534e-03
2.250899560749530792e-03
6.215689354576170444e-04
-1.742982189171016216e-03
3.139280714094638824e-03
-8.703352068550884724e-04
2.565928967669606209e-03
-1.369700301438570023e-03
-2.429790329188108444e-03
1.294784946367144585e-03
2.227570861577987671e-03
1.174677163362503052e-04
2.399126999080181122e-03
-1.296823378652334213e-03
-6.395973614417016506e-04
9.472473175264894962e-05
-3.456779057160019875e-03
2.483179792761802673e-03
-1.933807972818613052e-03
3.223388688638806343e-03
2.139396019629202783e-05
3.092489205300807953e-03
-2.137339906767010689e-03
9.338449453935027122e-04
-2.326923422515392303e-03
-3.346935613080859184e-03
2.566055627539753914e-04
2.880432642996311188e-03
2.916070399805903435e-03
1.992615638300776482e-03
-2.751523628830909729e-03
-2.700403332710266113e-03
-2.405331237241625786e-03
1.054439228028059006e-03
-1.826399238780140877e-03
1.759955310262739658e-03
8.861104724928736687e-04
-2.666116924956440926e-03
-1.539302989840507507e-03
-1.868975115939974785e-03
2.251857658848166466e-03
1.824800390750169754e-03
-3.502883482724428177e-03
4.776366986334323883e-04
-2.421828452497720718e-03
2.822086215019226074e-03
3.760188992600888014e-04
1.529154542367905378e-04
3.231374314054846764e-03
1.469513168558478355e-03
-3.174220444634556770e-03
2.419323660433292389e-03
-3.202536609023809433e-03
2.804521936923265457e-04
3.812978044152259827e-03
5.300186458043754101e-04
1.919895992614328861e-03
-3.670730162411928177e-03
-8.959352853707969189e-04
3.080587601289153099e-03
2.556301653385162354e-03
-2.805910771712660789e-03
1.507230685092508793e-03
3.060541581362485886e-03
-1.320422394201159477e-03
1.321795978583395481e-03
2.087555127218365669e-03
-1.595776411704719067e-03
1.602043979801237583e-03
-3.060786984860897064e-03
-3.852608148008584976e-03
-3.765586763620376587e-03
-1.554991118609905243e-03
1.740502892062067986e-03
1.602280419319868088e-03
-1.491251285187900066e-03
3.417062805965542793e-03
-2.482566924300044775e-04
8.958898251876235008e-05
-1.864834106527268887e-03
3.616181202232837677e-03
3.435309045016765594e-03
-7.516377954743802547e-04
-8.457578223897144198e-05
1.704404246993362904e-03
1.513114402769133449e-04
-1.556523027829825878e-03
-9.774998761713504791e-04
3.134157508611679077e-03
1.097092826967127621e-04
-8.526346646249294281e-04
-9.895308176055550575e-04
-2.357694786041975021e-03
7.746458286419510841e-04
-3.295684698969125748e-03
6.734590861015021801e-04
-3.556365845724940300e-03
-4.533245810307562351e-04
-3.124465933069586754e-03
7.713945233263075352e-04
-1.627351390197873116e-03
-1.321033574640750885e-03
2.720607211813330650e-03
-3.298742230981588364e-03
1.108546974137425423e-03
-2.064096741378307343e-03
-3.425905946642160416e-03
-3.036072710528969765e-03
3.783065592870116234e-03
-2.100279234582558274e-04
1.759394508553668857e-04
2.097597345709800720e-03
-2.211024984717369080e-03
1.661104965023696423e-03
-3.660603892058134079e-03
-2.682803198695182800e-03
1.589728286489844322e-03
-1.333734835498034954e-03
-2.945756306871771812e-03
-2.451680833473801613e-03
-3.262021054979413748e-04
1.725125941447913647e-03
-5.780630162917077541e-04
-1.941953902132809162e-03
-3.679460380226373672e-03
-3.462433582171797752e-03
-1.145940041169524193e-03
2.839775756001472473e-03
1.917087705805897713e-03
-8.773579029366374016e-04
-6.501624739030376077e-05
