5.420395755209028721e-04
1.667019445449113846e-03
-3.893541870638728142e-04
-2.539905253797769547e-03
1.448188093490898609e-03
2.312582917511463165e-03
2.119821030646562576e-03
8.983959560282528400e-04
-1.567422761581838131e-03
-2.619444625452160835e-03
-5.364646858652122319e-05
3.194239689037203789e-03
-7.463157526217401028e-04
2.469195751473307610e-03
-1.792887691408395767e-03
-3.642928320914506912e-03
-3.786863526329398155e-03
-1.797095988877117634e-03
-2.599647035822272301e-03
2.174066612496972084e-03
1.489466754719614983e-03
2.319300314411520958e-03
2.016236539930105209e-03
3.400692716240882874e-03
-1.582223339937627316e-03
4.386350919958204031e-04
-1.938688685186207294e-03
6.591373821720480919e-04
1.042781863361597061e-03
-3.187607508152723312e-04
-2.316739875823259354e-03
-3.344851313158869743e-03
1.511451904661953449e-03
-2.709139138460159302e-03
-3.651332110166549683e-03
-2.194626023992896080e-03
1.343833573628216982e-04
-3.559952136129140854e-03
3.132568439468741417e-03
1.263959449715912342e-03
-3.825103864073753357e-03
1.156286452896893024e-03
5.337693728506565094e-04
-1.187111833132803440e-03
3.026027698069810867e-03
-2.779479837045073509e-03
-2.733775414526462555e-03
-1.584336510859429836e-03
-9.870223002508282661e-04
2.953949384391307831e-03
3.643080359324812889e-03
1.387352123856544495e-03
-1.708031515590846539e-03
9.432057267986238003e-04
1.176436198875308037e-03
1.247359032277017832e-04
-2.929044188931584358e-03
-2.026775619015097618e-03
-4.697644326370209455e-04
-5.300563643686473370e-04
-1.307514379732310772e-03
-1.918313791975378990e-03
-1.990287099033594131e-03
-3.198372898623347282e-03
-2.572773024439811707e-03
3.282088553532958031e-03
-3.206676337867975235e-03
2.044710330665111542e-03
1.107355696149170399e-03
-1.597179099917411804e-03
-7.547594141215085983e-04
-3.742169123142957687e-03
2.776726381853222847e-03
1.998896244913339615e-03
2.111298272211570293e-05
2.141932258382439613e-03
-2.524449722841382027e-03
7.017787429504096508e-04
-1.259777229279279709e-03
-1.705628354102373123e-03
-5.530720227397978306e-04
1.480619539506733418e-03
1.714964513666927814e-03
-2.280614105984568596e-03
1.083882991224527359e-03
8.706115768291056156e-04
1.165787805803120136e-03
2.603954635560512543e-03
1.783102925401180983e-05
-1.548021333292126656e-03
-1.342148752883076668e-03
-3.775257384404540062e-03
1.152443699538707733e-03
-1.970292069017887115e-03
-1.497727003879845142e-03
-3.155871992930769920e-03
-1.120610162615776062e-03
4.999900702387094498e-04
-4.660690028686076403e-04
9.391499334014952183e-04
2.917862962931394577e-03
-3.412326099351048470e-03
-7.023026118986308575e-04
3.206988796591758728e-03
3.235467243939638138e-03
-3.297350602224469185e-03
3.117554122582077980e-03
1.985211158171296120e-03
2.238915301859378815e-03
-9.927868377417325974e-04
1.793658128008246422e-03
4.886119859293103218e-04
3.040994284674525261e-03
-9.460342698730528355e-05
5.434299819171428680e-04
1.035836292430758476e-03
-2.275859937071800232e-03
1.935625215992331505e-03
-1.102188252843916416e-03
3.701697336509823799e-03
-1.482236781157553196e-03
2.532119397073984146e-03
-2.345298707950860262e-04
9.089515660889446735e-04
-3.740692511200904846e-03
2.028565853834152222e-03
1.977654406800866127e-03
1.054416759870946407e-03
-8.969872578745707870e-05
3.387860255315899849e-03
2.064891596091911197e-04
-1.227938220836222172e-03
9.411995415575802326e-04
1.056474749930202961e-03
-3.239025129005312920e-03
1.637383480556309223e-03
-2.583991969004273415e-03
1.557752373628318310e-03
-1.547781517729163170e-03
8.504126453772187233e-04
-2.998771145939826965e-03
2.202299219788983464e-04
-3.615844529122114182e-03
-2.878474537283182144e-03
3.093224018812179565e-03
-1.327888690866529942e-03
2.221799804829061031e-04
-3.683894407004117966e-03
1.803172635845839977e-03
-9.050213848240673542e-04
3.892503154929727316e-04
3.601503558456897736e-03
-2.503257419448345900e-04
-3.907542210072278976e-03
-2.369106747210025787e-03
3.899858100339770317e-03
-3.287205239757895470e-03
1.057434128597378731e-03
3.955961437895894051e-04
1.552929636090993881e-03
-3.371046623215079308e-03
-1.342181698419153690e-03
-2.919180551543831825e-03
-1.632698928005993366e-03
2.480841008946299553e-03
2.859306288883090019e-03
-2.132889116182923317e-03
-3.758830949664115906e-03
-3.196469042450189590e-04
-3.686115087475627661e-04
-1.158168655820190907e-03
-1.263198908418416977e-03
3.537414595484733582e-03
3.300421871244907379e-03
-2.868821378797292709e-03
-1.207403140142560005e-03
-2.172173466533422470e-03
-5.553392111323773861e-04
3.258998272940516472e-03
-1.839714357629418373e-03
-3.349532373249530792e-03
3.356062225066125393e-04
2.550159581005573273e-03
-9.466602932661771774e-04
-3.814295632764697075e-04
-3.711982630193233490e-03
1.618614303879439831e-03
2.225028350949287415e-03
1.268083811737596989e-03
-3.734964411705732346e-03
-3.772734897211194038e-03
2.259424421936273575e-03
-6.477466085925698280e-04
-2.423641039058566093e-03
-3.231185022741556168e-03
1.275282702408730984e-03
2.755880588665604591e-03
-2.970671281218528748e-03
-1.272166264243423939e-03
-1.521536265499889851e-03
1.808720757253468037e-03
-3.377169137820601463e-03
1.509829307906329632e-03
-3.213842166587710381e-03
1.609492814168334007e-03
-2.310727955773472786e-03
1.371714519336819649e-03
3.720794105902314186e-03
9.521777392365038395e-04
-3.224854299332946539e-04
3.902345197275280952e-04
4.516918270383030176e-04
-1.282228913623839617e-04
-1.110424171201884747e-03
-1.700879423879086971e-03
-2.339416416361927986e-03
1.526665640994906425e-03
-1.354328589513897896e-03
-1.592912099113164004e-06
-3.781948704272508621e-03
-5.814834730699658394e-04
-5.118527333252131939e-04
-2.555191284045577049e-03
-3.450836986303329468e-03
-1.375512336380779743e-03
1.243740203790366650e-03
9.021263103932142258e-04
8.356377948075532913e-04
3.360548987984657288e-03
-1.732310047373175621e-03
3.329588100314140320e-03
1.377243082970380783e-03
2.102061407640576363e-03
2.785193501040339470e-03
1.490630209445953369e-03
-4.074017924722284079e-04
5.320265190675854683e-04
1.308374572545289993e-03
7.909779669716954231e-04
-1.432077027857303619e-03
-7.263847510330379009e-05
-1.800432917661964893e-03
-1.263752492377534509e-04
-1.843748614192008972e-03
7.099698996171355247e-04
-1.657805056311190128e-03
4.364300693850964308e-04
-9.080760646611452103e-04
1.041568815708160400e-03
-1.257080468349158764e-03
-7.345459889620542526e-04
2.261038636788725853e-03
-2.036990597844123840e-03
-1.012378023006021976e-03
-3.866221755743026733e-03
-2.572256838902831078e-03
