-9.337462834082543850e-04
-3.352650441229343414e-03
2.990100532770156860e-03
2.376945689320564270e-03
1.870418782345950603e-03
2.388432621955871582e-03
-9.686381672509014606e-04
-1.919016242027282715e-03
-1.854137954069301486e-04
-7.533333264291286469e-04
3.482567379251122475e-03
-3.011364489793777466e-03
-3.257856238633394241e-03
2.056514786090701818e-04
-1.689430559054017067e-03
2.333614509552717209e-03
-3.064048476517200470e-03
2.506401157006621361e-03
-8.980681886896491051e-04
-3.517179749906063080e-03
1.712537370622158051e-03
-1.890633371658623219e-03
-1.052010775310918689e-04
-2.575827995315194130e-03
-1.890575804281979799e-04
-2.121060155332088470e-03
3.664760442916303873e-04
-3.427850315347313881e-03
-2.311584306880831718e-03
-1.462705666199326515e-03
1.933321473188698292e-03
-2.369236433878540993e-03
-3.595302114263176918e-03
9.949092054739594460e-04
-2.638956066220998764e-03
-7.093124440871179104e-04
3.443371970206499100e-03
3.275697352364659309e-03
-3.705223323777318001e-03
4.605850263033062220e-04
-3.251515328884124756e-03
-3.264834173023700714e-03
3.457016311585903168e-03
2.012626733630895615e-03
-1.495782518759369850e-03
-1.628084457479417324e-03
4.265965253580361605e-04
3.875000402331352234e-03
-4.245328309480100870e-04
-4.614931822288781404e-04
-2.688864013180136681e-03
-3.143649781122803688e-03
1.508616842329502106e-04
-2.237779408460482955e-04
1.654289313592016697e-03
-2.601460786536335945e-03
2.108640037477016449e-03
3.125607967376708984e-03
-3.846721025183796883e-03
2.537093358114361763e-03
-2.013498684391379356e-03
-3.520190715789794922e-03
3.871544264256954193e-03
2.010017400607466698e-03
-3.383040195330977440e-03
-1.853344845585525036e-03
2.302887151017785072e-03
7.098848000168800354e-04
-1.287120510824024677e-03
-4.147423896938562393e-04
-3.045649966225028038e-03
2.671315334737300873e-03
-3.195354016497731209e-03
-2.176003996282815933e-03
1.244851853698492050e-03
1.216400414705276489e-03
3.409229451790452003e-03
4.744601901620626450e-04
-2.748123602941632271e-03
1.964434282854199409e-03
2.282322850078344345e-03
2.089216839522123337e-03
-1.473144628107547760e-03
-1.117974403314292431e-03
-5.614694673568010330e-04
3.675284562632441521e-03
3.632211883086711168e-04
-2.979715820401906967e-03
2.890760544687509537e-03
-2.881236607208848000e-03
-6.396645912900567055e-04
3.627136582508683205e-03
2.819126704707741737e-03
-9.070441010408103466e-04
-6.556596490554511547e-04
-1.051624072715640068e-03
-3.144399495795369148e-03
-1.927487901411950588e-03
-3.092331346124410629e-03
2.129038912244141102e-04
-3.032248700037598610e-03
3.449967596679925919e-03
3.147564828395843506e-03
-2.623586216941475868e-03
9.077613358385860920e-04
-7.888129766797646880e-05
1.113915815949440002e-03
-1.497551449574530125e-03
2.276091137900948524e-03
3.014936810359358788e-03
2.475443470757454634e-04
1.118645421229302883e-03
-2.401315141469240189e-03
-2.989870263263583183e-03
2.552741672843694687e-03
-1.050239879987202585e-04
2.488995436578989029e-03
8.551970240660011768e-04
-2.135654678568243980e-03
3.217302728444337845e-03
-3.568763611838221550e-03
2.291784388944506645e-03
1.382148708216845989e-03
1.770572154782712460e-03
2.043092157691717148e-03
3.000515280291438103e-03
2.027169335633516312e-03
-2.849668962880969048e-03
-3.658359870314598083e-03
1.273108413442969322e-03
-3.163558430969715118e-03
-2.066619228571653366e-03
-2.960563870146870613e-03
-1.421993074472993612e-04
-3.127158852294087410e-03
-2.368770306929945946e-03
3.743707668036222458e-03
3.648977959528565407e-03
1.994461286813020706e-03
-2.125164726749062538e-03
2.244441770017147064e-03
-3.020490054041147232e-03
-3.245298983529210091e-03
-3.731666365638375282e-03
-2.180724637582898140e-03
2.332690171897411346e-03
-2.315701916813850403e-03
-1.374474144540727139e-03
-1.068182056769728661e-03
3.159214742481708527e-03
-2.524628769606351852e-03
2.162393648177385330e-03
-1.300771138630807400e-03
-2.029452007263898849e-03
-2.070459071546792984e-03
9.783043060451745987e-04
1.611340907402336597e-03
1.193981850519776344e-03
-2.424506965326145291e-04
-7.720538997091352940e-05
2.174357650801539421e-04
-1.127222203649580479e-03
-9.232713491655886173e-04
1.911085448227822781e-03
3.278041956946253777e-03
8.675517747178673744e-04
7.830320973880589008e-04
-3.187646158039569855e-03
8.633357356302440166e-04
-1.498815254308283329e-03
-3.174492740072309971e-04
-2.597340615466237068e-03
2.905992791056632996e-03
-2.465642057359218597e-03
2.998334821313619614e-03
2.134053735062479973e-03
-1.796623109839856625e-05
4.568445438053458929e-04
-2.494939835742115974e-03
1.092692022211849689e-03
9.389358456246554852e-04
6.139871547929942608e-04
-3.065345110371708870e-03
-2.051687333732843399e-03
2.199408598244190216e-03
-2.237904351204633713e-03
3.724934067577123642e-03
1.314074848778545856e-03
1.990816090255975723e-03
-5.021892138756811619e-04
1.421597989974543452e-04
-2.945405663922429085e-03
-1.236842712387442589e-03
-2.946464810520410538e-03
3.051004372537136078e-03
-2.563879825174808502e-03
3.563534468412399292e-03
-5.723265931010246277e-04
-2.117701107636094093e-03
-1.603697892278432846e-03
3.869322128593921661e-03
2.074641408398747444e-03
3.216191427782177925e-03
-1.035284250974655151e-03
1.761285966495051980e-04
-3.613133914768695831e-03
-1.341042108833789825e-03
-5.320496857166290283e-04
-1.990548567846417427e-03
-1.971914898604154587e-03
2.667541150003671646e-03
-3.419220680370926857e-03
3.498636186122894287e-03
-8.772526634857058525e-04
1.211670387419871986e-04
3.247505752369761467e-03
2.617359859868884087e-03
-1.463550725020468235e-03
7.588259759359061718e-04
8.845858392305672169e-04
3.229763358831405640e-03
-2.038175705820322037e-03
3.062424249947071075e-03
1.501708640716969967e-03
-1.570565160363912582e-03
1.553226262331008911e-03
3.495665267109870911e-03
-2.881603315472602844e-03
-3.027806058526039124e-03
1.577070332132279873e-03
-3.042333992198109627e-03
2.117197727784514427e-03
3.594348672777414322e-04
-1.087908312911167741e-04
3.677529515698552132e-03
3.407824842724949121e-04
-2.905398141592741013e-03
-3.198391059413552284e-03
1.391028868965804577e-03
-2.102521015331149101e-03
-1.234674244187772274e-03
2.564384602010250092e-03
1.660978305153548717e-03
-2.394146984443068504e-03
-2.084549283608794212e-03
-2.877935534343123436e-03
1.131148543208837509e-03
-1.501722494140267372e-03
-9.953349363058805466e-04
1.064068172127008438e-03
-1.065194956026971340e-03
1.854354050010442734e-03
2.045836765319108963e-03
9.326685685664415359e-04
3.613500855863094330e-03
-1.426806789822876453e-03
