-1.831729197874665260e-03
-2.784714568406343460e-03
-2.806413918733596802e-03
-3.864597762003540993e-03
-1.453482662327587605e-03
3.143164329230785370e-03
-1.389549812301993370e-03
1.658633351325988770e-03
2.163199707865715027e-03
3.851013607345521450e-04
-2.033739816397428513e-03
-3.383281407877802849e-03
1.242840662598609924e-03
2.989854663610458374e-03
-2.299117855727672577e-03
6.385321030393242836e-04
3.000473836436867714e-03
-6.635881145484745502e-04
-1.502631697803735733e-03
7.945988327264785767e-04
2.860554493963718414e-03
2.370757050812244415e-03
-3.694185754284262657e-03
-3.893795423209667206e-03
3.064013784751296043e-03
1.644520205445587635e-03
-2.962971804663538933e-03
-2.759367926046252251e-04
-2.086927182972431183e-03
3.107610158622264862e-03
-1.427579205483198166e-03
2.729849191382527351e-03
3.663229756057262421e-03
1.995986560359597206e-03
1.002030214294791222e-03
-3.747051581740379333e-03
-1.625300501473248005e-03
3.921628012903966010e-05
-3.608858445659279823e-03
1.626997254788875580e-04
-1.041079056449234486e-03
-2.042991342023015022e-03
1.039279391989111900e-03
-5.943957949057221413e-04
3.832144429907202721e-03
2.446591155603528023e-03
-2.553152386099100113e-03
-2.868637442588806152e-03
-6.221939111128449440e-04
2.952457405626773834e-03
-2.869314514100551605e-03
-4.839506873395293951e-04
-1.876396941952407360e-03
7.963115349411964417e-04
1.295482623390853405e-03
-3.730423282831907272e-03
1.734310062602162361e-03
3.543095197528600693e-03
1.239262754097580910e-03
-1.543321763165295124e-03
2.333874115720391273e-03
7.589082815684378147e-04
1.274563954211771488e-03
-2.105976920574903488e-03
-2.693637507036328316e-03
-2.952576614916324615e-03
-5.005794810131192207e-04
2.695467555895447731e-03
-8.236093563027679920e-04
8.621326414868235588e-04
2.637476194649934769e-03
-1.952868071384727955e-03
2.728236140683293343e-03
-1.870937296189367771e-03
1.566620892845094204e-03
-1.476345933042466640e-04
-3.002892713993787766e-03
-3.076636465266346931e-03
2.143224934116005898e-03
3.582130884751677513e-04
7.518600614275783300e-05
2.171077532693743706e-03
2.888886490836739540e-03
-1.834720489569008350e-03
-2.100240235449746251e-04
3.828390501439571381e-03
1.719445805065333843e-03
-3.353050677105784416e-03
-2.758803777396678925e-03
-1.135213766247034073e-03
-2.539333887398242950e-03
-2.550634322687983513e-03
3.040868090465664864e-03
-2.808636636473238468e-04
-6.731956382282078266e-04
9.159430628642439842e-04
-3.031291998922824860e-03
-1.298501272685825825e-03
-3.577377181500196457e-03
-2.572388912085443735e-04
-3.476097015663981438e-03
2.096851589158177376e-03
-1.229681773111224174e-03
2.170583233237266541e-03
1.752550015226006508e-03
-2.916553756222128868e-03
1.851014210842549801e-03
9.272087481804192066e-04
-8.833936881273984909e-04
2.457984664943069220e-04
-2.961516613140702248e-03
2.191586885601282120e-03
4.717778647318482399e-04
1.167140784673392773e-03
2.124137012287974358e-03
6.134693976491689682e-04
-2.047661459073424339e-03
2.234249375760555267e-03
-2.667104359716176987e-03
-2.350819995626807213e-04
-3.830748610198497772e-03
-1.341499038971960545e-03
-7.283828454092144966e-04
-2.562302164733409882e-03
-2.970402128994464874e-03
4.841439658775925636e-04
1.699196523986756802e-03
1.710249576717615128e-03
-2.370856003835797310e-03
3.043802920728921890e-03
3.384746611118316650e-03
3.340342780575156212e-03
2.705081366002559662e-03
-3.468691371381282806e-03
6.472075474448502064e-04
-3.661847673356533051e-03
-1.945271273143589497e-03
-7.838892634026706219e-04
3.662705887109041214e-03
-2.337967045605182648e-03
-3.040419142052996904e-05
9.973507985705509782e-05
-3.224923275411128998e-03
-1.815189258195459843e-03
1.087821903638541698e-03
2.326021902263164520e-03
-1.803296268917620182e-03
3.526150714606046677e-03
-3.900304436683654785e-04
2.825904637575149536e-03
-1.276393071748316288e-03
3.669565077871084213e-03
1.966559066204354167e-04
-1.080174464732408524e-03
-1.226697582751512527e-03
-3.573950380086898804e-03
-2.470391103997826576e-03
3.329191822558641434e-03
3.635999513790011406e-03
-7.328911451622843742e-04
-1.312012784183025360e-03
-1.007879152894020081e-03
-2.950996160507202148e-03
-2.446125145070254803e-04
-1.302884542383253574e-03
-2.715507522225379944e-03
-1.596536370925605297e-03
5.408496363088488579e-04
-1.365123665891587734e-03
3.160574939101934433e-03
6.219340721145272255e-04
-3.715089522302150726e-03
-3.563306760042905807e-03
3.109433688223361969e-03
8.446990395896136761e-04
-2.804593648761510849e-03
-2.009978379646781832e-05
-3.328628139570355415e-03
-3.025182522833347321e-04
1.558380550704896450e-03
1.727371942251920700e-03
3.216253535356372595e-04
2.015985082834959030e-03
3.080958267673850060e-03
-7.741983281448483467e-04
-1.967406831681728363e-03
3.675852669402956963e-03
5.661658360622823238e-04
1.442283275537192822e-03
1.999395666643977165e-03
-1.781918224878609180e-03
-1.898572314530611038e-03
-3.177416510879993439e-03
2.790807513520121574e-03
-4.849656252190470695e-04
-1.571850443724542856e-04
1.632511615753173828e-03
-2.445860765874385834e-03
1.839794917032122612e-03
1.173484488390386105e-03
-1.912383828312158585e-03
1.167056398116983473e-04
3.836632939055562019e-03
-1.918734633363783360e-03
-4.947265842929482460e-04
-3.758587175980210304e-03
2.327240770682692528e-03
3.555737202987074852e-03
2.871974604204297066e-03
-4.187473095953464508e-04
-2.369308844208717346e-03
-1.273662055609747767e-04
-3.136831102892756462e-03
2.904580673202872276e-03
8.833934407448396087e-05
2.096744952723383904e-03
-3.101291833445429802e-03
3.205266548320651054e-03
1.446621608920395374e-03
-2.515344414860010147e-03
2.266102004796266556e-03
-1.112383106374181807e-04
-3.696676343679428101e-03
2.299258019775152206e-03
1.151694566942751408e-03
-1.359974266961216927e-03
-1.379978959448635578e-03
-1.553942915052175522e-03
-2.456973306834697723e-03
2.495029708370566368e-03
-2.049170667305588722e-03
6.258567445911467075e-04
1.136439270339906216e-03
-3.819802077487111092e-03
-4.315724945627152920e-04
1.104009686969220638e-03
4.526829870883375406e-04
1.254934351891279221e-03
3.012930275872349739e-03
-3.009391715750098228e-03
-2.630488597787916660e-04
2.768963342532515526e-03
1.012490014545619488e-03
-1.843416015617549419e-03
1.705804257653653622e-03
-1.487111672759056091e-03
-1.506932778283953667e-03
-2.529866760596632957e-04
-3.335439832881093025e-03
-6.461130687966942787e-04
-3.684594528749585152e-03
2.752219093963503838e-03
-2.469841623678803444e-03
2.190347528085112572e-03
-1.298083690926432610e-03
-3.402941860258579254e-03
