1.284008845686912537e-03
-3.559933276847004890e-03
1.725292997434735298e-03
-3.564041107892990112e-04
-1.147393137216567993e-03
1.163148204796016216e-03
-2.555188490077853203e-03
1.745655783452093601e-03
-3.297002054750919342e-03
3.201028099283576012e-03
5.936636007390916348e-04
5.956636741757392883e-04
-1.512655522674322128e-03
7.921980577521026134e-04
-7.164208800531923771e-04
2.686002058908343315e-03
2.583602210506796837e-03
-1.939427107572555542e-03
2.744416124187409878e-04
3.039675531908869743e-03
1.083963579731062055e-04
4.180532705504447222e-04
-3.899625968188047409e-03
6.591950659640133381e-04
3.531279973685741425e-03
5.403825198300182819e-04
3.878528485074639320e-03
7.029894040897488594e-04
-2.188759390264749527e-03
2.561536617577075958e-03
1.533721457235515118e-03
1.121670939028263092e-03
-8.303194190375506878e-04
-3.145721508190035820e-03
-1.729278592392802238e-04
7.851481204852461815e-04
7.966412813402712345e-04
-3.519202582538127899e-04
2.095786156132817268e-03
3.891481785103678703e-03
-4.162212717346847057e-04
3.883735509589314461e-03
-3.370955120772123337e-03
-2.401924226433038712e-03
-2.458749571815133095e-03
2.126448322087526321e-03
-7.453743601217865944e-04
-3.048375714570283890e-03
-2.253916813060641289e-03
1.018407521769404411e-03
1.520729274488985538e-03
9.817976970225572586e-04
1.916773966513574123e-03
-3.170119889546185732e-04
2.604612847790122032e-03
2.741951961070299149e-03
3.188162576407194138e-03
3.441022636252455413e-05
3.430096898227930069e-03
-1.840311801061034203e-03
1.967743970453739166e-03
8.480526739731431007e-04
-1.610181760042905807e-03
1.721470034681260586e-03
3.062039613723754883e-04
-1.069289166480302811e-03
-3.273377427831292152e-03
3.874228801578283310e-03
1.389498240314424038e-03
-1.289562787860631943e-03
9.869443019852042198e-04
3.832231974229216576e-03
-3.259357530623674393e-03
-1.812728471122682095e-03
-2.671192865818738937e-03
2.128413645550608635e-03
1.980533357709646225e-03
2.753986977040767670e-03
3.430763259530067444e-03
3.194329561665654182e-03
1.336189685389399529e-03
3.198779653757810593e-03
3.155957441776990891e-03
3.523788764141499996e-04
-1.133668469265103340e-03
1.669846707955002785e-03
4.950782749801874161e-04
-1.340643153525888920e-03
1.804544590413570404e-03
5.734093720093369484e-04
2.103817183524370193e-03
-2.586594317108392715e-03
-3.060009097680449486e-03
1.754323369823396206e-03
1.353282481431961060e-03
-2.920177299529314041e-03
3.919158189091831446e-04
-2.908176975324749947e-03
2.860682550817728043e-03
-3.317660652101039886e-03
1.835190225392580032e-03
2.051187679171562195e-03
1.202962128445506096e-03
-1.057500776369124651e-05
-2.134590176865458488e-03
1.030609244480729103e-03
-1.212043338455259800e-03
-2.668311819434165955e-03
3.796761156991124153e-03
-3.255964489653706551e-03
-3.758628154173493385e-03
1.744547858834266663e-03
1.708180760033428669e-03
-3.643040545284748077e-03
-3.252010094001889229e-03
-1.887082937173545361e-03
3.252054797485470772e-03
-2.604421388241462409e-05
-2.704287879168987274e-03
3.695815801620483398e-03
-2.332443604245781898e-03
3.861422650516033173e-03
-1.096852356567978859e-03
-3.467061324045062065e-03
1.557357376441359520e-03
-1.588246523169800639e-04
-3.214504336938261986e-03
-1.102141570299863815e-03
-1.884697587229311466e-03
-8.343279478140175343e-04
1.935727661475539207e-03
2.076656091958284378e-03
6.797245005145668983e-04
-2.292035613209009171e-03
-1.072648214176297188e-03
-3.356902627274394035e-03
-3.465789603069424629e-03
2.926527289673686028e-03
7.685426389798521996e-04
-2.523036440834403038e-03
2.170140156522393227e-03
2.723458223044872284e-03
-1.734679099172353745e-03
-2.434639260172843933e-03
-2.132367109879851341e-03
-6.830780766904354095e-04
-7.963167736306786537e-04
9.143579518422484398e-04
1.657582353800535202e-03
3.043648321181535721e-03
-1.654928346397355199e-04
3.788938978686928749e-03
2.217317465692758560e-03
1.769845257513225079e-03
-3.753067227080464363e-03
6.506391800940036774e-04
2.561695640906691551e-03
-2.149081090465188026e-03
-4.822435439564287663e-04
-1.396698062308132648e-03
-5.027286824770271778e-04
1.488503534346818924e-03
3.403547452762722969e-03
-1.787032349966466427e-03
1.531250891275703907e-03
-3.120821900665760040e-03
-3.705479437485337257e-03
2.241891343146562576e-03
-1.711782999336719513e-03
3.033339744433760643e-03
3.871287917718291283e-03
-2.563549904152750969e-03
1.639481051824986935e-03
3.032622626051306725e-04
-1.802663202397525311e-03
-1.858280971646308899e-03
-2.877044491469860077e-03
-2.628333168104290962e-03
2.141146920621395111e-03
-6.398195400834083557e-04
-3.388957120478153229e-03
-7.907491526566445827e-04
3.872625529766082764e-03
-3.580001648515462875e-03
-1.011189888231456280e-03
-1.111583318561315536e-03
-2.931073773652315140e-03
-1.965293340617790818e-04
3.553532587829977274e-04
2.110160188749432564e-03
-1.079639769159257412e-03
3.524422412738204002e-03
3.895421978086233139e-03
-3.855156712234020233e-03
-3.736393293365836143e-03
-1.715758466161787510e-03
1.975733321160078049e-03
2.916443161666393280e-03
2.452697372063994408e-03
-2.145528793334960938e-03
-7.183879497461020947e-04
7.529020076617598534e-04
-3.697040490806102753e-03
-5.386113189160823822e-04
-2.638636855408549309e-03
-3.775478107854723930e-04
-1.837938209064304829e-03
2.236283617094159126e-03
-3.276794450357556343e-03
-2.157318638637661934e-03
3.807108616456389427e-03
-3.499576356261968613e-03
2.335079479962587357e-03
2.889820840209722519e-03
-3.879328491166234016e-03
2.308046910911798477e-03
-3.580416785553097725e-03
-2.682088408619165421e-03
-1.220480073243379593e-03
-1.810843124985694885e-03
9.574184077791869640e-04
3.799706930294632912e-03
-1.768542133504524827e-04
2.928094007074832916e-03
2.537912805564701557e-04
1.293277251534163952e-03
1.429162210797585431e-08
1.619435497559607029e-03
-1.993704121559858322e-03
-1.937332097440958023e-03
1.379864523187279701e-03
-3.129636170342564583e-03
6.151910638436675072e-04
-1.952610327862203121e-03
6.504974444396793842e-04
-2.244784729555249214e-03
-4.490272840484976768e-04
-2.696547191590070724e-03
-3.631934290751814842e-03
1.117768697440624237e-03
-1.343300100415945053e-03
-1.001840573735535145e-03
-1.381754293106496334e-03
-2.878193045035004616e-03
1.217289129272103310e-03
4.763546166941523552e-04
1.146209775470197201e-03
-4.703704034909605980e-04
1.548200962133705616e-03
-8.166089537553489208e-04
-9.342638659290969372e-04
-3.970627440139651299e-04
5.939078400842845440e-04
1.763727632351219654e-03
-2.830639248713850975e-03
2.405260456725955009e-03
