-1.715160091407597065e-03
1.913745800266042352e-04
1.571520231664180756e-03
2.004666952416300774e-03
-5.340231000445783138e-04
-2.427974541205912828e-04
-3.057716414332389832e-03
1.769295078702270985e-03
-2.987279323861002922e-03
1.283683814108371735e-03
-1.338984817266464233e-03
-3.050139639526605606e-03
2.691993955522775650e-03
-1.790790702216327190e-04
-3.735710401087999344e-03
-3.660129383206367493e-03
2.227387740276753902e-04
-3.197772195562720299e-03
1.457602018490433693e-03
1.349852769635617733e-03
1.317390357144176960e-03
-2.186896279454231262e-03
3.118677297607064247e-03
-3.509231377393007278e-03
2.918060403317213058e-03
-2.450023021083325148e-04
-5.845864070579409599e-04
1.546570332720875740e-03
-9.767980081960558891e-04
-1.713549718260765076e-03
-9.443874587304890156e-04
-2.414906630292534828e-03
-1.409917749697342515e-04
-2.102850005030632019e-03
1.803281251341104507e-03
-3.729648189619183540e-03
-1.703005051240324974e-03
-3.578897332772612572e-03
-3.758261678740382195e-03
-2.913381904363632202e-04
-3.159076441079378128e-03
-2.221176167950034142e-03
1.086518634110689163e-03
-5.607618950307369232e-04
1.205645618028938770e-03
3.226019907742738724e-03
-3.760185325518250465e-03
2.381118014454841614e-03
-3.104820149019360542e-03
2.554423641413450241e-03
2.923892578110098839e-03
3.352676751092076302e-03
-3.112400183454155922e-03
1.312398700974881649e-03
-3.070650855079293251e-03
-4.879000189248472452e-04
-2.039474202319979668e-03
-3.335414687171578407e-03
1.925469492562115192e-03
1.730346237309277058e-03
-1.587703707627952099e-03
-3.040732117369771004e-03
1.389657729305326939e-03
-1.534014358185231686e-03
-3.466251306235790253e-03
-1.713891397230327129e-03
-8.501011761836707592e-04
3.425451461225748062e-03
-2.527626231312751770e-03
2.866352209821343422e-03
2.393629867583513260e-03
-1.925066695548593998e-03
-6.940303137525916100e-04
-9.742209804244339466e-04
1.221526646986603737e-03
-1.750926458043977618e-04
-1.076379208825528622e-03
-3.535022260621190071e-03
2.509688725695014000e-03
-3.759051207453012466e-03
-3.381962422281503677e-03
5.357043701224029064e-04
1.155784470029175282e-03
4.908642495138337836e-06
1.431606069672852755e-04
1.011583022773265839e-03
7.070491556078195572e-04
2.954839263111352921e-03
-1.343003939837217331e-03
-2.823525108397006989e-03
-3.077942179515957832e-03
3.088172059506177902e-03
7.614569622091948986e-04
-2.271734178066253662e-03
2.495604800060391426e-03
3.307621460407972336e-03
3.103305352851748466e-03
-2.670298796147108078e-03
-2.011632546782493591e-03
-7.859537727199494839e-04
-2.585335401818156242e-03
1.850127708166837692e-03
2.211054321378469467e-03
-2.341447398066520691e-03
2.818843349814414978e-03
-2.995898015797138214e-03
2.423844533041119576e-03
-1.806243672035634518e-03
7.604238344356417656e-04
-1.277649425901472569e-03
1.328628393821418285e-03
3.018682124093174934e-03
-5.506573361344635487e-04
-1.949073979631066322e-03
-3.352412255480885506e-03
1.419294625520706177e-03
1.659819390624761581e-03
2.618789207190275192e-03
-1.676877145655453205e-03
-3.809151938185095787e-03
2.662507118657231331e-03
-1.767550013028085232e-03
1.730560674332082272e-03
3.146996721625328064e-03
-1.538170385174453259e-03
6.332413759082555771e-04
-1.403765054419636726e-03
-2.585490467026829720e-03
-2.218418987467885017e-03
-5.867239087820053101e-05
-2.937054261565208435e-03
-7.734204991720616817e-04
-9.716731146909296513e-04
2.619222737848758698e-03
5.338225746527314186e-04
2.282439963892102242e-03
1.494528143666684628e-03
-1.372811384499073029e-03
-1.989661715924739838e-03
3.772584488615393639e-03
2.762355841696262360e-03
-3.535101190209388733e-03
2.052907599136233330e-03
3.205811139196157455e-03
3.597735660150647163e-03
-3.141208086162805557e-03
-7.870556437410414219e-04
4.233550571370869875e-04
1.132719335146248341e-03
-6.358092650771141052e-04
-1.838951953686773777e-03
2.527653006836771965e-03
2.711802488192915916e-03
-1.485964749008417130e-04
-2.284987596794962883e-03
-1.706666429527103901e-03
-2.011891221627593040e-03
1.673012622632086277e-03
1.998410007217898965e-04
-9.229661081917583942e-04
-3.546807216480374336e-03
-5.812008748762309551e-04
2.513914136216044426e-03
2.468503313139081001e-03
1.651531201787292957e-03
-1.122157322242856026e-03
3.537748241797089577e-03
2.387520362390205264e-04
4.458468756638467312e-04
2.410453744232654572e-03
-2.582211978733539581e-03
2.553542144596576691e-03
3.826122498139739037e-03
1.438168575987219810e-03
1.342219649814069271e-03
1.634352258406579494e-03
-7.554262410849332809e-04
-3.162666689604520798e-03
5.800653598271310329e-04
3.546425432432442904e-04
-2.656755037605762482e-03
7.592378533445298672e-04
2.129285363480448723e-03
-2.805862110108137131e-03
9.821167914196848869e-04
3.040990792214870453e-03
-3.368869423866271973e-03
1.376203261315822601e-03
-3.350642509758472443e-03
-3.101763315498828888e-03
2.774093067273497581e-03
-2.959175501018762589e-03
-5.328026018105447292e-04
-3.093654289841651917e-03
-3.067173762246966362e-03
-2.778660738840699196e-03
1.597937080077826977e-04
6.924980552867054939e-04
-3.085305914282798767e-03
-3.143001347780227661e-03
-1.246125786565244198e-03
-7.245523738674819469e-04
-2.404690952971577644e-03
-1.655745552852749825e-03
1.413133228197693825e-03
1.200599595904350281e-03
2.569792093709111214e-03
1.664055278524756432e-03
-3.442896995693445206e-04
1.075821230188012123e-03
3.539389930665493011e-03
7.466812385246157646e-04
7.093485910445451736e-04
4.403814091347157955e-04
-3.627401776611804962e-03
2.090259222313761711e-03
1.978682121261954308e-03
6.156506970000918955e-06
3.603685414418578148e-03
-2.232054714113473892e-03
1.265323022380471230e-03
-3.048306098207831383e-03
-3.494558855891227722e-03
7.786490023136138916e-04
1.855918671935796738e-03
2.385551808401942253e-03
-3.394565312191843987e-03
1.701949164271354675e-03
9.398563997820019722e-04
1.632174244150519371e-03
-2.660742902662605047e-04
2.166699385270476341e-03
2.849497832357883453e-03
-3.274085000157356262e-03
-3.884345991536974907e-03
2.743130549788475037e-03
-3.680214576888829470e-04
-3.658445086330175400e-03
-1.591843669302761555e-03
4.744984908029437065e-04
3.291236702352762222e-03
-6.639233324676752090e-04
-4.018470353912562132e-04
-2.881335094571113586e-03
-2.985734725371003151e-03
5.713087157346308231e-04
-1.912541338242590427e-04
-3.009564010426402092e-03
3.432126541156321764e-04
-3.514797659590840340e-03
-9.734259219840168953e-04
1.648002653382718563e-03
4.363828047644346952e-04
3.061000024899840355e-03
2.572956029325723648e-03
-4.697808471973985434e-04
