-2.046387409791350365e-03
-8.726678788661956787e-04
2.038837410509586334e-03
-1.650619320571422577e-03
3.114423481747508049e-03
-9.563703788444399834e-04
-3.489753464236855507e-03
-2.976806135848164558e-04
3.814917523413896561e-03
-1.154942438006401062e-03
8.660746389068663120e-04
1.046362332999706268e-03
-1.420186134055256844e-03
2.370998496189713478e-03
-1.036887173540890217e-03
-2.872027223929762840e-03
1.403632573783397675e-03
-1.216022181324660778e-03
-2.404803410172462463e-03
-2.250647405162453651e-03
-2.700480632483959198e-03
2.600069856271147728e-03
1.860900316387414932e-03
3.544596489518880844e-03
3.727289149537682533e-03
-3.843922400847077370e-03
-9.154106955975294113e-04
-9.872239315882325172e-04
1.595477922819554806e-03
-3.214187221601605415e-03
-3.842978971078991890e-03
1.011156593449413776e-03
2.496556611731648445e-03
3.510756068862974644e-04
1.715826947474852204e-04
-1.610916224308311939e-03
-5.776681937277317047e-04
-9.272937313653528690e-04
3.524556756019592285e-03
3.508170135319232941e-03
3.302139462903141975e-03
1.265043276362121105e-03
1.502693747170269489e-03
-1.623247750103473663e-03
3.053847467526793480e-03
-2.506288699805736542e-03
-3.310751635581254959e-04
-2.771781524643301964e-03
3.840448800474405289e-03
6.480739102698862553e-04
-1.916738110594451427e-03
3.519461257383227348e-03
7.664754957659170032e-05
1.454503391869366169e-03
-7.458439213223755360e-04
-1.320207607932388783e-03
9.707173448987305164e-04
-3.843933809548616409e-03
-3.056218149140477180e-03
-6.602487992495298386e-04
3.007802413776516914e-03
-3.636323381215333939e-03
-3.712619654834270477e-03
-9.773770580068230629e-04
2.110705245286226273e-03
-1.539519638754427433e-03
-2.524702809751033783e-03
2.930208342149853706e-03
-2.955812262371182442e-03
2.995227405335754156e-04
-3.098839661106467247e-03
-5.037626760895363986e-05
2.086960012093186378e-03
3.299769712612032890e-03
2.143886871635913849e-03
3.265171544626355171e-04
-3.767099697142839432e-03
-3.891799133270978928e-03
3.308469022158533335e-04
3.498098812997341156e-03
-1.147109083831310272e-03
-3.675252432003617287e-03
-2.451604465022683144e-03
-2.210523001849651337e-03
-2.110138535499572754e-03
-3.855338320136070251e-03
1.785534113878384233e-04
3.830440575256943703e-03
2.172691980376839638e-03
-1.939337118528783321e-03
3.558475757017731667e-03
2.335983095690608025e-03
-1.411958364769816399e-03
-3.851193934679031372e-03
-1.717357081361114979e-03
-3.014429705217480659e-03
-7.909652194939553738e-04
3.069006139412522316e-03
-2.946123946458101273e-03
3.801636397838592529e-03
1.891165156848728657e-03
3.244024934247136116e-03
-1.374480896629393101e-03
6.648935377597808838e-04
-2.897215075790882111e-03
1.948804594576358795e-03
-1.478040008805692196e-03
-1.078961999155580997e-03
5.732172867283225060e-04
-1.578894210979342461e-03
8.473625348415225744e-05
-2.415267750620841980e-03
-5.313630099408328533e-04
1.897152978926897049e-03
8.956163073889911175e-04
1.799419871531426907e-03
-3.321079129818826914e-04
-1.891014399006962776e-03
-2.305518370121717453e-03
1.273554633371531963e-03
-2.057352801784873009e-03
-2.962402999401092529e-03
-3.841939149424433708e-03
3.738017519935965538e-03
2.252006903290748596e-03
3.859279910102486610e-03
2.007315633818507195e-04
3.722086083143949509e-03
-2.326957415789365768e-03
-1.964162336662411690e-03
-8.666183566674590111e-04
-2.991286164615303278e-04
-2.092759357765316963e-03
2.831694204360246658e-03
-2.477672183886170387e-03
-1.080344547517597675e-03
1.041227253153920174e-03
2.071018563583493233e-03
3.905078861862421036e-03
2.981561701744794846e-03
2.968079352285712957e-04
-1.891863415949046612e-03
-2.438327530398964882e-03
1.170360017567873001e-03
2.065433654934167862e-03
-3.494490636512637138e-03
-1.834503491409122944e-04
9.586763335391879082e-04
6.547064404003322124e-04
1.781338476575911045e-03
-2.634422155097126961e-03
1.646149903535842896e-04
1.592560787685215473e-03
5.342030199244618416e-04
1.164838555268943310e-03
-1.060499111190438271e-03
-2.438733587041497231e-03
-3.888813313096761703e-03
2.710171975195407867e-03
3.438350511714816093e-03
2.783878706395626068e-03
2.314512385055422783e-03
-6.313136545941233635e-04
-1.743221888318657875e-03
1.472371979616582394e-03
2.596610458567738533e-03
3.053644904866814613e-03
-3.113290760666131973e-03
2.188943559303879738e-03
1.867445418611168861e-03
3.257821081206202507e-03
6.964154890738427639e-04
-2.879602368921041489e-03
-3.814721712842583656e-03
-2.233054692624136806e-05
-1.782943436410278082e-04
3.069350728765130043e-03
9.280335507355630398e-04
-2.988211112096905708e-03
-1.882879645563662052e-03
-2.542875707149505615e-03
-3.485218039713799953e-04
7.178322412073612213e-04
2.440276555716991425e-03
-1.851052278652787209e-03
5.570330540649592876e-04
-2.501419745385646820e-03
9.614196023903787136e-04
-2.059008227661252022e-03
-3.745616180822253227e-03
4.120618104934692383e-04
-2.791766542941331863e-03
-2.822041977196931839e-03
1.358290086500346661e-03
-1.281774137169122696e-03
3.271441673859953880e-04
1.507256180047988892e-03
1.726321410387754440e-03
-2.140387427061796188e-03
-1.492456794949248433e-04
-2.813600003719329834e-03
1.267821760848164558e-03
1.814768766053020954e-03
2.994341542944312096e-03
3.711401019245386124e-03
-3.472099313512444496e-03
8.061109110713005066e-04
3.745855530723929405e-03
1.913002459332346916e-03
-3.788542235270142555e-04
-1.909628044813871384e-03
-3.683442482724785805e-03
3.421077504754066467e-03
1.917273970320820808e-03
1.874478650279343128e-03
-8.683331543579697609e-04
-3.741392167285084724e-03
3.527542110532522202e-03
5.498739192262291908e-04
-5.549085908569395542e-04
-3.558655502274632454e-03
2.981212688609957695e-03
-1.789297210052609444e-03
-3.403448499739170074e-03
1.178389415144920349e-03
3.531623631715774536e-03
3.678840119391679764e-03
-1.692136633209884167e-03
-5.722821151721291244e-05
3.078738925978541374e-03
2.816626336425542831e-03
6.255434127524495125e-04
2.379584126174449921e-03
-2.150312997400760651e-03
-2.161163836717605591e-03
2.566123148426413536e-03
1.591154432389885187e-04
2.321811392903327942e-03
2.530809026211500168e-03
-1.258770120330154896e-03
9.475438855588436127e-04
1.030808780342340469e-03
1.803774968720972538e-03
-1.749853137880563736e-03
1.268231892026960850e-03
1.339981332421302795e-03
1.690022414550185204e-03
1.487873261794447899e-03
-1.888575847260653973e-03
-9.575501317158341408e-04
-2.849537879228591919e-03
3.741775173693895340e-03
-1.770335715264081955e-03
-3.247038461267948151e-03
1.384465023875236511e-03
-2.127204090356826782e-03
