-1.769084716215729713e-03
2.995490329340100288e-03
-2.128774300217628479e-03
3.731894306838512421e-03
3.245537227485328913e-04
-2.993654692545533180e-03
8.135176030918955803e-04
-1.406891620717942715e-03
8.502376731485128403e-04
2.324016299098730087e-03
3.362895455211400986e-03
-5.758156185038387775e-04
1.589294639416038990e-03
3.379815025255084038e-03
-2.738734008744359016e-03
1.342405797913670540e-03
-3.766721813008189201e-03
-2.451934386044740677e-03
2.856429899111390114e-03
-3.180816303938627243e-03
-8.498384886479470879e-06
-2.460961695760488510e-03
2.864103298634290695e-03
2.499518683180212975e-03
2.919057616963982582e-03
-1.828516251407563686e-03
-2.762272488325834274e-03
-1.476105186156928539e-03
9.739999077282845974e-04
-8.853831095620989799e-04
-1.950437785126268864e-03
-3.679576329886913300e-03
-2.923188032582402229e-03
-3.311625216156244278e-03
3.150926437228918076e-03
2.962609520182013512e-03
-3.026089631021022797e-03
1.192731782793998718e-03
1.799344201572239399e-03
-4.310433578211814165e-04
3.475978504866361618e-03
8.793023298494517803e-04
-2.371873008087277412e-03
3.197707235813140869e-03
-3.273219801485538483e-03
-1.791615039110183716e-03
1.196110039018094540e-03
1.132785342633724213e-03
8.342175278812646866e-04
-3.755297046154737473e-03
-2.460576070006936789e-04
2.791511826217174530e-03
6.813313229940831661e-04
2.605488989502191544e-03
-9.368799510411918163e-04
1.845842809416353703e-03
-1.266665989533066750e-03
3.539652796462178230e-03
1.910039922222495079e-03
2.295390935614705086e-03
1.249796827323734760e-03
-2.818696375470608473e-04
-2.128715394064784050e-03
7.313162786886096001e-04
-1.307745231315493584e-03
9.922429453581571579e-04
-2.462353790178894997e-03
-1.083626761101186275e-03
2.088911365717649460e-03
-1.266389619559049606e-03
-7.382498588413000107e-04
1.031730789691209793e-04
3.045695368200540543e-03
1.261912402696907520e-03
3.516997443512082100e-03
-1.425427733920514584e-03
2.625007415190339088e-03
-1.375819323584437370e-03
-3.003771882504224777e-03
-9.882736485451459885e-04
-2.602863241918385029e-04
8.871618774719536304e-04
-4.895605379715561867e-04
-2.570585114881396294e-03
-3.583603072911500931e-03
2.039445971604436636e-04
-3.871290478855371475e-03
-9.363808203488588333e-04
-1.361769740469753742e-03
2.031094627454876900e-03
1.433378434740006924e-03
-1.819369383156299591e-03
-2.584857400506734848e-03
-1.060618902556598186e-03
-3.233703551813960075e-03
-1.657227869145572186e-03
1.787728047929704189e-03
1.921301241964101791e-03
-2.808647230267524719e-03
2.843871014192700386e-03
1.711494638584554195e-03
2.591157797724008560e-03
2.272670855745673180e-03
3.749640425667166710e-03
1.647510449402034283e-03
3.885906422510743141e-03
-3.157498082146048546e-03
3.222202183678746223e-03
1.905689714476466179e-03
-3.076228080317378044e-03
-3.686117241159081459e-03
6.473807297879830003e-05
3.564371028915047646e-03
3.689611330628395081e-03
3.042182885110378265e-03
-1.265659811906516552e-03
-2.026425674557685852e-03
3.193481126800179482e-03
3.224725602194666862e-03
1.304808189161121845e-03
-2.147377468645572662e-03
-1.206259243190288544e-03
-8.848003344610333443e-04
1.302651944570243359e-03
2.805962227284908295e-03
3.836719086393713951e-03
-1.091308426111936569e-03
3.180687781423330307e-03
8.234507986344397068e-04
-3.127079617115668952e-05
3.089780220761895180e-03
-3.848741296678781509e-03
3.560716286301612854e-03
-3.806391032412648201e-03
3.470131661742925644e-03
-1.182714477181434631e-03
-2.608916838653385639e-04
4.687951586674898863e-04
1.974560087546706200e-03
-6.645559915341436863e-04
-2.148151863366365433e-03
-2.593240467831492424e-03
1.588388811796903610e-03
-1.150993048213422298e-03
2.670866204425692558e-03
-2.924732398241758347e-03
-5.578736454481258988e-05
1.813240000046789646e-03
-1.910610124468803406e-03
-3.175426740199327469e-03
3.394802915863692760e-04
-2.267298055812716484e-03
1.102120382711291313e-03
-1.688734395429491997e-03
5.997571861371397972e-04
2.059685764834284782e-03
-3.159608750138431787e-04
3.051365725696086884e-03
3.895613364875316620e-03
3.557746065780520439e-03
8.990608039312064648e-04
-3.712974488735198975e-03
3.834450850263237953e-03
-6.304732523858547211e-04
2.700475044548511505e-03
-2.860108157619833946e-03
-2.510026795789599419e-03
1.843379461206495762e-03
-2.129133790731430054e-04
-4.915903555229306221e-04
-3.434474347159266472e-03
-1.544893602840602398e-03
-2.943866420537233353e-03
-2.391717163845896721e-03
1.852133660577237606e-03
-2.911035669967532158e-03
1.756348530761897564e-03
2.120329299941658974e-03
-6.070035160519182682e-04
3.189720213413238525e-03
-1.220216974616050720e-03
3.705506678670644760e-03
-2.323513850569725037e-03
1.449539093300700188e-03
7.204504800029098988e-04
2.494415268301963806e-03
-2.455786801874637604e-03
-6.801772397011518478e-04
-2.294406993314623833e-03
1.790131325833499432e-03
2.123937243595719337e-03
2.496795961633324623e-03
2.531489823013544083e-03
-5.436472129076719284e-04
-3.397576510906219482e-03
-8.070174371823668480e-04
-3.908309154212474823e-03
1.446006703190505505e-03
2.746937330812215805e-03
4.630629555322229862e-04
2.336865058168768883e-03
-1.921528833918273449e-03
1.252245157957077026e-03
-5.054274806752800941e-04
-8.654049015603959560e-04
-1.286829123273491859e-03
-1.976826926693320274e-03
1.884856959804892540e-03
-1.418398111127316952e-03
-1.284062629565596581e-03
-1.923833275213837624e-03
5.089786718599498272e-04
-8.637302671559154987e-04
3.619395662099123001e-03
-1.914187450893223286e-03
-3.434297163039445877e-03
1.353577943518757820e-03
-1.205998938530683517e-03
3.546383464708924294e-03
6.884891190566122532e-04
1.619035028852522373e-03
-1.148452982306480408e-03
1.027188496664166451e-03
-2.306226408109068871e-03
2.565429545938968658e-03
2.688986423891037703e-04
-3.432615427300333977e-03
-3.380851587280631065e-03
5.252954433672130108e-04
-1.202738843858242035e-03
1.687395386397838593e-03
-2.551214711274951696e-04
2.733725588768720627e-03
9.397927788086235523e-04
-1.455138321034610271e-03
1.142382272519171238e-03
-1.255603390745818615e-03
2.446254948154091835e-04
1.568614738062024117e-03
3.427010087762027979e-04
-2.483393298462033272e-03
9.524145280010998249e-04
2.538961125537753105e-03
2.170061459764838219e-03
-3.146566450595855713e-03
7.530670263804495335e-04
-2.571016084402799606e-03
-1.858371193520724773e-03
-3.403326962143182755e-03
-2.466137520968914032e-03
-1.962814247235655785e-03
3.654458792880177498e-03
-3.615964902564883232e-03
1.482659019529819489e-03
-1.170967938378453255e-03
-1.599731389433145523e-03
