-1.573909074068069458e-03
6.358824903145432472e-04
-8.257445879280567169e-04
-3.429075703024864197e-03
-4.837976011913269758e-04
3.687035525217652321e-03
-9.049897780641913414e-04
-7.857975433580577374e-04
-3.531692549586296082e-03
1.900473027490079403e-03
-8.782782242633402348e-04
-6.453852984122931957e-04
-2.631227718666195869e-03
-8.187054772861301899e-04
-3.560869954526424408e-03
-2.073328243568539619e-03
2.277253428474068642e-03
4.220989649184048176e-04
-4.242126306053251028e-04
-1.407550415024161339e-03
9.873597446130588651e-05
-2.397950505837798119e-03
-3.342720912769436836e-03
-2.474209526553750038e-03
-3.848285181447863579e-03
-1.929944613948464394e-03
1.930135302245616913e-03
2.422380726784467697e-03
1.588304177857935429e-03
-2.033310709521174431e-03
-3.162882989272475243e-03
-1.135880709625780582e-03
1.013704692013561726e-03
-2.115397481247782707e-03
1.135327183874323964e-04
-2.287920098751783371e-03
3.816370619460940361e-03
-1.426952658221125603e-03
-4.911501891911029816e-04
1.968962373211979866e-03
1.138754421845078468e-03
2.297487109899520874e-03
9.826441528275609016e-04
1.905318000353872776e-03
2.575099701061844826e-03
-2.358418656513094902e-03
-2.723183017224073410e-03
1.073644030839204788e-03
9.181993082165718079e-04
-3.327488200739026070e-03
-3.735011676326394081e-03
-5.283549544401466846e-04
-1.474657328799366951e-03
-6.223961827345192432e-04
-2.449253108352422714e-03
-3.377384040504693985e-03
2.614739583805203438e-03
2.859631553292274475e-03
3.285401035100221634e-04
3.596286755055189133e-03
-1.344653079286217690e-03
-1.223942497745156288e-03
2.072127535939216614e-03
2.722223522141575813e-03
-2.077556448057293892e-03
1.487285248003900051e-03
-2.225802745670080185e-03
-1.099823857657611370e-03
-1.970475539565086365e-03
2.312745898962020874e-03
1.021405099891126156e-03
-2.196271205320954323e-03
8.516985690221190453e-04
-1.334153814241290092e-03
1.711402088403701782e-03
-2.313079079613089561e-03
2.544109476730227470e-03
-7.775087142363190651e-04
-2.700460376217961311e-03
-3.867180552333593369e-03
1.678384724073112011e-03
-2.183681586757302284e-03
-2.437891671434044838e-03
-8.314331062138080597e-04
2.099748700857162476e-03
3.150883130729198456e-03
-1.509179128333926201e-03
-1.435303274774923921e-04
-2.464877208694815636e-03
-3.707181196659803391e-03
9.905300103127956390e-04
-1.094926963560283184e-03
1.209599082358181477e-03
2.161460928618907928e-03
-2.937358338385820389e-03
-1.460022409446537495e-03
-1.833140733651816845e-03
-2.337412443011999130e-03
-1.440665102563798428e-03
2.072746865451335907e-03
3.168716793879866600e-03
1.218014513142406940e-03
-2.463311189785599709e-03
1.170556293800473213e-03
1.719831721857190132e-03
-3.645651973783969879e-03
-8.717429591342806816e-04
2.983848098665475845e-03
-2.225060248747467995e-03
-1.347533892840147018e-03
-2.620675077196210623e-04
3.548254258930683136e-03
-1.323647011304274201e-04
-2.075008116662502289e-03
2.955005038529634476e-03
2.583080437034368515e-03
2.642407547682523727e-03
2.120217075571417809e-03
-1.687365816906094551e-03
1.021020580083131790e-03
-7.997053326107561588e-04
3.086981596425175667e-03
3.741596825420856476e-03
-2.112815156579017639e-03
6.202012300491333008e-04
4.653735086321830750e-04
-2.521651796996593475e-03
-3.180589992552995682e-03
-3.107011085376143456e-03
-3.482597647234797478e-03
-1.597247901372611523e-04
1.098120337701402605e-04
2.158182440325617790e-03
-2.558769425377249718e-03
4.390948015497997403e-05
1.020592026179656386e-05
-4.691675421781837940e-04
3.510230919346213341e-03
-2.225125906988978386e-03
1.585012534633278847e-03
6.600561755476519465e-05
1.752691925503313541e-03
1.798765850253403187e-03
-3.350617596879601479e-03
2.873003017157316208e-03
-3.019611584022641182e-03
-4.808361991308629513e-04
1.257395022548735142e-03
-3.606516169384121895e-03
-1.410200609825551510e-03
5.405198317021131516e-04
1.926666707731783390e-03
-7.716406253166496754e-04
2.460928168147802353e-03
2.335874829441308975e-03
4.984525148756802082e-04
-7.783833279972895980e-05
6.442006560973823071e-04
2.366275148233398795e-04
-3.678954439237713814e-03
-2.937246812507510185e-03
-1.639027846977114677e-03
-4.811753169633448124e-04
-3.737817285582423210e-03
-2.861044369637966156e-03
-2.526548225432634354e-03
2.672400150913745165e-04
5.545869862544350326e-05
3.880180884152650833e-03
2.626494737342000008e-03
1.391508034430444241e-03
-3.069041529670357704e-03
-1.153514487668871880e-03
-1.033379347063601017e-03
3.222093684598803520e-03
-1.639781286939978600e-03
-1.598678063601255417e-03
-3.537297016009688377e-03
1.371412072330713272e-03
8.120951242744922638e-04
-3.257614327594637871e-03
-2.312927506864070892e-03
-1.539562246762216091e-03
-7.607050356455147266e-04
8.788744453340768814e-04
-4.046759859193116426e-04
1.299692434258759022e-03
6.152286368887871504e-05
1.464410801418125629e-03
-2.954940311610698700e-03
-8.298775646835565567e-04
6.561915506608784199e-04
-1.140538370236754417e-03
-3.013849200215190649e-04
-1.216780394315719604e-03
1.847680192440748215e-03
1.164281740784645081e-03
-1.964202383533120155e-03
1.006820355542004108e-03
2.844284288585186005e-03
-2.281761961057782173e-03
3.244008403271436691e-03
3.292154753580689430e-03
1.173631171695888042e-03
-6.154743023216724396e-04
1.815003808587789536e-03
-4.945898544974625111e-04
-3.816327080130577087e-03
2.396831550868228078e-04
-3.477966412901878357e-03
-2.344974316656589508e-03
-7.755962433293461800e-04
3.188574919477105141e-03
5.150524666532874107e-04
-3.456635866314172745e-03
-3.629115410149097443e-03
-9.610705892555415630e-04
3.643753007054328918e-03
-3.439737483859062195e-03
1.764968736097216606e-03
-3.285862505435943604e-03
1.451784512028098106e-03
2.743506338447332382e-03
3.694119397550821304e-03
9.998151799663901329e-04
9.964842320187017322e-05
-3.619455499574542046e-03
3.441248787567019463e-03
-3.306871047243475914e-03
-1.891912543214857578e-03
1.652828541409689933e-05
-2.581842709332704544e-03
7.685942691750824451e-04
2.340749371796846390e-03
-2.271230332553386688e-03
2.367108594626188278e-03
-3.704089904204010963e-03
1.993492478504776955e-03
-2.988079795613884926e-03
3.132977988570928574e-03
3.356193657964468002e-03
1.924925600178539753e-03
-2.164036704925820231e-04
1.126949791796505451e-03
-7.208466413430869579e-04
3.471448319032788277e-03
3.844179213047027588e-03
-3.899026662111282349e-03
5.507276509888470173e-04
-1.469854032620787621e-03
-1.308797742240130901e-03
1.235818373970687389e-03
9.241726947948336601e-04
-2.233194885775446892e-03
-3.460512962192296982e-03
-5.980450077913701534e-04
