-3.690886078402400017e-03
1.989985816180706024e-03
-1.728901290334761143e-03
3.693317528814077377e-03
2.050295704975724220e-03
-1.516825053840875626e-03
-2.326629590243101120e-03
-2.207140438258647919e-03
8.044686983339488506e-04
2.260677749291062355e-03
-2.350482158362865448e-03
-1.480218372307717800e-03
-1.812934176996350288e-03
2.384812338277697563e-03
3.441661829128861427e-03
-2.264591166749596596e-03
9.849318303167819977e-04
-3.210400929674506187e-03
4.313864046707749367e-04
-8.055900107137858868e-04
2.743795281276106834e-03
1.442827749997377396e-03
1.521939993835985661e-03
-3.477691207081079483e-03
-2.128774300217628479e-03
7.457907195203006268e-04
2.792400540784001350e-03
2.616298617795109749e-03
2.157982671633362770e-03
2.156312810257077217e-03
-1.167307258583605289e-03
7.512783631682395935e-04
3.506193635985255241e-03
-1.836008625105023384e-03
1.360257971100509167e-03
-9.573710267432034016e-04
-1.613328466191887856e-03
1.053212676197290421e-03
-2.437152201309800148e-03
2.651471877470612526e-03
1.143154338933527470e-03
2.182180760428309441e-03
3.280871780589222908e-03
2.783147851005196571e-03
3.794388845562934875e-03
6.417553231585770845e-05
-1.961010042577981949e-03
-3.173242323100566864e-03
1.902291085571050644e-03
1.385472249239683151e-03
2.117790281772613525e-03
9.186933748424053192e-04
3.367260331287980080e-03
-2.305918314959853888e-04
3.295611822977662086e-03
1.415236038155853748e-03
1.843550358898937702e-03
2.827801043167710304e-03
2.533700782805681229e-03
3.015822498127818108e-03
-3.833807306364178658e-03
3.009476233273744583e-03
3.200840903446078300e-03
2.139388117939233780e-03
-4.515774198807775974e-04
7.526685367338359356e-04
1.020968426018953323e-03
1.087320153601467609e-03
2.208493649959564209e-03
-3.603441640734672546e-03
2.709429478272795677e-03
3.466605441644787788e-03
-3.898547962307929993e-03
-3.621087409555912018e-03
2.540495712310075760e-03
-2.064129337668418884e-03
-2.967508044093847275e-03
-2.631296636536717415e-03
3.382751019671559334e-03
-3.243138082325458527e-03
-1.050318125635385513e-03
-2.598485210910439491e-03
-5.789276910945773125e-04
-3.041415940970182419e-03
-9.436037507839500904e-04
-3.792171366512775421e-03
-5.375676119001582265e-05
5.027884617447853088e-04
-1.498048310168087482e-03
-4.650911723729223013e-04
1.683697337284684181e-03
-9.579872712492942810e-04
-1.494260854087769985e-03
3.657632041722536087e-03
3.447433700785040855e-03
1.958078006282448769e-03
-3.296545939520001411e-03
8.305854862555861473e-04
2.781608607620000839e-03
-3.442221321165561676e-03
-1.638197689317166805e-03
3.066095523536205292e-03
-2.571425633504986763e-03
-2.709276275709271431e-03
-2.249956130981445312e-03
-9.704363183118402958e-04
2.783242147415876389e-03
-8.042730623856186867e-04
-3.879810217767953873e-03
-1.266919425688683987e-03
2.524311188608407974e-03
-2.792283194139599800e-04
2.430305816233158112e-03
-2.389407018199563026e-03
-9.613759466446936131e-04
-1.570569002069532871e-03
-3.537353826686739922e-03
2.999842865392565727e-03
-2.106226282194256783e-03
1.135439495556056499e-03
-1.921016373671591282e-03
-4.348809015937149525e-04
-1.080004614777863026e-03
1.812510541640222073e-03
1.233685063198208809e-03
6.519901216961443424e-04
-8.668373920954763889e-04
3.836448537185788155e-03
-6.217792979441583157e-04
3.308369312435388565e-03
1.258248812519013882e-03
1.742017455399036407e-03
2.299167448654770851e-03
-7.546975393779575825e-04
-1.706511597149074078e-03
2.877938328310847282e-03
2.142260782420635223e-04
-1.293035806156694889e-03
2.587644266895949841e-04
1.488283625803887844e-03
-2.574028447270393372e-03
1.269971951842308044e-03
5.525006563402712345e-04
-1.551867171656340361e-04
-1.936550601385533810e-03
-6.137338350526988506e-04
-1.190919079817831516e-03
2.117511117830872536e-03
-1.078360481187701225e-03
-1.049750484526157379e-03
-2.258591586723923683e-03
8.530605700798332691e-04
4.449347616173326969e-04
3.080566646531224251e-03
-1.339309965260326862e-03
-3.866275772452354431e-03
-1.811486319638788700e-03
1.797785283997654915e-03
6.475108675658702850e-04
-3.804552135989069939e-03
-4.655126249417662621e-04
9.431678918190300465e-04
3.196138888597488403e-03
2.548692282289266586e-03
6.821785937063395977e-04
8.453265181742608547e-04
-1.625429576961323619e-04
3.743768669664859772e-03
1.050841878168284893e-03
1.377756474539637566e-03
3.601424861699342728e-03
3.297650720924139023e-03
3.892780514433979988e-04
1.261038822121918201e-03
-1.429694821126759052e-03
2.983717015013098717e-03
-2.500846516340970993e-03
2.234847983345389366e-03
2.599762810859829187e-04
-1.753223914420232177e-04
-2.284266985952854156e-03
2.943224739283323288e-03
3.602015320211648941e-03
-3.696185303851962090e-04
5.933759384788572788e-04
-2.332067815586924553e-03
1.685136579908430576e-03
-2.743716177064925432e-04
-5.136501276865601540e-04
-6.221318471943959594e-05
2.146298997104167938e-03
-1.861124066635966301e-03
-1.742262626066803932e-03
-3.284878795966506004e-03
-3.223849693313241005e-03
6.257478962652385235e-04
-9.960442548617720604e-04
3.557268064469099045e-05
-2.805359661579132080e-03
5.972579674562439322e-05
-2.768590580672025681e-03
3.391560865566134453e-03
3.771535819396376610e-03
1.173813943751156330e-04
1.221686950884759426e-03
5.770736242993734777e-05
3.597353585064411163e-03
-9.969109669327735901e-04
-2.416364150121808052e-03
-2.832101192325353622e-03
2.080459613353013992e-03
-1.766700879670679569e-04
-1.359274261631071568e-03
3.145137336105108261e-03
-1.591153559274971485e-04
-1.222576363943517208e-03
1.381403882987797260e-03
8.220341987907886505e-04
5.820125807076692581e-05
2.912937430664896965e-03
-3.822319209575653076e-03
2.168396487832069397e-03
-2.827595686540007591e-03
2.660062396898865700e-03
-3.716635692398995161e-04
-2.945523920061532408e-05
2.313534496352076530e-03
-1.577573129907250404e-03
-1.064940588548779488e-03
-2.287617186084389687e-03
-2.811195794492959976e-03
-2.209735335782170296e-03
8.511263877153396606e-05
3.437124425545334816e-03
3.088847035542130470e-03
-2.358123427256941795e-03
2.043840708211064339e-03
-5.347050027921795845e-04
1.292049419134855270e-03
3.107802709564566612e-03
2.412203029962256551e-04
2.319219347555190325e-04
-2.552279271185398102e-03
1.251484209205955267e-04
-1.694091246463358402e-03
-1.126955146901309490e-03
-2.516492269933223724e-03
3.196519101038575172e-03
-1.061820192262530327e-03
1.907215220853686333e-03
-2.965358551591634750e-03
-9.835639502853155136e-04
-1.697622938081622124e-03
-2.588272327557206154e-03
3.798330144491046667e-04
4.044549859827384353e-05
