-3.413007128983736038e-03
-1.089692523237317801e-04
-9.738008957356214523e-04
3.788019530475139618e-03
-4.863018111791461706e-04
-1.498004887253046036e-03
1.632154802791774273e-03
1.790871494449675083e-03
3.131616860628128052e-03
-2.055158984148874879e-04
2.003560541197657585e-03
1.814557072066236287e-05
-1.174998236820101738e-03
3.727395553141832352e-03
-2.435083966702222824e-03
7.252127397805452347e-04
-2.562607638537883759e-03
2.890896983444690704e-03
-1.236948446603491902e-04
-1.039785798639059067e-03
1.472899224609136581e-03
-2.672455040737986565e-03
-2.347888424992561340e-03
-3.502202918753027916e-03
-2.716646064072847366e-03
-2.229007659479975700e-03
3.078987356275320053e-03
3.229838795959949493e-03
-5.200452869758009911e-04
7.882242207415401936e-04
3.371373983100056648e-03
3.223421750590205193e-03
3.502618288621306419e-03
-2.571281976997852325e-03
-5.476989899761974812e-04
1.575374859385192394e-03
2.376719843596220016e-03
1.827931962907314301e-03
-1.773140393197536469e-03
2.985693980008363724e-03
1.739129074849188328e-03
-2.219588495790958405e-04
-1.812768634408712387e-03
1.392783829942345619e-03
-2.540721325203776360e-03
2.406008541584014893e-03
2.675686031579971313e-03
-2.841893350705504417e-03
-2.981933532282710075e-03
2.972230780869722366e-03
-3.562674159184098244e-03
-2.658345736563205719e-03
2.520688809454441071e-03
-3.576078219339251518e-03
-1.837875111959874630e-03
3.210831200703978539e-03
-2.268038457259535789e-03
-3.053168300539255142e-03
1.895643770694732666e-03
2.066709566861391068e-03
2.261048881337046623e-03
-3.463019384071230888e-03
2.336555160582065582e-03
-2.930012298747897148e-03
1.862154225818812847e-03
-1.042189433064777404e-05
2.961507765576243401e-03
-1.251196255907416344e-03
-3.421713365241885185e-03
-3.354247601237148046e-04
9.859375422820448875e-04
-3.867322346195578575e-03
2.144502213923260570e-04
-1.801519654691219330e-03
3.268692409619688988e-03
-3.614959074184298515e-03
2.882888540625572205e-03
-1.917549059726297855e-03
-2.496359404176473618e-03
-3.148263494949787855e-04
-2.667054533958435059e-03
-9.450282668694853783e-04
3.120283945463597775e-04
2.637925790622830391e-03
6.551675323862582445e-05
-1.007571350783109665e-03
7.446610252372920513e-04
2.793461084365844727e-03
-7.795496494509279728e-04
2.759303431957960129e-03
2.799229696393013000e-03
3.502807579934597015e-03
-1.235291827470064163e-03
2.809188736137002707e-04
1.861808414105325937e-04
3.704572562128305435e-03
-1.601917902007699013e-03
2.362705999985337257e-03
-8.851159363985061646e-04
2.831170801073312759e-03
-3.767692018300294876e-03
2.568468451499938965e-03
-1.716487226076424122e-03
-3.346496494486927986e-03
-2.640999853610992432e-03
-1.446527778171002865e-03
3.006229875609278679e-03
-3.414360107854008675e-03
-1.738749444484710693e-03
-9.516257559880614281e-04
-3.857644915115088224e-04
-8.809624123387038708e-04
3.714843420311808586e-03
-4.210672705085016787e-05
1.079210080206394196e-03
-2.922088373452425003e-03
2.109551569446921349e-03
-3.260304583818651736e-05
-2.216086955741047859e-03
2.130836248397827148e-03
1.116172788897529244e-04
1.157963881269097328e-03
-1.892998930998146534e-03
-8.420908707194030285e-04
-3.168179537169635296e-04
1.642495393753051758e-03
3.502754727378487587e-03
-9.862919105216860771e-04
-2.578143263235688210e-03
-5.612469394691288471e-04
2.170521300286054611e-03
2.075917785987257957e-03
2.942639868706464767e-03
-1.046626130118966103e-04
1.693228608928620815e-03
1.641920069232583046e-03
3.326849080622196198e-03
-3.059918992221355438e-03
-2.595276804640889168e-03
-1.619284972548484802e-03
3.129119751974940300e-03
2.747508464381098747e-03
-5.318515468388795853e-04
-7.132000173442065716e-04
1.992412609979510307e-03
-5.627290229313075542e-04
-1.497283112257719040e-03
2.941676415503025055e-03
-1.093419268727302551e-03
7.003585924394428730e-04
-1.633698004297912121e-03
7.048021070659160614e-04
1.098698005080223083e-03
-2.064392203465104103e-03
-3.254846960771828890e-04
7.704642484895884991e-04
-2.528023906052112579e-03
1.547011081129312515e-03
-4.235806118231266737e-04
3.000331809744238853e-03
-3.189126960933208466e-03
2.420711563900113106e-03
3.146570175886154175e-03
-2.378044184297323227e-03
1.925666234456002712e-03
-3.317872527986764908e-03
-3.144676797091960907e-03
2.543404465541243553e-03
8.286629454232752323e-04
2.538656815886497498e-03
2.202760893851518631e-03
-2.953827148303389549e-03
1.037522742990404367e-04
5.772653385065495968e-04
-2.637663856148719788e-03
2.693532733246684074e-03
-2.015824662521481514e-03
3.062077565118670464e-03
1.794125768356025219e-03
1.249199034646153450e-03
-2.001193119212985039e-03
6.158429896458983421e-04
2.908194204792380333e-03
2.183637116104364395e-03
-2.091538859531283379e-03
-3.296565846540033817e-04
-2.766373567283153534e-03
-4.950340371578931808e-04
1.728819333948194981e-03
2.413968089967966080e-03
-2.798396628350019455e-03
3.712928388267755508e-03
8.227168582379817963e-04
3.297281917184591293e-03
-2.789557212963700294e-03
-3.756690071895718575e-03
-7.249902118928730488e-04
1.850574743002653122e-03
-8.087607566267251968e-04
3.057117573916912079e-04
1.521476428024470806e-03
3.343936987221240997e-03
-2.427914412692189217e-03
-2.524673473089933395e-03
3.150833770632743835e-03
-1.778798759914934635e-03
-3.077351721003651619e-03
1.134583610109984875e-03
4.488679987844079733e-04
1.925659715197980404e-03
-1.696215767879039049e-04
-1.868757302872836590e-03
3.402131143957376480e-03
-6.732906331308186054e-04
-2.185674384236335754e-03
2.109776949509978294e-03
-1.472937641665339470e-03
3.071664366871118546e-03
2.770449966192245483e-03
8.776324684731662273e-04
1.158992061391472816e-03
2.241528360173106194e-03
-2.567788353189826012e-03
-1.848998072091490030e-04
2.722813514992594719e-03
-3.404057584702968597e-03
-6.117771845310926437e-04
1.407573145115748048e-04
-4.630736366380006075e-04
-2.875686855986714363e-03
1.188778202049434185e-03
1.368418452329933643e-04
3.883118275552988052e-03
-1.538281212560832500e-03
1.197936479002237320e-03
-1.201879858854226768e-04
9.200346539728343487e-04
3.816801821812987328e-03
-5.580380093306303024e-04
3.575487760826945305e-03
2.170125255361199379e-03
2.097586868330836296e-03
-2.977115800604224205e-03
-3.488452639430761337e-03
1.342936884611845016e-04
-1.490619382821023464e-03
1.439371262677013874e-03
1.512286718934774399e-03
-1.185654546134173870e-03
6.082900799810886383e-04
2.118872478604316711e-03
1.738206716254353523e-03
-3.734641941264271736e-03
3.532193601131439209e-03
-2.431767992675304413e-03
-4.892822471447288990e-04
