7.120206719264388084e-04
-2.520860871300101280e-03
1.034268760122358799e-03
-3.900665557011961937e-03
1.101975140045396984e-04
-3.891146276146173477e-03
2.212723949924111366e-03
6.946045905351638794e-04
-7.050097337923943996e-04
-1.226578722707927227e-03
2.741050207987427711e-03
-1.806522486731410027e-03
-8.008184959180653095e-04
-9.147483506239950657e-04
3.081155475229024887e-03
-2.190136117860674858e-03
-3.130230819806456566e-03
8.147549669956788421e-05
3.387376200407743454e-03
-2.625446068122982979e-03
-2.404272789135575294e-03
9.915310656651854515e-04
2.039137063547968864e-03
5.373704480007290840e-04
1.880078343674540520e-03
2.076644916087388992e-03
-2.494652057066559792e-03
2.920642145909368992e-04
1.002497156150639057e-03
-3.142911242321133614e-03
4.161414399277418852e-04
3.498745849356055260e-03
-1.881418167613446712e-03
-1.826152205467224121e-03
2.240629866719245911e-03
-2.882509725168347359e-03
2.767064841464161873e-03
-1.368460478261113167e-03
1.192462630569934845e-03
-3.605562727898359299e-03
-8.751630666665732861e-04
-1.312416570726782084e-04
2.877856371924281120e-03
2.364193089306354523e-03
1.576309325173497200e-03
-3.902279073372483253e-03
3.845993429422378540e-03
2.171990694478154182e-03
-4.763051765621639788e-05
1.986517236218787730e-05
2.825775416567921638e-03
-1.801313715986907482e-03
2.756949514150619507e-03
2.686490537598729134e-03
-3.398512490093708038e-03
4.776248533744364977e-05
-1.487745612394064665e-04
-1.949167693965137005e-03
1.223388710059225559e-03
2.805257448926568031e-03
1.918046385981142521e-03
-2.905986970290541649e-03
-1.666863448917865753e-03
-8.441912941634654999e-04
1.448834955226629972e-04
3.094532992690801620e-03
-1.985136186704039574e-03
3.175840945914387703e-03
-1.000768854282796383e-03
-3.027356462553143501e-03
-3.834805451333522797e-03
-1.716418482828885317e-04
-3.578068455681204796e-03
1.419242471456527710e-03
-8.715864387340843678e-04
2.520963549613952637e-03
-2.304528898093849421e-04
-3.868008032441139221e-03
-2.883605193346738815e-03
-3.148216987028717995e-03
1.119738793931901455e-03
1.601842814125120640e-03
-2.168031642213463783e-03
2.522162394598126411e-03
1.031282408803235739e-06
-1.572679611854255199e-03
2.155745867639780045e-03
2.296224236488342285e-03
1.143980538472533226e-03
6.003670205245725811e-05
-8.200946613214910030e-04
3.682246198877692223e-03
3.323481651023030281e-03
1.671601552516222000e-03
-3.108887001872062683e-03
-1.933890162035822868e-03
-1.571982400491833687e-03
-1.487050554715096951e-03
-2.138166688382625580e-03
-2.136479597538709641e-04
3.730963682755827904e-03
-2.598194405436515808e-03
-3.838800126686692238e-03
-2.952858805656433105e-03
2.425075275823473930e-03
-6.638403283432126045e-04
-1.841904479078948498e-03
-3.831527661532163620e-03
-3.381245478522032499e-04
-3.742824483197182417e-04
-1.333191408775746822e-03
-1.156125916168093681e-03
9.397398680448532104e-04
-2.369162393733859062e-04
-2.465386176481842995e-03
1.545848790556192398e-03
1.189645379781723022e-03
2.927543595433235168e-03
-3.175876103341579437e-03
-3.803339321166276932e-03
-1.539691817015409470e-03
3.096088767051696777e-03
-3.306083614006638527e-03
1.098594046197831631e-03
1.331516075879335403e-03
-2.071376657113432884e-03
-1.902292133308947086e-03
-1.376612694002687931e-03
2.604796551167964935e-03
-3.143282607197761536e-03
2.117039868608117104e-03
-3.365621203556656837e-03
2.917909994721412659e-03
-5.291547131491824985e-05
-3.323293058201670647e-04
-8.340823696926236153e-04
3.601348958909511566e-03
3.016952541656792164e-04
3.485495457425713539e-03
1.627745921723544598e-03
3.841552650555968285e-03
-1.990304794162511826e-03
3.581393277272582054e-03
-2.544689690694212914e-03
1.001954660750925541e-03
-1.082571106962859631e-03
3.362382063642144203e-03
1.688448828645050526e-03
-3.508045338094234467e-04
-1.832080888561904430e-04
-3.831780515611171722e-03
-2.326379995793104172e-03
-5.185645932215265930e-05
1.665917225182056427e-03
2.313288627192378044e-03
1.847974257543683052e-03
-1.858955132775008678e-03
2.660695696249604225e-03
4.646428278647363186e-04
8.684948552399873734e-04
-8.010630845092236996e-04
2.403096761554479599e-03
1.106883049942553043e-03
-6.508143269456923008e-04
-1.023705000989139080e-03
-4.159813979640603065e-04
1.511263777501881123e-03
-6.929716619197279215e-05
-1.770203816704452038e-03
-1.455095247365534306e-03
1.598714967258274555e-03
-1.226113759912550449e-03
-6.403455627150833607e-04
2.451924374327063560e-03
-2.097559627145528793e-03
-3.358296817168593407e-03
-2.487030578777194023e-03
-1.406268449500203133e-03
-2.084361156448721886e-03
-3.616473404690623283e-03
-2.586278133094310760e-03
-9.715054766274988651e-04
-6.630160496570169926e-04
-3.130681812763214111e-03
2.535542706027626991e-03
-3.361499402672052383e-03
-3.250280162319540977e-03
-3.803444560617208481e-03
1.294333371333777905e-03
3.210545401088893414e-04
-3.099660621955990791e-03
2.049333648756146431e-03
2.207297831773757935e-03
-1.853063935413956642e-03
-4.555526538752019405e-04
3.416151739656925201e-03
7.791320094838738441e-04
3.724691923707723618e-03
2.076199743896722794e-03
-3.831171779893338680e-04
1.814057235606014729e-03
7.560250232927501202e-04
-2.708221472857985646e-05
-2.951811999082565308e-03
5.252680857665836811e-04
-2.988239284604787827e-03
-2.311513759195804596e-03
-3.850018139928579330e-03
3.376921173185110092e-03
7.794717676006257534e-04
-1.110879471525549889e-03
-3.336925525218248367e-03
3.417778760194778442e-03
-3.162988577969372272e-04
7.315406110137701035e-04
-6.644215318374335766e-04
-2.615448087453842163e-03
-2.150584245100617409e-03
-1.831365283578634262e-03
1.361483358778059483e-03
-1.643900992348790169e-03
3.332400927320122719e-03
3.270161105319857597e-03
2.860636683180928230e-03
2.870345022529363632e-03
4.864356596954166889e-04
-1.359289279207587242e-03
8.267508383141830564e-05
-2.685207873582839966e-03
-1.779263722710311413e-03
-2.757555630523711443e-04
1.315131084993481636e-04
-3.678331617265939713e-03
-2.842469548340886831e-04
-2.625456778332591057e-03
7.217316888272762299e-04
-2.085866639390587807e-03
1.129736192524433136e-03
-2.253866696264594793e-04
1.475218101404607296e-03
9.794825455173850060e-04
5.409935838542878628e-04
2.824091818183660507e-03
-3.683059243485331535e-03
3.897213609889149666e-03
1.159513136371970177e-03
7.965128170326352119e-04
-2.727066166698932648e-03
1.780451741069555283e-03
-6.366028101183474064e-04
3.187145572155714035e-03
-9.730678284540772438e-04
3.876728238537907600e-03
1.546745654195547104e-03
1.232118665939196944e-04
2.180565061280503869e-04
