1.769574359059333801e-03
-1.277044764719903469e-03
2.563978545367717743e-03
1.169225433841347694e-03
-8.130087517201900482e-04
5.159128922969102859e-04
-9.071012609638273716e-04
1.442039385437965393e-03
-6.922935717739164829e-04
6.110828253440558910e-04
-1.414867001585662365e-03
1.778713194653391838e-04
-2.460110699757933617e-03
8.470205939374864101e-04
-3.244034014642238617e-03
2.901096362620592117e-03
-7.090973085723817348e-04
1.043446827679872513e-03
1.192394411191344261e-03
3.785164328292012215e-03
1.184317283332347870e-03
-4.017587343696504831e-04
-7.733890670351684093e-04
1.209004083648324013e-03
5.622761673294007778e-04
-2.615372417494654655e-03
2.665019361302256584e-03
8.682226180098950863e-04
-3.768349532037973404e-03
-3.089846344664692879e-03
-3.606438171118497849e-03
3.290393855422735214e-03
3.280189819633960724e-03
2.905210480093955994e-03
1.190718321595340967e-04
-1.293213688768446445e-03
-3.197229001671075821e-03
-1.779825543053448200e-03
9.193814476020634174e-04
9.360021795146167278e-04
4.549989826045930386e-04
-7.652390631847083569e-04
-9.141598129644989967e-04
-3.601182717829942703e-03
-2.910522045567631721e-03
2.704769838601350784e-03
3.686685813590884209e-03
8.487092563882470131e-04
-1.858958974480628967e-03
7.020274642854928970e-04
1.309941173531115055e-03
3.009006846696138382e-03
2.707192441448569298e-03
-2.051868941634893417e-03
2.069870941340923309e-03
1.019168877974152565e-03
2.161901444196701050e-03
1.074020750820636749e-03
2.724525984376668930e-03
3.101759066339582205e-04
-2.260247478261590004e-03
-1.075206600944511592e-04
-3.093437757343053818e-03
3.565361956134438515e-03
-6.626183167099952698e-04
1.163375447504222393e-03
2.931063761934638023e-03
-3.750941250473260880e-04
1.319385017268359661e-03
-3.229188034310936928e-03
6.501936877612024546e-05
1.979541499167680740e-03
-2.577272942289710045e-03
-1.976370112970471382e-04
-2.841613488271832466e-03
-2.926029497757554054e-03
2.937405661214143038e-04
2.663520397618412971e-03
1.074064290151000023e-03
8.396613411605358124e-04
-3.237747121602296829e-03
1.594950677827000618e-03
-3.188953560311347246e-04
-2.047737070824950933e-04
-3.530671820044517517e-03
4.275170795153826475e-04
-9.855428943410515785e-04
2.445928985252976418e-04
2.460436196997761726e-03
-2.040170133113861084e-03
-3.792201867327094078e-03
2.846898976713418961e-03
3.861555596813559532e-03
1.565238111652433872e-03
1.895464374683797359e-03
3.453629789873957634e-03
1.767096226103603840e-03
-3.609855426475405693e-03
3.168470924720168114e-03
3.684765426442027092e-03
2.003146510105580091e-04
-2.868143143132328987e-03
-3.341268748044967651e-03
-3.553783288225531578e-03
3.250077133998274803e-03
7.707019103690981865e-04
-1.324485987424850464e-03
-3.094227868132293224e-04
1.470415270887315273e-03
-3.289825981482863426e-03
3.848386695608496666e-03
3.251463873311877251e-03
-5.284129656502045691e-05
-9.489595540799200535e-04
1.197642064653337002e-03
-1.019321382045745850e-03
1.353049767203629017e-03
-1.535089337266981602e-03
-3.821838181465864182e-03
3.606070298701524734e-03
9.969812817871570587e-04
2.411764115095138550e-03
-3.859913209453225136e-03
1.467651221901178360e-03
-3.119861008599400520e-03
3.524071769788861275e-03
2.554108621552586555e-03
6.520359893329441547e-04
1.675382023677229881e-03
4.487763508222997189e-04
2.899114042520523071e-03
-9.425013558939099312e-04
-1.653933315537869930e-03
-3.560789162293076515e-03
-3.312154440209269524e-03
3.682315349578857422e-03
-2.130609005689620972e-03
3.294320078566670418e-03
-2.889837371185421944e-03
-3.352367784827947617e-03
-6.709417357342317700e-05
1.897100592032074928e-03
8.336288155987858772e-04
1.397009589709341526e-03
3.519257297739386559e-04
3.789132926613092422e-03
1.418031984940171242e-03
1.920134178362786770e-03
3.735485952347517014e-03
1.489795104134827852e-04
3.332018852233886719e-03
-1.215770258568227291e-03
-2.594040415715426207e-04
3.134721424430608749e-03
-1.611642423085868359e-03
-1.618216629140079021e-03
-3.354357089847326279e-03
1.584022538736462593e-03
2.083149738609790802e-03
1.062896801158785820e-03
-1.040638075210154057e-03
-1.360837020911276340e-03
2.357673831284046173e-03
1.562983496114611626e-03
-3.270371118560433388e-03
1.163556589744985104e-04
3.739107569344923832e-06
1.138172112405300140e-03
3.433190053328871727e-03
-1.508880523033440113e-03
-8.973684743978083134e-04
-1.337152672931551933e-03
-2.444582991302013397e-03
5.489335744641721249e-04
-2.044250955805182457e-03
2.541717607527971268e-03
2.038407139480113983e-03
3.336166497319936752e-03
-3.155285376124083996e-04
2.027618233114480972e-03
1.080949092283844948e-03
-1.268732128664851189e-03
2.341259038075804710e-03
-1.128466334193944931e-03
-2.823564456775784492e-03
-2.199011854827404022e-03
-3.547850064933300018e-03
4.117380303796380758e-04
-2.941621933132410049e-03
3.714657621458172798e-03
9.755071368999779224e-04
1.350378151983022690e-04
-1.898746413644403219e-04
1.893872045911848545e-03
7.107348064891993999e-04
-2.151462482288479805e-03
-2.336701843887567520e-03
-1.610885374248027802e-03
-1.877266564406454563e-03
2.987201791256666183e-03
-1.049926620908081532e-03
3.194825956597924232e-03
-1.388386124745011330e-03
1.824306673370301723e-03
2.312241587787866592e-03
-6.779237883165478706e-04
3.105259733274579048e-03
-2.619224367663264275e-03
2.368794288486242294e-03
1.966663403436541557e-03
-2.506795572116971016e-03
-2.958408556878566742e-03
3.860944183543324471e-03
-2.545948140323162079e-03
-2.165221609175205231e-03
-6.367382593452930450e-04
-2.635250566527247429e-03
2.969601191580295563e-03
2.655375283211469650e-03
-3.013861365616321564e-03
1.398033695295453072e-03
2.695736475288867950e-03
3.447247436270117760e-03
2.213330473750829697e-03
-1.282743760384619236e-03
-1.594224129803478718e-03
2.139133168384432793e-03
-1.036112080328166485e-04
4.067074332851916552e-04
1.892556436359882355e-03
1.538309385068714619e-03
-2.497771754860877991e-03
-3.367899218574166298e-03
-3.395773703232407570e-03
3.221198217943310738e-03
1.737735234200954437e-03
3.545290965121239424e-04
-2.723469631746411324e-03
-8.714165305718779564e-04
-2.344989683479070663e-03
1.181996311061084270e-03
-2.725530415773391724e-03
2.783549483865499496e-03
-1.914202934131026268e-03
-3.137424355372786522e-03
9.957354050129652023e-04
3.227219916880130768e-03
1.272328081540763378e-03
-3.310044063255190849e-03
2.534078375902026892e-04
1.105418778024613857e-03
1.865027472376823425e-03
-2.124896273016929626e-04
6.417249678634107113e-04
2.207174664363265038e-03
-3.469249699264764786e-03
