-9.232010925188660622e-04
1.469630282372236252e-03
-1.536612631753087044e-03
-1.503417734056711197e-03
-1.133991405367851257e-03
-2.486867888364940882e-04
4.015715094283223152e-04
1.262971665710210800e-03
3.469584276899695396e-03
2.007013885304331779e-03
3.763628890737891197e-03
-1.523786457255482674e-03
-4.024468944407999516e-04
3.541376674547791481e-03
1.987566007301211357e-03
7.823294727131724358e-04
4.612093907780945301e-04
-5.938765825703740120e-04
-6.497115246020257473e-04
1.937502413056790829e-03
2.104765269905328751e-03
-4.379547026474028826e-04
2.615238074213266373e-03
-3.263563150539994240e-03
4.021510831080377102e-04
-3.371285507455468178e-03
6.467815837822854519e-04
2.773833461105823517e-03
7.733738748356699944e-04
1.125761889852583408e-03
2.924537984654307365e-03
-1.414695405401289463e-03
-2.701705787330865860e-03
2.471296116709709167e-03
3.901194781064987183e-03
1.690055010840296745e-03
2.504458418115973473e-03
-3.095958963967859745e-04
3.753304248675704002e-03
2.032184042036533356e-03
-2.165872370824217796e-03
2.365108375670388341e-04
-8.398216450586915016e-04
1.889182836748659611e-03
-1.735636498779058456e-03
3.062844974920153618e-03
2.820556517690420151e-03
1.144735026173293591e-03
-9.470192599110305309e-04
2.662989776581525803e-03
1.208960544317960739e-03
-7.939945207908749580e-04
2.142518991604447365e-03
-4.783588519785553217e-04
2.851339522749185562e-03
3.553972812369465828e-03
2.006572438403964043e-03
-3.418821608647704124e-03
-5.912308697588741779e-04
2.392361406236886978e-03
2.002123743295669556e-03
5.798810743726789951e-04
-3.247747197747230530e-03
1.263043610379099846e-03
1.018643029965460300e-03
2.568002091720700264e-03
-1.443548593670129776e-03
-1.953913131728768349e-03
-2.559487242251634598e-03
9.010505746118724346e-04
2.093051560223102570e-03
-1.678892294876277447e-03
-2.302948851138353348e-03
2.910810755565762520e-03
-1.145920832641422749e-03
-3.305497346445918083e-03
2.745365723967552185e-03
-2.086196094751358032e-03
-1.703048706986010075e-03
-2.915260614827275276e-03
1.728707575239241123e-04
2.500033238902688026e-03
-1.873479108326137066e-03
-8.332808502018451691e-04
-3.555482253432273865e-03
-3.091779304668307304e-03
2.871208358556032181e-03
-2.097466494888067245e-03
-2.936323173344135284e-03
-1.614790642634034157e-03
2.422770252451300621e-03
-2.301935106515884399e-03
-1.096356892958283424e-03
-3.139671636745333672e-03
-1.562809804454445839e-03
1.624871045351028442e-03
-1.662812777794897556e-03
3.195046214386820793e-03
2.745292440522462130e-04
-2.527623204514384270e-03
3.663657931610941887e-03
7.072655134834349155e-04
2.564553869888186455e-03
3.608746454119682312e-03
2.615790814161300659e-03
-1.699828309938311577e-03
-1.003877492621541023e-03
-1.828814158216118813e-03
8.225542260333895683e-04
3.680860099848359823e-04
9.344099089503288269e-04
-2.455643145367503166e-03
6.109381793066859245e-04
-3.115823201369494200e-04
2.639551879838109016e-03
-8.822698728181421757e-04
-3.024556441232562065e-03
3.546413034200668335e-03
7.303432212211191654e-04
2.067406661808490753e-03
-2.327299880562350154e-04
1.859833428170531988e-04
-2.563676098361611366e-03
-7.981794187799096107e-04
-2.010190859436988831e-03
-3.220774233341217041e-03
-3.187384223565459251e-03
1.679097418673336506e-03
1.098342108889482915e-04
1.256601070053875446e-03
-3.017863491550087929e-03
1.072609098628163338e-03
-1.197473844513297081e-03
3.361233975738286972e-03
1.846436294727027416e-03
2.188555430620908737e-03
-1.163926208391785622e-03
-1.870598411187529564e-03
2.318566112080588937e-04
2.642757492139935493e-03
-2.379453944740816951e-04
1.820590230636298656e-03
-1.008410617941990495e-05
3.778152458835393190e-04
-2.847751602530479431e-03
-1.025595935061573982e-03
-2.289251890033483505e-03
6.951481918804347515e-04
-3.370526479557156563e-03
3.160541877150535583e-03
2.351039438508450985e-04
3.669907571747899055e-03
2.621268620714545250e-03
2.221741247922182083e-03
2.339063503313809633e-04
1.650149817578494549e-03
-2.641129074618220329e-03
8.604238973930478096e-04
-1.026502111926674843e-03
-9.046556078828871250e-04
-1.957658678293228149e-03
-7.151205209083855152e-04
8.537470130249857903e-04
3.829616616712883115e-05
9.369369363412261009e-04
1.177638303488492966e-03
-2.283834153786301613e-03
3.513437695801258087e-03
3.019468858838081360e-03
-1.498169265687465668e-03
3.587583778426051140e-03
-1.676218467764556408e-03
1.176728401333093643e-03
-7.301170844584703445e-04
-1.672502723522484303e-03
3.349581034854054451e-03
-3.273048670962452888e-03
1.751831732690334320e-03
1.955550396814942360e-03
-3.143514622934162617e-04
-2.064739586785435677e-03
9.309978922829031944e-04
2.812875900417566299e-03
-3.891300410032272339e-03
7.073722372297197580e-05
3.208465641364455223e-03
-3.610404382925480604e-04
-3.066907636821269989e-03
-1.961010508239269257e-03
8.996127289719879627e-04
2.945947460830211639e-03
-5.160982254892587662e-04
3.450003918260335922e-03
-1.206737011671066284e-03
4.913322045467793941e-04
5.450102034956216812e-04
-7.296819239854812622e-04
-1.442950218915939331e-03
-2.774095162749290466e-03
-1.622516312636435032e-03
1.049161888659000397e-03
1.228556386195123196e-03
-3.777655772864818573e-03
3.420384135097265244e-03
2.814230683725327253e-04
1.341047231107950211e-03
1.254186965525150299e-03
3.502628766000270844e-03
3.911024890840053558e-03
2.227585529908537865e-03
3.149150870740413666e-03
-1.739833736792206764e-03
-1.774866541381925344e-04
7.301999139599502087e-04
1.186336274258792400e-03
-1.242419006302952766e-03
1.170714036561548710e-03
2.771743340417742729e-03
-8.874139166437089443e-04
-1.758316182531416416e-03
2.735548769123852253e-04
-1.850145752541720867e-03
-1.262916368432343006e-03
-3.576075192540884018e-03
2.335545374080538750e-03
1.055640517733991146e-03
-1.766617759130895138e-03
1.619474380277097225e-03
-1.363906078040599823e-03
-2.405781997367739677e-03
-1.457735896110534668e-03
-2.927671186625957489e-03
-7.601515389978885651e-04
-2.055362798273563385e-03
1.773895113728940487e-03
3.290118649601936340e-03
-3.855499904602766037e-03
-2.921984065324068069e-03
1.124302390962839127e-03
2.121860889019444585e-04
1.779915648512542248e-03
-3.352179192006587982e-03
9.648500126786530018e-04
-5.419741501100361347e-04
6.307043367996811867e-04
-3.466953290626406670e-03
2.372841117903590202e-03
1.450766110792756081e-03
2.243998227640986443e-03
4.540973168332129717e-04
6.147118401713669300e-04
-5.530545022338628769e-04
-1.330142957158386707e-03
-2.632036339491605759e-03
-3.899598727002739906e-03
2.836723579093813896e-03
