1.187655609101057053e-03
-3.152126446366310120e-03
-3.039537230506539345e-03
2.724361605942249298e-03
-1.321381656453013420e-03
5.368434358388185501e-04
1.070287544280290604e-03
-1.580038457177579403e-03
-6.400870624929666519e-04
-3.323411336168646812e-03
3.996407031081616879e-04
1.219762489199638367e-03
1.772601273842155933e-03
-3.400648012757301331e-03
2.241824520751833916e-03
2.126826904714107513e-03
-2.709027030505239964e-04
2.496593166142702103e-03
-2.629896625876426697e-04
-5.485246656462550163e-04
3.384880954399704933e-03
2.538879401981830597e-03
-1.398164080455899239e-03
-1.482470543123781681e-03
8.411476155743002892e-04
-1.737622311338782310e-03
3.489349328447133303e-04
1.998475752770900726e-03
-9.778315434232354164e-04
-3.268480068072676659e-03
3.177361562848091125e-03
1.899698836496099830e-04
-1.951137091964483261e-03
3.241305705159902573e-03
9.986080694943666458e-04
3.729019081220030785e-03
-1.326330588199198246e-03
3.462887601926922798e-03
-2.450639382004737854e-03
-9.110340033657848835e-04
-2.250741003081202507e-03
2.659732243046164513e-03
-9.652931476011872292e-04
2.091903239488601685e-03
-3.573914291337132454e-03
1.946833566762506962e-03
2.583493944257497787e-03
2.508328761905431747e-03
1.321581366937607527e-04
2.562338719144463539e-03
-2.919812919571995735e-03
-9.265810367651283741e-04
6.223905365914106369e-04
2.432773122563958168e-03
-2.973685739561915398e-03
1.837629475630819798e-03
-1.610188279300928116e-03
-7.937526679597795010e-04
-1.269847736693918705e-03
1.774027477949857712e-03
-1.805386622436344624e-03
1.428184448741376400e-03
2.755675697699189186e-03
3.051343606784939766e-03
2.965700987260788679e-04
-2.048841444775462151e-03
1.030678278766572475e-03
1.329210936091840267e-03
-2.864928916096687317e-03
-1.160467742010951042e-03
3.547396045178174973e-03
2.146914601325988770e-03
2.779632341116666794e-04
-3.864935366436839104e-03
-2.691626781597733498e-03
-5.898150848224759102e-04
2.832186874002218246e-03
2.763002878054976463e-03
3.410491161048412323e-03
-6.607268005609512329e-04
1.888293423689901829e-03
2.809490077197551727e-03
-3.430329496040940285e-03
-2.118515782058238983e-03
-1.923104398883879185e-03
-1.712320809019729495e-04
8.420958183705806732e-04
-1.882621087133884430e-03
2.390696201473474503e-03
2.251777099445462227e-03
1.365342061035335064e-03
3.350413404405117035e-03
-2.287627896293997765e-03
2.068017376586794853e-03
-1.353496103547513485e-03
-3.267273132223635912e-04
2.472915512043982744e-04
4.621878906618803740e-04
-1.784814638085663319e-03
1.267879619263112545e-03
-2.847761847078800201e-03
-2.659116173163056374e-03
2.553289989009499550e-03
7.331437518587335944e-05
1.309747342020273209e-03
1.556717441417276859e-03
-3.973933926317840815e-04
-7.773232064209878445e-04
-3.482224186882376671e-03
2.975065959617495537e-03
1.888800994493067265e-03
3.079813672229647636e-03
-2.674111747182905674e-04
-1.331273699179291725e-03
1.509862835519015789e-03
1.754516270011663437e-03
-2.721888944506645203e-03
-9.417414548806846142e-04
3.408640157431364059e-03
-2.535328967496752739e-03
-6.228523561730980873e-04
3.453040029853582382e-03
3.414503298699855804e-03
-2.940692240372300148e-03
-7.157260552048683167e-05
-2.190980827435851097e-03
-1.174198579974472523e-03
2.136676805093884468e-03
3.562776604667305946e-03
-1.236670417711138725e-03
-3.467151429504156113e-03
-2.990229520946741104e-03
-1.995092257857322693e-03
4.749619401991367340e-04
1.619337359443306923e-03
1.354327891021966934e-03
3.552786773070693016e-03
3.085582051426172256e-03
1.235939096659421921e-03
-1.797954784706234932e-03
1.256108167581260204e-03
2.783922944217920303e-03
-2.559355925768613815e-03
1.317890360951423645e-03
-3.288093954324722290e-03
-5.573445814661681652e-04
-2.424619859084486961e-03
1.675001403782516718e-04
-3.537779848556965590e-04
1.168582472018897533e-03
-5.624446657748194411e-06
1.606860780157148838e-03
1.653775456361472607e-03
-4.394567222334444523e-04
-2.622546860948204994e-03
1.087947515770792961e-03
-3.555000526830554008e-03
-3.473314456641674042e-03
-3.704857546836137772e-03
2.151435008272528648e-03
1.769255148246884346e-03
-2.180643612518906593e-03
-2.678704913705587387e-03
-5.773564334958791733e-04
-3.416126128286123276e-03
8.578341803513467312e-04
-1.408329408150166273e-04
1.687309006229043007e-03
3.652805928140878677e-03
-4.009717958979308605e-04
-2.169613726437091827e-03
-1.151271513663232327e-03
3.901653981301933527e-04
3.459596773609519005e-03
1.432955381460487843e-03
2.655993914231657982e-03
1.704879105091094971e-04
3.600802738219499588e-03
-1.955713843926787376e-03
-9.836871176958084106e-04
3.023200435563921928e-03
3.054530825465917587e-04
-9.158651228062808514e-04
7.996478816494345665e-04
-3.808408655459061265e-05
-9.489185758866369724e-04
-6.829127669334411621e-04
2.554724924266338348e-03
-1.379347486363258213e-05
2.071576425805687904e-03
2.603001426905393600e-03
3.417514031752943993e-03
-1.029517879942432046e-04
-3.091558115556836128e-03
-3.184416098520159721e-03
-1.887074206024408340e-03
-3.190298797562718391e-03
1.760709215886890888e-03
-4.706952313426882029e-04
2.919762860983610153e-03
2.807774813845753670e-03
-3.355247667059302330e-03
2.782433293759822845e-03
1.253620139323174953e-03
-3.594834124669432640e-03
2.945596585050225258e-03
3.860997036099433899e-03
1.066215103492140770e-03
-3.245691070333123207e-03
1.496094977483153343e-03
-3.566418774425983429e-03
-2.499034395441412926e-03
-2.071679802611470222e-03
2.166336402297019958e-03
-3.882983000949025154e-03
-2.133011119440197945e-03
6.243110983632504940e-04
-3.449741750955581665e-03
1.142989713116548955e-04
5.845464766025543213e-04
-3.809056244790554047e-03
-5.579997086897492409e-04
3.022862831130623817e-03
-2.202154602855443954e-03
-1.397026702761650085e-03
-2.180797280743718147e-03
-2.318415790796279907e-03
3.499894402921199799e-03
6.478276191046461463e-05
-9.673957829363644123e-04
-2.914661308750510216e-03
-2.135506598278880119e-03
2.824164228513836861e-03
-3.547007218003273010e-03
-2.137086819857358932e-03
-6.972642731852829456e-04
-2.706053492147475481e-04
-1.395179308019578457e-03
-8.721330959815531969e-05
-7.041088538244366646e-04
2.779781818389892578e-03
-1.582531724125146866e-03
-2.179187024012207985e-03
3.443631576374173164e-03
4.310785152483731508e-04
-3.825978143140673637e-03
-3.626106306910514832e-03
-3.555454313755035400e-03
9.179043117910623550e-04
5.976477405056357384e-04
2.427036175504326820e-03
-6.659929058514535427e-04
-4.014027072116732597e-04
3.638400696218013763e-03
1.439747516997158527e-03
3.305164631456136703e-03
