6.251742015592753887e-04
-1.460904255509376526e-03
-3.276789793744683266e-03
-7.973617757670581341e-04
1.518969307653605938e-03
2.327645197510719299e-03
1.816796720959246159e-03
6.470897351391613483e-04
2.769415965303778648e-03
3.713961457833647728e-03
-3.816260257735848427e-03
2.590633463114500046e-03
-5.543514853343367577e-04
2.298777690157294273e-03
-1.005701138637959957e-03
-3.138337284326553345e-03
2.530785743147134781e-03
1.563261263072490692e-03
1.168395043350756168e-03
-3.282183082774281502e-03
1.186209381558001041e-03
5.589458160102367401e-04
-1.842680154368281364e-03
2.576358616352081299e-03
-2.995097311213612556e-03
-3.668461693450808525e-03
1.309490413405001163e-03
8.815666660666465759e-04
4.806837387150153518e-05
1.732811680994927883e-03
1.979238120838999748e-03
-1.509894384071230888e-03
2.686495659872889519e-03
-1.965947682037949562e-03
3.599185263738036156e-03
2.087857807055115700e-03
-1.168662332929670811e-03
2.223872346803545952e-03
3.862728131935000420e-03
2.663472434505820274e-03
-4.487393307499587536e-04
-2.007002476602792740e-04
-3.145613707602024078e-03
1.024692202918231487e-03
3.281984012573957443e-03
3.032014472410082817e-03
-1.183521933853626251e-03
-1.794775365851819515e-03
2.651774790138006210e-03
6.857261760160326958e-04
-1.102232607081532478e-03
-1.034927205182611942e-03
2.598653314635157585e-03
-4.568715521600097418e-04
-2.438907744362950325e-03
-6.983053754083812237e-04
2.554310252889990807e-03
3.695235820487141609e-03
-2.803086768835783005e-03
-2.081324812024831772e-03
-1.805949374102056026e-03
1.867801998741924763e-03
-3.614353016018867493e-03
2.262840280309319496e-03
1.753155724145472050e-03
1.184743596240878105e-03
-8.537295507267117500e-04
-2.814549021422863007e-03
-1.345980679616332054e-03
-2.320343446626793593e-05
-1.444452209398150444e-03
9.457697160542011261e-04
-2.233764622360467911e-03
1.117483479902148247e-03
3.404199378564953804e-03
-1.126882038079202175e-03
-4.003247013315558434e-04
-3.763805143535137177e-03
-3.722432593349367380e-04
-2.603629138320684433e-03
1.801873906515538692e-03
-2.387257991358637810e-03
-1.789156347513198853e-03
-3.561965888366103172e-03
-1.840823562815785408e-03
-2.775573637336492538e-03
3.673829836770892143e-03
-3.176346188411116600e-03
2.561404602602124214e-03
1.789107802323997021e-03
8.435801719315350056e-04
-2.362104365602135658e-03
3.330779494717717171e-03
2.750925021246075630e-03
8.820866351015865803e-04
-2.945214742794632912e-03
1.017856877297163010e-03
-2.153410110622644424e-03
-2.691571367904543877e-03
2.013715449720621109e-03
-1.942343427799642086e-03
-1.296946720685809851e-04
-1.196921220980584621e-03
2.874483587220311165e-03
3.873884910717606544e-03
8.608244825154542923e-04
-3.603648627176880836e-03
1.019765040837228298e-03
2.351505449041724205e-03
-2.330309944227337837e-03
2.837148495018482208e-03
-3.545425366610288620e-03
4.249516641721129417e-04
-2.224987605586647987e-03
-2.031911135418340564e-04
-1.099042638088576496e-04
-1.242729136720299721e-03
-6.856207037344574928e-04
6.912539247423410416e-04
9.996013250201940536e-04
-2.017021179199218750e-03
-1.097859232686460018e-03
-3.127542790025472641e-03
-2.294276142492890358e-03
-2.825504401698708534e-03
-1.580038660904392600e-04
-3.847338026389479637e-03
-2.587231807410717010e-03
2.891073003411293030e-03
-2.638698089867830276e-03
2.631526673212647438e-03
3.510751528665423393e-03
2.607046859338879585e-03
-2.246690710308030248e-04
6.056023994460701942e-04
-1.289512612856924534e-03
5.761466454714536667e-04
3.703394439071416855e-03
-9.351377957500517368e-05
-2.480709459632635117e-03
3.543840721249580383e-03
2.555895596742630005e-03
6.983253406360745430e-04
2.890087896957993507e-03
1.320681185461580753e-03
2.700099023059010506e-03
-3.241608850657939911e-03
8.903832349460572004e-05
4.159022355452179909e-04
-8.229150553233921528e-04
3.671713406220078468e-03
1.421330263838171959e-03
-2.939860802143812180e-03
-2.791297622025012970e-03
-3.716041333973407745e-03
3.663626965135335922e-03
-8.231576066464185715e-04
-6.946685607545077801e-04
-1.802364480681717396e-03
-1.653249026276171207e-03
-2.737110247835516930e-03
2.862807828933000565e-03
4.798570007551461458e-04
-2.310179872438311577e-03
-1.840328448452055454e-03
-3.796457778662443161e-03
-2.573549980297684669e-03
-2.700328826904296875e-03
-3.742402652278542519e-03
7.963922107592225075e-04
2.633996075019240379e-03
1.877583097666501999e-03
-1.655431464314460754e-03
-1.129754702560603619e-03
-8.345291134901344776e-04
-2.328460250282660127e-04
-3.498300677165389061e-03
-1.179202343337237835e-03
2.971921814605593681e-03
2.970729488879442215e-03
3.525163629092276096e-04
-2.309144707396626472e-03
3.753800876438617706e-03
2.103525912389159203e-03
2.736422466114163399e-03
3.816869575530290604e-04
-1.227319240570068359e-03
3.230170812457799911e-03
2.618509111925959587e-03
-1.850998261943459511e-03
-1.828207459766417742e-04
1.918165246024727821e-03
-1.047899830155074596e-03
-3.258770098909735680e-03
3.250095527619123459e-03
5.419423105195164680e-04
1.857775612734258175e-03
-2.344991546124219894e-03
2.691338770091533661e-03
3.485337831079959869e-03
2.749608363956212997e-03
-3.801739774644374847e-03
3.857971867546439171e-03
6.010843208059668541e-04
-3.814302035607397556e-04
-3.799691796302795410e-03
-1.994790509343147278e-03
1.990356715396046638e-03
2.183692762628197670e-03
-2.088293898850679398e-03
1.048797508701682091e-03
-3.525679698213934898e-03
2.854604739695787430e-03
4.018713370896875858e-04
2.476686378940939903e-03
1.949674217030405998e-03
2.891107462346553802e-03
1.371601596474647522e-03
5.100306589156389236e-05
-1.754691009409725666e-03
-7.169215241447091103e-04
2.136043738573789597e-03
-3.083061019424349070e-04
1.493426854722201824e-03
1.605192315764725208e-03
-2.033167285844683647e-03
1.770342816598713398e-03
3.775920486077666283e-03
-1.626455457881093025e-03
-1.236185082234442234e-03
-3.878431161865592003e-03
1.850681495852768421e-03
-2.062671119347214699e-03
-1.699345186352729797e-03
-3.622423857450485229e-03
1.743478118441998959e-03
2.913800533860921860e-03
-9.617243777029216290e-04
1.380787231028079987e-03
2.417818643152713776e-03
-6.905849440954625607e-04
1.772644463926553726e-03
1.114138751290738583e-03
2.966005820780992508e-03
-3.576121991500258446e-03
2.051257528364658356e-03
-3.127088071778416634e-03
-9.148652898147702217e-04
2.054451266303658485e-03
2.771009923890233040e-03
-3.360318019986152649e-03
1.058411900885403156e-03
-1.919675036333501339e-03
1.576452050358057022e-03
-3.466492518782615662e-03
7.316592382267117500e-04
