1.309065497480332851e-03
-1.895228051580488682e-03
5.792154697701334953e-04
3.515434917062520981e-03
-1.909197657369077206e-03
1.214860531035810709e-04
2.939661731943488121e-03
-2.876576036214828491e-03
-1.245988882146775723e-03
1.343208481557667255e-03
3.620542120188474655e-03
2.179444301873445511e-03
2.441036747768521309e-03
9.316432988271117210e-04
2.068069530650973320e-03
3.894421737641096115e-03
5.102475406602025032e-04
2.178107155486941338e-03
-3.853933885693550110e-03
-2.872250275686383247e-03
-3.808425506576895714e-03
7.442650967277586460e-04
3.645655000582337379e-03
3.389599733054637909e-03
1.389544573612511158e-03
-2.831336576491594315e-03
-2.403796184808015823e-03
1.920443144626915455e-03
-2.132762921974062920e-03
1.517788739874958992e-03
2.172300359234213829e-03
1.006906852126121521e-03
3.129870310658589005e-05
-1.877015107311308384e-03
2.839955035597085953e-03
2.847437746822834015e-03
-3.581593511626124382e-03
1.938549336045980453e-03
-1.005014491965994239e-04
-2.115848474204540253e-03
1.118340180255472660e-03
3.859629854559898376e-03
-2.395795192569494247e-03
-8.813820313662290573e-04
3.231711918488144875e-03
-4.832910490222275257e-04
1.217803874169476330e-04
-3.366347402334213257e-03
-3.647490637376904488e-03
2.415155526250600815e-03
-3.883216995745897293e-03
-1.355477026663720608e-03
3.013230394572019577e-03
3.880704171024262905e-04
3.664300078526139259e-03
-3.837009193375706673e-03
-2.056244265986606479e-04
1.825994346290826797e-03
-9.785535512492060661e-04
-3.354945220053195953e-03
-8.428020519204437733e-04
-1.200518745463341475e-04
-1.676787273027002811e-03
2.114946488291025162e-03
-1.018126728013157845e-03
3.264729748480021954e-04
-9.600826888345181942e-04
-5.881262477487325668e-04
4.655577140511013567e-05
-2.131662098690867424e-03
-2.195016946643590927e-03
1.237911405041813850e-03
3.710764925926923752e-03
-2.848972799256443977e-03
-1.204833504743874073e-03
3.367118770256638527e-03
-1.496074837632477283e-03
2.482419404259417206e-05
-5.016900249756872654e-04
-2.117185620591044426e-03
1.490355585701763630e-03
-3.060885472223162651e-03
2.755054039880633354e-03
2.113819122314453125e-03
-3.839907934889197350e-03
-1.611986430361866951e-03
-5.068120080977678299e-04
2.818304346874356270e-03
1.413209683960303664e-04
-2.606159774586558342e-03
-3.185122506693005562e-03
1.165691646747291088e-03
-3.724040463566780090e-03
3.850891254842281342e-03
-6.661375518888235092e-04
1.678022905252873898e-03
-1.776626100763678551e-03
3.221593098714947701e-03
-1.853831199696287513e-04
2.253236714750528336e-03
-3.635670291259884834e-03
-1.779742538928985596e-03
2.343046711757779121e-03
2.561619272455573082e-03
-1.219503814354538918e-03
-2.796242479234933853e-03
-2.500600647181272507e-03
-8.742447244003415108e-05
6.831649807281792164e-05
5.942207644693553448e-05
3.036119742318987846e-03
-2.538546454161405563e-03
3.535498632118105888e-03
-1.667786971665918827e-03
7.723643793724477291e-04
-1.144353882409632206e-03
3.718635067343711853e-03
2.268764947075396776e-04
2.170369727537035942e-03
3.468673443421721458e-03
8.654060075059533119e-04
9.361389093101024628e-04
-4.970112349838018417e-04
2.821296453475952148e-03
3.222653642296791077e-03
2.660650759935379028e-03
-6.189089035615324974e-04
-3.456640755757689476e-03
-1.028312486596405506e-03
2.107527572661638260e-03
-3.634035121649503708e-03
-1.903030672110617161e-03
2.060562372207641602e-03
-3.682023845613002777e-03
3.719568485394120216e-03
1.012197928503155708e-03
4.856525920331478119e-04
-8.463779813610017300e-04
7.597929798066616058e-04
-6.552954437211155891e-04
1.136231701821088791e-03
-1.318914932198822498e-03
9.360100957565009594e-04
-2.381933154538273811e-04
3.272728994488716125e-03
-2.838707529008388519e-03
-1.347962068393826485e-03
-8.454144699499011040e-04
3.788782749325037003e-03
1.290027168579399586e-03
-1.018543611280620098e-03
-1.283255056478083134e-03
-2.812595572322607040e-03
-5.080004921182990074e-04
-3.739617066457867622e-03
-1.240117358975112438e-03
2.862250665202736855e-03
1.003370562102645636e-04
1.686364877969026566e-03
3.631983883678913116e-03
-4.350746748968958855e-04
6.234516040422022343e-04
2.134868176653981209e-03
1.895411638543009758e-03
-1.086873744498006999e-04
3.713406389579176903e-03
3.493022639304399490e-03
2.034775912761688232e-03
-1.575250294990837574e-03
-7.656516972929239273e-04
-1.930173137225210667e-03
2.249555895105004311e-03
1.794755808077752590e-03
-2.010083058848977089e-03
1.635374617762863636e-03
-1.828915788792073727e-03
-1.530604902654886246e-03
-2.405201084911823273e-03
-1.757993828505277634e-03
3.307746024802327156e-03
-2.762403571978211403e-03
-3.580998862162232399e-03
5.222298786975443363e-04
-1.874968642368912697e-03
-2.683932834770530462e-04
-1.479753525927662849e-03
-1.898839836940169334e-03
1.858712057583034039e-03
2.436630195006728172e-03
3.819262841716408730e-03
-3.080440917983651161e-03
1.377842505462467670e-03
-3.668003715574741364e-03
-1.814381568692624569e-03
-2.735048998147249222e-03
-3.745200810953974724e-03
1.679152250289916992e-03
-2.815179293975234032e-03
-8.684873464517295361e-04
-3.760543477255851030e-04
-1.098954468034207821e-03
-1.554359914734959602e-03
-2.928296569734811783e-03
-3.435311140492558479e-03
8.134792442433536053e-04
-2.068575471639633179e-03
-1.328920479863882065e-03
-2.303383778780698776e-03
3.490386297926306725e-03
-3.848284250125288963e-03
3.293352201581001282e-03
-2.777615562081336975e-03
3.684658324345946312e-03
2.258795284433290362e-04
2.150226384401321411e-03
-1.173708937130868435e-03
1.672189217060804367e-03
-1.432974706403911114e-03
-2.231877297163009644e-03
-1.342827337794005871e-03
-2.933748299255967140e-03
-1.465954934246838093e-03
-3.261532401666045189e-03
-3.753891796804964542e-04
-3.438105108216404915e-03
3.801505779847502708e-03
-6.286745774559676647e-04
2.181721152737736702e-03
-3.851726884022355080e-03
-3.291412256658077240e-03
7.023980142548680305e-04
1.594424131326377392e-03
3.827994689345359802e-03
-3.463435685262084007e-03
3.860253491438925266e-04
1.959472894668579102e-03
-9.673088061390444636e-05
-3.041173564270138741e-03
-3.417630679905414581e-03
-3.279648721218109131e-03
-3.249520377721637487e-04
-3.215504577383399010e-03
1.519226701930165291e-03
3.424326889216899872e-03
1.481026993133127689e-03
2.498320769518613815e-03
2.605956397019326687e-04
-1.953039318323135376e-03
-1.338936970569193363e-03
-9.488274808973073959e-04
4.923981032334268093e-04
5.497528472915291786e-04
1.488902489654719830e-03
8.441378013230860233e-04
-3.210553200915455818e-03
8.830353617668151855e-04
