6.045624832040630281e-05
-3.471370087936520576e-03
1.638214103877544403e-03
-1.637043664231896400e-03
-3.663072595372796059e-03
-2.051570219919085503e-03
3.403212409466505051e-03
8.099036058411002159e-04
2.748865867033600807e-03
2.255711879115551710e-04
-9.799791732802987099e-04
-5.602694582194089890e-04
-1.060218201018869877e-03
1.624353695660829544e-03
-2.965734456665813923e-04
1.626757555641233921e-03
5.663593183271586895e-04
2.176922280341386795e-03
-1.216623815707862377e-03
3.001800039783120155e-03
3.006798215210437775e-03
3.419796004891395569e-03
1.646104617975652218e-03
-3.723154077306389809e-03
2.208211692050099373e-03
2.515531145036220551e-03
2.464529359713196754e-03
3.112687030807137489e-03
-5.867364816367626190e-04
-1.203667256049811840e-03
1.031429623253643513e-03
1.470319461077451706e-03
-3.656473476439714432e-03
-1.709961215965449810e-03
-2.099903795169666409e-04
-3.308743005618453026e-03
8.685065549798309803e-04
-5.009895539842545986e-04
-1.493531744927167892e-03
-3.785246051847934723e-03
3.136019920930266380e-03
-2.856904175132513046e-03
-2.621295861899852753e-03
3.274511080235242844e-03
1.965345581993460655e-03
3.168524010106921196e-03
-3.518849844112992287e-03
1.932102255523204803e-03
1.012300723232328892e-03
-3.436953062191605568e-03
-3.250734182074666023e-03
-1.767577836290001869e-03
-1.117920037358999252e-04
2.858698135241866112e-03
5.886495346203446388e-04
1.066796947270631790e-03
1.738382969051599503e-03
3.124156733974814415e-03
2.203938784077763557e-03
1.410221797414124012e-03
3.380185924470424652e-03
-3.871045541018247604e-03
2.400401979684829712e-03
5.200501182116568089e-04
8.448024746030569077e-04
7.246680906973779202e-04
-3.620104864239692688e-03
1.889315317384898663e-03
-4.224289150442928076e-04
-4.420599434524774551e-04
-1.445862930268049240e-03
1.102996175177395344e-03
-6.436718103941529989e-05
9.977995650842785835e-04
4.704905441030859947e-04
-1.790864858776330948e-03
1.263245125301182270e-03
1.975379651412367821e-03
-3.880372503772377968e-03
-2.084464300423860550e-03
3.438298124819993973e-03
-1.346321892924606800e-03
-7.315407274290919304e-04
-3.416877239942550659e-03
3.451608819887042046e-03
3.735611680895090103e-03
-1.924646086990833282e-03
3.152824705466628075e-03
8.430791058344766498e-05
-1.965111354365944862e-03
2.350447699427604675e-03
3.056297777220606804e-03
4.353863187134265900e-04
9.026899933815002441e-04
3.162694396451115608e-03
9.251888841390609741e-04
-3.780022263526916504e-03
3.585793077945709229e-03
1.999942585825920105e-03
-1.257551368325948715e-03
3.229310503229498863e-03
4.068836860824376345e-04
3.774930664803832769e-04
3.767121117562055588e-03
1.747716218233108521e-03
6.396912503987550735e-04
2.068025292828679085e-03
-1.936241402290761471e-03
3.394294762983918190e-03
1.433743396773934364e-03
3.394100116565823555e-03
3.444172441959381104e-03
2.288620453327894211e-03
1.826208317652344704e-04
-3.247015178203582764e-03
9.851043578237295151e-04
5.197088466957211494e-04
-1.547436579130589962e-03
-4.544531693682074547e-04
-6.521582836285233498e-04
1.266665931325405836e-04
1.799717312678694725e-03
2.297899773111566901e-04
1.901768147945404053e-03
-8.119608974084258080e-04
4.785518685821443796e-04
-5.060498951934278011e-04
2.751262036326806992e-05
5.448156734928488731e-04
1.352152670733630657e-03
-3.312799148261547089e-03
1.057259971275925636e-03
3.371684812009334564e-03
-5.361459334380924702e-04
-2.855607075616717339e-03
-3.717468585819005966e-03
-3.258899785578250885e-03
-1.543460995890200138e-03
-4.159255477134138346e-04
2.389649162068963051e-03
1.571307773701846600e-03
1.713923295028507710e-03
-1.823888393118977547e-03
-1.873377943411469460e-03
-3.692654427140951157e-03
-2.213285537436604500e-03
-3.017565002664923668e-03
3.445794573053717613e-03
-4.165096615906804800e-04
1.203525578603148460e-03
3.991107805632054806e-04
-1.865461235865950584e-03
3.504132619127631187e-03
-3.885116660967469215e-03
-3.072049003094434738e-03
-1.146593014709651470e-03
-2.215334534412249923e-04
8.655558340251445770e-04
4.284454334992915392e-04
2.923748688772320747e-03
2.188275801017880440e-03
-1.235186471603810787e-03
-1.083053182810544968e-03
8.087260066531598568e-04
-2.400835044682025909e-03
3.193068783730268478e-03
-2.543937182053923607e-03
3.167298156768083572e-03
-3.708719508722424507e-03
2.760802162811160088e-03
1.049701706506311893e-03
1.123146503232419491e-03
-2.558925421908497810e-03
8.024438284337520599e-04
-2.275244332849979401e-03
1.683980692178010941e-03
-7.206707377918064594e-04
-7.061581127345561981e-04
-3.392304759472608566e-03
1.949978410266339779e-03
6.029731594026088715e-04
-3.724572947248816490e-03
-1.291966327698901296e-04
3.388692159205675125e-03
-3.792647039517760277e-03
1.695647719316184521e-03
3.686731215566396713e-03
-3.810076974332332611e-03
1.519561279565095901e-03
1.639234018512070179e-03
-3.789630485698580742e-03
6.156916497275233269e-04
1.698085688985884190e-03
8.998967823572456837e-04
-1.277329283766448498e-04
1.169447321444749832e-03
1.296320580877363682e-03
-2.941596787422895432e-03
8.236321737058460712e-04
-3.596456954255700111e-03
-1.984203932806849480e-03
-2.259295899420976639e-03
3.891366533935070038e-03
-3.273018170148134232e-03
1.735705882310867310e-03
-2.218846464529633522e-03
-4.341255116742104292e-04
1.753797521814703941e-03
-2.909819828346371651e-03
-1.303186989389359951e-03
-3.321464639157056808e-03
5.823622341267764568e-04
-3.583995276130735874e-04
-1.904371078126132488e-03
9.451739024370908737e-04
2.870850497856736183e-03
8.300760528072714806e-04
-3.362826304510235786e-03
1.496494282037019730e-03
3.972464473918080330e-04
1.184695865958929062e-03
3.355968801770359278e-04
3.733372548595070839e-03
2.196023706346750259e-03
3.771053161472082138e-03
2.966298488900065422e-03
2.499126829206943512e-03
1.893098466098308563e-03
-3.770299023017287254e-03
-3.021872136741876602e-03
-3.814416239038109779e-03
2.071207156404852867e-03
-1.192530384287238121e-03
-1.764756743796169758e-04
-3.347812918946146965e-03
-1.880340627394616604e-03
3.834235016256570816e-03
2.052115742117166519e-03
3.460516454651951790e-03
2.338916296139359474e-03
3.089151810854673386e-03
-1.045739991241134703e-04
1.009598257951438427e-03
2.626002533361315727e-03
1.882967189885675907e-03
2.530038589611649513e-03
3.572656074538826942e-03
2.131226239725947380e-03
-1.652143895626068115e-03
1.425147522240877151e-03
-2.289561671204864979e-04
5.579495336860418320e-04
-1.192619209177792072e-03
2.935982047347351909e-05
2.127342857420444489e-03
-2.220425521954894066e-04
