2.036076039075851440e-03
-3.460886888206005096e-03
-7.855605217628180981e-04
2.758088703558314592e-05
2.662779879756271839e-04
3.887184662744402885e-03
1.292525790631771088e-03
2.912287600338459015e-03
-2.933988580480217934e-03
2.048285212367773056e-03
1.343927229754626751e-03
-1.381030888296663761e-03
3.850106382742524147e-03
-1.355024636723101139e-03
-8.558374829590320587e-04
1.314213033765554428e-03
2.879347885027527809e-03
2.901084371842443943e-04
6.042872701073065400e-05
-1.690962933935225010e-03
3.417963860556483269e-03
-1.980929868295788765e-03
2.174320165067911148e-03
6.683352403342723846e-04
-7.182281697168946266e-04
3.273163223639130592e-03
-8.013493497855961323e-04
-9.925555204972624779e-04
5.583024467341601849e-04
-4.509362333919852972e-04
1.031416468322277069e-03
-3.840182907879352570e-03
-1.387411495670676231e-03
1.498298486694693565e-03
-3.755034878849983215e-03
-1.207463094033300877e-03
1.020554569549858570e-03
-3.586152568459510803e-03
2.170934574678540230e-03
4.860018962062895298e-04
3.456011647358536720e-03
-1.032330328598618507e-03
6.803054711781442165e-04
2.669096866156905890e-04
3.657008986920118332e-03
-1.080324174836277962e-03
3.525231033563613892e-03
-2.885710448026657104e-03
-4.651948402170091867e-04
-7.556693744845688343e-04
2.191700506955385208e-03
-3.165689297020435333e-03
-2.827212680131196976e-03
2.921529579907655716e-03
2.817575819790363312e-03
-2.278232015669345856e-03
-3.391927573829889297e-03
-1.951878075487911701e-03
2.794136235024780035e-04
-8.841718226904049516e-05
-2.257753629237413406e-03
1.375368301523849368e-04
3.701247274875640869e-03
-3.023850265890359879e-03
2.662177663296461105e-03
-1.342562260106205940e-03
1.252977177500724792e-03
2.258964581415057182e-03
1.065451186150312424e-03
-3.076432272791862488e-03
3.161152591928839684e-03
3.363013267517089844e-03
9.731419268064200878e-04
-9.508644579909741879e-04
7.999344961717724800e-04
1.729593728668987751e-03
-3.652054117992520332e-03
2.534677041694521904e-03
4.297580744605511427e-04
2.672417322173714638e-03
-3.302059601992368698e-03
-3.275148337706923485e-03
-2.794725121930241585e-03
-5.019130185246467590e-04
3.405236406251788139e-03
6.625214009545743465e-04
-2.379754092544317245e-03
3.868862055242061615e-03
3.078568261116743088e-03
2.872133627533912659e-03
-1.641571754589676857e-03
6.196910981088876724e-04
-1.265079248696565628e-03
-3.153527854010462761e-03
-2.079828176647424698e-03
1.088893390260636806e-03
-2.939779544249176979e-03
3.339155577123165131e-03
3.743118373677134514e-03
3.455922706052660942e-04
-1.117012812756001949e-03
-7.735815015621483326e-04
-3.669010475277900696e-03
4.385428037494421005e-04
-1.125615439377725124e-03
3.882938763126730919e-04
1.695271348580718040e-03
-5.091652274131774902e-04
1.520195975899696350e-03
1.488868845626711845e-03
-2.085333690047264099e-03
-3.730938071385025978e-03
8.252324769273400307e-04
1.355509157292544842e-03
-2.697121351957321167e-03
3.159707877784967422e-03
3.542923834174871445e-03
-1.625949284061789513e-03
-1.322850934229791164e-03
9.246574481949210167e-04
2.471015090122818947e-03
-1.109096687287092209e-03
1.173014868982136250e-03
4.251008431310765445e-05
-6.944459746591746807e-04
-3.303492907434701920e-03
-3.025135956704616547e-03
2.954431110993027687e-04
3.102964023128151894e-03
-3.862067125737667084e-03
-1.207125256769359112e-03
5.355859757401049137e-04
-2.490178216248750687e-03
-1.626016339287161827e-03
-1.232327078469097614e-03
-1.184565597213804722e-03
-3.846755251288414001e-03
5.481422413140535355e-04
1.027932856231927872e-03
-3.797729266807436943e-03
4.370422975625842810e-04
-2.329480601474642754e-03
2.033217344433069229e-03
-9.540325263515114784e-04
-7.869795081205666065e-04
3.104048548266291618e-03
-1.637410314287990332e-04
2.415243070572614670e-03
3.922981268260627985e-04
7.141978712752461433e-04
2.198913134634494781e-03
-3.815716598182916641e-03
3.000151831656694412e-03
1.089349898393265903e-04
2.638115081936120987e-03
1.499841455370187759e-03
3.692716127261519432e-03
-2.798032481223344803e-03
1.547725056298077106e-03
2.466825302690267563e-03
6.347732269205152988e-04
-2.594487508758902550e-03
1.087139011360704899e-03
1.907036406919360161e-03
-2.985732629895210266e-03
1.135089551098644733e-03
6.135207368060946465e-04
2.251279307529330254e-03
1.759483362548053265e-03
-3.566075116395950317e-03
-3.360746894031763077e-03
-4.437294555827975273e-04
2.584916073828935623e-03
-1.006562495604157448e-03
-3.805501386523246765e-03
3.296448616310954094e-03
2.572362311184406281e-03
8.726641535758972168e-04
3.491337876766920090e-03
-9.059938020072877407e-04
6.292911712080240250e-04
-1.627420424483716488e-03
-3.076634369790554047e-03
-1.227891625603660941e-04
-3.428740310482680798e-04
-1.065003452822566032e-03
-3.645142307505011559e-03
5.982906441204249859e-04
-3.186721121892333031e-03
1.566218212246894836e-03
-3.124356502667069435e-03
2.570585813373327255e-03
-2.788820420391857624e-04
-1.564272912219166756e-03
-2.430869732052087784e-03
2.846018178388476372e-03
9.829787304624915123e-04
3.095941152423620224e-03
1.425983849912881851e-03
2.144649624824523926e-03
-8.200333104468882084e-05
-1.031308900564908981e-03
3.813646966591477394e-03
1.010651816613972187e-03
6.834827945567667484e-04
1.390326418913900852e-03
2.266735071316361427e-03
1.934648207679856569e-05
2.401078585535287857e-03
2.638904843479394913e-04
-6.136517622508108616e-04
-1.976323779672384262e-03
2.439511707052588463e-03
-8.113811491057276726e-04
-1.505035441368818283e-03
1.464559347368776798e-03
-3.803625586442649364e-04
-2.717451192438602448e-03
6.313894991762936115e-04
9.902253514155745506e-04
6.575925508514046669e-04
-3.426569979637861252e-03
-6.532417610287666321e-04
2.292403019964694977e-03
1.368466648273169994e-03
3.850235138088464737e-03
-6.804696167819201946e-04
-3.406174946576356888e-03
1.415836857631802559e-03
-1.908432110212743282e-03
-2.792966086417436600e-03
-2.273863879963755608e-03
3.343036631122231483e-03
-3.235309617593884468e-03
-6.597667816095054150e-04
-2.532828366383910179e-03
-2.820815134327858686e-04
-1.570764812640845776e-03
1.590834581293165684e-03
1.544396625831723213e-03
8.593734819442033768e-04
2.213599160313606262e-03
-3.337351081427186728e-04
-2.545000752434134483e-04
-2.775486558675765991e-03
2.463141456246376038e-03
-1.186884474009275436e-03
-3.738518338650465012e-03
-1.828798791393637657e-03
3.189789364114403725e-03
3.142261644825339317e-03
3.817022079601883888e-03
-1.938255503773689270e-03
5.320644122548401356e-04
-9.706593118607997894e-04
-4.602238186635077000e-04
