3.396331099793314934e-03
-3.842959646135568619e-03
9.466644842177629471e-04
-3.665268188342452049e-03
-2.490391256287693977e-03
-2.380785997956991196e-03
1.926360855577513576e-04
-1.648195087909698486e-03
2.200183458626270294e-03
3.611761843785643578e-03
1.313801272772252560e-03
-1.672543818131089211e-03
-2.851094584912061691e-03
-6.393757066689431667e-04
1.353251747786998749e-03
1.483519095927476883e-03
1.190935494378209114e-03
1.517148804850876331e-03
2.115092473104596138e-03
1.054653330356813967e-04
-1.353406929410994053e-03
3.040805459022521973e-03
-7.426182855851948261e-04
-7.475848542526364326e-04
-4.993961192667484283e-04
2.442704513669013977e-03
-3.228636458516120911e-03
-6.819074042141437531e-04
2.124079968780279160e-03
2.270283643156290054e-03
3.743124660104513168e-03
2.569544594734907150e-03
2.342469524592161179e-03
2.643163315951824188e-03
2.109752269461750984e-03
-2.588000614196062088e-03
1.673894817940890789e-03
-1.956816529855132103e-03
-2.720392774790525436e-03
-1.494747586548328400e-03
-2.569016069173812866e-03
-3.749573137611150742e-03
-5.287982639856636524e-04
-3.363904077559709549e-03
3.286176593974232674e-03
-2.090969355776906013e-03
9.080405579879879951e-04
-1.232477836310863495e-03
1.350443810224533081e-03
-5.749550182372331619e-04
3.311380743980407715e-03
-3.744480432942509651e-03
3.259532153606414795e-03
8.120725397020578384e-04
-3.100300207734107971e-03
2.108698943629860878e-03
-3.040683688595890999e-03
1.566080260090529919e-03
2.590401796624064445e-03
7.492928416468203068e-04
-3.807280445471405983e-03
-8.422569953836500645e-04
3.370007034391164780e-03
-1.568223466165363789e-03
-3.208853770047426224e-03
-1.047542551532387733e-03
3.323965938761830330e-03
-6.467523635365068913e-04
-9.911623783409595490e-04
2.271507401019334793e-03
2.432725596008822322e-04
1.654399908147752285e-03
3.090594895184040070e-03
3.510177833959460258e-03
1.070943893864750862e-03
-2.509772544726729393e-03
-3.042528638616204262e-03
2.593996759969741106e-04
-2.311129355803132057e-03
3.938376612495630980e-04
3.760050982236862183e-03
1.221508835442364216e-03
-2.170686610043048859e-03
2.780293114483356476e-03
-3.835463663563132286e-03
2.206998411566019058e-03
-3.180441446602344513e-03
2.395252464339137077e-03
-8.238995797000825405e-04
-7.893166621215641499e-04
-1.714133191853761673e-03
3.117258427664637566e-03
9.434552339371293783e-05
1.383944298140704632e-03
1.255356590263545513e-03
2.600568812340497971e-03
-2.375754294916987419e-03
-1.631601946428418159e-03
2.771947765722870827e-03
5.573240341618657112e-04
-1.025208039209246635e-03
2.030408941209316254e-03
2.135642571374773979e-03
2.820718567818403244e-03
-6.756038055755198002e-04
-2.502574061509221792e-04
-1.040145289152860641e-03
2.724857302382588387e-03
2.756150497589260340e-04
-2.359888050705194473e-03
2.276575192809104919e-03
-3.109404351562261581e-03
-3.758805571123957634e-03
-3.207845147699117661e-03
-1.529231085442006588e-03
-3.794197924435138702e-03
-2.967847278341650963e-03
6.456085247918963432e-04
1.732055563479661942e-03
-6.014495738781988621e-04
-3.820791840553283691e-03
2.514480380341410637e-03
1.857375260442495346e-03
8.902509580366313457e-04
-8.560103015042841434e-04
2.876735525205731392e-03
2.437074203044176102e-03
8.561829454265534878e-04
-3.893998917192220688e-03
-7.480216445401310921e-04
-2.734335837885737419e-03
-1.212398710777051747e-04
-8.554275846108794212e-04
1.246062689460813999e-03
-2.538041735533624887e-04
2.979655109811574221e-04
9.660071809776127338e-04
3.061442475882358849e-05
3.114125225692987442e-03
1.488900859840214252e-03
2.432042500004172325e-03
-1.088738208636641502e-03
3.193594515323638916e-03
-2.455809852108359337e-03
1.634804299101233482e-03
-2.420898061245679855e-03
-1.561112934723496437e-03
3.487504087388515472e-03
-2.934583229944109917e-03
3.290078835561871529e-03
-3.394335508346557617e-03
1.442638225853443146e-03
-2.057908102869987488e-03
3.651492064818739891e-03
-9.773076744750142097e-04
3.275094088166952133e-03
1.794320705812424421e-04
-2.827858319506049156e-03
1.390475081279873848e-03
3.798154881224036217e-03
-1.869004772743210196e-04
3.706761403009295464e-03
3.183959517627954483e-03
-2.181151648983359337e-03
1.085884403437376022e-03
5.675390129908919334e-04
-3.217220073565840721e-03
1.510686706751585007e-03
9.892029920592904091e-04
-2.241078997030854225e-03
2.836975967511534691e-03
2.144006313756108284e-03
-3.486422356218099594e-03
-2.009448129683732986e-03
-1.279593328945338726e-03
2.665607491508126259e-03
3.416285384446382523e-03
2.181044314056634903e-03
-7.487336406484246254e-04
3.642936935648322105e-03
-1.652096834732219577e-04
-4.740498552564531565e-04
-2.955005271360278130e-03
-1.794309471733868122e-03
-1.140221836976706982e-03
3.446704067755490541e-04
2.651772694662213326e-03
2.767632482573390007e-03
2.768940757960081100e-03
3.005124395713210106e-03
1.377064036205410957e-04
1.659041969105601311e-03
-5.195926059968769550e-04
-3.528218949213624001e-03
-2.927331952378153801e-03
2.417851705104112625e-03
-3.597062081098556519e-03
8.594041573815047741e-04
2.639217535033822060e-03
-1.825517974793910980e-04
1.960613531991839409e-03
1.690133940428495407e-03
-2.033330267295241356e-03
-7.831354014342650771e-05
-1.547886349726468325e-04
-2.044253749772906303e-03
3.887661034241318703e-03
-1.219307538121938705e-03
3.775604302063584328e-03
7.251398637890815735e-04
3.446124028414487839e-03
-3.749685361981391907e-03
1.488198875449597836e-03
3.754667239263653755e-03
5.926025332883000374e-04
-3.184695495292544365e-03
4.081775550730526447e-04
3.858929267153143883e-03
1.890341227408498526e-04
-2.512311562895774841e-03
6.225334363989531994e-04
2.402131911367177963e-03
-3.417819505557417870e-03
2.230063546448945999e-03
3.816250478848814964e-03
3.851241897791624069e-03
2.719465410336852074e-03
3.471572650596499443e-03
-3.123715752735733986e-03
1.957076368853449821e-03
8.978513069450855255e-04
1.276984577998518944e-03
-2.511350205168128014e-03
3.235425101593136787e-03
-2.150997315766289830e-04
3.408660704735666513e-04
-2.527816221117973328e-03
-5.432980251498520374e-04
-2.582834567874670029e-03
-5.075479857623577118e-04
2.990736393257975578e-03
2.043202053755521774e-03
2.064494648948311806e-03
1.967170508578419685e-03
1.926927216118201613e-04
3.588035004213452339e-03
5.358372582122683525e-04
-1.422939472831785679e-03
-3.653035033494234085e-03
-1.046571065671741962e-03
-8.520576520822942257e-04
-5.660446477122604847e-04
9.853019146248698235e-04
3.697106731124222279e-04
-1.224728883244097233e-03
1.163916313089430332e-03
