-1.506507163867354393e-03
-5.324298399500548840e-04
-2.566674491390585899e-03
2.190998988226056099e-03
5.662757321260869503e-04
1.053382991813123226e-03
-3.452861215919256210e-03
1.234340481460094452e-03
1.856315764598548412e-03
-3.745296504348516464e-03
1.128829899244010448e-03
5.784017266705632210e-04
-3.455601399764418602e-03
3.189126960933208466e-03
-6.740466342307627201e-04
1.165576511994004250e-03
3.029333020094782114e-04
-2.191045932704582810e-04
1.924788230098783970e-03
2.100685145705938339e-03
-2.425169339403510094e-03
2.566985553130507469e-03
-4.719985590782016516e-04
-2.042801934294402599e-04
-2.207166282460093498e-03
-3.202911932021379471e-03
-1.100965077057480812e-03
2.428538864478468895e-03
2.253713319078087807e-03
-4.716155235655605793e-04
3.881686832755804062e-03
-3.221114631742238998e-03
-2.412054745946079493e-04
-3.354613436385989189e-03
-2.899060491472482681e-03
1.351362792775034904e-03
1.673662220127880573e-03
-3.230695379897952080e-03
-2.719263546168804169e-03
-9.782355045899748802e-04
3.307503182440996170e-03
3.879199968650937080e-03
3.163758199661970139e-03
-7.016464369371533394e-04
2.674342365935444832e-03
3.799928352236747742e-03
-1.392118865624070168e-04
1.989325974136590958e-03
-6.521983304992318153e-04
-1.842395053245127201e-03
1.893418608233332634e-03
-5.759982741437852383e-04
-3.772326046600937843e-03
-2.248263044748455286e-04
2.590646967291831970e-03
7.095364853739738464e-04
1.625351025722920895e-03
-1.226323656737804413e-04
3.563016944099217653e-04
-1.823773724026978016e-03
-2.487564925104379654e-03
-3.747095819562673569e-03
1.235726755112409592e-03
1.051000901497900486e-03
1.777714001946151257e-03
8.433114853687584400e-04
-1.000099815428256989e-03
3.352407831698656082e-03
2.014334546402096748e-03
1.215959433466196060e-03
-2.445772523060441017e-03
-2.082394901663064957e-03
2.847221679985523224e-03
-1.214540330693125725e-03
3.143906127661466599e-03
-2.469474216923117638e-03
-3.034033579751849174e-03
-2.784899435937404633e-03
-1.156851882115006447e-03
-1.924812531797215343e-04
-2.637847093865275383e-03
1.596183748915791512e-03
3.204572713002562523e-03
3.201112849637866020e-03
-1.702441833913326263e-03
-1.595436478964984417e-04
3.677993547171354294e-03
1.409004675224423409e-03
2.724263351410627365e-03
3.371376544237136841e-03
-2.065909095108509064e-03
-3.153464989736676216e-03
-3.211067523807287216e-03
3.803381230682134628e-03
2.661941340193152428e-03
-7.091956795193254948e-04
1.075744163244962692e-03
-3.253105795010924339e-03
4.714739043265581131e-04
-2.325657755136489868e-03
-2.984719350934028625e-03
-8.387010893784463406e-04
-2.455042675137519836e-03
-2.810336649417877197e-03
1.074216779670678079e-04
-3.543774830177426338e-03
-3.857471281662583351e-03
1.733262441121041775e-03
1.609302416909486055e-04
1.855048001743853092e-03
-7.078656926751136780e-04
-2.865708665922284126e-03
-1.034431043080985546e-03
-6.458694115281105042e-04
2.690940396860241890e-03
-2.895401325076818466e-03
1.171014155261218548e-03
-3.360108938068151474e-03
2.842418150976300240e-03
5.116743268445134163e-04
-2.907300833612680435e-03
1.591081672813743353e-04
2.887900220230221748e-03
3.147844472550787032e-05
-3.379784291610121727e-03
-7.521618972532451153e-04
3.862127894535660744e-03
-1.516815042123198509e-03
1.302511896938085556e-03
-7.591955945827066898e-04
3.590031526982784271e-03
3.569298889487981796e-03
-2.850452670827507973e-03
3.739190055057406425e-03
5.645400378853082657e-04
-4.394403076730668545e-04
-3.160706721246242523e-03
-3.240471705794334412e-04
3.563212521839886904e-04
-2.716054674237966537e-03
3.641555318608880043e-03
2.251729601994156837e-03
3.368163947016000748e-03
-1.767262147041037679e-04
-2.532917074859142303e-03
-3.324640914797782898e-03
2.707911655306816101e-03
-1.759410020895302296e-03
-1.759055885486304760e-04
-1.810951041989028454e-03
6.322148838080465794e-04
-2.115937415510416031e-03
-2.335711847990751266e-03
-2.105405787006020546e-03
1.494656462455168366e-04
-4.845087823923677206e-04
-1.720271422527730465e-03
-2.289522672072052956e-03
-1.000472460873425007e-03
-1.365237170830368996e-03
-2.530878409743309021e-03
4.151744069531559944e-04
3.876770846545696259e-03
3.005375387147068977e-03
1.727125491015613079e-03
-3.407732816413044930e-03
3.285754472017288208e-03
-1.360385795123875141e-03
3.121882211416959763e-03
-1.831707893870770931e-03
1.873069326393306255e-03
-3.213571151718497276e-03
-3.123851493000984192e-03
-4.259926790837198496e-04
-1.142682391218841076e-03
-1.923817093484103680e-03
1.086669857613742352e-03
-4.773953696712851524e-04
-2.297260798513889313e-03
1.035180175676941872e-03
-2.828061114996671677e-03
2.085658023133873940e-03
2.147300867363810539e-03
2.065195003524422646e-03
8.413452305831015110e-04
-2.152350964024662971e-03
-2.992916386574506760e-03
1.997407962335273623e-04
-2.646427601575851440e-03
-4.048597766086459160e-04
1.834328868426382542e-03
-2.085976302623748779e-03
1.530446228571236134e-03
-2.003698144108057022e-03
-2.836869098246097565e-04
-1.235946780070662498e-03
-1.379477791488170624e-03
5.835128249600529671e-04
3.825672902166843414e-03
3.839191514998674393e-03
-3.528328612446784973e-03
2.368976362049579620e-03
1.847916981205344200e-03
-3.080521244555711746e-03
1.174734206870198250e-03
3.112303791567683220e-03
1.593344029970467091e-03
-2.349813003093004227e-03
5.329473060555756092e-04
1.647683908231556416e-03
-1.309835002757608891e-03
-5.441620014607906342e-04
2.328699454665184021e-03
-1.186850713565945625e-03
-2.595239784568548203e-03
2.453001216053962708e-03
3.735792357474565506e-03
-1.725421636365354061e-03
-1.099845627322793007e-03
-2.728110644966363907e-03
7.674033986404538155e-04
-3.008856147062033415e-04
-8.036093786358833313e-04
3.081917995586991310e-03
-3.982531488873064518e-04
-8.059323299676179886e-04
-2.217173576354980469e-03
4.997501382604241371e-04
3.196595236659049988e-03
3.120365086942911148e-03
2.691499888896942139e-03
1.474109594710171223e-04
-1.548448053654283285e-04
3.516012802720069885e-03
-3.063447074964642525e-03
5.126997712068259716e-04
2.374997129663825035e-03
8.386771078221499920e-04
2.293339697644114494e-03
2.372304908931255341e-03
2.834464889019727707e-03
-1.670251484028995037e-03
-3.617856185883283615e-03
-1.235125237144529819e-03
3.867228049784898758e-03
-1.538698328658938408e-03
2.665321109816431999e-03
-1.762568484991788864e-03
-3.153496654704213142e-04
1.564542413689196110e-03
-3.609110368415713310e-03
-1.970260869711637497e-03
6.733198533765971661e-04
-2.338613616302609444e-03
-5.840082885697484016e-04
2.542533213272690773e-03
