-1.418630243279039860e-03
3.404879709705710411e-03
8.278079330921173096e-04
-3.298712661489844322e-03
3.273858455941081047e-03
1.706483424641191959e-03
9.953647386282682419e-04
4.731565422844141722e-04
1.680272980593144894e-03
3.314973786473274231e-03
-2.664633328095078468e-03
2.794651081785559654e-03
4.165886493865400553e-04
-2.003028290346264839e-03
2.782622352242469788e-03
-8.977917605079710484e-04
4.177548980806022882e-04
4.207559686619788408e-04
2.611207542940974236e-03
2.765627112239599228e-03
-2.558456966653466225e-03
3.791788825765252113e-03
6.194842862896621227e-04
-5.499341641552746296e-04
5.516326637007296085e-04
8.158991695381700993e-04
7.818198064342141151e-04
1.468988921260461211e-04
2.940227044746279716e-03
-3.503037383779883385e-03
-3.024829784408211708e-03
1.668527838774025440e-03
-3.427771152928471565e-04
-9.397981921210885048e-04
-2.526500029489398003e-04
-1.973428530618548393e-03
8.051197510212659836e-04
2.985744969919323921e-03
1.276129158213734627e-03
-2.278994536027312279e-03
-3.361268318258225918e-04
9.037971612997353077e-04
-2.159961499273777008e-03
-2.588216681033372879e-03
2.914767246693372726e-03
-2.074033487588167191e-03
-3.226159140467643738e-03
2.066000131890177727e-03
1.473385491408407688e-03
-4.250396159477531910e-05
2.186832018196582794e-03
-3.563073987606912851e-04
-2.359498830628581345e-05
-3.372577251866459846e-03
3.495422424748539925e-03
2.917478559538722038e-04
-1.675404491834342480e-03
1.589624094776809216e-03
3.638149937614798546e-03
-3.310532541945576668e-03
2.075905067613348365e-04
-2.136503346264362335e-03
2.728302264586091042e-03
-2.953929360955953598e-03
-1.257067080587148666e-03
3.584372112527489662e-03
-3.301897086203098297e-03
-2.141516422852873802e-03
-4.169554740656167269e-04
-3.505115397274494171e-03
1.762804458849132061e-03
-2.216098364442586899e-04
3.549276851117610931e-03
-2.776777371764183044e-03
2.634932985529303551e-03
-5.224626511335372925e-04
-3.686309792101383209e-03
-3.749820636585354805e-03
7.752563687972724438e-04
-5.605776095762848854e-04
-3.601603675633668900e-03
1.312881708145141602e-03
-3.084202297031879425e-03
3.162433858960866928e-03
2.758968155831098557e-03
-3.299498930573463440e-04
-1.963926712051033974e-03
-1.569743617437779903e-03
-7.491377182304859161e-04
2.082507358863949776e-03
9.193017613142728806e-04
1.753337797708809376e-03
3.116424661129713058e-03
-2.160783158615231514e-03
4.462858123588375747e-05
1.501469640061259270e-03
3.295587375760078430e-03
3.402686677873134613e-03
-5.256245494820177555e-04
1.501443912275135517e-03
-2.102109370753169060e-03
-6.737819639965891838e-04
-1.933367806486785412e-03
-2.765532408375293016e-04
4.587114672176539898e-04
3.734113648533821106e-03
1.268668798729777336e-03
-2.358196303248405457e-03
-3.864390542730689049e-03
3.546112217009067535e-03
-1.547362335259094834e-04
-2.178136026486754417e-03
3.063538111746311188e-03
2.568135969340801239e-03
3.153603756800293922e-03
1.140075619332492352e-03
-7.038079274934716523e-07
-2.511488273739814758e-03
-1.529648317955434322e-03
-2.664276165887713432e-03
3.070909297093749046e-03
9.447774209547787905e-05
-2.566406037658452988e-03
-3.083735005930066109e-03
-1.227778033353388309e-03
-1.043540658429265022e-03
-1.483271829783916473e-03
-2.110539935529232025e-03
-1.056965324096381664e-03
3.746178932487964630e-03
-2.892957301810383797e-03
3.219001460820436478e-03
3.784765722230076790e-03
-1.571219181641936302e-03
-2.968160901218652725e-03
2.077164361253380775e-03
-1.807912485674023628e-03
-3.651989391073584557e-03
2.858040155842900276e-03
3.093497594818472862e-03
-4.838877939619123936e-04
-3.100276924669742584e-03
2.564406488090753555e-03
1.892342814244329929e-03
2.742999466136097908e-03
-1.473437179811298847e-03
1.017800168483518064e-04
3.594120731577277184e-03
-1.009753672406077385e-03
-2.410155022516846657e-03
2.456193557009100914e-03
-8.983818115666508675e-04
-2.546157455071806908e-03
-4.918301710858941078e-04
9.225215180777013302e-04
-3.217792371287941933e-03
2.408566884696483612e-03
6.705856067128479481e-04
-1.808584493119269609e-04
1.009895815514028072e-03
1.482885912992060184e-03
1.512079150415956974e-03
-2.459208015352487564e-03
-3.340720897540450096e-03
1.138630323112010956e-03
1.149111994891427457e-04
4.955111071467399597e-04
-5.312233115546405315e-04
-3.010256215929985046e-03
-3.140733577311038971e-03
3.638848662376403809e-03
-2.269838005304336548e-03
3.825573716312646866e-03
-9.858298581093549728e-04
1.179283484816551208e-03
-3.663762181531637907e-04
-1.417950494214892387e-03
-3.707232186570763588e-03
7.271763170138001442e-04
-1.187620451673865318e-03
4.257622640579938889e-04
-1.394578721374273300e-03
-3.729920368641614914e-03
-1.118836691603064537e-03
-2.055314369499683380e-03
2.264618640765547752e-03
2.746800659224390984e-03
2.306378213688731194e-03
-3.193163080140948296e-03
-2.145819831639528275e-03
-2.310635754838585854e-03
2.893541241064667702e-03
1.242961036041378975e-03
2.855028025805950165e-03
3.483733860775828362e-03
-3.096496220678091049e-03
-5.785593530163168907e-04
1.380004221573472023e-03
-1.242603873834013939e-03
-1.555252005346119404e-03
-1.966979820281267166e-03
1.299991854466497898e-03
1.094375504180788994e-03
2.493757521733641624e-03
-1.585234538652002811e-03
1.944421906955540180e-03
3.042048308998346329e-03
3.053328953683376312e-03
-3.524160478264093399e-03
-3.542536069289781153e-05
-3.136842278763651848e-03
3.887320635840296745e-03
-3.500880440697073936e-03
-1.834077062085270882e-03
1.890996121801435947e-03
-1.778038917109370232e-03
5.690765101462602615e-04
3.679814981296658516e-04
-1.054419670253992081e-03
2.479658229276537895e-03
3.239799989387392998e-04
3.768661292269825935e-03
-2.333604032173752785e-03
3.851168788969516754e-03
-2.534975996240973473e-03
2.563280751928687096e-03
-1.781383762136101723e-03
9.325752034783363342e-04
-2.298701554536819458e-03
-3.523695515468716621e-03
-2.649893285706639290e-03
-4.448772815521806479e-04
3.373840358108282089e-03
-1.007320941425859928e-03
3.555904142558574677e-03
-1.272169989533722401e-03
1.134103280492126942e-03
1.673365943133831024e-03
2.399608027189970016e-03
1.435094629414379597e-03
9.020118159241974354e-04
-2.686274237930774689e-04
-3.405289491638541222e-03
-1.649736193940043449e-03
-2.838234417140483856e-03
1.654073363170027733e-03
2.097363350912928581e-03
-1.717051491141319275e-03
3.620316507294774055e-03
1.577001763507723808e-03
2.438365947455167770e-03
-2.572374942246824503e-04
2.505353477317839861e-04
2.982085337862372398e-03
3.640074515715241432e-03
-8.165315375663340092e-04
