-3.661453491076827049e-03
9.213109151460230350e-04
3.806638298556208611e-03
-2.431788248941302299e-03
1.730246352963149548e-03
2.320750383660197258e-03
-7.131775491870939732e-04
1.074705505743622780e-03
-2.741911339398939162e-05
3.165355650708079338e-03
-7.920975331217050552e-04
-3.827739506959915161e-03
-3.900900948792695999e-03
-1.741684041917324066e-03
1.344308257102966309e-03
1.331204781308770180e-03
1.793054747395217419e-03
-3.560196375474333763e-03
2.999402582645416260e-03
-3.863783786073327065e-03
7.176065992098301649e-05
-3.086979500949382782e-03
-1.285055186599493027e-04
9.516043355688452721e-04
-2.662049606442451477e-03
1.657465239986777306e-03
-2.668069675564765930e-03
8.829753496684134007e-04
9.042047895491123199e-05
-7.818574667908251286e-04
-3.202628577128052711e-03
1.573045505210757256e-03
-2.480051480233669281e-03
4.099939542356878519e-04
-3.345514996908605099e-04
2.491571707651019096e-03
1.582298078574240208e-03
-2.600131090730428696e-03
3.870541229844093323e-03
-2.399848744971677661e-04
1.081777503713965416e-03
-2.114190487191081047e-03
2.395411254838109016e-03
-8.219970040954649448e-04
2.339902799576520920e-03
1.108188880607485771e-03
1.912338077090680599e-03
-7.783729815855622292e-04
2.686010673642158508e-03
-2.128868829458951950e-03
3.355263965204358101e-03
-1.923607196658849716e-03
1.165875000879168510e-03
1.210964750498533249e-03
1.040787785314023495e-03
2.407176652923226357e-03
-2.809986937791109085e-03
-1.972193364053964615e-03
1.075723441317677498e-03
2.946491586044430733e-03
-4.089655121788382530e-04
-7.158240186981856823e-04
-6.723550613969564438e-04
2.167832339182496071e-03
2.779889386147260666e-03
-3.640097100287675858e-03
-3.808568930253386497e-03
-9.554999996908009052e-05
3.313662484288215637e-03
-2.200225833803415298e-03
-1.566432183608412743e-03
-1.617297064512968063e-03
-2.964596496894955635e-03
1.058760681189596653e-03
9.182141511701047421e-04
7.637405069544911385e-04
1.388418953865766525e-03
-5.567856715060770512e-04
-3.385683754459023476e-03
-1.016292022541165352e-03
-8.341849315911531448e-04
-2.979192417114973068e-03
2.691274741664528847e-03
1.054011518135666847e-03
7.938819471746683121e-04
1.549839973449707031e-03
2.654671436175704002e-03
3.060733200982213020e-03
-2.045153873041272163e-03
-7.038026815280318260e-04
3.283169120550155640e-03
2.095044124871492386e-03
2.384137362241744995e-03
2.361768856644630432e-03
3.150526201352477074e-03
7.312680827453732491e-04
3.693895414471626282e-03
-1.198284677229821682e-03
6.241610390134155750e-04
1.956612803041934967e-03
-3.265547798946499825e-03
2.574850106611847878e-03
-2.210389357060194016e-03
-1.702298410236835480e-03
-3.602562705054879189e-03
-2.073837211355566978e-03
-2.109292428940534592e-03
6.191309657879173756e-04
-3.590017731767147779e-04
3.446398768573999405e-03
3.147187409922480583e-03
1.875789486803114414e-03
5.207699723541736603e-04
-2.257685642689466476e-03
-3.074123989790678024e-03
-3.720053704455494881e-03
3.263325197622179985e-04
-2.339117694646120071e-03
-2.816341817378997803e-03
-2.590093994513154030e-03
-1.500806421972811222e-03
-6.002324516884982586e-04
-2.486788900569081306e-03
-2.140272954420652241e-05
1.053832354955375195e-03
3.525025385897606611e-04
-3.787861205637454987e-03
1.326219760812819004e-03
-3.634129650890827179e-03
-2.157428069040179253e-03
3.074140055105090141e-03
7.198107778094708920e-04
-1.134496415033936501e-03
-2.501085982657968998e-04
-4.755094123538583517e-04
2.729271072894334793e-03
2.373498631641268730e-03
3.765440080314874649e-03
2.765412908047437668e-03
3.625532146543264389e-03
3.198778955265879631e-03
-2.265122020617127419e-03
1.508022542111575603e-03
3.709874581545591354e-03
3.527078544721007347e-03
3.861945820972323418e-03
-2.609108341857790947e-03
-3.193500451743602753e-03
1.187618938274681568e-03
-9.029068751260638237e-04
2.734651789069175720e-03
3.149906871840357780e-03
3.847118234261870384e-03
3.285157959908246994e-03
-3.825024468824267387e-04
3.024206729605793953e-03
-1.547099207527935505e-03
-3.135895589366555214e-03
-1.633095438592135906e-03
-8.743094076635316014e-05
7.268093668244546279e-06
2.091971924528479576e-03
2.844447735697031021e-03
-3.460263833403587341e-03
1.005974365398287773e-03
-1.095238258130848408e-03
1.097424654290080070e-03
5.134761449880897999e-04
-2.767125377431511879e-03
3.512988099828362465e-03
-3.782669547945261002e-03
-1.100196852348744869e-03
-3.383588045835494995e-03
-3.233226248994469643e-03
-1.162522356025874615e-03
4.965764237567782402e-04
5.974168307147920132e-04
-9.913754183799028397e-04
-1.377106673317030072e-04
-2.175165573135018349e-04
-3.057513386011123657e-03
4.238737747073173523e-04
1.643775147385895252e-03
4.278811393305659294e-04
-6.267337594181299210e-04
3.508093534037470818e-03
8.609963697381317616e-04
2.131436485797166824e-03
-1.011294778436422348e-03
4.723493475466966629e-04
-1.444453140720725060e-03
2.271946053951978683e-03
-1.266442122869193554e-03
-6.609659612877294421e-05
-1.530402223579585552e-03
1.131374010583385825e-04
3.540061414241790771e-03
3.354793647304177284e-03
-1.165746478363871574e-03
-1.782744308002293110e-03
2.562152687460184097e-03
2.269932301715016365e-03
2.173938788473606110e-03
-1.971409423276782036e-03
-3.620589850470423698e-03
-1.775537384673953056e-03
-2.047812566161155701e-03
1.014406734611839056e-04
2.460761461406946182e-03
-1.089819008484482765e-03
1.339502166956663132e-03
1.267967978492379189e-03
3.659120528027415276e-03
-8.774835732765495777e-04
2.445782592985779047e-04
-3.510968293994665146e-03
-1.365854986943304539e-03
2.504416508600115776e-03
8.453822229057550430e-04
2.311198040843009949e-03
-2.021312713623046875e-03
8.229337981902062893e-04
7.109633297659456730e-04
-6.982482154853641987e-04
-3.650256199762225151e-03
2.752010710537433624e-03
-1.111163408495485783e-03
-1.736611709930002689e-03
1.649819081649184227e-03
-1.457324833609163761e-04
1.210492104291915894e-03
3.848044667392969131e-03
-3.128163516521453857e-03
-3.729049582034349442e-03
-2.301615430042147636e-03
3.618363989517092705e-03
4.136792849749326706e-04
1.361761009320616722e-03
7.506577530875802040e-04
-1.130721764639019966e-03
-5.926205194555222988e-04
-4.102756793145090342e-04
2.202851464971899986e-03
1.141991931945085526e-03
-1.003709505312144756e-03
3.555787494406104088e-03
1.700371969491243362e-03
-3.752617165446281433e-03
2.302184933796525002e-03
6.428038468584418297e-04
-6.783289718441665173e-04
2.184220356866717339e-03
2.081607468426227570e-03
1.342908595688641071e-03
1.116768471547402442e-04
-2.267978619784116745e-03
