3.241101047024130821e-03
-3.649563004728406668e-04
-2.469698301865719259e-05
-1.290134096052497625e-04
8.557875407859683037e-04
5.452074110507965088e-04
2.391444984823465347e-03
1.033745822496712208e-03
3.229293040931224823e-03
-2.623403212055563927e-03
-1.181691535748541355e-03
-3.523355349898338318e-03
-1.524086343124508858e-03
-1.340330229140818119e-03
7.232774514704942703e-04
-2.869547577574849129e-03
9.604971273802220821e-04
-1.645066309720277786e-03
-2.460700343362987041e-04
1.730883494019508362e-03
-2.010475145652890205e-03
1.493143034167587757e-03
1.376263564452528954e-03
-2.917671110481023788e-03
6.807144472986692563e-06
-5.931346677243709564e-04
-1.462267828173935413e-03
-2.366109285503625870e-03
2.869800198823213577e-03
1.292846165597438812e-03
-3.119864966720342636e-03
-6.166195962578058243e-04
-2.165391342714428902e-03
-2.550916513428092003e-03
3.230403177440166473e-03
-2.884565386921167374e-03
-3.039372386410832405e-03
3.352068364620208740e-03
-7.409555255435407162e-04
1.847975305281579494e-03
3.451468655839562416e-03
-2.577844774350523949e-03
-1.048171543516218662e-03
2.141866600140929222e-03
3.008116036653518677e-03
2.116020768880844116e-03
3.221448423573747277e-06
-3.147411625832319260e-03
2.358213998377323151e-03
-3.087492659687995911e-03
1.306327176280319691e-03
-1.202584942802786827e-03
-2.829475095495581627e-03
-3.356438130140304565e-03
-2.626225177664309740e-04
-2.513104584068059921e-03
-1.333120395429432392e-03
-3.247133223339915276e-03
-3.730106865987181664e-03
-1.726955873891711235e-03
-9.052313398569822311e-04
1.847063656896352768e-03
2.611362608149647713e-03
5.036303191445767879e-04
1.790923066437244415e-03
-2.571020508185029030e-03
-1.189726754091680050e-03
4.918732447549700737e-04
1.851569046266376972e-03
3.139286767691373825e-03
-2.600962761789560318e-04
2.636939520016312599e-03
3.324412391521036625e-04
1.977457897737622261e-03
-2.522102091461420059e-03
3.472538897767663002e-03
3.800850361585617065e-03
-3.915301640518009663e-04
2.210440346971154213e-03
-2.017694758251309395e-03
-3.603902878239750862e-03
-3.345480421558022499e-03
2.370729809626936913e-03
-3.027303144335746765e-03
1.488262321799993515e-03
-3.287567291408777237e-03
3.212537616491317749e-03
8.677754667587578297e-04
-6.716012721881270409e-04
3.113718936219811440e-03
-3.467940725386142731e-03
2.617590362206101418e-03
-2.372892195126041770e-04
-1.316444599069654942e-03
-1.628897851333022118e-03
8.796581532806158066e-04
1.778637641109526157e-03
3.339665476232767105e-03
2.937277080491185188e-03
-3.047160338610410690e-03
-2.421012148261070251e-03
-2.183883450925350189e-03
-3.452030243352055550e-03
-2.559655578806996346e-03
-2.568251919001340866e-03
2.356493147090077400e-03
6.776564405299723148e-04
1.622818759642541409e-03
-1.271027605980634689e-03
-3.688859054818749428e-03
-3.759955987334251404e-03
-3.265800885856151581e-03
-1.325574237853288651e-03
1.817139331251382828e-03
3.697647713124752045e-03
-2.575100515969097614e-04
-1.003097975626587868e-03
2.222765702754259109e-03
2.245924901217222214e-03
-2.790532562357839197e-05
3.702648216858506203e-03
-1.239517354406416416e-03
3.669772995635867119e-03
4.351336974650621414e-04
-3.284214064478874207e-03
1.169050927273929119e-03
1.262321718968451023e-03
3.025165526196360588e-03
-2.989934524521231651e-03
-4.392681585159152746e-04
3.417782427277415991e-04
3.331054467707872391e-03
3.331711050122976303e-03
-1.152849290519952774e-03
-5.757844774052500725e-04
2.653369214385747910e-03
2.312779106432572007e-04
-1.857260009273886681e-03
1.270336913876235485e-03
-2.648781519383192062e-03
-6.325186695903539658e-04
-3.026162274181842804e-03
-3.301539225503802299e-03
2.795882290229201317e-03
-1.444700756110250950e-04
-1.044378223014064133e-04
-2.636112272739410400e-03
3.719923784956336021e-03
-1.796315773390233517e-03
-9.243966633221134543e-05
-3.888928913511335850e-04
-2.424599137157201767e-03
2.970106201246380806e-03
-1.212503411807119846e-03
-2.734888985287398100e-04
1.711993827484548092e-03
-1.714621437713503838e-03
1.555463881231844425e-03
3.617032431066036224e-03
3.885511308908462524e-03
1.142877881648018956e-04
2.861560322344303131e-03
2.672150963917374611e-03
-2.918923273682594299e-03
-2.127415500581264496e-03
-3.282622201368212700e-03
-1.301630982197821140e-03
-2.614506985992193222e-03
-3.400122048333287239e-03
-2.339180355193093419e-05
3.176543628796935081e-03
-2.545942261349409819e-04
-1.619614893570542336e-03
3.787202527746558189e-03
-2.094700932502746582e-03
-3.852475434541702271e-03
-3.672013990581035614e-03
-1.631857827305793762e-03
2.278006868436932564e-03
2.139835385605692863e-03
3.617672482505440712e-03
5.296224844641983509e-04
2.977838739752769470e-03
-3.671915736049413681e-03
1.778885372914373875e-03
-2.851135563105344772e-03
5.176684353500604630e-04
-2.012188313528895378e-03
-7.990478188730776310e-04
-2.095264848321676254e-03
9.936554124578833580e-04
3.662207454908639193e-04
3.705284034367650747e-04
2.157942253688815981e-05
2.948218723759055138e-03
5.558523698709905148e-04
1.497942721471190453e-04
3.788600908592343330e-03
1.411972567439079285e-03
-1.146417343989014626e-03
1.085893745766952634e-04
6.831859354861080647e-04
-1.779139041900634766e-03
8.530318737030029297e-04
3.321330528706312180e-03
1.501963357441127300e-03
-1.382636022754013538e-03
-1.281726406887173653e-03
-2.104075392708182335e-03
1.701224013231694698e-03
1.858409726992249489e-03
1.506832195445895195e-03
-8.202113676816225052e-04
-3.332095686346292496e-03
2.403974533081054688e-03
1.057319343090057373e-03
-3.553678747266530991e-03
-1.911934668896719813e-05
-1.792682218365371227e-03
-1.201810548081994057e-03
-2.285910071805119514e-03
2.711247187107801437e-03
1.597821596078574657e-03
-3.738197032362222672e-03
-8.705752552486956120e-04
1.768036978319287300e-03
4.523134557530283928e-04
2.301497734151780605e-04
1.453273696824908257e-03
2.707101870328187943e-03
1.498049474321305752e-03
-1.786603592336177826e-03
2.528407610952854156e-03
1.064943498931825161e-03
-3.842155449092388153e-03
2.135763177648186684e-03
-1.587682752870023251e-03
-2.936605364084243774e-03
2.782965544611215591e-03
-3.219117061235010624e-04
-2.696073381230235100e-03
1.975209452211856842e-03
2.401822479441761971e-03
2.665719366632401943e-04
3.275879658758640289e-03
5.516015517059713602e-05
-1.172566553577780724e-03
2.893586934078484774e-04
1.398620195686817169e-03
-1.789891161024570465e-03
-2.292139688506722450e-03
-2.827985445037484169e-03
3.669063560664653778e-03
1.105990144424140453e-03
-1.166184665635228157e-03
3.335557645186781883e-03
