6.366574089042842388e-04
1.524601364508271217e-03
3.536986187100410461e-03
-1.736679114401340485e-03
3.173723118379712105e-03
3.429741365835070610e-03
-3.812892828136682510e-03
-2.307660644873976707e-03
-2.090710448101162910e-03
-1.839640550315380096e-03
7.537600322393700480e-05
2.475133398547768593e-03
1.285735517740249634e-03
-2.204167656600475311e-03
3.434660611674189568e-03
2.990344073623418808e-03
2.502777148038148880e-03
2.878525992855429649e-03
-2.766824094578623772e-03
-2.746365033090114594e-03
3.315556328743696213e-03
2.880469197407364845e-03
-1.691689249128103256e-03
-9.450975921936333179e-04
-9.659936185926198959e-04
1.653737563174217939e-04
-2.672664355486631393e-03
3.540507517755031586e-03
2.446507802233099937e-03
3.005089238286018372e-03
3.792392322793602943e-03
1.668188022449612617e-03
2.261143177747726440e-03
2.742696553468704224e-03
5.455805803649127483e-04
-4.321165906731039286e-04
-2.099454635754227638e-03
-1.881660311482846737e-03
1.628669211640954018e-03
-1.004510675556957722e-03
2.068022498860955238e-03
-2.438686089590191841e-03
-4.451037602848373353e-05
2.668694825842976570e-03
-1.819819328375160694e-03
-2.429745625704526901e-03
3.224337007850408554e-03
4.709221539087593555e-04
2.538025844842195511e-03
2.041006460785865784e-03
3.015855560079216957e-03
3.188469912856817245e-03
2.237411448732018471e-03
8.203181787393987179e-04
3.763097105547785759e-03
3.094249637797474861e-03
-2.539176261052489281e-03
-5.666514043696224689e-04
2.985785948112607002e-03
8.342216606251895428e-04
1.032827887684106827e-03
-3.243796760216355324e-03
1.494975876994431019e-03
-3.067137207835912704e-03
4.845849471166729927e-04
3.166170790791511536e-03
-1.412825076840817928e-03
4.235668748151510954e-04
-2.074272138997912407e-03
-1.935009146109223366e-03
-3.823593258857727051e-03
-4.579494998324662447e-04
4.822627233806997538e-04
-1.589160994626581669e-03
1.268772291950881481e-03
1.582556986249983311e-03
1.265052473172545433e-03
3.616390749812126160e-03
-3.287371248006820679e-03
3.012785455211997032e-03
2.312278607860207558e-03
2.225584175903350115e-04
1.030488521791994572e-03
-3.234797855839133263e-03
-1.851918641477823257e-03
-1.615084009245038033e-03
3.634057939052581787e-03
-2.433843212202191353e-03
-2.103630453348159790e-03
-4.092468225280754268e-05
3.851854940876364708e-03
3.368838806636631489e-04
-3.619409631937742233e-03
1.894211047329008579e-03
3.887847764417529106e-03
-1.496777287684381008e-03
-7.516180048696696758e-04
2.985829720273613930e-03
-1.184321881737560034e-04
2.412810863461345434e-04
-2.214708132669329643e-03
1.188582973554730415e-03
-3.313693683594465256e-03
-1.169628929346799850e-03
-1.410494442097842693e-03
3.684376599267125130e-03
2.384077524766325951e-03
5.679947789758443832e-04
2.082118444377556443e-04
2.438565017655491829e-03
-4.169703170191496611e-04
-2.656932221725583076e-03
3.037641057744622231e-03
-4.582800611387938261e-04
3.838365082629024982e-04
-1.823763886932283640e-04
-3.356702160090208054e-03
2.781675895676016808e-03
-8.472962654195725918e-04
9.584538638591766357e-04
2.742799697443842888e-04
-7.665529847145080566e-04
4.392069822642952204e-04
2.650909300427883863e-04
5.277127493172883987e-04
2.114873612299561501e-03
8.691381081007421017e-04
-1.175109762698411942e-03
3.136727726086974144e-03
1.557750656502321362e-04
-7.597400690428912640e-05
-2.420913806417956948e-04
3.073708154261112213e-03
-1.640453818254172802e-03
1.866214792244136333e-03
-2.038092818111181259e-03
-2.473854925483465195e-03
2.724884077906608582e-03
3.468181472271680832e-03
-1.344809890724718571e-03
-9.185613598674535751e-04
9.030780056491494179e-04
2.310458105057477951e-03
2.362181665375828743e-03
3.422705922275781631e-03
-3.854831913486123085e-03
-2.208387013524770737e-03
-1.190122799016535282e-03
-1.628909376449882984e-03
1.228953478857874870e-03
-2.989500761032104492e-03
-1.249441411346197128e-03
-2.857748404494486749e-05
3.704102011397480965e-03
-9.848620538832619786e-05
1.793025177903473377e-03
-2.485488774254918098e-03
1.225489773787558079e-03
-3.610188374295830727e-03
2.839749504346400499e-04
-1.878340612165629864e-03
-2.211039653047919273e-03
-1.146798371337354183e-03
-2.215310698375105858e-03
-2.239320194348692894e-03
-1.348975696600973606e-03
1.953061320818960667e-03
2.319339895620942116e-03
-1.272030407562851906e-03
-2.421896904706954956e-03
3.644610522314906120e-03
1.445745467208325863e-03
1.319576986134052277e-03
6.191075663082301617e-04
1.655133790336549282e-03
-1.593704801052808762e-03
1.216915552504360676e-03
2.585336042102426291e-04
1.227100292453542352e-04
-5.590813816525042057e-04
-2.919346792623400688e-03
7.050969870761036873e-04
-3.539548022672533989e-03
-1.934321830049157143e-03
2.188191981986165047e-03
3.036093432456254959e-03
-2.124069491401314735e-03
2.986915642395615578e-03
1.175993471406400204e-03
2.925904933363199234e-03
6.125720101408660412e-04
-1.114750397391617298e-03
-2.713166177272796631e-03
1.321019371971487999e-03
-2.112339949235320091e-03
-1.855277223512530327e-03
3.605343634262681007e-03
1.771203125827014446e-03
1.784863998182117939e-04
3.706118324771523476e-03
-3.725978313013911247e-04
4.425979277584701777e-04
7.547808927483856678e-04
2.425258513540029526e-03
-2.707372186705470085e-03
4.539853252936154604e-04
-1.572633627802133560e-03
-1.512171467766165733e-03
1.370768761262297630e-03
-3.101064125075936317e-03
2.231713151559233665e-03
-2.301480155438184738e-03
2.332368167117238045e-03
3.746418282389640808e-03
-4.159381205681711435e-06
-2.569358330219984055e-04
3.219433361664414406e-03
-2.260391600430011749e-03
-2.772572450339794159e-03
-2.242140937596559525e-03
1.803146558813750744e-03
-3.091207006946206093e-03
8.846864220686256886e-04
2.658416749909520149e-03
-3.613759065046906471e-03
-7.969796570250764489e-05
3.829377237707376480e-03
-1.119891065172851086e-03
-3.286494407802820206e-03
2.490090206265449524e-03
-3.188552102074027061e-03
3.359483089298009872e-03
1.765504362992942333e-03
-1.592229236848652363e-03
3.892848733812570572e-03
-9.203259251080453396e-04
-2.727249171584844589e-03
-8.018756052479147911e-04
2.458667382597923279e-03
-3.604052355512976646e-03
3.012774977833032608e-04
-3.257571486756205559e-03
-2.913033822551369667e-03
-2.550250152125954628e-03
-6.540334434248507023e-04
2.287174575030803680e-03
-2.123014070093631744e-03
-3.271251334808766842e-04
-1.339384289167355746e-05
-3.128619864583015442e-03
8.602281013736501336e-05
1.469462644308805466e-03
-3.367719938978552818e-03
1.168811693787574768e-03
-2.717002294957637787e-03
2.708567306399345398e-03
