1.525024767033755779e-03
2.805858384817838669e-04
3.356806468218564987e-03
-7.518852362409234047e-04
3.801971441134810448e-03
-3.131927456706762314e-03
3.038301365450024605e-03
-2.656185068190097809e-03
-3.597249509766697884e-03
2.180202165618538857e-03
2.694110386073589325e-03
-1.029208186082541943e-03
-1.218091463670134544e-03
-2.563269343227148056e-03
-3.869935637339949608e-03
-1.697921077720820904e-03
7.435817678924649954e-05
-3.309981431812047958e-03
3.433320904150605202e-03
-7.523156818933784962e-04
-7.783574401400983334e-04
-2.678618300706148148e-03
-2.836319385096430779e-03
2.967462176457047462e-03
-2.525721909478306770e-03
2.609435701742768288e-03
-3.436059458181262016e-03
-2.524605719372630119e-03
-2.949818444903939962e-04
-1.153633114881813526e-03
-2.015925245359539986e-03
1.559391268528997898e-03
-8.070862968452274799e-04
1.968996832147240639e-03
-3.781175939366221428e-03
9.775116341188549995e-04
-1.841302844695746899e-03
-3.134923055768013000e-03
4.183348210062831640e-04
-3.228714223951101303e-03
-3.484098473563790321e-03
2.693629590794444084e-03
3.156577702611684799e-03
1.596970134414732456e-03
-3.090823069214820862e-03
2.971610985696315765e-03
-3.208936424925923347e-03
1.013347646221518517e-03
3.173491917550563812e-03
3.643330128397792578e-04
1.322340336628258228e-03
3.029730636626482010e-03
3.490938979666680098e-04
1.564351259730756283e-03
-1.203907537274062634e-03
5.153502570465207100e-04
3.283410100266337395e-03
-3.721761051565408707e-03
1.112775644287467003e-03
1.348815712844952941e-04
-3.557447576895356178e-03
-6.814152584411203861e-04
-1.619347953237593174e-03
3.127950942143797874e-03
-9.280507802031934261e-04
3.203173866495490074e-03
1.223261817358434200e-03
3.767317160964012146e-03
-2.805213676765561104e-03
3.559344215318560600e-03
-1.774710253812372684e-03
7.328767242142930627e-05
2.597307553514838219e-03
2.791801234707236290e-03
2.720110584050416946e-03
1.140369218774139881e-03
-3.462541382759809494e-03
-3.407225711271166801e-03
1.789537258446216583e-03
3.166259732097387314e-03
8.811361622065305710e-04
1.907335594296455383e-03
-1.992506906390190125e-03
4.382595070637762547e-04
-3.245581872761249542e-03
1.649138634093105793e-03
2.773221815004944801e-03
2.586147282272577286e-03
1.795844058506190777e-03
-7.940824725665152073e-04
3.231141017749905586e-03
-4.011557903140783310e-04
3.893376793712377548e-03
-3.236521966755390167e-03
3.301008371636271477e-03
-1.239048084244132042e-03
3.128987038508057594e-03
-9.023728198371827602e-04
-2.271135104820132256e-03
2.086289023282006383e-04
2.165563055314123631e-04
1.940468064276501536e-04
1.568080275319516659e-03
-3.077553585171699524e-03
6.523359916172921658e-04
-3.613200504332780838e-03
3.477206919342279434e-03
2.032096381299197674e-04
-2.383964136242866516e-03
-2.397271455265581608e-04
3.625767771154642105e-03
-3.456549020484089851e-04
2.393534872680902481e-03
3.413587575778365135e-03
3.841885598376393318e-03
1.152352779172360897e-03
-2.409758046269416809e-03
3.666852833703160286e-03
3.880863951053470373e-04
-8.825685945339500904e-04
-1.964435679838061333e-03
-2.700170269235968590e-03
-1.309153623878955841e-03
2.444466808810830116e-03
3.620588395278900862e-04
-6.323731504380702972e-04
2.762728370726108551e-03
8.714917930774390697e-04
-1.849904772825539112e-03
-9.596102609066292644e-05
-1.222060178406536579e-03
2.322999760508537292e-03
-9.682330419309437275e-04
-3.089375793933868408e-03
-2.832757541909813881e-03
2.750281710177659988e-04
-1.227625180035829544e-03
1.903332187794148922e-03
-3.432335797697305679e-03
-2.781683346256613731e-03
-1.448463415727019310e-03
-3.290763590484857559e-03
3.702440299093723297e-03
1.286965562030673027e-03
2.818849170580506325e-03
3.839567303657531738e-03
1.556240604259073734e-03
-9.968326194211840630e-04
1.926319819176569581e-04
1.394562656059861183e-03
1.821993100747931749e-05
-1.065549207851290703e-03
-2.792594721540808678e-03
-1.913494314067065716e-03
-3.135987091809511185e-03
2.741158707067370415e-03
3.670078236609697342e-03
2.747658872976899147e-03
8.928700844990089536e-05
2.116378600476309657e-04
-3.249213332310318947e-03
2.031315816566348076e-04
2.756794914603233337e-03
2.322643762454390526e-03
2.014948287978768349e-03
2.162390592275187373e-04
6.650798604823648930e-04
2.688021864742040634e-03
2.456354210153222084e-03
-2.209843136370182037e-03
-3.206632798537611961e-03
-1.944356481544673443e-03
2.714423462748527527e-03
-2.166620921343564987e-03
1.837084419094026089e-03
-5.060095281805843115e-05
2.283465117216110229e-03
-1.112578553147614002e-03
1.160517102107405663e-03
3.319531679153442383e-03
-2.214186592027544975e-03
-2.786224649753421545e-04
8.168885688064619899e-05
-2.483887132257223129e-03
-1.823607482947409153e-03
5.173196550458669662e-04
-2.381672384217381477e-03
3.298410912975668907e-03
-5.405904375948011875e-04
2.792598912492394447e-03
-3.363280789926648140e-03
-2.661713631823658943e-03
-2.453295979648828506e-03
-9.345273720100522041e-04
-1.352401915937662125e-03
-1.866482547484338284e-03
-1.970552839338779449e-03
1.478892634622752666e-03
-1.087417127564549446e-03
-1.058433204889297485e-03
-3.546561580151319504e-03
3.187587484717369080e-03
3.568549640476703644e-03
-3.195610828697681427e-03
-1.456722035072743893e-03
3.127981908619403839e-03
9.848146000877022743e-04
2.896110818255692720e-04
6.150132394395768642e-04
-2.575013553723692894e-03
-7.748989737592637539e-04
-9.579490288160741329e-04
-2.116003306582570076e-03
2.396843337919563055e-04
2.263891277834773064e-03
-1.419788575731217861e-03
1.545058330520987511e-03
3.666867633000947535e-05
8.714373689144849777e-04
-2.658352022990584373e-03
-3.059471491724252701e-03
1.779253012500703335e-03
-3.471620380878448486e-03
2.844369504600763321e-03
2.988847554661333561e-04
-1.931072212755680084e-03
1.484467298723757267e-03
3.433828474953770638e-03
-6.703672988805919886e-05
1.637377543374896049e-03
1.931006787344813347e-03
-2.752145286649465561e-03
-2.252060687169432640e-03
-6.758035742677748203e-04
2.642568666487932205e-03
2.268926938995718956e-03
2.876443031709641218e-04
-2.454046625643968582e-03
1.156328871729783714e-04
4.351145762484520674e-04
3.247661283239722252e-03
-1.498720492236316204e-03
2.270554192364215851e-03
-8.292968268506228924e-04
3.318395232781767845e-03
7.765179034322500229e-04
-2.438552444800734520e-03
2.349923830479383469e-03
1.703943824395537376e-03
-3.291934262961149216e-03
3.806303022429347038e-03
1.595483743585646152e-03
1.024867757223546505e-03
3.849898464977741241e-03
7.332060486078262329e-04
1.373733975924551487e-03
