-2.180640440201386809e-04
-1.425190479494631290e-03
-2.718072850257158279e-03
1.113484613597393036e-03
1.876280875876545906e-04
-6.271207821555435658e-04
-1.874235575087368488e-03
-2.331163734197616577e-03
-1.766282715834677219e-03
1.216749515151605010e-04
-2.900933846831321716e-03
-3.380556823685765266e-03
-2.828043652698397636e-03
-3.819743869826197624e-03
1.408266398357227445e-04
-3.569115186110138893e-03
-3.817446529865264893e-03
-5.967058241367340088e-04
2.916531637310981750e-03
-2.164293313398957253e-03
-3.588267602026462555e-03
-4.624464199878275394e-04
-2.947911620140075684e-03
1.678500790148973465e-03
-2.927754539996385574e-03
1.994590973481535912e-03
9.730280144140124321e-04
5.188335780985653400e-04
3.326621372252702713e-03
9.516114369034767151e-04
3.570529865100979805e-03
-1.814718241803348064e-03
-1.065579592250287533e-03
7.866881787776947021e-04
2.198050031438469887e-03
-1.887737773358821869e-03
2.939784433692693710e-03
1.414577942341566086e-03
2.934144809842109680e-03
2.113039838150143623e-03
4.506127734202891588e-04
2.982048550620675087e-03
-8.919102256186306477e-04
-2.646550070494413376e-03
-1.202355124405585229e-04
-3.264340339228510857e-03
3.847497049719095230e-03
2.416328992694616318e-03
-1.809165696613490582e-03
1.522855367511510849e-03
1.865259953774511814e-03
-2.281868131831288338e-03
-2.538710832595825195e-03
-1.417642342858016491e-03
-3.243832848966121674e-03
3.562898200470954180e-04
3.091731632594019175e-04
1.432642922736704350e-03
-2.048796042799949646e-03
1.909718266688287258e-03
-2.715476788580417633e-03
-1.658265013247728348e-03
3.902013180777430534e-03
-1.043948694132268429e-03
2.530441619455814362e-03
-3.289514570496976376e-04
-3.134676953777670860e-03
1.242952770553529263e-03
-2.014022174989804626e-04
3.812383161857724190e-03
3.775999648496508598e-03
-1.151238800957798958e-03
8.959276601672172546e-04
4.237598914187401533e-04
-3.719285828992724419e-03
1.464321860112249851e-03
-3.848349442705512047e-03
-9.623978985473513603e-04
-9.060148731805384159e-04
-3.845629515126347542e-03
2.340637845918536186e-03
2.422223478788509965e-04
-2.506214659661054611e-03
1.635071355849504471e-03
4.459122428670525551e-04
-1.712667435640469193e-04
6.333744386211037636e-05
3.558248048648238182e-03
3.464004490524530411e-03
3.167245537042617798e-03
-3.272369736805558205e-03
-3.592544002458453178e-03
-1.263556070625782013e-03
3.651511156931519508e-03
-2.080626873066648841e-04
-2.813648898154497147e-03
-2.175408415496349335e-03
2.792596351355314255e-03
-2.098020864650607109e-03
2.482397248968482018e-03
-1.120706438086926937e-03
-4.974510520696640015e-04
-1.576543552801012993e-03
-5.872208275832235813e-04
-3.279850119724869728e-03
-3.556579817086458206e-03
9.422480943612754345e-04
-3.704443573951721191e-03
1.180563704110682011e-03
1.699427491985261440e-03
-3.280301345512270927e-03
-3.296620678156614304e-03
-3.046817844733595848e-03
3.687081625685095787e-03
-2.420385833829641342e-03
1.798696699552237988e-03
3.899546340107917786e-03
-7.995841442607343197e-04
-3.045042103622108698e-04
1.037976471707224846e-03
-8.941888227127492428e-04
-3.463976550847291946e-03
-3.453800221905112267e-03
-1.292247674427926540e-03
-3.778346115723252296e-03
-1.475938712246716022e-03
-2.572043798863887787e-03
3.454094519838690758e-03
-3.647730918601155281e-03
-4.917526966892182827e-04
2.279530279338359833e-03
-4.605376452673226595e-04
3.661465365439653397e-03
-1.072042505256831646e-03
1.186263631097972393e-03
2.409602049738168716e-03
1.864848192781209946e-03
2.788659883663058281e-03
-1.088939956389367580e-03
-3.054358065128326416e-03
3.510336391627788544e-03
-2.159952884539961815e-03
1.159700681455433369e-03
-2.582360524684190750e-03
2.696293231565505266e-04
1.172125339508056641e-03
6.954750278964638710e-04
3.104644361883401871e-03
-1.952234306372702122e-03
1.775482902303338051e-03
2.925139851868152618e-04
1.334776170551776886e-03
-3.544756618794053793e-04
2.833307255059480667e-03
3.510356647893786430e-03
3.509246453177183867e-04
2.202928299084305763e-03
-1.377938548102974892e-03
8.934228098951280117e-04
1.459981664083898067e-03
-1.797219738364219666e-03
-9.855189127847552299e-04
-2.716722199693322182e-03
3.023104742169380188e-03
2.319666091352701187e-03
3.894459921866655350e-03
-3.194224555045366287e-03
-3.293673973530530930e-03
-3.074482781812548637e-03
2.296093851327896118e-03
-6.298586959019303322e-04
3.855996532365679741e-03
1.045170472934842110e-03
-6.630373536609113216e-05
3.191137919202446938e-03
3.756794612854719162e-03
-1.611641142517328262e-03
-9.111031977226957679e-05
1.658995286561548710e-03
-2.963685197755694389e-03
-3.897079732269048691e-03
-2.933949464932084084e-03
-8.928891620598733425e-04
-1.976062543690204620e-03
-7.587145664729177952e-04
-3.124135080724954605e-03
2.855101600289344788e-03
-1.277319039218127728e-03
-2.835111517924815416e-04
9.094283450394868851e-04
2.488071913830935955e-04
3.777324687689542770e-03
4.089728172402828932e-04
-2.503297990188002586e-03
-5.341761789168231189e-05
-6.541600450873374939e-04
2.168851904571056366e-03
-2.194527769461274147e-03
3.141885856166481972e-03
-1.288554165512323380e-03
1.918988418765366077e-03
-9.204105299431830645e-05
2.270636614412069321e-03
1.880585099570453167e-03
-2.325528534129261971e-03
-5.089590558782219887e-05
-6.299365195445716381e-04
-1.616996363736689091e-03
1.723644905723631382e-03
-6.861391011625528336e-04
-1.506297849118709564e-04
6.084671258577145636e-05
-9.514836710877716541e-04
-2.135815797373652458e-03
-1.947171986103057861e-03
-3.601082134991884232e-03
5.972434300929307938e-04
-2.422961173579096794e-03
-6.771927000954747200e-04
2.415531198494136333e-04
-2.208849880844354630e-03
2.210372826084494591e-03
3.431598888710141182e-03
2.332046860828995705e-03
2.165495883673429489e-03
-1.238568802364170551e-04
2.814973238855600357e-03
6.427314947359263897e-04
-3.078709822148084641e-03
-1.104637165553867817e-03
-7.626880542375147343e-04
3.185139968991279602e-03
5.606347112916409969e-04
-1.981166715268045664e-04
-3.881211392581462860e-03
-2.321827458217740059e-03
2.404514933004975319e-03
-2.778642810881137848e-03
9.810778283281251788e-05
-3.407308133319020271e-03
3.807874396443367004e-03
-8.370738942176103592e-05
2.840681234374642372e-03
-1.692700432613492012e-03
-2.305714879184961319e-03
-3.194952849298715591e-03
3.696532221511006355e-03
1.783235464245080948e-03
-2.216788707301020622e-03
3.680257825180888176e-03
-2.842555521056056023e-03
3.889031242579221725e-03
-5.894752684980630875e-04
1.869272789917886257e-03
3.329950617626309395e-03
-3.736523445695638657e-03
