-2.824684488587081432e-04
3.237149445340037346e-03
-1.202620216645300388e-03
2.284111920744180679e-03
-5.873199370398651809e-06
-3.808906767517328262e-03
2.613753778859972954e-03
1.825735322199761868e-03
-1.372071448713541031e-03
-1.275883638300001621e-03
-2.362564904615283012e-03
-4.887818940915167332e-04
1.918719033710658550e-03
-2.763419761322438717e-04
8.363502565771341324e-04
-2.291349926963448524e-03
-2.555437094997614622e-04
7.753827958367764950e-04
2.686515217646956444e-04
-2.155605470761656761e-03
9.851370705291628838e-04
-3.116292180493474007e-03
-2.209004451287910342e-04
2.276586135849356651e-03
3.851900808513164520e-03
-3.417223226279020309e-03
3.781314939260482788e-03
2.345945220440626144e-03
-3.385094460099935532e-03
3.446968039497733116e-03
-2.039686078205704689e-03
-1.800130587071180344e-03
-1.142470049671828747e-03
-1.760497543727979064e-04
1.783263753168284893e-03
-1.207991386763751507e-03
-9.147729142569005489e-04
2.322105923667550087e-03
-3.405923023819923401e-03
7.742702728137373924e-04
-2.877178369089961052e-03
6.537083536386489868e-04
2.937033772468566895e-03
3.593616886064410210e-03
-3.815912641584873199e-03
-2.417917421553283930e-04
-1.573751680552959442e-03
-1.871609943918883801e-03
3.706948133185505867e-03
1.213018083944916725e-03
-1.581009360961616039e-03
-2.285236725583672523e-03
-3.895030356943607330e-03
-4.733182722702622414e-04
-3.838938195258378983e-03
1.319214818067848682e-03
1.945084077306091785e-03
3.503562416881322861e-03
-3.270894754678010941e-03
1.578338997205719352e-04
3.305986523628234863e-03
-2.569982549175620079e-03
3.836656687781214714e-03
6.855608662590384483e-04
3.884410951286554337e-03
-1.188574940897524357e-03
1.313852262683212757e-03
-3.365091979503631592e-03
-7.255330274347215891e-05
9.235584875568747520e-04
-1.374924555420875549e-03
1.681731315329670906e-03
-2.868187148123979568e-03
-3.177056787535548210e-03
-1.747325179167091846e-03
-2.906029345467686653e-03
-2.239179098978638649e-03
3.309797262772917747e-03
-2.239153021946549416e-03
-1.311861211434006691e-03
8.564323798054829240e-05
3.240876540075987577e-04
3.648906014859676361e-03
-3.879729192703962326e-03
2.931158291175961494e-03
-1.729678944684565067e-03
-2.828887896612286568e-03
-1.530034933239221573e-03
-3.898576600477099419e-03
-1.923633390106260777e-03
3.157957457005977631e-03
-3.261967096477746964e-03
-3.315050387755036354e-03
-2.210072707384824753e-03
-1.624096999876201153e-03
1.301010139286518097e-03
6.202651275089010596e-05
-1.400159439072012901e-03
-1.062357914634048939e-03
2.683164784684777260e-03
-2.816300140693783760e-03
2.805967116728425026e-03
-1.315263099968433380e-03
3.680570982396602631e-03
1.627602730877697468e-03
-1.317274058237671852e-03
2.819506917148828506e-03
1.557960058562457561e-03
3.616831731051206589e-03
1.999722095206379890e-03
2.528230194002389908e-03
3.428468946367502213e-03
1.172877498902380466e-03
9.765774011611938477e-04
-3.604338970035314560e-03
3.115648403763771057e-03
-8.510242332704365253e-04
-3.594773588702082634e-03
-2.758787944912910461e-03
-6.126875523477792740e-04
1.830669702030718327e-03
-9.883511811494827271e-04
1.199999358505010605e-03
-3.238755278289318085e-03
1.118276268243789673e-03
-2.273444551974534988e-03
-2.691788540687412024e-04
-8.845531265251338482e-04
-6.100015598349273205e-04
-2.597200684249401093e-03
1.711674151010811329e-03
-1.713435514830052853e-03
-1.887640217319130898e-03
-4.212556523270905018e-04
-2.882577944546937943e-03
-2.358582336455583572e-03
9.151691338047385216e-04
9.635274764150381088e-04
1.932559767737984657e-03
1.590885804034769535e-03
2.191364299505949020e-03
-1.893182401545345783e-03
1.204261439852416515e-03
2.252832055091857910e-03
-2.551004523411393166e-03
1.583492034114897251e-03
6.335791840683668852e-05
-1.761110033839941025e-03
1.055424916557967663e-03
-1.401735586114227772e-03
-2.459343755617737770e-03
-2.602365566417574883e-03
-2.626694738864898682e-03
1.766469678841531277e-03
1.830829656682908535e-03
-7.472761208191514015e-04
3.603953402489423752e-03
-3.627006895840167999e-03
-1.604825374670326710e-04
4.477519833017140627e-04
3.324788529425859451e-03
2.838237443938851357e-03
3.755239304155111313e-03
1.536989933811128139e-03
-1.914501306600868702e-03
-1.818729215301573277e-03
1.140707638114690781e-03
1.035528955981135368e-03
2.510194433853030205e-03
-9.791882475838065147e-04
-3.060842165723443031e-03
5.372621235437691212e-04
1.710192183963954449e-03
1.067203338607214391e-04
-1.631775172427296638e-03
-4.466274112928658724e-04
1.966235926374793053e-03
-4.093253519386053085e-04
1.731153693981468678e-03
2.931255614385008812e-03
-6.879754946567118168e-04
-1.596857327967882156e-03
-3.069951897487044334e-03
-2.266060793772339821e-03
-1.303316443227231503e-03
7.480146596208214760e-04
7.361872703768312931e-04
-9.469759534113109112e-04
-1.531434128992259502e-03
-2.262808848172426224e-03
-2.749259350821375847e-03
-2.426871331408619881e-03
-2.936489647254347801e-03
1.197720775962807238e-04
-1.466081943362951279e-03
2.839910564944148064e-03
3.843867452815175056e-03
1.969005214050412178e-03
-2.382318954914808273e-03
4.317801212891936302e-04
-3.582925710361450911e-04
1.012187451124191284e-03
2.114822156727313995e-03
-9.569826652295887470e-04
-3.390446538105607033e-03
-1.155461883172392845e-03
-2.354296622797846794e-03
3.925651981262490153e-05
-1.905306591652333736e-03
1.192709198221564293e-03
-1.644427189603447914e-03
-6.648499402217566967e-04
1.998278778046369553e-03
2.516275038942694664e-03
-1.581920660100877285e-03
-2.121033903677016497e-04
-3.155005862936377525e-03
2.218965673819184303e-03
-3.400078509002923965e-03
3.083215095102787018e-03
-3.330964595079421997e-03
2.015710575506091118e-03
2.530718920752406120e-04
3.436090424656867981e-03
-3.672871273010969162e-03
1.957137137651443481e-03
7.873666472733020782e-04
1.749298884533345699e-03
-3.391498932614922523e-03
1.818185206502676010e-03
-6.142843631096184254e-04
6.459428695961833000e-04
-2.231598831713199615e-03
2.956273499876260757e-03
9.504302870482206345e-04
2.648776397109031677e-03
3.563004080206155777e-03
2.388561144471168518e-03
-2.482356270775198936e-03
1.552349771372973919e-03
-4.653114301618188620e-04
1.436264254152774811e-03
1.528052263893187046e-03
3.966866934206336737e-04
2.794036408886313438e-03
-2.551962388679385185e-03
2.002799417823553085e-03
-8.207887876778841019e-04
-3.128043026663362980e-04
1.134875579737126827e-03
3.103322815150022507e-03
2.859094412997364998e-03
-1.945298397913575172e-03
2.359723439440131187e-04
1.573317917063832283e-03
2.722386037930846214e-03
