-2.612303709611296654e-03
-1.824355567805469036e-03
-1.406660303473472595e-03
-3.060522722080349922e-03
-3.135143546387553215e-03
-2.993789501488208771e-03
1.873513800092041492e-03
-1.756531186401844025e-03
-1.106173731386661530e-03
3.154431935399770737e-03
3.138504922389984131e-03
-3.252226859331130981e-03
1.452879398129880428e-03
3.119088942185044289e-03
-2.264312701299786568e-03
-3.718131221830844879e-03
-2.764969598501920700e-03
-1.493169227614998817e-03
1.256878487765789032e-03
1.952351187355816364e-03
-1.811556052416563034e-03
4.962389939464628696e-04
1.349737634882330894e-03
-3.237827913835644722e-03
1.190031063742935658e-03
3.289796411991119385e-03
-3.837436204776167870e-03
-3.553841263055801392e-03
3.201315645128488541e-03
-3.326156176626682281e-03
2.189027843996882439e-03
2.436104230582714081e-03
1.790229114703834057e-03
1.686593634076416492e-03
2.752801869064569473e-03
2.857335377484560013e-03
-2.928252797573804855e-03
-1.923093223012983799e-03
8.089206530712544918e-04
3.534497693181037903e-03
-2.742634620517492294e-03
-3.559003816917538643e-03
1.764572109095752239e-03
3.281278477516025305e-04
-2.859615953639149666e-03
-3.736151149496436119e-03
-9.026309126056730747e-04
-3.727192990481853485e-03
-3.847784828394651413e-03
-6.625439273193478584e-04
-3.418546402826905251e-03
2.654642798006534576e-03
-1.213850104250013828e-03
3.826643107458949089e-03
-4.927811678498983383e-04
-3.882396500557661057e-03
-2.592146629467606544e-03
-1.108185533666983247e-04
1.272489083930850029e-03
-1.784704742021858692e-03
1.413522637449204922e-03
-1.925625954754650593e-03
-3.439467865973711014e-03
8.382161031477153301e-04
2.928900532424449921e-03
-2.124890685081481934e-03
2.898786042351275682e-04
-2.735030604526400566e-03
2.362725324928760529e-03
1.437617000192403793e-03
-1.199491671286523342e-03
1.935163978487253189e-03
-3.381142392754554749e-03
-1.809634966775774956e-03
2.393170259892940521e-03
-2.560858614742755890e-03
-2.030494390055537224e-03
2.178945112973451614e-03
-1.770562957972288132e-03
-1.401789253577589989e-03
-2.212475956184789538e-04
3.618898335844278336e-03
2.943441504612565041e-03
-1.195560675114393234e-03
-3.228578483685851097e-03
-2.881881548091769218e-03
-9.148730314336717129e-04
1.564698060974478722e-03
-1.494861498940736055e-04
-1.569523941725492477e-03
2.944179577752947807e-04
-3.284479957073926926e-03
-8.748926484258845448e-05
-2.396474126726388931e-03
1.683867070823907852e-03
3.776628291234374046e-03
3.024754812940955162e-03
9.793544886633753777e-04
1.574114547111093998e-03
1.798777491785585880e-03
-2.521274844184517860e-03
-3.759663086384534836e-03
2.744370838627219200e-03
-2.671915572136640549e-03
-2.204663353040814400e-03
3.875191556289792061e-03
1.988490112125873566e-03
3.636120585724711418e-03
1.147478935308754444e-03
-3.444333560764789581e-03
1.572766690514981747e-03
1.600277144461870193e-03
3.332268679514527321e-03
-3.612812142819166183e-03
1.140632200986146927e-03
-5.114058731123805046e-04
6.507198850158601999e-05
-3.352172207087278366e-03
1.722656656056642532e-03
3.454212797805666924e-03
-1.950916484929621220e-03
2.150424988940358162e-03
2.858225489035248756e-04
-2.810548758134245872e-03
-2.741075819358229637e-03
-1.788678346201777458e-03
-3.051170613616704941e-03
3.801655722782015800e-03
-2.199150854721665382e-03
-2.026394475251436234e-03
1.988460717257112265e-04
1.769150840118527412e-03
1.239694654941558838e-03
2.754517365247011185e-03
-3.876483533531427383e-03
1.354182139039039612e-03
8.958901744335889816e-04
3.808700479567050934e-03
3.143873531371355057e-03
-3.459925297647714615e-03
3.147935727611184120e-03
3.729464719071984291e-03
2.898360835388302803e-03
-2.068067435175180435e-03
-3.645860822871327400e-03
-2.837181091308593750e-03
-3.092029364779591560e-03
3.423615591600537300e-03
-1.095119296223856509e-04
2.850434510037302971e-03
-3.550603578332811594e-04
-1.412280253134667873e-03
9.321282850578427315e-04
-2.799676498398184776e-03
3.256054827943444252e-03
-2.411040710285305977e-03
-1.931426231749355793e-03
-2.467478858307003975e-03
-2.604802604764699936e-03
-2.670675981789827347e-03
-3.196902573108673096e-03
1.217686221934854984e-03
-6.454671383835375309e-04
5.307242390699684620e-04
-8.569704950787127018e-04
2.745174570009112358e-03
-3.137841587886214256e-03
-3.140291431918740273e-03
3.060539020225405693e-03
-2.782602678053081036e-04
1.341896480880677700e-03
-1.744872657582163811e-03
3.571699140593409538e-03
-2.730666659772396088e-03
3.630337305366992950e-03
-3.182913176715373993e-03
-3.159014740958809853e-03
-8.359701023437082767e-04
-2.316979924216866493e-03
-2.138877753168344498e-03
7.031480199657380581e-04
-3.656530287116765976e-03
3.589723026379942894e-03
-1.204778018291108310e-04
2.571205841377377510e-03
-1.287629711441695690e-04
2.250433200970292091e-03
8.488132152706384659e-04
-1.634297892451286316e-03
-2.869639080017805099e-03
-2.245471841888502240e-04
-3.772774711251258850e-03
5.435516941361129284e-04
-2.459801733493804932e-03
-4.482735821511596441e-04
2.273140242323279381e-03
2.760173985734581947e-03
2.885136986151337624e-03
-2.644397085532546043e-03
2.622618339955806732e-03
-1.343180425465106964e-03
-3.454164834693074226e-03
3.565426915884017944e-03
-2.619328442960977554e-04
-2.447103383019566536e-03
-2.404175931587815285e-03
-2.848688280209898949e-03
-5.940712071605958045e-05
2.849232871085405350e-03
-3.478087892290204763e-04
6.301042740233242512e-04
-3.409927478060126305e-03
3.113396698608994484e-03
-3.190304851159453392e-03
-5.556571995839476585e-04
-2.686996711418032646e-03
-1.259407843463122845e-03
2.167278435081243515e-03
7.794686243869364262e-04
-1.785981352441012859e-03
-3.710986813530325890e-03
-6.425189785659313202e-04
-3.743516281247138977e-03
3.053034422919154167e-03
-8.679755410412326455e-05
2.628036891110241413e-04
-1.208058558404445648e-03
2.224968280643224716e-03
-2.521959366276860237e-03
1.112160622142255306e-03
-1.012137858197093010e-03
8.866459393175318837e-05
2.215801505371928215e-03
-3.414162434637546539e-03
3.791965544223785400e-03
1.957480562850832939e-03
-1.396601437591016293e-03
2.000632695853710175e-03
-3.658991772681474686e-03
-1.563375582918524742e-03
1.223136670887470245e-03
2.196982037276029587e-03
-1.644099014811217785e-03
2.039777813479304314e-03
5.942388088442385197e-04
-8.856668719090521336e-04
3.902718890458345413e-03
8.196348790079355240e-05
2.130498178303241730e-04
-1.796572585590183735e-03
-3.544319188222289085e-03
2.622552681714296341e-03
-2.262773923575878143e-04
1.027095364406704903e-03
3.647846868261694908e-03
-2.893167082220315933e-03
