2.838801883626729250e-04
-1.587622100487351418e-03
1.423485693521797657e-03
-3.217655234038829803e-03
1.970350975170731544e-03
-5.053290515206754208e-04
9.155683219432830811e-04
-1.812811009585857391e-03
3.415030951146036386e-04
3.529340028762817383e-04
-1.206588465720415115e-03
2.697731368243694305e-03
-3.662713104858994484e-03
-9.785548900254070759e-05
2.669235254870727658e-05
-3.183701774105429649e-03
-3.283391124568879604e-04
2.963170176371932030e-03
-2.204471267759799957e-03
-1.848258427344262600e-03
3.237593220546841621e-03
-3.555883304215967655e-04
-2.159726573154330254e-03
4.324019537307322025e-04
-2.658352488651871681e-03
-3.856447292491793633e-03
2.406568033620715141e-03
3.633329644799232483e-03
2.384732477366924286e-03
1.378504326567053795e-03
-2.559343120083212852e-03
2.495037624612450600e-03
-2.449879655614495277e-03
-3.489059163257479668e-04
-7.583858678117394447e-04
-4.416516749188303947e-04
-3.603561315685510635e-03
-4.630016628652811050e-04
1.640015689190477133e-04
8.089513867162168026e-04
2.041680971160531044e-03
-1.405546092428267002e-03
-6.497662398032844067e-04
-4.996897769160568714e-04
1.919587841257452965e-03
-3.459742758423089981e-03
1.708430005237460136e-03
1.830104039981961250e-03
1.961088972166180611e-03
-9.451245423406362534e-04
9.648582199588418007e-04
1.822275458835065365e-03
-5.030114552937448025e-04
-5.468179588206112385e-04
1.636481843888759613e-03
2.335082041099667549e-03
-1.075033447705209255e-03
-3.537564538419246674e-03
-3.558175871148705482e-03
-2.437413204461336136e-03
3.344877623021602631e-03
5.485625588335096836e-04
-7.251041824929416180e-04
-1.794233336113393307e-03
-2.706341445446014404e-03
-1.159616629593074322e-03
3.242212580516934395e-03
-5.262814811430871487e-04
1.587695878697559237e-04
1.942538772709667683e-03
-2.116180257871747017e-03
5.294425063766539097e-04
2.850917866453528404e-03
-1.811156515032052994e-03
-3.446106798946857452e-03
-1.476466073654592037e-03
1.818927557906135917e-04
-2.431276487186551094e-03
1.127176219597458839e-03
-8.182747988030314445e-04
-1.583487843163311481e-03
-3.087895689532160759e-03
3.545098297763615847e-05
1.851954497396945953e-03
-4.560312081594020128e-04
-3.178072860464453697e-03
-2.247979631647467613e-03
-3.318921017125830986e-06
1.909803715534508228e-03
2.424441277980804443e-03
7.544194231741130352e-04
1.554012997075915337e-03
2.712663263082504272e-03
1.469570561312139034e-03
1.310519146500155330e-04
-2.080855658277869225e-03
-5.313609144650399685e-04
1.209763693623244762e-03
-1.781419501639902592e-03
1.929266261868178844e-03
1.653305487707257271e-03
7.434501312673091888e-04
1.975363586097955704e-03
-3.346530720591545105e-03
3.879922907799482346e-03
-2.329156413907185197e-04
1.568646403029561043e-03
-9.325142600573599339e-04
1.865083817392587662e-03
8.649746887385845184e-04
2.109732944518327713e-03
1.518271514214575291e-03
-3.651156788691878319e-03
-5.099740228615701199e-04
-4.922211519442498684e-04
1.753180287778377533e-03
1.688421121798455715e-03
-3.470339812338352203e-03
2.358105266466736794e-03
-2.336012548767030239e-04
-2.179424744099378586e-03
-2.365001710131764412e-03
-7.473567966371774673e-04
7.921070209704339504e-04
5.625091725960373878e-04
1.053670304827392101e-03
-1.891189487650990486e-03
-3.836814546957612038e-03
4.065779212396591902e-04
3.095931839197874069e-03
-2.843371126800775528e-03
-7.937113987281918526e-04
-3.369981888681650162e-03
-3.177096135914325714e-03
3.113046288490295410e-03
-1.193750300444662571e-03
7.315304246731102467e-04
2.543600741773843765e-03
-2.826960524544119835e-03
-5.547172040678560734e-04
1.335368026047945023e-03
-3.778741462156176567e-03
-2.415228169411420822e-03
1.827895757742226124e-03
5.183857865631580353e-04
-1.276902039535343647e-03
-1.251350389793515205e-03
-3.206084016710519791e-03
-2.564493101090192795e-03
-3.619996132329106331e-03
1.272838679142296314e-03
2.247369382530450821e-03
-4.667001776397228241e-04
1.938136760145425797e-03
-3.882710821926593781e-03
-1.843635342083871365e-03
-1.488874084316194057e-03
-1.141860382631421089e-03
-2.135938033461570740e-03
6.964086205698549747e-04
3.460707375779747963e-03
4.511387087404727936e-04
2.582208951935172081e-03
2.783194649964570999e-03
-7.113611900422256440e-06
-1.253828173503279686e-03
-1.116310013458132744e-03
7.616315851919353008e-04
-3.380998270586133003e-03
-3.100287402048707008e-03
-1.226712367497384548e-03
-4.774229601025581360e-04
2.721366705372929573e-03
2.642536303028464317e-03
1.769761438481509686e-03
-2.301649423316121101e-03
-7.507748523494228721e-05
-2.984833437949419022e-03
-1.477166078984737396e-03
3.801640821620821953e-03
1.586280413903295994e-03
1.904477947391569614e-03
1.559699419885873795e-03
-2.068526111543178558e-03
3.199925646185874939e-03
2.500480506569147110e-03
3.316699061542749405e-03
1.578659575898200274e-04
-3.437317674979567528e-03
3.031491069123148918e-03
3.101684851571917534e-03
-1.658457331359386444e-03
1.797271892428398132e-03
1.539084711112082005e-03
6.980985053814947605e-04
3.673738334327936172e-03
-2.359313191846013069e-03
-2.185500459745526314e-03
-2.230645855888724327e-03
-2.948109759017825127e-03
-3.638675902038812637e-03
1.053277985192835331e-03
-2.041735686361789703e-03
3.441110893618315458e-04
2.909657312557101250e-03
-1.206248925882391632e-04
2.994140610098838806e-03
8.532642386853694916e-04
2.062731655314564705e-03
1.972158672288060188e-03
-7.963528041727840900e-04
1.936562010087072849e-03
-1.512879272922873497e-03
3.433235920965671539e-03
3.406903706490993500e-03
3.843804588541388512e-03
-1.013512606732547283e-03
1.676225801929831505e-03
8.582074224250391126e-05
3.216724435333162546e-04
2.312612021341919899e-03
1.778414240106940269e-03
1.065709511749446392e-03
2.419973490759730339e-03
-3.455504076555371284e-03
-3.060394199565052986e-03
-1.171484473161399364e-03
1.041098512359894812e-04
-1.622535986825823784e-03
3.514917800202965736e-03
-1.460786326788365841e-03
-3.163684858009219170e-03
-3.191415220499038696e-03
2.445408143103122711e-03
-1.778473728336393833e-03
-1.028203754685819149e-03
2.384548541158437729e-03
6.029018550179898739e-04
-2.825836651027202606e-03
3.511112183332443237e-03
-1.127549097873270512e-03
-2.849590033292770386e-03
-1.909532933495938778e-03
3.019337309524416924e-03
3.119056578725576401e-03
3.880849108099937439e-03
-2.820951165631413460e-03
-3.355794819071888924e-03
3.107316093519330025e-03
2.768495469354093075e-04
-3.817058634012937546e-03
8.883330738171935081e-04
-3.645424963906407356e-03
1.771988230757415295e-03
-7.735784165561199188e-04
-2.034679055213928223e-03
