-2.248496050015091896e-03
-1.605406869202852249e-03
1.288374187424778938e-03
6.954518612474203110e-04
2.213184488937258720e-03
-3.004417521879076958e-03
-1.836641924455761909e-03
-1.897622714750468731e-03
-8.541222196072340012e-04
2.851834287866950035e-03
2.086649881675839424e-03
-1.583755365572869778e-03
-2.185920951887965202e-03
-2.540995599702000618e-03
-1.094455015845596790e-03
6.135189905762672424e-04
-3.403258742764592171e-03
2.746820682659745216e-04
1.055398206517565995e-05
2.806023694574832916e-03
2.183397300541400909e-03
-1.858369330875575542e-03
-1.596410991623997688e-03
2.346883527934551239e-03
-6.939788581803441048e-04
-2.047971123829483986e-03
-9.686074918136000633e-04
-3.459027735516428947e-03
2.972286660224199295e-03
3.505673957988619804e-03
-2.083261497318744659e-03
2.451398642733693123e-03
-1.320907031185925007e-03
6.474420661106705666e-04
-2.400451572611927986e-03
3.885144367814064026e-03
-3.479990875348448753e-03
-3.813702380284667015e-03
-8.654921111883595586e-05
3.845932194963097572e-03
5.918978713452816010e-04
3.156749298796057701e-03
3.854302689433097839e-03
2.291298471391201019e-03
-2.861849032342433929e-03
2.086991211399435997e-03
2.458655042573809624e-03
1.445668865926563740e-03
2.106406260281801224e-03
3.320671152323484421e-03
2.512458013370633125e-03
2.989291679114103317e-03
3.604269586503505707e-03
1.366543816402554512e-03
-3.657239954918622971e-03
1.486034307163208723e-04
-1.853997120633721352e-03
-3.871029941365122795e-03
2.853264100849628448e-03
-1.886615646071732044e-03
-2.626435132697224617e-03
-2.713183406740427017e-03
3.770016832277178764e-03
-2.574930433183908463e-03
-2.799290232360363007e-03
-2.840542467311024666e-03
7.598398951813578606e-04
-3.670526901260018349e-03
3.716158214956521988e-03
-2.075341064482927322e-03
2.152777509763836861e-03
-1.541635021567344666e-03
9.883922757580876350e-04
-7.856156444177031517e-04
1.573503599502146244e-03
-3.358340123668313026e-03
2.391605637967586517e-03
2.016359940171241760e-03
3.390900325030088425e-03
-3.641616785898804665e-03
-1.843808859121054411e-04
2.322280313819646835e-03
3.787978552281856537e-03
-1.547162886708974838e-03
1.012943830573931336e-04
2.339483005926012993e-03
2.609741641208529472e-04
-5.834019393660128117e-04
1.387092983350157738e-03
6.056669517420232296e-04
2.718863543123006821e-03
1.081282156519591808e-03
-1.466368030378362164e-05
5.975452950224280357e-04
8.295688894577324390e-04
-1.617229543626308441e-03
2.982264384627342224e-03
-1.020262832753360271e-03
2.295825164765119553e-03
3.380165901035070419e-03
2.771202940493822098e-03
-3.329965111333876848e-04
3.158064559102058411e-03
7.346426718868315220e-04
-2.568995812907814980e-03
-7.376271532848477364e-04
3.419935936108231544e-03
-1.867716433480381966e-03
5.870445747859776020e-04
-8.360054343938827515e-04
2.338394057005643845e-03
1.182235544547438622e-03
2.125199884176254272e-03
3.712891135364770889e-03
-1.957053318619728088e-03
3.272655187174677849e-03
-1.069047953933477402e-03
4.952300223521888256e-04
-3.032724140211939812e-03
3.480849321931600571e-03
1.311024185270071030e-03
-2.158441348001360893e-03
1.038492657244205475e-03
1.889457926154136658e-03
-4.968827124685049057e-04
-3.605854290071874857e-04
4.718250129371881485e-04
-2.674950985237956047e-03
1.352570368908345699e-03
3.377079265192151070e-03
8.304916555061936378e-04
7.622772245667874813e-04
2.271534642204642296e-03
1.040372648276388645e-03
-1.713669043965637684e-03
-4.010371922049671412e-04
-1.324646640568971634e-03
-1.901019364595413208e-03
-3.320486983284354210e-03
2.947512315586209297e-03
-2.961917081847786903e-03
-1.399484230205416679e-03
1.765345921739935875e-03
-3.455007448792457581e-03
-3.139031585305929184e-03
1.338092377409338951e-03
3.731985343620181084e-03
-2.232781145721673965e-03
2.120672870660200715e-04
-3.445238980930298567e-04
-3.798981197178363800e-03
-7.999053923413157463e-04
-2.720463089644908905e-03
-2.825645497068762779e-03
7.587911677546799183e-04
2.768876729533076286e-03
-2.585835289210081100e-03
-3.143990179523825645e-03
3.856435418128967285e-03
2.528879093006253242e-03
-6.854149978607892990e-04
-2.287065843120217323e-03
5.722742644138634205e-04
-3.810438094660639763e-03
7.357439608313143253e-04
-2.638383070006966591e-03
-1.488284324295818806e-03
-1.170380506664514542e-03
-2.341473242267966270e-03
-3.802609862759709358e-03
2.876424405258148909e-04
4.112741735298186541e-04
-9.076676215045154095e-04
-3.624237840995192528e-03
2.574048703536391258e-03
1.463863882236182690e-03
2.478581853210926056e-03
3.400601213797926903e-03
1.510179135948419571e-03
-9.106341749429702759e-04
2.128076506778597832e-03
3.509745467454195023e-03
2.422031247988343239e-03
3.613187000155448914e-03
-1.620010938495397568e-03
3.047884907573461533e-03
-2.002128167077898979e-04
-1.952581224031746387e-03
1.065464806742966175e-03
-2.413235604763031006e-03
-2.579781226813793182e-03
1.950449892319738865e-03
2.382400911301374435e-03
1.568422419950366020e-03
3.542789956554770470e-03
-2.647618995979428291e-03
1.940962742082774639e-03
2.237443259218707681e-04
-2.598555292934179306e-03
1.033013802953064442e-03
-9.390193736180663109e-04
-3.441009204834699631e-03
-2.898681908845901489e-03
-3.379085334017872810e-03
-1.919974340125918388e-03
3.081056522205471992e-03
6.320225656963884830e-04
-3.717003157362341881e-03
-9.109752718359231949e-04
-1.198545214720070362e-03
3.666323143988847733e-03
-1.218455072375945747e-04
3.672373015433549881e-03
-3.022865625098347664e-03
3.819555742666125298e-03
7.622279226779937744e-04
-8.422707905992865562e-04
5.404829862527549267e-04
-3.642846364527940750e-03
-4.224049043841660023e-04
9.898670250549912453e-04
-4.953846801072359085e-04
-2.702089259400963783e-03
-3.099498106166720390e-03
1.788935391232371330e-03
-1.230531255714595318e-03
1.122214671340771019e-04
-5.978113040328025818e-04
-2.627673558890819550e-03
-4.275121900718659163e-04
2.113504568114876747e-03
5.742962239310145378e-04
-1.841527555370703340e-04
3.519002115353941917e-03
-1.335323322564363480e-03
-3.873484209179878235e-03
4.845347430091351271e-04
-3.483612381387501955e-04
-2.981764962896704674e-03
2.614623168483376503e-03
2.341958694159984589e-03
2.746026497334241867e-03
1.346035045571625233e-03
3.186427522450685501e-03
-1.447477494366466999e-03
2.738716779276728630e-03
2.512901322916150093e-03
1.458986516809090972e-04
1.984623493626713753e-03
3.282967023551464081e-03
-5.003697006031870842e-04
-3.392693120986223221e-03
2.407297026365995407e-03
-1.878319773823022842e-03
-1.634990476304665208e-04
-2.711624139919877052e-03
