3.020402975380420685e-03
2.568633528426289558e-03
2.270831959322094917e-03
-3.207292407751083374e-03
-1.588441780768334866e-03
-1.148322829976677895e-03
-1.764348358847200871e-03
3.177187871187925339e-03
-3.557322314009070396e-03
1.879511546576395631e-04
-1.313015673076733947e-04
2.576331840828061104e-03
-6.754661444574594498e-04
3.546118270605802536e-03
-1.491390168666839600e-03
-1.338314381428062916e-03
2.680171513929963112e-03
3.229831112548708916e-03
-1.536468043923377991e-03
-2.519146772101521492e-03
-1.682490692473948002e-04
-1.259739510715007782e-03
3.442852525040507317e-03
-4.256639222148805857e-04
5.251845577731728554e-04
-1.032892381772398949e-03
3.256484167650341988e-03
3.101215232163667679e-03
5.398228950070915744e-06
8.361881482414901257e-04
-3.153883619233965874e-03
2.955664182081818581e-03
3.623812692239880562e-03
1.246758271008729935e-03
-1.575321773998439312e-03
3.217433113604784012e-03
3.405932337045669556e-03
2.654952695593237877e-03
-3.177296370267868042e-03
2.798364730551838875e-03
-3.792528761550784111e-03
-1.624884665943682194e-03
-6.431129877455532551e-04
-4.621310799848288298e-04
4.573296464513987303e-04
-1.710387645289301872e-03
-3.469577291980385780e-03
9.628429688746109605e-05
2.946611726656556129e-03
2.197403926402330399e-03
-2.466924255713820457e-03
3.698195330798625946e-03
-4.853629434364847839e-05
2.962063765153288841e-03
-6.195941241458058357e-04
-2.561262575909495354e-03
8.112292853184044361e-04
1.642566785449162126e-04
7.591515895910561085e-04
2.188262296840548515e-03
-2.255455590784549713e-03
2.901183674111962318e-03
2.413085661828517914e-03
7.456758758053183556e-04
8.422934915870428085e-04
6.117993616499006748e-04
-3.772437805309891701e-03
-9.513646364212036133e-04
1.979461172595620155e-03
-1.443350338377058506e-03
2.724333200603723526e-03
1.599835231900215149e-03
3.882599994540214539e-03
-3.164546098560094833e-03
2.774135675281286240e-03
2.336738631129264832e-03
3.547529922798275948e-03
-3.518499201163649559e-03
-1.043713302351534367e-03
2.294988138601183891e-03
-2.961001126095652580e-03
1.926791504956781864e-03
1.886364188976585865e-04
-1.579900155775249004e-03
-3.012388478964567184e-03
1.581166987307369709e-03
-1.676351297646760941e-03
2.815495477989315987e-03
-3.358762478455901146e-03
2.164661185815930367e-03
-9.739107335917651653e-04
1.727196155115962029e-03
-3.666296834126114845e-03
-1.987280265893787146e-04
3.109059296548366547e-03
2.303758170455694199e-03
-1.192091382108628750e-03
3.676900407299399376e-03
-5.246544606052339077e-04
7.893420406617224216e-04
-3.168168477714061737e-03
-2.983889309689402580e-03
1.732119475491344929e-03
-1.855261507444083691e-03
7.969045691424980760e-05
-1.588772429386153817e-04
3.820860991254448891e-03
6.265768897719681263e-04
-3.440476022660732269e-03
1.577244256623089314e-04
2.234856510767713189e-04
-3.840047633275389671e-03
2.834184328094124794e-03
-2.692408626899123192e-03
3.144329646602272987e-03
-3.578373230993747711e-03
-1.109776785597205162e-03
-2.021351363509893417e-03
3.636399749666452408e-03
3.255738876760005951e-03
-3.189532086253166199e-03
4.700152494478970766e-04
-2.000101609155535698e-03
2.619988052174448967e-03
1.904240780277177691e-04
2.090447116643190384e-03
-2.565159229561686516e-03
-3.103334456682205200e-03
3.085312433540821075e-03
4.229436308378353715e-05
2.024765359237790108e-03
1.016785041429102421e-03
1.659005414694547653e-03
-1.344926306046545506e-03
-2.674925141036510468e-03
2.846705494448542595e-03
-2.622496802359819412e-03
4.147746076341718435e-04
7.617271330673247576e-05
-4.667365865316241980e-04
-1.830347813665866852e-03
1.021899981424212456e-03
9.435520041733980179e-04
2.974061062559485435e-04
-3.504157997667789459e-03
1.725533802527934313e-04
3.912054002285003662e-03
-5.941629642620682716e-04
-1.525033847428858280e-03
1.523097511380910873e-03
2.662778715603053570e-04
-5.772038130089640617e-04
1.669852063059806824e-03
1.701498869806528091e-03
7.141030800994485617e-05
6.692253919027280062e-06
-2.787893172353506088e-03
2.043259795755147934e-03
1.444870955310761929e-03
3.580270567908883095e-04
7.453120197169482708e-04
7.601956021972000599e-04
-3.150556702166795731e-03
3.325632860651239753e-05
5.755995516665279865e-04
2.049071248620748520e-03
-9.095067507587373257e-04
-2.893204567953944206e-03
-7.716061663813889027e-04
1.348949270322918892e-03
-1.675974344834685326e-03
9.980512550100684166e-04
-3.817990887910127640e-03
-1.393280690535902977e-03
-7.617332157678902149e-04
-5.183112225495278835e-04
1.552814617753028870e-03
2.534602070227265358e-03
-1.824381412006914616e-03
3.535299096256494522e-03
3.371245460584759712e-03
4.251864738762378693e-04
3.451432334259152412e-03
5.115045350976288319e-04
-1.510926173068583012e-03
3.058308968320488930e-03
1.038838527165353298e-03
9.389761835336685181e-04
3.979342582169920206e-04
1.559466356411576271e-03
1.044212058332050219e-05
-3.523574909195303917e-03
1.095020328648388386e-03
2.876917831599712372e-03
9.421689901500940323e-04
-5.295176379149779677e-05
5.909057290409691632e-05
-3.705009818077087402e-03
3.819061676040291786e-03
-2.259931527078151703e-03
-3.112724516540765762e-03
-1.601278665475547314e-03
2.503240946680307388e-03
-1.704437541775405407e-03
2.806045813485980034e-03
-5.944406730122864246e-04
-1.161356976808747277e-06
-4.321827436797320843e-04
-1.272995490580797195e-03
5.435630446299910545e-04
-2.959502628073096275e-03
1.223758736159652472e-04
-9.552167466608807445e-05
2.329307608306407928e-03
-5.681986804120242596e-04
-2.080461010336875916e-03
-6.719498196616768837e-04
-5.273651549941860139e-05
-1.107652205973863602e-03
1.404749928042292595e-03
-4.856302984990179539e-04
2.691951347514986992e-03
-2.908202121034264565e-03
3.225673921406269073e-03
-1.650206977501511574e-03
1.297373557463288307e-03
9.365270379930734634e-04
3.083398798480629921e-03
-3.585278987884521484e-03
2.128101652488112450e-03
-2.955581992864608765e-03
-2.682326827198266983e-03
2.846311544999480247e-03
-4.960221704095602036e-04
1.760738203302025795e-03
-3.088438650593161583e-03
3.798824734985828400e-03
1.859755720943212509e-03
1.819352502934634686e-03
3.695998166222125292e-04
-3.619563300162553787e-03
-2.362179337069392204e-03
3.822378814220428467e-03
3.783110994845628738e-03
-2.924672327935695648e-03
2.987846964970231056e-04
-2.551179612055420876e-03
-2.056092722341418266e-03
8.291944141092244536e-06
-3.658343805000185966e-03
1.505980617366731167e-03
-5.115540698170661926e-04
-1.991900615394115448e-03
1.996210485231131315e-04
-2.090764464810490608e-04
3.745896741747856140e-03
