3.662936389446258545e-03
3.582647535949945450e-03
2.378025092184543610e-03
-1.936766784638166428e-03
1.340274116955697536e-03
-7.672495557926595211e-04
6.270515732467174530e-04
-2.300834981724619865e-03
1.927091507241129875e-03
2.604685490950942039e-03
-3.162704408168792725e-03
-2.393456641584634781e-03
-2.287085168063640594e-03
5.734714213758707047e-04
2.314490266144275665e-03
-3.827862907201051712e-03
-1.506052096374332905e-03
-3.021053737029433250e-03
-1.463277381844818592e-03
-2.591044642031192780e-03
2.048140624538064003e-03
3.351474646478891373e-03
3.510481212288141251e-03
2.716376679018139839e-03
-2.447057981044054031e-03
-2.826260402798652649e-03
-2.211797051131725311e-03
-5.359192728064954281e-04
3.257333766669034958e-03
-3.725463757291436195e-03
-1.825608196668326855e-03
-1.959347631782293320e-03
3.011923283338546753e-03
-8.046749280765652657e-04
3.144406713545322418e-03
-3.152533899992704391e-03
-2.328870352357625961e-03
-5.257639568299055099e-04
-2.732048160396516323e-04
-3.031791187822818756e-03
3.591064829379320145e-03
2.125098602846264839e-03
1.992117358895484358e-05
-1.561618410050868988e-03
-2.408751053735613823e-03
-1.397910760715603828e-03
-3.174700308591127396e-03
1.100693247281014919e-03
-2.389434957876801491e-04
-3.499167505651712418e-03
8.341539069078862667e-04
-1.326883328147232533e-03
1.989699667319655418e-03
8.801716612651944160e-04
-4.539974179351702332e-05
-2.115122042596340179e-03
-2.049385337159037590e-03
-2.865850692614912987e-03
2.657944103702902794e-03
-2.826205454766750336e-03
-2.041194820776581764e-03
3.203313099220395088e-03
-3.849783097393810749e-04
-8.559804700780659914e-05
3.771213814616203308e-03
-1.402249443344771862e-03
3.074627136811614037e-03
1.111775418394245207e-05
-2.010048192460089922e-04
-2.021268242970108986e-03
2.043756190687417984e-03
-9.797137463465332985e-04
-5.905776051804423332e-04
-1.477557118050754070e-03
-3.771900897845625877e-03
3.439396852627396584e-03
3.702974878251552582e-03
4.219382244627922773e-04
-6.319569365587085485e-05
-5.314030568115413189e-04
3.307933919131755829e-03
-7.061489159241318703e-04
8.698771707713603973e-04
2.175631467252969742e-03
1.317849033512175083e-03
-6.346917944028973579e-04
1.484399545006453991e-03
1.930541824549436569e-03
1.905405544675886631e-03
2.057082019746303558e-03
-2.747677499428391457e-04
1.281008124351501465e-03
3.790573915466666222e-03
-3.872153349220752716e-03
-2.030668547376990318e-03
4.199145769234746695e-04
-2.560964319854974747e-03
1.824818085879087448e-03
1.471429131925106049e-03
1.143918372690677643e-03
1.699200220173224807e-04
-3.010776417795568705e-04
2.161950804293155670e-03
-1.526792882941663265e-03
-7.479229243472218513e-04
1.126847811974585056e-03
-3.098852466791868210e-03
-3.220202866941690445e-03
3.389179939404129982e-03
-1.706062030280008912e-04
-8.189405780285596848e-04
7.439285982400178909e-04
1.816235249862074852e-03
3.023090539500117302e-03
2.104618586599826813e-03
-2.597253769636154175e-04
-8.264643838629126549e-05
3.405293915420770645e-03
2.116961870342493057e-03
1.712627854431048036e-04
-8.285658987006172538e-05
-1.183709828183054924e-03
-1.616329187527298927e-03
1.680498709902167320e-03
-3.014876972883939743e-03
-2.748090540990233421e-03
1.991425175219774246e-03
2.701074117794632912e-03
2.089071553200483322e-03
-4.492239968385547400e-04
1.311025000177323818e-03
3.673028200864791870e-03
-2.380605292273685336e-04
1.140388776548206806e-03
-8.811501174932345748e-05
-2.748344792053103447e-03
-7.298678974620997906e-04
-2.329508773982524872e-03
2.921284758485853672e-04
-1.663403236307203770e-03
5.457042716443538666e-04
3.100235713645815849e-03
-1.534283626824617386e-03
1.681669527897611260e-04
-1.142599969170987606e-03
2.633743919432163239e-03
3.067410318180918694e-03
-4.816864384338259697e-04
2.899880753830075264e-03
1.255083712749183178e-03
-2.490763436071574688e-04
-2.197053516283631325e-03
-4.101636586710810661e-04
3.560801502317190170e-03
2.218412002548575401e-03
-2.399372169747948647e-03
-2.444667508825659752e-03
6.466500926762819290e-04
3.916237037628889084e-04
3.014943562448024750e-03
1.100644120015203953e-03
-3.425918053835630417e-03
3.435331629589200020e-03
-1.877884729765355587e-03
-3.392076760064810514e-04
1.928231329657137394e-03
-2.952918293885886669e-04
-1.479473779909312725e-03
-1.082644448615610600e-03
-2.752649888861924410e-04
-5.841114325448870659e-04
1.514081377536058426e-03
-1.316410722211003304e-03
1.234400318935513496e-03
1.776864519342780113e-03
9.538425365462899208e-04
-1.463656546548008919e-03
1.918739872053265572e-03
-1.360159134492278099e-03
-2.765386598184704781e-03
-4.188926250208169222e-04
-5.036156508140265942e-04
-7.719183340668678284e-04
1.175870420411229134e-03
1.710137003101408482e-04
6.045571062713861465e-04
-2.039759187027812004e-03
1.771484734490513802e-03
-2.143484074622392654e-03
-2.639089943841099739e-03
-1.230929396115243435e-03
-1.252613030374050140e-03
2.685266314074397087e-03
-2.417926210910081863e-03
2.485033764969557524e-04
-1.629002392292022705e-03
3.701869631186127663e-03
-3.102086950093507767e-03
1.307077938690781593e-03
-3.134886967018246651e-03
1.243249746039509773e-03
2.619225531816482544e-03
3.133215708658099174e-03
1.985403243452310562e-03
1.196219600387848914e-04
2.733139554038643837e-03
-2.751315943896770477e-03
2.803605981171131134e-03
2.243854338303208351e-03
-2.235260792076587677e-03
3.889468265697360039e-03
-4.150824097450822592e-04
-3.028193721547722816e-03
2.547497162595391273e-03
-3.581422613933682442e-03
-4.972295137122273445e-04
-1.394550665281713009e-03
3.391244914382696152e-03
3.894753986969590187e-03
-2.364702289924025536e-03
3.787658410146832466e-03
7.819419988663867116e-05
2.578566549345850945e-03
1.520775025710463524e-03
-2.583595691248774529e-03
-8.487542072543874383e-05
6.845042662462219596e-05
1.692920108325779438e-03
4.654502845369279385e-04
-2.866529161110520363e-03
8.677026926307007670e-05
-4.019629559479653835e-04
-1.300813397392630577e-03
-2.197872847318649292e-03
-1.893981359899044037e-03
-3.928923688363283873e-04
2.103806240484118462e-03
2.436201553791761398e-03
1.288337749429047108e-03
-1.480070292018353939e-03
-3.025241196155548096e-03
-3.214397700503468513e-03
1.004235469736158848e-03
3.566017141565680504e-03
-1.318081398494541645e-03
-9.771158220246434212e-04
8.016726351343095303e-04
1.226305961608886719e-03
2.730068052187561989e-03
2.753714565187692642e-03
-1.192825962789356709e-03
2.370278816670179367e-03
2.288307761773467064e-03
3.415534971281886101e-03
-6.945438799448311329e-04
3.438556799665093422e-03
