3.709562821313738823e-03
2.210850827395915985e-03
3.767344867810606956e-03
3.213979303836822510e-03
6.406989414244890213e-04
-6.473295507021248341e-04
-3.848525928333401680e-03
-3.573305439203977585e-03
1.678078551776707172e-03
-1.420427724951878190e-05
7.885453524067997932e-04
-7.938549970276653767e-04
-2.060827566310763359e-03
-1.581820426508784294e-03
3.579381154850125313e-03
2.183165401220321655e-03
1.351369428448379040e-03
-1.556168310344219208e-03
-1.608413527719676495e-03
-9.231077274307608604e-04
1.036366797052323818e-03
7.930479478091001511e-04
3.052465850487351418e-03
-3.421775065362453461e-03
1.830225461162626743e-03
2.446949947625398636e-03
3.244391642510890961e-03
-8.655541460029780865e-04
1.242183963768184185e-03
3.830833593383431435e-03
-3.119545057415962219e-03
-1.345456694252789021e-03
-1.907739322632551193e-03
1.338612055405974388e-03
3.679487388581037521e-03
-3.421876346692442894e-03
-1.426613773219287395e-03
3.093329491093754768e-03
4.354983320808969438e-05
7.344825426116585732e-04
9.111741092056035995e-04
-3.435414750128984451e-03
-3.480791929177939892e-04
-2.263544825837016106e-03
-2.473465166985988617e-03
1.371389720588922501e-03
-4.778871661983430386e-04
1.868720632046461105e-03
5.865884013473987579e-04
2.538596745580434799e-04
-1.145138754509389400e-03
-6.577980238944292068e-04
4.316226113587617874e-04
1.015260932035744190e-03
1.950735808350145817e-03
-3.646213328465819359e-03
-1.796373981051146984e-03
-2.112119924277067184e-03
-2.909596951212733984e-04
1.098366570658981800e-03
2.299051964655518532e-03
2.945557236671447754e-03
3.500110236927866936e-03
-1.428704708814620972e-03
-1.598127302713692188e-03
3.891868283972144127e-03
4.782085306942462921e-04
1.757534337230026722e-03
1.981060253456234932e-03
4.695092684414703399e-06
-8.098232210613787174e-04
-3.030408173799514771e-03
9.197560139000415802e-04
3.312857355922460556e-03
8.080318366410210729e-05
1.205538748763501644e-03
-1.208191388286650181e-03
-2.109431661665439606e-03
1.704305992461740971e-03
-3.773008938878774643e-04
2.124804537743330002e-03
3.347646445035934448e-03
-2.259137574583292007e-03
2.838946878910064697e-03
2.759883063845336437e-04
9.498779400018975139e-05
4.791899700649082661e-04
-1.555217895656824112e-03
-6.604305817745625973e-04
-2.684396458789706230e-03
1.471374765969812870e-03
9.288197034038603306e-04
-1.475871889851987362e-03
1.131817349232733250e-03
1.047976780682802200e-03
-7.782888133078813553e-04
3.839368931949138641e-03
3.525757696479558945e-03
-2.692095935344696045e-03
2.960731973871588707e-03
3.519666148349642754e-03
2.791953738778829575e-03
6.798827089369297028e-04
-2.414055168628692627e-03
-2.749400446191430092e-03
-3.066315315663814545e-03
1.398599579260917380e-05
2.887254348024725914e-03
-2.343205269426107407e-03
2.029482508078217506e-03
2.099778736010193825e-03
-2.368735149502754211e-03
4.652169882319867611e-04
3.570082131773233414e-03
-1.005765283480286598e-03
3.205631161108613014e-03
3.073621541261672974e-03
2.263519709231331944e-04
1.748619688441976905e-04
-1.641364768147468567e-03
-8.362548542208969593e-04
1.394895953126251698e-03
-1.421964145265519619e-03
3.215246135368943214e-03
-2.828605356626212597e-04
1.931045437231659889e-03
-1.480191829614341259e-03
-1.943015959113836288e-03
-8.238081354647874832e-04
2.301689237356185913e-03
9.042751626111567020e-04
-1.882920390926301479e-03
3.480610321275889874e-04
-1.965776784345507622e-03
-2.413246082141995430e-03
6.083060288801789284e-04
-1.726175309158861637e-03
5.734405713155865669e-04
-2.749091014266014099e-03
4.585921415127813816e-04
-1.038023838191293180e-04
2.974786097183823586e-03
8.533342625014483929e-04
-3.245452884584665298e-03
-1.064321841113269329e-03
-2.804525196552276611e-03
-1.899686641991138458e-03
-3.517346922308206558e-03
-2.243991475552320480e-03
5.244992207735776901e-04
-2.323563909158110619e-03
1.046311925165355206e-03
1.959366025403141975e-03
2.604954061098396778e-04
1.471772440709173679e-03
1.130666583776473999e-03
-1.200563507154583931e-03
-1.351654500467702746e-04
-2.997689880430698395e-03
2.910960232838988304e-03
1.090918784029781818e-03
2.974951639771461487e-03
-2.296151360496878624e-03
-1.077014137990772724e-03
-1.304465229623019695e-03
4.789741360582411289e-04
-2.458025468513369560e-03
-1.908792648464441299e-03
2.263151109218597412e-04
-3.086721757426857948e-03
2.763038733974099159e-03
-3.718897700309753418e-03
-3.832662943750619888e-03
-1.811158959753811359e-03
6.565191433764994144e-04
3.084501950070261955e-03
-2.974905655719339848e-04
-3.547002328559756279e-03
-7.819483289495110512e-04
1.232199836522340775e-03
1.199183869175612926e-03
-2.939181867986917496e-03
2.459283219650387764e-03
-1.952787046320736408e-03
3.656536107882857323e-03
-2.357720630243420601e-03
-1.191183924674987793e-03
-2.927637542597949505e-04
-3.080687718465924263e-03
-2.966269385069608688e-03
-2.983588259667158127e-03
3.059342736378312111e-03
2.680087229236960411e-03
2.688731998205184937e-03
-2.164923585951328278e-03
-1.259821932762861252e-03
1.308464095927774906e-03
9.457717533223330975e-04
-3.578191157430410385e-03
1.404759124852716923e-03
-3.018208779394626617e-03
2.397421747446060181e-03
-1.424255664460361004e-03
-1.222566061187535524e-04
1.140980748459696770e-03
1.094059203751385212e-03
-2.106504980474710464e-03
1.782569917850196362e-03
-1.812376547604799271e-03
-2.362418221309781075e-03
4.412340058479458094e-05
2.947757719084620476e-03
-1.547393854707479477e-03
2.266188617795705795e-03
3.490678966045379639e-03
3.521231468766927719e-03
-1.955606509000062943e-03
7.060854113660752773e-04
-5.821962258778512478e-05
2.423946745693683624e-03
1.326672383584082127e-03
3.167802235111594200e-03
2.829779172316193581e-03
-1.406572526320815086e-03
-3.875497728586196899e-03
4.446547827683389187e-04
-1.777266268618404865e-03
1.442027860321104527e-03
2.022882690653204918e-03
-1.657650689594447613e-03
1.074237981811165810e-03
-1.103332033380866051e-03
1.089709927327930927e-03
1.444938243366777897e-03
1.517534488812088966e-03
1.217911834828555584e-03
-5.398889188654720783e-04
5.690669058822095394e-04
3.818193916231393814e-03
-1.652863458730280399e-03
-3.318283997941762209e-04
-3.872863482683897018e-03
9.300453821197152138e-04
-2.889613853767514229e-03
3.247214015573263168e-03
-1.943340641446411610e-03
-5.948589532636106014e-04
-2.772497478872537613e-03
2.284356392920017242e-03
2.651958027854561806e-03
3.852653549984097481e-03
1.846291590481996536e-03
-2.739832852967083454e-04
-3.119334811344742775e-03
7.213544449768960476e-05
-2.103008795529603958e-03
