-2.066559391096234322e-03
2.100721001625061035e-03
3.338617971166968346e-03
2.757001668214797974e-03
-2.090441063046455383e-03
2.785213058814406395e-03
-2.104425337165594101e-03
1.898986403830349445e-03
-3.318390110507607460e-03
-2.350896829739212990e-05
-5.265708896331489086e-04
-1.869417959824204445e-03
2.887365175411105156e-03
-2.769207349047064781e-04
-2.093283226713538170e-03
2.029492519795894623e-03
-6.299169617705047131e-04
-2.918950282037258148e-03
-2.343450905755162239e-03
2.229979960247874260e-03
1.729495124891400337e-03
1.578727969899773598e-03
1.161677413620054722e-03
3.520678146742284298e-04
3.704458475112915039e-03
-2.696677576750516891e-03
-3.831055248156189919e-03
-1.247055013664066792e-03
1.782512845238670707e-05
1.957928529009222984e-03
3.190958639606833458e-03
3.571160486899316311e-04
2.145553939044475555e-03
1.194595242850482464e-03
1.777246943674981594e-03
3.292169189080595970e-03
1.838052645325660706e-03
-4.573092737700790167e-04
2.108533168211579323e-03
-3.049039514735341072e-04
3.368146251887083054e-03
1.540650730021297932e-03
-3.073475556448101997e-03
-1.817074720747768879e-03
1.946822507306933403e-03
2.085688523948192596e-03
-2.723524812608957291e-03
-2.304818946868181229e-03
3.773375181481242180e-03
-1.172708471131045371e-05
-3.788510803133249283e-03
2.005099551752209663e-03
-1.873383182100951672e-03
-1.615587156265974045e-03
-2.421922981739044189e-03
-3.303190693259239197e-03
2.360741607844829559e-03
1.377127482555806637e-03
2.956122625619173050e-03
1.509470399469137192e-03
3.147838404402136803e-03
2.262549009174108505e-03
-3.551016794517636299e-03
2.160470903618261218e-04
-2.915558172389864922e-03
2.294900827109813690e-03
-8.743849466554820538e-04
-4.532685270532965660e-04
1.842685975134372711e-03
2.799525624141097069e-03
9.478679858148097992e-04
-2.314494457095861435e-03
1.040466362610459328e-03
2.024487825110554695e-03
-8.964915759861469269e-04
-1.018823590129613876e-03
-2.355799544602632523e-03
-2.374369418248534203e-03
-2.794749743770807981e-04
-1.435601443517953157e-04
1.094012171961367130e-03
-6.752911140210926533e-04
-2.297694329172372818e-03
-4.082554660271853209e-04
3.260380588471889496e-03
-7.657162495888769627e-04
7.841138867661356926e-04
8.909676689654588699e-04
1.774373580701649189e-03
-2.371126785874366760e-03
-2.163592027500271797e-03
-2.684851642698049545e-03
3.498608479276299477e-03
2.825614996254444122e-03
1.983710099011659622e-03
2.818258246406912804e-03
1.936654327437281609e-03
3.354506334289908409e-03
1.080559217371046543e-03
-9.110685205087065697e-04
2.131304005160927773e-03
-2.906981855630874634e-03
-2.988343767356127501e-04
-2.205174387199804187e-04
-1.767181325703859329e-03
-1.320122973993420601e-03
6.911964737810194492e-04
1.156317419372498989e-03
-1.867703627794981003e-03
1.075329259037971497e-03
-3.203746629878878593e-03
3.432979108765721321e-03
-3.714332124218344688e-03
-2.473396714776754379e-03
-1.329393358901143074e-03
2.643811283633112907e-03
2.999078133143484592e-04
1.589327584952116013e-03
2.858513500541448593e-03
-2.822857582941651344e-03
-2.429697196930646896e-03
-2.456485759466886520e-03
3.506781067699193954e-03
-7.820631144568324089e-04
2.631886454764753580e-04
-3.915903216693550348e-04
-1.997623126953840256e-03
3.505489090457558632e-03
-8.247286896221339703e-04
-6.092159892432391644e-04
-2.686591353267431259e-03
-1.588051673024892807e-03
2.617320977151393890e-03
-1.672681770287454128e-03
2.271299483254551888e-03
2.302203793078660965e-03
1.934175728820264339e-03
-2.272131387144327164e-03
-1.925710472278296947e-03
2.796519314870238304e-03
-6.448270869441330433e-04
2.032685326412320137e-03
-2.344695152714848518e-03
-1.410486176609992981e-03
2.787105273455381393e-03
2.906006993725895882e-03
1.826437423005700111e-03
-2.491703722625970840e-03
7.731802179478108883e-04
2.745814854279160500e-03
2.141015371307730675e-03
-1.540453522466123104e-04
2.928200177848339081e-03
3.163545858114957809e-03
-7.238149992190301418e-04
-2.509126206859946251e-03
2.459652954712510109e-03
1.020547817461192608e-03
-2.030689967796206474e-03
1.555221271701157093e-03
-5.658459267579019070e-04
3.527869936078786850e-03
2.442853525280952454e-03
-2.347879111766815186e-03
-2.358160447329282761e-03
9.553948075335938483e-06
2.677242737263441086e-03
-1.500369631685316563e-03
2.013062592595815659e-03
2.632648684084415436e-03
3.659998299553990364e-03
-3.545155515894293785e-03
-3.834595263469964266e-04
1.803634222596883774e-03
-4.255779786035418510e-04
-3.725367598235607147e-03
3.734022320713847876e-04
3.488697111606597900e-03
1.876148045994341373e-03
2.399163087829947472e-03
-3.060464980080723763e-03
2.136675175279378891e-03
2.306077396497130394e-03
1.357309054583311081e-03
-1.522127189673483372e-03
4.119507211726158857e-04
-4.055836470797657967e-04
-2.962488215416669846e-03
-2.466998295858502388e-03
-1.618823036551475525e-03
-3.320636693388223648e-03
3.265816485509276390e-03
3.794475924223661423e-03
-3.763148793950676918e-03
3.869549604132771492e-03
-3.305842867121100426e-03
-1.901912270113825798e-03
3.956100554205477238e-04
-2.469610888510942459e-03
-1.284467522054910660e-03
2.602579770609736443e-03
-3.326307050883769989e-03
2.197823720052838326e-03
7.087555713951587677e-04
-6.997344898991286755e-04
3.466565161943435669e-03
-2.689781133085489273e-03
-7.533050375059247017e-04
3.913179039955139160e-03
3.686883486807346344e-03
3.446422051638364792e-03
2.828164026141166687e-03
-2.790315775200724602e-03
-7.820292958058416843e-04
2.707780338823795319e-03
-4.237822140567004681e-04
-3.384110052138566971e-03
2.723224926739931107e-03
4.217099049128592014e-04
8.629204821772873402e-04
-2.980205463245511055e-03
-1.154231838881969452e-03
1.737094018608331680e-03
3.676024265587329865e-03
-1.051414408721029758e-03
3.835231531411409378e-03
8.463179692625999451e-04
-3.837005002424120903e-03
3.504133317619562149e-03
4.851696139667183161e-04
4.708276537712663412e-04
-2.827560761943459511e-03
1.088707358576357365e-03
-7.348420331254601479e-04
3.700931789353489876e-03
3.579765791073441505e-03
1.596626942045986652e-03
2.522409427911043167e-03
-3.212249604985117912e-03
-8.305596420541405678e-04
3.821315243840217590e-03
-2.021725522354245186e-04
2.074530348181724548e-03
9.373657521791756153e-04
2.051413990557193756e-03
-3.826742176897823811e-04
3.455952391959726810e-04
3.740177256986498833e-03
1.463609980419278145e-03
3.146839560940861702e-03
-2.421192359179258347e-03
1.631620689295232296e-03
1.515834010206162930e-03
1.785128377377986908e-03
1.053492655046284199e-03
1.293293782509863377e-03
