9.828606853261590004e-04
-6.857320549897849560e-04
6.202472141012549400e-04
1.524549559690058231e-03
-1.771069713868200779e-03
4.249714256729930639e-04
1.671862439252436161e-03
-3.353985026478767395e-03
2.338822465389966965e-03
3.873100737109780312e-03
-2.820502268150448799e-03
1.304363133385777473e-03
-2.518430817872285843e-03
-2.782511059194803238e-03
-1.594015979208052158e-03
3.041747026145458221e-03
-1.743141096085309982e-03
2.496304921805858612e-03
-3.430749289691448212e-03
8.219549781642854214e-04
-2.493753330782055855e-03
1.651522121392190456e-03
1.711060293018817902e-03
3.339763265103101730e-03
-2.172727603465318680e-03
3.206680994480848312e-03
-3.894133260473608971e-03
4.138616495765745640e-04
3.642672440037131310e-03
-2.087410073727369308e-03
-1.091807571356184781e-04
4.352864925749599934e-04
-4.364898268249817193e-05
-1.109701348468661308e-03
-2.497587818652391434e-03
-3.113110549747943878e-03
1.910333638079464436e-03
1.409463438903912902e-04
2.254307735711336136e-03
-8.709214307600632310e-05
1.133304904215037823e-03
-3.429511096328496933e-03
-3.590941487345844507e-04
4.129598382860422134e-04
1.623967778868973255e-03
-1.867361715994775295e-03
1.788787660188972950e-03
3.538700053468346596e-03
-1.119975931942462921e-03
-1.091426820494234562e-03
2.444429090246558189e-03
7.074993918649852276e-04
3.308595390990376472e-03
-2.882902044802904129e-03
-2.490719489287585020e-04
-8.327845716848969460e-04
5.882026161998510361e-04
4.155460919719189405e-04
-3.755251877009868622e-03
7.534151081927120686e-04
2.176776295527815819e-03
3.370051970705389977e-03
2.385694300755858421e-03
-8.870919118635356426e-04
-3.265783423557877541e-03
3.030726453289389610e-03
5.625442136079072952e-04
-1.066462835296988487e-03
3.560677403584122658e-03
1.816973555833101273e-03
-6.101669277995824814e-04
-3.660482587292790413e-03
3.266861313022673130e-04
4.844321229029446840e-04
3.838654607534408569e-03
-8.797392365522682667e-04
-2.757752081379294395e-03
-3.177564358338713646e-03
2.238957677036523819e-03
-8.011642494238913059e-04
7.961784140206873417e-04
2.576238010078668594e-03
1.164859510026872158e-03
2.919877180829644203e-03
2.635585144162178040e-03
1.512712333351373672e-04
1.192667870782315731e-03
3.175872261635959148e-04
2.105979248881340027e-03
-3.402265952900052071e-03
-3.080528404098004103e-04
1.319173956289887428e-03
2.036111196503043175e-03
-3.843786660581827164e-03
1.400280161760747433e-03
8.490112959407269955e-04
3.855539718642830849e-03
1.970363518921658397e-04
-2.634955104440450668e-03
-1.820812933146953583e-03
2.756822155788540840e-03
1.838267198763787746e-03
-2.951042959466576576e-03
3.301229560747742653e-03
2.858732361346483231e-03
-2.007954055443406105e-03
1.432350254617631435e-03
-3.493113210424780846e-03
-3.151220269501209259e-03
3.693941747769713402e-03
2.214002655819058418e-03
1.363936462439596653e-03
7.566524436697363853e-04
-3.574304748326539993e-03
3.065306926146149635e-03
-1.657370012253522873e-03
1.371230697259306908e-03
7.596411160193383694e-05
2.675588009878993034e-03
2.193924272432923317e-03
2.290623961016535759e-03
-1.549136242829263210e-03
-3.851230489090085030e-03
-1.984975766390562057e-03
2.629577415063977242e-03
-1.647235010750591755e-03
-3.460353240370750427e-03
9.108778322115540504e-04
3.198704915121197701e-03
7.320571967284195125e-06
2.969740657135844231e-03
3.586129751056432724e-03
1.231614383868873119e-03
5.219518207013607025e-04
-1.570941647514700890e-03
-3.427852410823106766e-03
1.152840908616781235e-03
-2.168593928217887878e-03
-8.621281012892723083e-04
-2.190964529290795326e-03
-4.210275947116315365e-04
-2.822873939294368029e-04
9.853417286649346352e-04
2.796157263219356537e-03
-2.504547825083136559e-03
1.392980455420911312e-03
-1.505544991232454777e-03
1.848631538450717926e-03
7.256231037899851799e-04
3.495310433208942413e-03
1.510787638835608959e-03
-3.588693216443061829e-03
2.856065402738749981e-04
-2.247002208605408669e-03
5.647873040288686752e-04
2.125322935171425343e-04
3.751414362341165543e-03
-3.735933685675263405e-03
-1.567182596772909164e-03
1.755928155034780502e-03
-3.533981507644057274e-04
-2.165256766602396965e-03
-8.203770994441583753e-05
-7.077587360981851816e-05
-2.356967655941843987e-03
-3.990963741671293974e-04
-2.246543590445071459e-04
-1.127852476201951504e-03
3.717891406267881393e-03
-2.694881288334727287e-03
-3.434441285207867622e-03
-3.296042094007134438e-03
3.390538273379206657e-03
1.350864884443581104e-03
9.605230879969894886e-04
3.210759954527020454e-03
3.332964377477765083e-03
-3.693658160045742989e-03
4.916569014312699437e-05
2.790045225992798805e-03
1.478800899349153042e-03
1.000087708234786987e-03
-7.634531357325613499e-04
2.866949187591671944e-03
9.463835158385336399e-04
-1.950508682057261467e-03
-3.164926078170537949e-03
-2.218109089881181717e-03
-2.909220289438962936e-03
1.778612029738724232e-03
-2.772277221083641052e-03
2.806430216878652573e-03
-3.403951413929462433e-04
4.802939947694540024e-04
2.709004096686840057e-03
1.007393118925392628e-03
-9.260583319701254368e-04
2.181917894631624222e-03
-2.471393672749400139e-03
1.211513532325625420e-03
3.438561921939253807e-03
1.681496738456189632e-03
-3.693008329719305038e-03
-8.092803764156997204e-04
-1.656147302128374577e-03
1.426042988896369934e-03
2.214380365330725908e-04
2.312272845301777124e-04
1.823423313908278942e-03
-2.837295178323984146e-03
3.676489694043993950e-03
3.095474792644381523e-03
3.597873728722333908e-03
1.195619464851915836e-03
-3.361330134794116020e-03
1.774040865711867809e-03
-2.188934711739420891e-03
4.132198810111731291e-04
1.512065529823303223e-03
2.088858513161540031e-03
7.775551639497280121e-04
-2.302246866747736931e-03
1.960886409506201744e-03
-1.401657355017960072e-03
3.638689639046788216e-03
2.906106645241379738e-03
1.333902007900178432e-03
-3.588960971683263779e-03
2.752410480752587318e-03
-2.528624376282095909e-03
-4.206275334581732750e-04
2.287440234795212746e-03
3.231592709198594093e-04
1.217345707118511200e-03
-1.740524196065962315e-03
3.027968108654022217e-03
-1.027420861646533012e-03
9.029490174725651741e-04
7.085569086484611034e-04
3.796435659751296043e-03
-1.606597099453210831e-03
1.209350652061402798e-03
2.143995137885212898e-03
-6.274718325585126877e-04
-8.403263636864721775e-04
-3.545655403286218643e-03
2.551707439124584198e-03
3.387814387679100037e-03
-8.611111115897074342e-05
-2.326381858438253403e-03
8.226790814660489559e-04
-1.126736984588205814e-03
-2.687089145183563232e-03
-1.078229688573628664e-04
2.556704217568039894e-03
6.459750584326684475e-04
