3.246365813538432121e-03
-3.899749368429183960e-03
9.235959732905030251e-04
-3.902181750163435936e-03
-3.315671347081661224e-03
3.538894234225153923e-03
-1.170894829556345940e-03
1.910191378556191921e-03
1.704207352304365486e-05
-3.020081203430891037e-03
4.021355125587433577e-04
3.885682672262191772e-03
3.190904855728149414e-03
2.540462417528033257e-03
2.966192550957202911e-04
-9.115681750699877739e-04
1.434976933524012566e-03
-2.067751018330454826e-03
6.052037933841347694e-04
-3.795783966779708862e-03
2.189000224461778998e-04
-2.649910049512982368e-03
1.975417137145996094e-03
2.189237158745527267e-03
-1.978622894966974854e-04
2.841548121068626642e-04
1.769556547515094280e-03
2.571232616901397705e-03
2.077581157209351659e-04
9.158928296528756618e-04
2.583185676485300064e-03
-2.988775027915835381e-03
-1.559735508635640144e-03
-1.668696932028979063e-04
3.065931843593716621e-03
-2.050851704552769661e-03
-1.309723127633333206e-03
3.703707596287131310e-03
6.541559123434126377e-04
3.389132674783468246e-03
2.472417196258902550e-03
-2.061811741441488266e-03
-5.644909106194972992e-04
1.586653757840394974e-03
-2.553946571424603462e-03
-3.815506817772984505e-03
-2.313521225005388260e-03
3.536154283210635185e-03
5.857774158357642591e-05
-3.262936370447278023e-04
3.271753899753093719e-03
8.247825899161398411e-04
1.201957231387495995e-03
9.831601055338978767e-04
-2.892250427976250648e-03
-1.188426045700907707e-03
2.212902065366506577e-03
1.107410527765750885e-03
-2.672353526577353477e-03
-2.116775140166282654e-03
-1.754204626195132732e-03
3.023905679583549500e-03
-2.585066249594092369e-03
-2.779424830805510283e-04
2.727138577029109001e-03
-1.456378959119319916e-03
-3.437503241002559662e-03
1.930058002471923828e-03
1.989978598430752754e-03
-3.461423562839627266e-03
3.760807216167449951e-03
2.990222070366144180e-03
3.387738950550556183e-03
3.512819530442357063e-03
1.048814854584634304e-03
2.450095489621162415e-03
-3.837155876681208611e-03
3.464582376182079315e-03
-2.554330276325345039e-04
6.483613396994769573e-04
8.915736689232289791e-04
-2.871302887797355652e-03
2.083014696836471558e-03
2.047718502581119537e-03
-7.751177763566374779e-04
1.815542229451239109e-03
1.866822713054716587e-03
-1.273737056180834770e-03
1.810299116186797619e-03
-2.165214624255895615e-03
-2.096696291118860245e-03
2.129870932549238205e-03
1.992126693949103355e-03
1.170680741779506207e-03
1.424202946509467438e-05
-3.863827325403690338e-03
3.765471745282411575e-03
-3.479105653241276741e-03
-5.075315129943192005e-05
-1.708183554001152515e-03
4.447996034286916256e-04
-1.249424298293888569e-03
-3.805304178968071938e-03
3.293586429208517075e-03
3.313489432912319899e-04
1.531330402940511703e-03
-1.589917927049100399e-03
1.930756377987563610e-03
-1.556955743581056595e-03
2.817540196701884270e-03
8.517222595401108265e-04
-1.559113850817084312e-03
3.651361912488937378e-03
-2.393987961113452911e-03
1.522818114608526230e-03
2.655390417203307152e-03
-3.385384567081928253e-03
1.907704398036003113e-03
2.008308656513690948e-03
1.910890685394406319e-03
3.856398863717913628e-03
3.240905934944748878e-03
2.254232065752148628e-03
-1.094399136491119862e-03
1.541974779684096575e-05
-1.892392901936545968e-04
3.550382796674966812e-03
-9.309035958722233772e-04
-3.740965388715267181e-03
-2.198611618950963020e-03
1.012040767818689346e-03
-3.196615958586335182e-03
-1.875784830190241337e-03
-1.039209237205795944e-04
-3.588785417377948761e-03
-4.897594335488975048e-04
3.856501774862408638e-03
3.686838550493121147e-03
3.710194258019328117e-03
-1.101567177101969719e-03
2.509864745661616325e-03
-1.591846928931772709e-03
2.763812197372317314e-03
9.808458853513002396e-04
-2.008200855925679207e-03
-3.405177034437656403e-03
1.020265044644474983e-03
-2.417985349893569946e-03
1.036080182529985905e-03
-2.676985226571559906e-03
2.934675430878996849e-03
3.438961924985051155e-03
2.278892789036035538e-03
1.306982827372848988e-03
3.045675111934542656e-03
1.756156445480883121e-03
-3.457874525338411331e-03
-1.762760453857481480e-03
-2.238633576780557632e-03
-1.783887972123920918e-03
2.328855451196432114e-03
3.671210259199142456e-03
-1.818203454604372382e-04
-1.345071796094998717e-04
-4.116681811865419149e-04
2.071188762784004211e-03
-3.863137215375900269e-03
3.895141184329986572e-03
-2.325899899005889893e-03
6.625121459364891052e-04
-3.860441269353032112e-03
3.129294607788324356e-03
-5.307713945512659848e-05
-2.868349431082606316e-03
2.673459937795996666e-03
-8.316782186739146709e-04
1.596531801624223590e-04
1.962778624147176743e-03
9.686922567198053002e-05
-7.764363544993102551e-04
-3.832876915112137794e-03
2.108013024553656578e-03
2.745061647146940231e-03
-2.203213283792138100e-03
-2.938627498224377632e-03
-1.538493786938488483e-03
2.401108387857675552e-03
1.327411155216395855e-03
1.674637082032859325e-03
-1.908147707581520081e-03
-3.636405104771256447e-03
1.030914369039237499e-03
-7.820618920959532261e-04
1.992467325180768967e-03
1.296372851356863976e-03
-6.720732781104743481e-04
4.190014151390641928e-04
3.398451663088053465e-04
9.097905131056904793e-04
1.390742487274110317e-03
-2.322102896869182587e-03
-3.796222386881709099e-03
1.603951212018728256e-03
-3.260666038841009140e-03
3.414327278733253479e-03
2.713545924052596092e-03
-3.670978127047419548e-03
2.779976930469274521e-03
-1.441396772861480713e-03
1.007062201097141951e-05
4.496191686484962702e-04
2.220875612692907453e-04
1.586531172506511211e-03
-2.112246816977858543e-03
-3.306124825030565262e-03
-3.515577409416437149e-03
-2.751518040895462036e-03
-9.782986016944050789e-04
3.569419728592038155e-03
3.130811266601085663e-03
-6.835589883849024773e-04
1.345426542684435844e-03
-2.313037693966180086e-04
-1.420738408342003822e-03
1.195490476675331593e-03
-3.827169421128928661e-04
3.541668644174933434e-03
-1.470067654736340046e-03
2.644968451932072639e-03
-3.002329904120415449e-04
2.699464093893766403e-04
-2.972985617816448212e-03
3.424896392971277237e-03
1.453085802495479584e-03
-3.588824765756726265e-03
1.819891505874693394e-03
-1.632255967706441879e-03
-3.571846173144876957e-04
-2.124556805938482285e-03
-6.909986259415745735e-04
-2.238096203655004501e-03
-2.781124785542488098e-03
-3.156667808070778847e-04
8.157671545632183552e-04
-4.124648985452950001e-04
2.671016380190849304e-03
1.711707445792853832e-03
-8.900501416064798832e-04
-2.772664185613393784e-03
7.150314049795269966e-04
-3.127170028164982796e-03
2.471299376338720322e-03
3.674606326967477798e-03
-3.589320462197065353e-03
-1.216478762216866016e-03
1.812762347981333733e-03
