1.303810509853065014e-03
2.443035773467272520e-04
-8.320373017340898514e-04
-2.528340090066194534e-03
2.173713175579905510e-03
-3.875100752338767052e-03
-2.380090299993753433e-03
2.727056387811899185e-03
9.386662859469652176e-04
-1.610765466466546059e-03
3.860210999846458435e-03
-1.017127535305917263e-03
-3.091044956818223000e-03
3.544866573065519333e-03
8.447612053714692593e-04
1.039924100041389465e-03
-2.124922117218375206e-03
6.060978048481047153e-04
3.725515398400602862e-06
-3.689222037792205811e-03
1.988882140722125769e-04
2.584989415481686592e-03
-1.128414296545088291e-04
-3.416829742491245270e-03
8.598382119089365005e-04
2.898131497204303741e-03
2.578377025201916695e-03
3.150509437546133995e-03
2.878573723137378693e-03
1.879567629657685757e-03
-6.560367764905095100e-04
-2.355023752897977829e-03
2.284595975652337074e-03
4.074489988852292299e-04
2.348141511902213097e-03
2.275965089211240411e-04
-4.748271021526306868e-04
-5.211994284763932228e-04
-5.698939203284680843e-04
-1.233181334100663662e-03
-1.560141914524137974e-03
1.422341214492917061e-03
-1.420346787199378014e-03
-3.890991676598787308e-03
1.977194333449006081e-03
1.578370225615799427e-03
-3.559294389560818672e-03
2.759919334494043142e-05
1.601490308530628681e-03
2.264654263854026794e-03
4.509283462539315224e-05
-2.884532092139124870e-03
-1.912204432301223278e-03
-3.215027099940925837e-04
2.746457234025001526e-03
-1.645665732212364674e-03
-2.992502646520733833e-03
-1.733006210997700691e-03
1.365725067444145679e-03
3.760137595236301422e-03
-3.706488991156220436e-03
1.810157205909490585e-03
-3.414169186726212502e-03
2.163552679121494293e-03
-6.945416098460555077e-04
-2.428486244753003120e-03
2.298681298270821571e-03
3.606690326705574989e-03
-1.805070438422262669e-03
1.086085569113492966e-03
-9.756556828506290913e-04
-3.281910438090562820e-03
-3.444066271185874939e-03
1.818874035961925983e-03
-2.297174418345093727e-03
-5.152600351721048355e-04
1.554223010316491127e-03
6.537938024848699570e-04
-2.418695949018001556e-03
3.222523955628275871e-03
2.144275931641459465e-03
1.431143318768590689e-04
3.196979407221078873e-03
3.157008439302444458e-03
2.812587888911366463e-03
5.584498285315930843e-04
6.565805524587631226e-04
-1.749695511534810066e-03
2.629046095535159111e-03
-3.049889579415321350e-03
3.603957826271653175e-03
-2.808036748319864273e-03
1.479176444263430312e-05
2.281151944771409035e-03
8.533918880857527256e-04
-3.638464026153087616e-03
-3.485573222860693932e-03
-2.880418207496404648e-03
-3.910189843736588955e-04
-3.575738519430160522e-03
-3.344524186104536057e-03
1.565382233820855618e-03
-4.289002972654998302e-04
-3.334862878546118736e-03
2.410755492746829987e-03
-1.131830620579421520e-03
1.935118460096418858e-03
-2.182673662900924683e-03
-2.494052285328507423e-03
-2.189831342548131943e-03
-2.000424545258283615e-03
3.878954448737204075e-04
-4.143968981225043535e-04
1.276386668905615807e-03
1.919058384373784065e-03
-2.944827778264880180e-03
3.723892616108059883e-03
3.216522047296166420e-03
-4.163684207014739513e-05
-3.221981460228562355e-03
3.375137457624077797e-03
3.666317788884043694e-03
4.236593376845121384e-04
2.729547210037708282e-03
-7.142834365367889404e-04
-3.417889354750514030e-03
-1.571437576785683632e-03
-1.070473692379891872e-03
-1.116019673645496368e-03
-3.140455577522516251e-03
1.812496338970959187e-03
1.813792972825467587e-03
1.008401624858379364e-03
-3.640830749645829201e-03
-3.432367695495486259e-03
5.360367940738797188e-04
2.942618913948535919e-03
-2.115963259711861610e-03
-2.781010232865810394e-03
-2.165947342291474342e-03
-3.547921951394528151e-04
2.716328308451920748e-04
-1.377545704599469900e-04
-1.543595921248197556e-03
1.859702868387103081e-03
-1.875932444818317890e-03
-2.598847495391964912e-03
-3.363836789503693581e-03
1.714039943180978298e-03
-3.518007695674896240e-03
3.375833330210298300e-04
-3.475305857136845589e-04
5.854077753610908985e-04
-1.130689517594873905e-03
-1.062068156898021698e-03
-3.622968913987278938e-03
1.189322443678975105e-03
2.012438199017196894e-04
3.325116587802767754e-03
3.634009044617414474e-03
-1.278624520637094975e-03
-2.122764941304922104e-03
-3.845040628220885992e-04
3.758526407182216644e-03
-2.469339175149798393e-03
-2.667465712875127792e-03
-2.269657561555504799e-04
9.221144864568486810e-05
3.617886104620993137e-04
3.397396998479962349e-03
-8.181165903806686401e-04
1.087346696294844151e-03
-3.735381411388516426e-03
5.392059683799743652e-04
2.092455513775348663e-03
2.888597315177321434e-03
1.470441813580691814e-03
-2.752278465777635574e-03
7.152432808652520180e-04
-1.270005945116281509e-03
2.104518469423055649e-03
1.129677519202232361e-03
-4.641776613425463438e-04
2.628318034112453461e-03
-1.988996664294973016e-04
3.763755783438682556e-03
-1.659582951106131077e-03
-1.993890851736068726e-03
-6.809480255469679832e-04
1.017506583593785763e-03
-3.216607728973031044e-03
2.231632126495242119e-03
1.901355921290814877e-03
8.913330384530127048e-04
3.651389153674244881e-03
1.463834312744438648e-03
-2.467901678755879402e-03
4.663529398385435343e-04
2.843245165422558784e-04
3.026347374543547630e-03
1.659482019022107124e-03
3.403058741241693497e-03
-9.384496952407062054e-04
-2.839621854946017265e-03
2.851158147677779198e-03
-1.168058603070676327e-03
-2.462957287207245827e-03
3.300268901512026787e-03
-1.881554839201271534e-03
-3.700923174619674683e-03
-8.043947746045887470e-04
2.923342399299144745e-03
-1.954524777829647064e-03
-6.000991561450064182e-04
-2.643428742885589600e-03
-8.990351925604045391e-04
-3.790323389694094658e-03
-2.725317142903804779e-03
1.817264244891703129e-03
2.516729990020394325e-03
2.080913865938782692e-03
-2.718055911827832460e-04
2.894123550504446030e-03
-3.386396449059247971e-03
-1.752707757987082005e-03
-3.180991858243942261e-03
1.930872211232781410e-03
-1.833440619520843029e-03
-2.725859172642230988e-03
8.573667728342115879e-04
-8.471254841424524784e-04
2.771221334114670753e-04
1.146659138612449169e-03
2.351521514356136322e-03
8.668258669786155224e-04
2.839401829987764359e-03
-3.732988843694329262e-03
-1.193028991110622883e-03
1.686497242189943790e-03
-6.179224001243710518e-04
-2.023789798840880394e-03
3.673479659482836723e-03
3.083633724600076675e-03
1.929738209582865238e-03
2.046308480203151703e-03
2.038392936810851097e-03
-3.153287107124924660e-03
1.939637440955266356e-04
-2.668902045115828514e-03
-1.987454015761613846e-03
-2.764479024335741997e-03
1.651709433645009995e-03
2.637673635035753250e-03
-2.480059396475553513e-03
1.845157239586114883e-03
-1.140185748226940632e-03
