-3.019244177266955376e-03
8.210873056668788195e-05
-1.442990382201969624e-03
2.084822859615087509e-03
-3.199476050212979317e-03
8.794650202617049217e-04
-2.173152286559343338e-03
-3.491242416203022003e-03
-2.155170077458024025e-03
2.868256764486432076e-03
1.270093256607651711e-03
-1.976149214897304773e-04
1.194811076857149601e-03
2.404107945039868355e-03
3.555629809852689505e-04
-3.440740285441279411e-03
-2.651998074725270271e-03
-3.092722268775105476e-03
2.401285339146852493e-03
3.206435358151793480e-03
3.487193258479237556e-03
-1.752199605107307434e-03
-2.584131900221109390e-03
2.824497874826192856e-03
2.124477643519639969e-03
-2.800834598019719124e-03
-3.255831776186823845e-03
1.220825826749205589e-03
-1.662730704993009567e-03
-3.566765692085027695e-03
-3.537205047905445099e-03
-1.457517035305500031e-03
3.541653859429061413e-04
-2.990557346493005753e-03
9.213827433995902538e-04
1.484198495745658875e-03
-3.348643891513347626e-03
-1.619512768229469657e-04
2.049201168119907379e-03
-2.224604133516550064e-03
-1.657634420553222299e-04
-1.030274666845798492e-03
3.216104581952095032e-03
-3.156313439831137657e-03
6.848627817817032337e-04
-1.661721151322126389e-03
3.320434130728244781e-03
3.766517154872417450e-03
-4.080138751305639744e-04
-1.501387334428727627e-03
-1.101535162888467312e-03
-1.974881393834948540e-03
3.749021561816334724e-04
-7.080812792992219329e-05
7.432533038809197024e-06
-2.727122278884053230e-03
-1.261167053598910570e-04
-3.413369646295905113e-03
8.758222247706726193e-05
-1.478758873417973518e-03
2.356675686314702034e-03
2.836259372998028994e-04
-6.301062530837953091e-04
3.300162032246589661e-03
3.754084929823875427e-03
1.252595102414488792e-03
2.716020913794636726e-03
7.818662561476230621e-05
3.183149034157395363e-03
3.290871391072869301e-03
9.345291182398796082e-04
-1.358007197268307209e-03
1.220450736582279205e-03
-2.764183562248945236e-03
-2.727447776123881340e-03
7.625110447406768799e-04
-1.192424606415443122e-04
-1.317847054451704025e-03
2.661369275301694870e-03
-3.388839773833751678e-03
3.045819932594895363e-03
-1.587829086929559708e-03
-9.089037775993347168e-04
-5.971943028271198273e-04
4.952849121764302254e-04
2.816724590957164764e-03
3.125555114820599556e-03
-9.608909604139626026e-04
1.689651166088879108e-03
3.375651082023978233e-03
-1.994876038224902004e-05
-1.955382758751511574e-03
1.727395690977573395e-03
-1.585411810083314776e-04
-2.662807004526257515e-03
1.969537261174991727e-04
3.796219360083341599e-03
-3.895211732015013695e-03
-1.336722401902079582e-03
3.054925939068198204e-03
-2.527980366721749306e-03
-1.711308577796444297e-04
1.223202329128980637e-03
-2.900227555073797703e-04
-2.561877714470028877e-03
3.585961880162358284e-03
2.780656795948743820e-03
-2.967480395454913378e-04
-1.081403461284935474e-03
-3.260851139202713966e-03
1.873530098237097263e-03
-3.714491613209247589e-03
3.999340697191655636e-04
-2.350395312532782555e-03
-1.416477258317172527e-03
3.027094760909676552e-03
-4.448377003427594900e-04
8.351876749657094479e-05
-1.507158856838941574e-03
1.546547515317797661e-03
1.885420526377856731e-03
-2.455783775076270103e-03
7.661225390620529652e-04
3.248731140047311783e-03
-2.973597729578614235e-03
-5.248194793239235878e-04
3.006120212376117706e-03
-2.060362836346030235e-03
3.355827881023287773e-03
-3.106791991740465164e-03
-9.703034884296357632e-04
1.258185075130313635e-04
-2.130063658114522696e-04
2.622678875923156738e-03
2.766655525192618370e-03
-5.756039754487574100e-04
3.680804278701543808e-03
2.807807642966508865e-03
-1.835866831243038177e-03
2.227081451565027237e-03
1.898795890156179667e-04
3.858806332573294640e-03
-9.106437573791481555e-06
3.159517887979745865e-03
2.310203388333320618e-03
7.478279294446110725e-04
4.265302268322557211e-04
-2.324444707483053207e-03
7.156450883485376835e-04
-2.748498460277915001e-03
-1.453153556212782860e-03
-7.606484577991068363e-04
-1.823061495088040829e-03
-3.820854544756002724e-05
-3.765473375096917152e-03
-1.474377815611660480e-03
3.038797527551651001e-03
-7.250207709148526192e-04
1.169203082099556923e-03
2.126279985532164574e-03
-1.623268472030758858e-03
-2.448134822770953178e-03
-2.405729377642273903e-03
-1.574806869029998779e-03
-2.866700291633605957e-03
-2.094167517498135567e-03
-2.618401776999235153e-04
-1.738650840707123280e-03
3.748977323994040489e-04
7.057351758703589439e-04
-1.871315995231270790e-03
-1.882896642200648785e-03
-1.879880670458078384e-03
-2.050529728876426816e-04
-1.969386590644717216e-03
3.700969740748405457e-03
-2.958033932372927666e-03
9.075227426365017891e-04
1.202630111947655678e-03
1.197731122374534607e-03
2.243219176307320595e-03
2.040441380813717842e-03
2.161803422495722771e-03
-3.018664894625544548e-03
-2.459791954606771469e-03
-9.904295438900589943e-04
-2.011531731113791466e-03
2.923011779785156250e-03
-3.426922252401709557e-03
-3.326841164380311966e-03
2.209562342613935471e-03
7.908932166174054146e-04
-1.964362803846597672e-03
1.295438152737915516e-03
-3.818113589659333229e-03
9.652312146499752998e-04
-1.065434422343969345e-03
2.142552286386489868e-03
1.822785707190632820e-03
-2.755029825493693352e-03
-1.722970861010253429e-03
7.782560423947870731e-04
2.739704446867108345e-03
2.163628814741969109e-03
-1.701959408819675446e-03
2.789037767797708511e-03
5.569969653151929379e-04
-3.472951008006930351e-03
7.947278209030628204e-05
-2.656865632161498070e-03
-1.417263527400791645e-03
-1.807919936254620552e-03
-2.862740075215697289e-04
3.773340955376625061e-03
-2.872709417715668678e-03
-2.179884584620594978e-03
2.465613884851336479e-03
-2.254442078992724419e-03
2.446736325509846210e-04
9.359920513816177845e-04
-3.302179393358528614e-04
-1.291876978939399123e-04
9.985697688534855843e-04
3.659668145701289177e-03
1.909879501909017563e-03
-2.056504134088754654e-03
5.301908240653574467e-04
-3.868521424010396004e-03
-2.992485824506729841e-04
1.070330385118722916e-03
-1.958190463483333588e-03
1.073582097887992859e-03
-2.148405415937304497e-03
1.281624892726540565e-03
-5.319913034327328205e-04
8.422702667303383350e-04
-5.551546928472816944e-04
-5.902031552977859974e-04
-3.313357243314385414e-03
-1.443649060092866421e-03
3.201302373781800270e-03
5.468181334435939789e-04
-1.234491937793791294e-03
1.162786502391099930e-03
1.119428197853267193e-03
-1.550916233099997044e-03
-1.680853660218417645e-03
-2.806294010952115059e-03
2.357012825086712837e-03
-3.431719262152910233e-03
-2.720785327255725861e-03
-5.006688879802823067e-04
3.831580281257629395e-03
3.090287558734416962e-03
-1.195033546537160873e-04
-3.879771567881107330e-03
