-2.248594537377357483e-03
3.416822524741292000e-03
-9.971029357984662056e-04
2.345397835597395897e-03
-2.360594458878040314e-03
4.793012631125748158e-04
-3.434732789173722267e-03
2.591316821053624153e-03
1.675392501056194305e-03
2.835511229932308197e-03
2.297622151672840118e-03
-2.868398558348417282e-03
1.006048638373613358e-03
-8.346638642251491547e-04
-2.133060712367296219e-03
3.101499518379569054e-03
-1.241802092408761382e-04
2.093501621857285500e-03
1.791669637896120548e-03
2.380253048613667488e-03
-2.582187764346599579e-03
-7.193679921329021454e-04
2.128738444298505783e-03
1.611519372090697289e-03
3.733824240043759346e-03
-1.716726925224065781e-03
-2.318374346941709518e-03
3.465586109086871147e-03
2.353530144318938255e-03
-7.432069978676736355e-04
4.219470720272511244e-04
-3.532215487211942673e-03
2.846430521458387375e-03
-1.097086351364850998e-03
-3.684598021209239960e-03
-3.661368391476571560e-04
1.133720506913959980e-03
2.593051176518201828e-03
3.860299941152334213e-03
2.189995255321264267e-03
1.351062208414077759e-03
-2.631668001413345337e-03
-3.265644656494259834e-03
3.665383672341704369e-03
3.729440970346331596e-03
-2.519756555557250977e-03
-3.500286722555756569e-03
2.026641974225640297e-03
-2.400265075266361237e-03
1.471381518058478832e-03
1.453035161830484867e-03
4.155329079367220402e-04
-8.047139272093772888e-04
-8.805720135569572449e-04
-2.539762994274497032e-03
2.656030002981424332e-03
6.566409138031303883e-05
-9.617728064768016338e-04
-1.835652277804911137e-03
-9.353629429824650288e-04
2.106297528371214867e-03
3.608417231589555740e-03
-1.222500693984329700e-03
-3.722923109307885170e-03
3.290190594270825386e-03
-6.152335554361343384e-04
-2.477661473676562309e-03
-3.093144390732049942e-03
1.221637008711695671e-03
-4.534531617537140846e-04
-3.618369577452540398e-03
4.696499963756650686e-04
-1.054865861078724265e-04
3.687564516440033913e-03
1.017737231450155377e-04
2.424612030154094100e-04
3.445343580096960068e-03
2.133110137947369367e-05
1.781959581421688199e-04
-7.883963407948613167e-04
-3.767086425796151161e-03
8.701140177436172962e-04
8.741610799916088581e-04
-2.155703492462635040e-03
-1.518157892860472202e-03
1.056902343407273293e-03
-3.482208587229251862e-03
2.814819803461432457e-03
-2.975495590362697840e-04
1.084272516891360283e-03
4.983007092960178852e-04
-2.393966540694236755e-03
-2.100987359881401062e-03
-3.417888190597295761e-03
2.368960063904523849e-03
-9.315822971984744072e-04
-1.521151862107217312e-04
1.007142127491533756e-03
1.499955309554934502e-03
-1.280279015190899372e-03
-2.934498945251107216e-03
-1.916170003823935986e-03
2.463638375047594309e-04
-3.717547748237848282e-03
-3.324653080198913813e-04
1.283168792724609375e-03
1.524057355709373951e-03
1.090341131202876568e-03
1.720380852930247784e-03
-2.617727477627340704e-05
7.779058651067316532e-04
3.229731926694512367e-03
3.178366227075457573e-03
-2.958454890176653862e-03
2.031653886660933495e-03
-1.181584899313747883e-03
-2.323184628039598465e-03
1.893665408715605736e-03
-2.540560206398367882e-03
2.268302720040082932e-03
6.033572135493159294e-04
7.874225047999061644e-06
2.229608828201889992e-03
-1.383300404995679855e-04
-3.645767224952578545e-03
-2.641214756295084953e-03
-1.694848062470555305e-03
3.855060786008834839e-03
-3.690722631290555000e-03
-3.556848270818591118e-03
-3.650654340162873268e-03
-7.320093573071062565e-04
-2.805516123771667480e-03
5.074460641480982304e-04
-1.302895834669470787e-03
-3.339136252179741859e-03
2.132118213921785355e-03
2.670179819688200951e-03
2.530574565753340721e-03
2.848601201549172401e-03
4.901023930869996548e-04
2.460201038047671318e-03
-3.029948798939585686e-03
-2.906771609559655190e-03
-2.555807819589972496e-03
-1.770556438714265823e-03
-3.314153291285037994e-03
1.236223615705966949e-03
1.292335335165262222e-03
3.150969045236706734e-03
-3.153719007968902588e-04
-1.545935054309666157e-03
4.217193636577576399e-04
2.311963035026565194e-04
2.111325040459632874e-03
-2.549476455897092819e-03
3.763704793527722359e-03
-1.586999278515577316e-03
1.997033832594752312e-03
-2.609563060104846954e-03
-1.854102592915296555e-03
-1.583662000484764576e-03
3.782715648412704468e-03
-3.149980038870126009e-04
-8.667776128277182579e-04
8.738609030842781067e-04
2.651916816830635071e-03
-1.954670296981930733e-03
3.620743984356522560e-03
4.784704651683568954e-04
-1.907531404867768288e-03
2.702933503314852715e-03
2.260035369545221329e-03
-3.360751084983348846e-03
1.668250304646790028e-03
-3.540408797562122345e-03
-1.867925049737095833e-03
3.676705528050661087e-03
5.685713258571922779e-04
-2.538841916248202324e-03
1.474712626077234745e-03
-6.100263562984764576e-04
2.883132314309477806e-03
-2.921599894762039185e-03
2.898956881836056709e-03
3.397089662030339241e-03
-2.583713037893176079e-03
-3.785556880757212639e-03
3.748011542484164238e-03
5.619932198897004128e-04
-2.498063724488019943e-03
3.472473938018083572e-03
1.055337255820631981e-03
8.127880282700061798e-04
-9.306015563197433949e-04
1.396206673234701157e-03
1.054597203619778156e-03
2.536803483963012695e-03
2.915618708357214928e-03
-2.393682487308979034e-03
3.498422680422663689e-03
3.116538980975747108e-03
-1.616521622054278851e-03
-3.108707023784518242e-04
2.932500792667269707e-03
1.069460529834032059e-03
-1.533248578198254108e-04
8.904683636501431465e-04
3.274390008300542831e-03
1.138970837928354740e-03
-1.678251777775585651e-03
-6.525323260575532913e-04
-9.646064427215605974e-07
3.501456696540117264e-03
-2.889710711315274239e-03
-1.867966959252953529e-03
-3.598092356696724892e-03
-2.014920348301529884e-03
-1.305298181250691414e-03
8.902853005565702915e-04
3.904476528987288475e-03
1.372446538880467415e-03
1.983281690627336502e-03
2.354919910430908203e-03
-3.752992022782564163e-03
-2.730709267780184746e-03
-1.076369662769138813e-03
7.810140377841889858e-04
-2.659732126630842686e-05
-3.278056858107447624e-03
-1.188084017485380173e-03
3.276744158938527107e-03
2.749111445154994726e-04
9.733414626680314541e-04
3.442273708060383797e-03
1.914018997922539711e-03
-3.309070132672786713e-03
2.799621783196926117e-03
1.246490515768527985e-03
1.191704301163554192e-03
1.965556293725967407e-03
3.603872843086719513e-03
-2.117107622325420380e-03
2.873989753425121307e-03
-6.378764373948797584e-05
-2.380825113505125046e-03
1.940682530403137207e-03
3.487111069262027740e-03
-1.396778156049549580e-03
-2.234307117760181427e-03
1.175880897790193558e-03
-3.351128660142421722e-03
-4.571839526761323214e-04
-2.861541928723454475e-03
2.133705187588930130e-03
1.921081566251814365e-03
