-3.695531282573938370e-03
1.918960246257483959e-03
3.382176626473665237e-03
-8.250276441685855389e-04
1.191859249956905842e-03
7.438883185386657715e-04
3.363953670486807823e-03
-3.888728795573115349e-03
-1.728393486700952053e-03
7.428487879224121571e-04
-1.152840210124850273e-03
2.257125219330191612e-03
1.653032843023538589e-03
-8.792417938821017742e-04
1.203233026899397373e-03
-1.260085147805511951e-03
3.085136413574218750e-03
-2.795016160234808922e-03
-1.294131274335086346e-03
2.682822756469249725e-03
9.638101619202643633e-05
2.914061071351170540e-03
-9.241126826964318752e-04
-5.160963046364486217e-04
2.510892809368669987e-04
-1.894615939818322659e-03
-2.885859976231586188e-05
2.140712924301624298e-03
-1.706950599327683449e-03
-1.096598803997039795e-03
1.475659199059009552e-03
5.681402399204671383e-04
2.022908534854650497e-03
3.636050969362258911e-03
-3.646104596555233002e-03
-3.241404891014099121e-03
2.632131800055503845e-03
3.056912450119853020e-03
1.263801474124193192e-03
-2.716189483180642128e-03
-3.640467999503016472e-03
6.706976564601063728e-04
2.411340828984975815e-03
7.046218961477279663e-04
2.052666386589407921e-03
-2.147126506315544248e-04
1.686640898697078228e-03
2.832825528457760811e-03
2.158009679988026619e-03
-1.666959375143051147e-03
3.857068717479705811e-03
-3.257914795540273190e-04
-6.907854112796485424e-04
9.373971261084079742e-04
-2.856349339708685875e-03
-2.124360064044594765e-03
-9.784381836652755737e-04
-3.760840976610779762e-03
3.714554768521338701e-04
-1.876467606052756310e-03
-1.349786529317498207e-03
-1.674066181294620037e-03
-3.070320934057235718e-03
1.944268471561372280e-03
4.235205706208944321e-04
-6.447105552069842815e-04
-1.340135233476758003e-03
1.817956799641251564e-03
1.069667865522205830e-03
-3.604230005294084549e-03
2.712286310270428658e-03
-2.264938084408640862e-03
1.564759179018437862e-03
-2.293669851496815681e-03
2.850563731044530869e-03
-1.612659776583313942e-03
2.281080698594450951e-03
-3.839180804789066315e-03
-2.141255186870694160e-03
2.603650325909256935e-03
-2.596684265881776810e-03
1.926771619764622301e-05
3.423766465857625008e-03
-1.989860553294420242e-03
1.184757682494819164e-03
1.162328408099710941e-03
7.767167990095913410e-04
-3.592881257645785809e-04
3.365599259268492460e-04
3.281842917203903198e-03
-4.623901331797242165e-04
5.607014754787087440e-04
3.597673494368791580e-03
2.765066456049680710e-03
2.189141465350985527e-03
-3.219594713300466537e-03
-2.726498059928417206e-03
4.872014687862247229e-04
4.754889523610472679e-04
-2.999555319547653198e-03
2.332445234060287476e-03
-3.323911689221858978e-03
1.437270984752103686e-04
-3.111112746410071850e-04
-1.961711095646023750e-03
-2.195844892412424088e-03
-2.336501143872737885e-03
1.357729546725749969e-03
-2.439838135614991188e-03
-1.526769017800688744e-03
2.934854943305253983e-03
1.124467162298969924e-04
9.152428247034549713e-04
2.908924128860235214e-03
2.249350072816014290e-03
2.344750799238681793e-03
3.202085616067051888e-03
2.292747143656015396e-03
-1.590129104442894459e-03
-7.099785725586116314e-04
-3.709874348714947701e-03
2.316458849236369133e-03
-3.488013520836830139e-03
-8.658744045533239841e-04
-7.808342925272881985e-04
3.002510929945856333e-04
1.967218704521656036e-03
-2.282554982230067253e-03
1.126644085161387920e-03
-4.979164805263280869e-04
2.368270885199308395e-03
-3.720484673976898193e-03
3.546277061104774475e-03
-3.721288871020078659e-03
-2.480577444657683372e-03
2.627533162012696266e-03
1.165500958450138569e-03
2.206903649494051933e-03
-3.462563501670956612e-03
-3.388628130778670311e-03
6.073671393096446991e-04
2.765949349850416183e-03
-8.668698137626051903e-04
7.746210321784019470e-04
1.724329631542786956e-04
-6.314627826213836670e-04
2.103059785440564156e-03
-2.074247924610972404e-03
2.170740626752376556e-03
2.026492962613701820e-03
-8.591840742155909538e-04
2.691318746656179428e-03
2.718287520110607147e-03
-1.809099689126014709e-03
-1.934594707563519478e-03
1.257731928490102291e-03
-1.118636457249522209e-03
-9.124825010076165199e-04
5.546658067032694817e-04
-9.234760655090212822e-04
1.038812100887298584e-03
-5.639839801006019115e-04
-2.698857337236404419e-03
-1.511552953161299229e-03
-2.908418420702219009e-03
1.081438967958092690e-03
-1.971585908904671669e-03
8.388132555410265923e-04
1.497773686423897743e-03
3.759719198569655418e-03
3.063328564167022705e-03
-2.739442978054285049e-03
1.040913513861596584e-03
-3.186530666425824165e-03
-3.876709612086415291e-03
-2.989220083691179752e-04
-2.954401774331927299e-03
3.653600288089364767e-04
-1.955021172761917114e-03
1.996876671910285950e-03
1.158791201305575669e-04
-1.746319816447794437e-03
-6.357319944072514772e-05
2.417356939986348152e-03
3.458820981904864311e-03
4.321504093240946531e-04
2.771414583548903465e-03
-2.648102585226297379e-03
3.043130505830049515e-03
3.349121427163481712e-03
-3.698849119246006012e-03
-1.266436534933745861e-03
-7.607928273500874639e-05
1.744140172377228737e-03
1.403546310029923916e-03
-1.735333935357630253e-04
5.229752860032021999e-04
-1.468997681513428688e-03
-2.786747645586729050e-03
-8.591796504333615303e-04
1.613496686331927776e-03
1.412294222973287106e-03
-3.429346252232789993e-03
1.121848472394049168e-03
-6.893165991641581059e-04
-1.594797126017510891e-03
3.144878195598721504e-03
2.996462862938642502e-03
-1.951388665474951267e-03
3.022624645382165909e-03
1.594812027178704739e-03
4.690258065238595009e-04
2.823868999257683754e-03
-2.023798413574695587e-03
-6.490749074146151543e-04
2.042234176769852638e-03
3.494120668619871140e-03
2.507833065465092659e-03
-2.495334483683109283e-03
2.246291143819689751e-03
1.448354800231754780e-03
3.605723846703767776e-03
2.655918709933757782e-03
6.630678544752299786e-04
2.932896604761481285e-04
2.639711601659655571e-03
-2.590131945908069611e-03
2.515244530513882637e-03
-1.546702813357114792e-03
-2.586335758678615093e-04
2.082832390442490578e-03
-7.621039403602480888e-04
2.898203907534480095e-03
-1.736173289828002453e-04
1.827482483349740505e-04
-7.330051157623529434e-04
3.417072119191288948e-03
3.072134451940655708e-03
9.758438682183623314e-04
1.934590982273221016e-03
5.863524274900555611e-04
-1.787771616363897920e-04
2.065936103463172913e-03
1.952116261236369610e-03
2.153820125386118889e-03
2.795741660520434380e-03
-3.596466267481446266e-03
-7.939415518194437027e-04
-8.436573552899062634e-04
-2.125714672729372978e-03
-1.748008769936859608e-03
3.515705931931734085e-03
3.193534910678863525e-03
-5.124263116158545017e-04
-4.330379015300422907e-04
1.567172817885875702e-03
