2.306584501639008522e-04
1.227554515935480595e-03
-2.027404261752963066e-03
-2.147453604266047478e-03
2.044853026745840907e-04
-2.594413934275507927e-03
2.021718537434935570e-03
-4.682279250118881464e-04
3.568990156054496765e-03
-3.043365431949496269e-03
1.860733609646558762e-03
3.453796671237796545e-04
-1.245832769200205803e-03
-9.952029213309288025e-04
5.679579917341470718e-04
1.790675451047718525e-03
-3.129688091576099396e-03
-3.253825125284492970e-04
-2.744834637269377708e-03
2.474239096045494080e-03
3.742274129763245583e-03
3.699358087033033371e-03
-3.120443143416196108e-04
-8.681921171955764294e-04
3.811343049164861441e-04
-9.985109791159629822e-04
-5.289552500471472740e-04
-3.276013536378741264e-03
-3.243053564801812172e-03
1.244098879396915436e-03
4.739460127893835306e-04
1.705509959720075130e-03
1.556946896016597748e-03
-3.391321515664458275e-04
-1.748981652781367302e-03
-2.612747717648744583e-03
2.966559259220957756e-03
-2.771359402686357498e-03
-7.150633027777075768e-04
-4.125698178540915251e-04
-1.388997654430568218e-03
-7.531090886914171278e-06
1.261489698663353920e-03
-2.116053365170955658e-03
-1.955680316314101219e-03
2.188755606766790152e-04
2.463101409375667572e-03
4.515913606155663729e-04
-2.789921360090374947e-03
-2.395975607214495540e-04
-2.880615938920527697e-04
-2.741062548011541367e-03
3.366584423929452896e-04
8.169923676177859306e-04
7.396218716166913509e-04
-2.597267739474773407e-03
3.850829321891069412e-03
-1.260580378584563732e-03
-1.029697945341467857e-03
9.519122540950775146e-04
-2.943029627203941345e-03
3.781598526984453201e-03
-3.708839416503906250e-03
1.048389705829322338e-03
-3.750340547412633896e-04
-3.590284381061792374e-03
3.002627519890666008e-03
1.725862966850399971e-03
1.363999908789992332e-03
1.359782065264880657e-03
-3.128969576209783554e-03
-2.414253540337085724e-03
2.906400477513670921e-03
2.212323481217026711e-03
-1.738274353556334972e-03
-2.139854012057185173e-03
1.455911202356219292e-03
-1.246167230419814587e-03
-3.083313815295696259e-03
-1.377842621877789497e-03
2.871385542675852776e-03
-1.412658719345927238e-03
-1.777115161530673504e-03
6.803780561313033104e-04
-2.647300949320197105e-03
2.632721094414591789e-03
-1.062631024979054928e-03
-3.172528697177767754e-03
-3.337581874802708626e-03
-8.986745961010456085e-04
2.074770396575331688e-03
3.174511948600411415e-03
-1.083883573301136494e-03
-2.431500004604458809e-03
2.653742674738168716e-03
-2.478230046108365059e-03
2.209408907219767570e-03
3.136355197057127953e-03
1.003923025564290583e-04
2.975456649437546730e-03
2.813314320519566536e-03
-1.624234952032566071e-03
1.764889806509017944e-03
-2.387011423707008362e-03
-1.024059019982814789e-03
-2.141736214980483055e-03
-7.449924014508724213e-04
1.273256959393620491e-03
-2.948301611468195915e-03
2.331653086002916098e-04
-1.568348379805684090e-03
3.666213247925043106e-03
3.024351084604859352e-03
2.702478552237153053e-03
3.266915678977966309e-03
-1.597177353687584400e-03
1.858172356151044369e-03
2.995500573888421059e-03
-1.672426122240722179e-03
1.837203744798898697e-04
-1.572794571984559298e-04
1.434315578080713749e-03
-2.913908334448933601e-03
-3.057708730921149254e-03
1.902637071907520294e-03
2.457428025081753731e-03
-5.313538713380694389e-04
1.642732997424900532e-03
3.808838315308094025e-03
-1.413330784998834133e-03
-2.231644233688712120e-03
2.575986087322235107e-03
-1.380506670102477074e-03
-8.559544221498072147e-04
3.915727138519287109e-04
3.601274685934185982e-03
3.187112743034958839e-03
-1.086099422536790371e-03
5.382359377108514309e-04
1.678357715718448162e-03
8.341511129401624203e-04
-1.226070453412830830e-03
-1.082809758372604847e-03
7.741915178485214710e-04
1.664264360442757607e-03
1.693465397693216801e-03
-3.748491173610091209e-03
9.227373520843684673e-04
-2.413102192804217339e-03
1.623876160010695457e-03
-1.776390476152300835e-03
2.150774467736482620e-03
-1.191773335449397564e-03
-3.064670134335756302e-03
7.111719460226595402e-04
3.665378550067543983e-03
1.981085864827036858e-03
3.503186395391821861e-03
-4.793888947460800409e-04
-1.489793183282017708e-03
-1.405033166520297527e-03
5.306593375280499458e-04
-1.084681716747581959e-03
1.865272526629269123e-03
2.704978396650403738e-04
-3.191887633875012398e-03
-3.352759871631860733e-03
-2.638402627781033516e-03
-3.631860483437776566e-03
6.819909322075545788e-04
-2.742022508755326271e-03
-6.054089171811938286e-04
3.854585113003849983e-03
-2.383740153163671494e-03
-2.996712573803961277e-04
9.810442570596933365e-04
1.611549407243728638e-03
1.891274703666567802e-03
1.976384315639734268e-03
-1.767077716067433357e-03
2.553388942033052444e-03
8.901558467186987400e-04
-2.830153331160545349e-03
3.725348273292183876e-03
2.838155953213572502e-03
2.081287326291203499e-03
2.400953322649002075e-03
1.229401561431586742e-03
-1.128903124481439590e-03
-3.100758884102106094e-03
-3.028801409527659416e-03
-2.049968810752034187e-03
-3.074697917327284813e-03
-1.149187097325921059e-03
-1.300754258409142494e-03
3.824335755780339241e-03
-9.392530191689729691e-04
-2.650009235367178917e-03
-2.417640527710318565e-03
-2.343532978557050228e-04
-3.739607753232121468e-03
3.299202071502804756e-03
2.687515458092093468e-03
-3.216954646632075310e-03
2.814739709720015526e-04
1.950834703166037798e-04
1.894661225378513336e-03
2.852400531992316246e-03
6.472990498878061771e-04
2.705185441300272942e-03
-1.410837518051266670e-03
2.241726266220211983e-03
-3.667911980301141739e-03
3.757819533348083496e-03
2.294375794008374214e-03
2.420276170596480370e-03
2.609035233035683632e-03
3.786078188568353653e-03
-4.889656556770205498e-04
-1.473294338211417198e-03
-2.311188261955976486e-03
-1.068718964233994484e-03
-1.810917980037629604e-03
1.571764238178730011e-03
1.461593434214591980e-03
-1.365932170301675797e-03
-3.304427256807684898e-03
3.414745733607560396e-04
-7.462312350980937481e-04
1.926776603795588017e-03
-4.837936139665544033e-04
6.148292450234293938e-04
-2.948181005194783211e-03
1.357402768917381763e-03
2.966376719996333122e-03
2.264017239212989807e-03
8.226940990425646305e-04
-3.099443390965461731e-03
1.172888791188597679e-03
-1.966909738257527351e-03
-9.716007625684142113e-04
-5.830134032294154167e-04
-9.176298044621944427e-04
2.740596188232302666e-03
1.454657642170786858e-03
1.320227631367743015e-03
2.032774966210126877e-03
-5.488363967742770910e-05
-3.131857374683022499e-03
-1.370173064060509205e-03
6.855183746665716171e-04
9.883505990728735924e-04
3.911982290446758270e-03
1.688171527348458767e-03
-3.291796660050749779e-03
-2.856418490409851074e-03
