3.593085799366235733e-03
1.325206714682281017e-03
-7.681143470108509064e-04
3.109476529061794281e-04
-1.546801941003650427e-04
8.270248654298484325e-04
9.485675254836678505e-04
-1.766524161212146282e-03
1.942535513080656528e-03
-2.571378368884325027e-03
-3.874049521982669830e-03
-3.652779560070484877e-04
1.421654946170747280e-03
7.957696798257529736e-04
4.109118017368018627e-04
2.690204128157347441e-04
8.802504744380712509e-04
1.846252009272575378e-03
3.817139426246285439e-03
-3.400880144909024239e-03
-1.000960124656558037e-03
-3.067368175834417343e-03
2.716516610234975815e-03
2.423422876745462418e-03
4.509338468778878450e-04
2.420770935714244843e-03
2.921281149610877037e-03
-3.578920732252299786e-04
-2.929449314251542091e-03
3.109795274212956429e-03
1.295641181059181690e-03
3.115280298516154289e-03
2.794736996293067932e-03
-1.463874708861112595e-03
1.949088182300329208e-03
5.602531600743532181e-04
-3.507804824039340019e-03
-8.048962627071887255e-05
2.343931002542376518e-03
-7.539663929492235184e-04
3.780415747314691544e-03
-1.934230094775557518e-03
3.097694832831621170e-03
2.192347776144742966e-03
2.991609741002321243e-03
1.635747961699962616e-03
2.053408650681376457e-03
-1.978209009394049644e-03
-9.139915346167981625e-04
5.889607127755880356e-04
2.182244556024670601e-03
8.197061833925545216e-04
-2.147567458450794220e-03
-4.790649109054356813e-04
-2.748991362750530243e-03
-4.222593852318823338e-04
-4.074254247825592756e-04
-3.030572785064578056e-03
1.071910955943167210e-03
5.687890225090086460e-04
8.113557123579084873e-04
2.563422545790672302e-03
6.880986038595438004e-04
-1.349818776361644268e-03
-1.561585464514791965e-03
2.570167882367968559e-03
2.767533995211124420e-03
-3.266523359343409538e-03
-1.631582272239029408e-03
-3.132553771138191223e-03
-2.770359627902507782e-03
-2.054618438705801964e-03
3.344788565300405025e-04
-2.597347134724259377e-03
-3.310361877083778381e-03
2.129473723471164703e-03
3.226856933906674385e-03
3.279055934399366379e-03
-9.798941900953650475e-04
-1.937720226123929024e-03
1.117723993957042694e-03
5.366256227716803551e-04
3.517294069752097130e-03
9.352843335364013910e-05
2.763174008578062057e-03
2.091492060571908951e-03
1.253124442882835865e-03
-3.615249646827578545e-03
-3.259885124862194061e-04
6.843945593573153019e-04
3.733418416231870651e-03
-1.642463379539549351e-03
-2.854949561879038811e-03
-1.832195906899869442e-03
-3.032307373359799385e-03
8.198416908271610737e-04
-2.407355466857552528e-03
-3.664169693365693092e-03
4.321090527810156345e-04
1.923978677950799465e-03
3.157152328640222549e-03
2.009766176342964172e-03
1.260872697457671165e-03
3.740689135156571865e-05
-1.421420369297266006e-03
-1.214980497024953365e-03
2.573502250015735626e-03
-4.299166030250489712e-04
-3.533638082444667816e-03
-8.369810529984533787e-04
2.782067283987998962e-03
5.652969703078269958e-04
-2.263688016682863235e-03
-1.439088839106261730e-03
8.589216740801930428e-04
3.784367116168141365e-03
-5.446470458991825581e-04
1.510834787040948868e-03
-3.689640900120139122e-03
2.979508368298411369e-03
-1.975218299776315689e-03
7.715576793998479843e-05
2.792767016217112541e-03
-2.617081860080361366e-03
-1.823147991672158241e-03
1.650625374168157578e-03
3.439551685005426407e-03
-2.421661512926220894e-03
-1.047016819939017296e-03
-3.711159573867917061e-03
2.978611038997769356e-03
1.101299858419224620e-04
2.770659513771533966e-03
5.596724804490804672e-04
-7.123598479665815830e-04
-9.270150912925601006e-04
-3.376395208761096001e-03
3.008284606039524078e-03
-1.247180858626961708e-03
2.588380826637148857e-03
-2.166046295315027237e-03
1.263977377675473690e-03
-6.069492083042860031e-04
-3.578599542379379272e-03
-1.216661650687456131e-03
-2.903225366026163101e-03
-1.699146116152405739e-03
3.531893715262413025e-03
3.554526949301362038e-03
3.587895072996616364e-03
-7.583918049931526184e-04
1.283522229641675949e-03
-3.221833845600485802e-03
8.705513319000601768e-04
2.421717392280697823e-03
-4.090595757588744164e-04
-2.439361996948719025e-03
-1.171134877949953079e-03
-3.543364116922020912e-03
7.092039450071752071e-04
-6.727076251991093159e-04
2.276465529575943947e-03
3.227298147976398468e-03
1.637473702430725098e-03
2.342141000553965569e-03
1.353920437395572662e-03
-1.099548535421490669e-03
-1.468276954255998135e-03
1.825079205445945263e-03
2.363509498536586761e-03
-2.773396903648972511e-03
1.057909801602363586e-03
-2.507093362510204315e-03
1.027030288241803646e-03
-2.340705686947330832e-04
3.090062644332647324e-03
-2.536718500778079033e-03
2.933231182396411896e-03
3.003096440806984901e-03
1.639151130802929401e-03
-2.091445960104465485e-03
-3.200162667781114578e-03
-3.560569835826754570e-03
-2.975505776703357697e-03
-1.127999392338097095e-03
-2.929730573669075966e-03
-9.827652247622609138e-04
-1.671137433731928468e-04
1.205259817652404308e-03
-3.265778301283717155e-03
-3.642022842541337013e-03
3.091330872848629951e-03
-1.445385394617915154e-03
-1.229244633577764034e-03
-3.864201426040381193e-04
-1.005602651275694370e-03
-2.095009200274944305e-03
1.195376040413975716e-03
1.404030015692114830e-03
1.138271880336105824e-03
-1.635249005630612373e-03
4.084992688149213791e-04
-2.182221738621592522e-03
5.925979930907487869e-04
-1.329844002611935139e-03
-1.770801725797355175e-03
-2.046662484644912183e-05
-3.643199102953076363e-03
-3.752390912268310785e-04
-2.121717669069766998e-03
-3.599417628720402718e-03
3.820241661742329597e-03
-3.871903754770755768e-03
1.962369424290955067e-04
5.214567063376307487e-04
2.374532166868448257e-03
2.868619514629244804e-03
-3.602896118536591530e-03
3.523193881846964359e-04
7.426339288940653205e-05
-2.360909478738903999e-03
1.264348975382745266e-03
2.719518728554248810e-03
2.772474894300103188e-03
7.678560359636321664e-05
5.992419901303946972e-04
1.329261809587478638e-03
-3.838778007775545120e-03
-3.162363544106483459e-03
-2.329375129193067551e-03
-1.556247007101774216e-03
1.793124596588313580e-03
-5.168236748431809247e-05
1.985966227948665619e-03
-2.421092474833130836e-03
2.824832685291767120e-03
-2.082051476463675499e-03
-5.497774327523075044e-05
2.204327145591378212e-03
8.440787787549197674e-04
-2.057715086266398430e-03
-3.189829876646399498e-03
3.164917929098010063e-03
-5.771754658780992031e-04
-1.997497864067554474e-03
3.368597012013196945e-03
-2.692681038752198219e-03
6.771152839064598083e-04
-2.551430137827992439e-03
3.323099808767437935e-03
-1.581433345563709736e-03
-2.049884293228387833e-03
-1.724805217236280441e-03
3.332107793539762497e-03
-7.286356412805616856e-04
-1.230118214152753353e-04
