1.387982745654881001e-03
-1.137231956818141043e-04
2.287645824253559113e-03
1.494248863309621811e-03
3.867681371048092842e-03
7.200270192697644234e-04
9.316364885307848454e-04
3.851360175758600235e-03
4.012229619547724724e-04
1.275030546821653843e-03
-2.386358333751559258e-03
1.058446126990020275e-03
-1.710780197754502296e-03
-1.884121564216911793e-03
2.491851104423403740e-03
2.428907435387372971e-03
2.108096843585371971e-03
-2.717304450925439596e-04
8.415496558882296085e-04
-2.115970011800527573e-03
-1.342377363471314311e-04
8.248888188973069191e-04
-2.932313655037432909e-04
3.117631189525127411e-03
-3.648374928161501884e-03
-1.980171538889408112e-03
-2.713634399697184563e-03
-2.679680706933140755e-03
-3.787070745602250099e-04
-3.760452673304826021e-04
2.680548699572682381e-03
2.329952083528041840e-03
1.728045404888689518e-03
2.986754057928919792e-03
2.197174355387687683e-03
-1.396300387568771839e-03
-3.440560540184378624e-04
-3.549019107595086098e-03
-2.732912776991724968e-03
-3.684996860101819038e-03
2.636999357491731644e-03
1.435410464182496071e-03
-3.567769192159175873e-03
2.189091406762599945e-03
-2.119718817993998528e-03
-2.932445844635367393e-03
-1.894351560622453690e-03
-2.912835683673620224e-03
1.734561083139851689e-04
-6.857422413304448128e-04
2.247871598228812218e-03
-2.559027634561061859e-03
-2.533864695578813553e-03
-2.173719927668571472e-03
1.876340946182608604e-03
8.502313285134732723e-04
-5.704716313630342484e-04
-1.277053030207753181e-03
-9.393568616360425949e-04
1.128050207626074553e-04
-1.841592602431774139e-04
-3.883918514475226402e-03
-1.116287545301020145e-03
-1.125411014072597027e-03
-1.253298949450254440e-03
-3.483209060505032539e-03
-2.541355090215802193e-03
2.156227361410856247e-03
3.903086995705962181e-03
1.894499175250530243e-03
-1.846802653744816780e-03
-1.564071862958371639e-03
-2.072886098176240921e-03
7.684617885388433933e-04
1.745917019434273243e-03
2.848347648978233337e-03
7.682871655561029911e-04
3.413120517507195473e-03
-3.759794868528842926e-03
-9.072699467651546001e-04
3.970418474636971951e-04
2.465669997036457062e-03
-2.694589551538228989e-03
3.929848317056894302e-04
1.721473876386880875e-03
1.490823342464864254e-03
3.764524124562740326e-03
-1.779001089744269848e-03
-7.125911652110517025e-04
1.183085376396775246e-03
1.097916392609477043e-03
1.169065013527870178e-03
1.474096090532839298e-03
-2.083213999867439270e-03
1.105321221984922886e-03
-2.812450984492897987e-03
-8.814934990368783474e-04
-5.651533720083534718e-04
1.100241439417004585e-03
3.004979807883501053e-03
-3.017790848389267921e-03
-1.129285315982997417e-03
2.111878246068954468e-03
-3.810102585703134537e-03
-1.363314921036362648e-03
-3.457281272858381271e-03
-1.672218786552548409e-03
1.619678572751581669e-03
1.484489534050226212e-03
-1.492252922616899014e-03
-1.748487818986177444e-03
-2.620837418362498283e-03
-3.751606214791536331e-03
2.105046063661575317e-03
-1.440843450836837292e-03
3.647722071036696434e-03
5.468034069053828716e-04
-2.668953966349363327e-03
-1.237192307598888874e-03
1.906745368614792824e-03
-2.940824721008539200e-03
-1.791217480786144733e-03
3.656356828287243843e-03
2.322263084352016449e-03
1.160982996225357056e-03
7.612624322064220905e-04
8.535706438124179840e-04
5.533326184377074242e-04
2.633188618347048759e-03
-1.649320824071764946e-03
-2.443227218464016914e-03
-1.982344780117273331e-03
1.100613037124276161e-03
1.496122567914426327e-04
-1.835661125369369984e-03
-1.773881376720964909e-03
-1.984351081773638725e-03
-5.113835795782506466e-04
-2.935293596237897873e-03
-1.733539829729124904e-05
-2.606119262054562569e-03
-4.617893428076058626e-04
-1.244554994627833366e-03
-3.240930149331688881e-03
2.913658274337649345e-03
-2.940017729997634888e-03
-8.435728959739208221e-04
-1.316608977504074574e-03
3.032253123819828033e-03
-2.811322221532464027e-03
1.306794467382133007e-03
-2.394061768427491188e-03
2.344528911635279655e-03
5.392134771682322025e-04
8.828256977722048759e-04
-4.006300878245383501e-04
3.694731974974274635e-03
-2.900179009884595871e-03
-1.505168853327631950e-03
-1.113834441639482975e-03
3.089139470830559731e-03
2.068883506581187248e-03
3.615985391661524773e-03
2.827773336321115494e-03
3.726688446477055550e-03
-3.127798205241560936e-03
1.902337244246155024e-04
-2.101266290992498398e-03
-6.158126634545624256e-04
2.196639077737927437e-03
2.281760331243276596e-03
-1.877375063486397266e-03
3.117764135822653770e-04
2.235782798379659653e-03
-2.567290561273694038e-03
-3.844998311251401901e-03
6.581501802429556847e-04
-1.941556460224092007e-03
-4.308818315621465445e-04
-1.413795864209532738e-03
-1.402440830133855343e-03
-2.741179196164011955e-03
2.987327752634882927e-03
1.558663672767579556e-03
9.975744178518652916e-04
1.755758421495556831e-03
1.093609957024455070e-03
-1.759159145876765251e-03
1.796827535144984722e-03
9.607001557014882565e-04
-1.617877394892275333e-03
-2.593936398625373840e-03
3.890125663019716740e-04
1.652537903282791376e-04
-8.045236463658511639e-04
-2.037585712969303131e-03
-5.558919510804116726e-04
8.354652090929448605e-04
-1.771278097294270992e-03
-1.316114910878241062e-03
2.762326970696449280e-03
6.634172750636935234e-04
-6.610435084439814091e-04
3.721963614225387573e-03
-8.904236601665616035e-04
2.195923356339335442e-03
-1.327287172898650169e-03
1.140898093581199646e-03
-2.459912560880184174e-03
-1.647859317017719150e-04
-1.117443607654422522e-04
2.489461097866296768e-03
1.288040541112422943e-03
-1.115774037316441536e-03
7.495144964195787907e-04
3.186539979651570320e-03
-5.304919905029237270e-04
3.825021209195256233e-03
-3.710887976922094822e-04
-2.811650629155337811e-04
1.952725579030811787e-03
-3.872848174069076777e-05
-3.355811815708875656e-03
-3.660014190245419741e-04
3.586766310036182404e-03
2.579821040853857994e-03
2.868818817660212517e-03
-1.135201891884207726e-03
3.449970623478293419e-03
-1.824343926273286343e-03
2.406132407486438751e-03
1.693411264568567276e-03
6.882015150040388107e-04
-1.567061641253530979e-03
-3.105764044448733330e-04
-2.654443960636854172e-03
-2.075565746054053307e-03
-2.105408813804388046e-03
-3.794426098465919495e-03
-1.017104135826230049e-03
-8.909351890906691551e-04
-1.313794520683586597e-03
-1.388746546581387520e-03
-2.180636860430240631e-03
1.975625287741422653e-03
-1.006209931802004576e-04
3.207984380424022675e-03
-3.779312595725059509e-03
3.518447047099471092e-03
2.641166793182492256e-03
-2.494666958227753639e-03
3.334762761369347572e-03
1.259708311408758163e-03
2.506057498976588249e-03
2.924555912613868713e-03
6.425640895031392574e-04
