-2.173510612919926643e-03
-3.238964825868606567e-03
1.497164950706064701e-03
-3.651322564110159874e-03
-1.062416005879640579e-03
1.157996826805174351e-03
2.788823563605546951e-03
2.755431691184639931e-03
1.296381466090679169e-03
3.264597151428461075e-03
1.004032441414892673e-03
3.080786205828189850e-03
2.192185726016759872e-03
3.038564231246709824e-03
-2.008576877415180206e-03
2.312912838533520699e-03
-3.772092051804065704e-03
8.414743351750075817e-04
3.036396810784935951e-03
-1.468966715037822723e-03
-1.305947080254554749e-03
1.082930830307304859e-03
-2.934985328465700150e-03
3.436190541833639145e-03
-3.018151735886931419e-03
3.879999974742531776e-03
-1.951341517269611359e-03
3.460315987467765808e-03
-1.496323035098612309e-03
-1.536395866423845291e-03
-2.734622918069362640e-03
-3.890171356033533812e-04
-1.078280503861606121e-03
-3.530946851242333651e-04
3.594590350985527039e-03
1.860350021161139011e-03
-1.304790610447525978e-03
-3.995489096269011497e-04
-1.084379735402762890e-03
-6.212299340404570103e-04
-1.937490655109286308e-03
-2.849935553967952728e-03
1.036415575072169304e-03
-4.053783486597239971e-04
6.295829080045223236e-04
-2.886991249397397041e-03
-2.667317399755120277e-03
2.847919473424553871e-03
-2.331100404262542725e-03
-3.766481764614582062e-03
-1.901571988128125668e-03
2.255533123388886452e-03
-2.341244369745254517e-03
-1.900057395687326789e-04
2.209746744483709335e-03
-1.260028453543782234e-03
-2.302174922078847885e-03
-2.310470445081591606e-03
3.454156685620546341e-03
1.663183909840881824e-03
-1.852412009611725807e-03
-3.884964622557163239e-03
3.892467124387621880e-03
5.088638863526284695e-04
1.827216590754687786e-03
3.144553862512111664e-03
-1.997535349801182747e-03
3.624187549576163292e-03
-1.233731512911617756e-03
2.864661859348416328e-03
1.937759807333350182e-03
3.288843901827931404e-03
1.241200137883424759e-03
2.648186637088656425e-03
2.718779025599360466e-03
1.851437264122068882e-03
3.341058036312460899e-03
-2.903652843087911606e-03
2.463830867782235146e-03
-3.637314948718994856e-04
3.118326654657721519e-03
-2.915642689913511276e-03
-3.708406118676066399e-03
3.448730858508497477e-04
3.434461308643221855e-03
-1.632151426747441292e-03
2.925597364082932472e-04
-3.074103500694036484e-03
-3.822833066806197166e-03
1.099294866435229778e-03
-1.333094085566699505e-03
-3.706816060002893209e-04
-2.258604858070611954e-03
2.882037952076643705e-04
-3.714792430400848389e-03
1.516294782049953938e-03
2.576347906142473221e-03
1.124748028814792633e-03
3.836267860606312752e-04
-1.116862986236810684e-03
-1.707372022792696953e-03
1.307817990891635418e-03
8.038366213440895081e-04
3.669704776257276535e-03
-1.002923352643847466e-03
-1.547764637507498264e-03
-2.161350101232528687e-03
2.742463024333119392e-03
1.223112223669886589e-03
1.511108828708529472e-03
-1.252940855920314789e-03
-2.917274599894881248e-03
1.873114495538175106e-03
-1.848799875006079674e-03
3.582191420719027519e-04
-3.640735521912574768e-03
3.862667595967650414e-03
-2.650797134265303612e-03
5.695877480320632458e-04
-3.029358107596635818e-03
-9.049269137904047966e-04
3.575972281396389008e-03
-3.582285949960350990e-03
-6.979707977734506130e-04
1.497259130701422691e-03
2.023575827479362488e-03
3.329997649416327477e-03
-3.643353236839175224e-03
-2.340110484510660172e-03
-2.931007649749517441e-03
2.101134508848190308e-03
2.002946566790342331e-03
-7.407623343169689178e-04
-1.377772307023406029e-03
-2.829554257914423943e-03
2.076159231364727020e-03
1.387988741043955088e-04
1.166592701338231564e-03
-3.451693555689416826e-05
1.605388009920716286e-03
4.635038203559815884e-04
-3.366442862898111343e-03
-2.562738722190260887e-03
-1.965486444532871246e-03
-3.743630601093173027e-03
9.019528515636920929e-04
-2.071687486022710800e-03
-2.818278735503554344e-03
-2.995494520291686058e-03
-3.117268206551671028e-03
1.714871847070753574e-03
1.960836118087172508e-03
-4.134825721848756075e-04
8.618775173090398312e-04
-3.110568504780530930e-03
1.313152490183711052e-03
3.779022372327744961e-04
2.224406460300087929e-03
-7.871505222283303738e-04
-2.203886862844228745e-03
2.369466936215758324e-03
3.756520571187138557e-03
2.380993915721774101e-03
6.070248200558125973e-04
-2.762970514595508575e-03
-2.125951461493968964e-03
6.323028355836868286e-04
9.390768245793879032e-04
-1.508572720922529697e-03
-1.119792577810585499e-03
1.086154370568692684e-04
-2.037517493590712547e-03
6.810903432779014111e-04
-1.329572289250791073e-03
1.468841801397502422e-03
-5.326293176040053368e-04
-8.010448655113577843e-04
-3.706594230607151985e-03
3.175950376316905022e-03
-6.090734968893229961e-04
-7.265740423463284969e-04
6.274170009419322014e-04
3.057210939005017281e-03
3.325265599414706230e-03
-8.785717654973268509e-04
1.785633619874715805e-03
6.290649762377142906e-04
3.198305610567331314e-03
-2.181946998462080956e-03
1.890495419502258301e-03
1.871190383099019527e-03
-2.365017309784889221e-03
3.156801918521523476e-03
-2.355817239731550217e-03
-5.031822365708649158e-04
1.145152957178652287e-03
-1.358330133371055126e-03
-1.956604653969407082e-03
-6.047514616511762142e-04
-2.625518711283802986e-03
3.502200823277235031e-03
-6.273785838857293129e-04
-3.242571605369448662e-03
-3.482383908703923225e-03
-2.835259307175874710e-03
-8.080165716819465160e-04
1.566490158438682556e-03
-1.188359572552144527e-03
-1.523031620308756828e-03
-2.283037872985005379e-03
1.504395506344735622e-03
7.084844983182847500e-04
3.332966472953557968e-03
1.193584525026381016e-03
3.419945482164621353e-03
-1.197278561448911205e-05
1.997018465772271156e-03
1.781059894710779190e-03
-3.320470917969942093e-03
-3.789309877902269363e-03
7.020586053840816021e-05
7.478395709767937660e-04
-1.379292691126465797e-03
-1.960171386599540710e-03
3.651426639407873154e-03
2.901308704167604446e-03
2.164665143936872482e-03
-7.829937385395169258e-04
-1.326736994087696075e-03
1.925623160786926746e-03
1.596296671777963638e-03
1.125487266108393669e-03
-3.383042057976126671e-03
-1.560846460051834583e-03
-6.608967087231576443e-04
-3.303332021459937096e-03
-2.058227080851793289e-03
3.063061507418751717e-03
1.678167027421295643e-03
-2.962123835459351540e-03
-5.577301490120589733e-04
3.431356279179453850e-03
-2.303935121744871140e-03
-9.054656838998198509e-04
-2.196258399635553360e-03
-2.156726317480206490e-03
9.053140820469707251e-05
-3.333225846290588379e-03
-2.031780080869793892e-03
-1.955202780663967133e-03
1.801187056116759777e-03
3.644643584266304970e-03
-3.633278422057628632e-03
-1.292921369895339012e-03
-1.217293087393045425e-03
8.685888024047017097e-04
