-2.914610784500837326e-03
-6.528893718495965004e-04
-1.230632304213941097e-03
6.320812972262501717e-04
2.542320871725678444e-03
2.383190440014004707e-04
1.405577873811125755e-03
2.715854439884424210e-03
-9.980654576793313026e-04
-6.474242545664310455e-04
-1.768350048223510385e-04
-3.442760556936264038e-03
-1.895865309052169323e-03
2.808451652526855469e-03
2.940969774499535561e-03
-2.475506393238902092e-03
-3.848528489470481873e-03
3.436356550082564354e-03
2.026206813752651215e-03
3.051125211641192436e-03
-2.209957223385572433e-03
-1.335378619842231274e-03
-2.850537421181797981e-03
2.812321064993739128e-03
2.020611194893717766e-03
-1.879095361800864339e-04
-3.484291490167379379e-03
-3.022348741069436073e-03
2.410932444036006927e-03
6.695637712255120277e-04
8.366556139662861824e-04
-6.228566635400056839e-04
-2.024131361395120621e-03
3.666269592940807343e-03
-4.308813367970287800e-05
-2.093919785693287849e-03
-6.321093533188104630e-04
-2.796005690470337868e-03
-1.862201956100761890e-03
2.871566684916615486e-03
1.476177712902426720e-03
3.325517289340496063e-03
8.162091253325343132e-04
-3.809968242421746254e-03
-3.039761912077665329e-03
-7.360964664258062840e-04
-5.614119581878185272e-04
-1.913330052047967911e-03
9.609428525436669588e-05
-3.712373552843928337e-03
3.716572653502225876e-03
-3.052646061405539513e-03
2.935949247330427170e-03
-3.149674739688634872e-03
2.784621203318238258e-03
-2.130857435986399651e-03
3.385763149708509445e-03
1.774295931681990623e-03
3.968658566009253263e-04
-2.403308637440204620e-03
1.207603607326745987e-03
3.251647111028432846e-03
1.685013645328581333e-03
6.670419825240969658e-04
1.715045422315597534e-03
-1.182172680273652077e-03
3.666824428364634514e-03
-1.108377822674810886e-03
2.919071121141314507e-03
6.631532451137900352e-04
-2.998787444084882736e-03
-3.669752506539225578e-03
-2.053190255537629128e-03
-1.348671969026327133e-03
-2.742345212027430534e-03
2.051476330962032080e-04
1.142953988164663315e-03
-3.108925651758909225e-03
-1.918889465741813183e-03
-3.750378964468836784e-03
-1.158303231932222843e-03
-3.511081915348768234e-03
-3.011349355801939964e-03
-1.561173703521490097e-04
2.339288359507918358e-03
3.259457182139158249e-03
2.972040791064500809e-03
2.503212541341781616e-03
-2.600405132398009300e-03
1.201596809551119804e-03
7.676140521652996540e-04
6.167455576360225677e-04
-3.747831331565976143e-03
6.890541990287601948e-04
-3.108032979071140289e-03
1.316947862505912781e-03
-3.234974108636379242e-03
-1.829166081734001637e-03
-1.230355264851823449e-04
3.050903091207146645e-03
-1.045441837050020695e-03
1.655822270549833775e-03
-2.715319627895951271e-03
-5.002171965315937996e-04
2.828986616805195808e-03
1.364018884487450123e-03
-1.935188425704836845e-03
-2.257592510432004929e-03
-1.353233470581471920e-03
2.426546765491366386e-03
1.104249618947505951e-03
9.021340520121157169e-04
-3.469793009571731091e-04
-2.842910122126340866e-03
4.143182304687798023e-04
3.842996433377265930e-03
1.589748659171164036e-03
-8.446839055977761745e-04
-2.714273286983370781e-03
1.879839110188186169e-03
2.827608957886695862e-03
-3.695392748340964317e-03
-3.228000830858945847e-03
1.077594701200723648e-03
3.616224275901913643e-03
-1.352732768282294273e-03
2.557963132858276367e-03
-3.866994520649313927e-03
-4.239662666805088520e-04
1.243586739292368293e-04
-3.070871578529477119e-03
-3.535553812980651855e-03
4.974431358277797699e-04
-1.972749596461653709e-03
-1.844163518399000168e-03
-2.109065419062972069e-03
2.121286466717720032e-03
1.408305106451734900e-04
2.028658753260970116e-03
-1.498704295954667032e-05
1.169934985227882862e-03
-6.393839721567928791e-04
-1.732153468765318394e-04
-2.422822872176766396e-03
1.760995248332619667e-03
-2.696610987186431885e-03
2.723191864788532257e-03
1.437882427126169205e-03
3.503988496959209442e-03
-1.244778162799775600e-03
1.717588747851550579e-03
-9.434497333131730556e-04
2.775554778054356575e-03
-3.431553486734628677e-03
-1.107942778617143631e-03
1.708947937004268169e-03
3.855480812489986420e-03
-2.443024655804038048e-03
-3.907124977558851242e-03
-1.373092061839997768e-03
-1.699904096312820911e-03
8.071117918007075787e-04
2.366342669120058417e-04
-2.654974116012454033e-03
-1.373976119793951511e-03
4.077654739376157522e-04
2.783891279250383377e-03
2.477155765518546104e-03
3.439608030021190643e-03
-1.623362069949507713e-03
9.655871690483763814e-05
3.886839374899864197e-03
-1.501624006778001785e-03
-1.033697044476866722e-03
-1.234086230397224426e-03
-3.621751908212900162e-03
3.858986077830195427e-03
-1.198118625325150788e-04
-3.546116873621940613e-03
-2.526481868699193001e-03
2.729567233473062515e-03
-1.595829613506793976e-03
-3.304566023871302605e-03
-3.177661448717117310e-03
-3.528804052621126175e-03
-1.751664385665208101e-04
-1.877668895758688450e-03
-3.550414228811860085e-03
8.437015349045395851e-04
-3.700400702655315399e-04
1.272852998226881027e-03
-1.531659159809350967e-03
1.843237114371731877e-04
-9.038549615070223808e-04
-3.525194013491272926e-03
-2.005182250286452472e-05
3.252332564443349838e-03
-3.263261169195175171e-03
1.260084682144224644e-03
2.680293982848525047e-03
3.167167014908045530e-04
3.608138998970389366e-03
-1.350586535409092903e-03
-3.771070856600999832e-03
3.425679868087172508e-03
-4.398773889988660812e-04
-1.278016250580549240e-03
-1.233972259797155857e-03
-3.216779150534421206e-04
3.743839217349886894e-03
2.785985590890049934e-03
1.532184309326112270e-03
-1.194524695165455341e-03
-3.191560739651322365e-03
5.541448263102211058e-05
-2.299436135217547417e-03
2.118385862559080124e-03
2.892596181482076645e-03
-3.051685635000467300e-03
-1.085280091501772404e-03
-1.659480039961636066e-03
1.182347885333001614e-03
-1.280133030377328396e-03
-2.947624598164111376e-04
-3.087402088567614555e-03
-7.640699623152613640e-04
5.114940577186644077e-04
-1.328433048911392689e-03
-2.418561372905969620e-03
-6.250887527130544186e-04
-2.606827300041913986e-03
-2.786087803542613983e-03
-2.722666831687092781e-03
-3.008049447089433670e-03
-2.202936448156833649e-03
-2.908746537286788225e-04
3.390398342162370682e-03
-3.137096995487809181e-03
-2.193698426708579063e-03
3.617307404056191444e-03
2.194363623857498169e-03
-2.185848774388432503e-03
2.807557582855224609e-03
-3.839300712570548058e-03
8.137837867252528667e-04
-2.479698043316602707e-03
-1.441805041395127773e-03
-2.801661379635334015e-03
-2.250630408525466919e-03
2.701915800571441650e-03
-1.029590144753456116e-03
-3.638623282313346863e-03
7.305864710360765457e-04
2.251153346151113510e-03
-2.026105299592018127e-03
2.669014036655426025e-03
