-2.228082623332738876e-03
-3.232093062251806259e-03
-4.887131581199355423e-05
-3.655464155599474907e-03
-5.146725452505052090e-04
3.760295454412698746e-03
2.610417781397700310e-03
5.253514391370117664e-04
-2.829632489010691643e-03
3.895859932526946068e-03
2.766382880508899689e-03
1.738338323775678873e-04
3.462966531515121460e-03
2.871870761737227440e-03
2.797340275719761848e-03
2.329541370272636414e-03
-5.334066809155046940e-04
3.602873999625444412e-03
-3.802488499786704779e-04
6.133199785836040974e-04
1.819371595047414303e-03
2.998714335262775421e-03
1.905383101075130980e-06
-1.134380931034684181e-03
3.508982947096228600e-03
7.111793383955955505e-04
-1.380761503241956234e-03
-1.362398179480805993e-04
3.001607488840818405e-03
-2.707229694351553917e-03
-3.421836066991090775e-03
-2.599115250632166862e-03
5.697906599380075932e-04
1.405259477905929089e-03
-2.785154152661561966e-03
3.051129868254065514e-03
-1.352875260636210442e-03
-2.963261213153600693e-03
2.710433909669518471e-04
-6.694673211313784122e-04
2.115055918693542480e-03
-1.158626633696258068e-03
3.491484327241778374e-03
-2.147475024685263634e-03
1.770594622939825058e-03
1.499577774666249752e-03
-1.112662066589109600e-04
3.343534190207719803e-03
-2.946830121800303459e-03
1.573855755850672722e-03
-2.404970582574605942e-03
9.891038062050938606e-04
2.791628940030932426e-04
-2.201288938522338867e-03
-2.832161844708025455e-04
3.426958806812763214e-03
1.360363326966762543e-03
-2.089887624606490135e-03
-1.676123123615980148e-03
7.398753077723085880e-04
-1.869419822469353676e-03
-3.413784783333539963e-03
3.108958015218377113e-03
1.312750508077442646e-03
-2.849492477253079414e-03
-3.393678634893149137e-04
-1.561738550662994385e-03
-6.396900280378758907e-04
-1.191901741549372673e-03
3.411498386412858963e-03
-3.201894694939255714e-03
-3.056743880733847618e-03
-1.957280328497290611e-03
2.830724231898784637e-03
-3.221551654860377312e-03
-2.757351379841566086e-03
3.140628337860107422e-03
5.729901604354381561e-04
-6.181364296935498714e-04
-3.525431267917156219e-03
-2.331784693524241447e-03
2.336131641641259193e-03
-3.124787006527185440e-03
-1.822925289161503315e-03
7.229381008073687553e-04
-1.316353562287986279e-03
-1.484854612499475479e-03
1.724120345897972584e-03
1.726975664496421814e-03
2.882472937926650047e-03
-1.255009556189179420e-03
2.734842244535684586e-03
2.639171900227665901e-03
-8.113847579807043076e-04
-4.706605104729533195e-04
-1.703692600131034851e-03
2.297929255291819572e-03
9.240033687092363834e-04
1.553200650960206985e-03
5.712484125979244709e-04
-1.270316191948950291e-03
-3.308812156319618225e-04
8.034464553929865360e-04
-2.589607145637273788e-03
-2.433318004477769136e-04
7.146815769374370575e-04
-3.261453006416559219e-03
6.034903926774859428e-04
-2.747986698523163795e-03
2.746868703979998827e-04
2.527484437450766563e-03
3.187587717548012733e-03
2.610600087791681290e-03
1.298025832511484623e-03
3.779459977522492409e-03
3.301067510619759560e-03
-3.716358216479420662e-03
-2.198443515226244926e-03
2.614300698041915894e-03
2.243383089080452919e-03
3.571189939975738525e-03
-4.444149089977145195e-04
-2.180869458243250847e-03
-3.279016818851232529e-03
-2.196910325437784195e-03
9.037057316163554788e-05
2.868165029212832451e-05
-2.179122064262628555e-03
1.826956635341048241e-03
-1.026172685669735074e-04
3.086719661951065063e-03
-1.859062933363020420e-03
1.344687538221478462e-03
-2.222363837063312531e-03
1.778406905941665173e-03
-6.890296353958547115e-04
-6.479264266090467572e-05
-2.605627523735165596e-03
-3.531917231157422066e-03
-2.860375388991087675e-04
-3.871261375024914742e-03
-1.714840647764503956e-03
-5.661537943524308503e-05
7.126200362108647823e-04
1.799182384274899960e-03
-2.194234111811965704e-04
-3.656188724562525749e-03
2.632958116009831429e-03
-1.505818334408104420e-03
6.190167041495442390e-04
1.555340248160064220e-03
2.948378911241889000e-03
1.814559916965663433e-03
3.476069541648030281e-03
-2.182666212320327759e-03
3.647398436442017555e-03
-1.492302049882709980e-03
5.641496318276040256e-05
-2.213550033047795296e-03
-3.255366173107177019e-04
-2.222992945462465286e-03
1.597680966369807720e-03
8.207176579162478447e-04
4.406257357914000750e-04
-1.970226876437664032e-03
-2.117437543347477913e-03
6.134578143246471882e-04
3.135297214612364769e-03
3.444012487307190895e-03
-3.695568069815635681e-03
3.441466949880123138e-03
2.694879658520221710e-03
-3.517715726047754288e-03
-1.022802549414336681e-03
1.489909132942557335e-03
-3.090827958658337593e-03
-1.891138497740030289e-03
7.230271003209054470e-04
1.220366684719920158e-03
-6.913514807820320129e-04
3.506463719531893730e-03
3.371110360603779554e-04
2.751619787886738777e-03
2.346868393942713737e-03
-2.929428825154900551e-03
1.281349454075098038e-03
-3.194721182808279991e-03
1.055676024407148361e-03
-1.741341780871152878e-03
3.445061622187495232e-03
-1.371621503494679928e-03
-2.291882177814841270e-03
2.802714006975293159e-03
1.022656913846731186e-03
-1.121246372349560261e-03
-7.067184196785092354e-04
-3.821231424808502197e-03
3.076135413721203804e-03
-1.991996541619300842e-03
5.730559932999312878e-04
-2.858924213796854019e-03
8.402242674492299557e-04
-2.584677655249834061e-03
3.282990539446473122e-03
2.824719995260238647e-03
-1.786519656889140606e-03
3.927811048924922943e-04
5.273660644888877869e-04
-2.499352907761931419e-03
9.351029875688254833e-04
-2.042161300778388977e-03
-2.944978419691324234e-03
2.996685449033975601e-03
-1.280441530980169773e-03
-2.927239751443266869e-03
-2.622865606099367142e-03
-1.459872582927346230e-03
-4.119946097489446402e-04
1.232932903803884983e-03
-1.604842691449448466e-05
3.345638397149741650e-04
3.191289026290178299e-03
3.494565025903284550e-04
3.239648649469017982e-03
-4.077258636243641376e-04
-9.855487151071429253e-04
1.953808532562106848e-04
-3.297472605481743813e-03
-1.457279431633651257e-04
7.909910054877400398e-04
2.390018780715763569e-04
2.945152809843420982e-03
3.398371394723653793e-03
2.064808970317244530e-03
2.777798566967248917e-03
2.544934861361980438e-03
3.834576578810811043e-03
-3.728923853486776352e-03
-2.054209355264902115e-03
-2.112000365741550922e-04
3.080559894442558289e-03
1.519523910246789455e-03
-2.346359891816973686e-03
-1.037580892443656921e-03
-1.080853398889303207e-03
3.182655666023492813e-03
3.174707992002367973e-03
1.723394234431907535e-05
-3.107363299932330847e-04
-3.160764463245868683e-04
-5.003405967727303505e-04
-7.852355483919382095e-04
2.441162476316094398e-03
-1.354646869003772736e-03
1.377878244966268539e-03
7.284189923666417599e-04
