2.166251651942729950e-03
3.481785068288445473e-03
2.326495479792356491e-03
2.924310974776744843e-03
3.436597064137458801e-03
2.919249236583709717e-03
1.650342135690152645e-03
2.175961853936314583e-03
-2.083696192130446434e-03
3.040235722437500954e-03
2.205376746132969856e-03
-1.329141785390675068e-03
2.321374136954545975e-03
4.759405564982444048e-04
-9.690144797787070274e-04
-2.985439496114850044e-03
-2.809007884934544563e-03
-9.760515531525015831e-04
9.306454448960721493e-04
3.497223136946558952e-03
-3.557758638635277748e-03
-3.867510240525007248e-03
-2.535565057769417763e-03
-1.574364840053021908e-03
-3.432186320424079895e-03
2.766618308669421822e-05
-2.999471500515937805e-03
3.235392039641737938e-03
2.759757917374372482e-03
-1.327464473433792591e-03
1.125836715800687671e-04
2.992247231304645538e-03
1.021196134388446808e-03
-2.007561502978205681e-03
1.510003348812460899e-03
3.510730573907494545e-03
2.771878149360418320e-03
-7.757946732454001904e-04
3.700382309034466743e-03
-2.076977398246526718e-03
3.677269676700234413e-03
1.189608359709382057e-03
2.597940852865576744e-03
3.542661434039473534e-03
-2.614811062812805176e-03
2.803778043016791344e-03
-2.913479926064610481e-03
-8.114856427710037678e-06
2.712660701945424080e-03
-3.290716093033552170e-03
1.750099356286227703e-03
2.418047050014138222e-03
3.377551911398768425e-03
-1.214233925566077232e-03
8.319743210449814796e-04
-3.868778701871633530e-03
9.388877660967409611e-04
1.337574212811887264e-03
1.815348165109753609e-03
2.691559027880430222e-03
-2.282413624925538898e-04
3.304826328530907631e-03
1.067912438884377480e-03
3.673673490993678570e-04
7.923124358057975769e-04
-1.843859557993710041e-03
3.234821371734142303e-03
2.566760871559381485e-03
1.230116584338247776e-03
-2.546922303736209869e-03
8.522546850144863129e-04
-2.235013758763670921e-03
9.702623938210308552e-04
9.297535871155560017e-05
2.581414068117737770e-03
-1.863476121798157692e-03
1.484229811467230320e-03
3.894473658874630928e-03
-2.513310872018337250e-03
-2.903464715927839279e-03
3.858441486954689026e-04
1.681701047345995903e-03
-2.679283497855067253e-03
7.857841555960476398e-04
1.375961466692388058e-03
-2.731632906943559647e-03
-2.515188185498118401e-03
2.908945607487112284e-04
-2.458316041156649590e-03
2.048311755061149597e-03
3.574786009266972542e-03
-8.441274403594434261e-04
2.724982798099517822e-03
-2.866717055439949036e-03
2.087690634652972221e-03
3.456413280218839645e-03
2.747955149970948696e-04
2.609764225780963898e-03
-1.618728740140795708e-03
1.782370149157941341e-03
3.401788184419274330e-03
-3.182796994224190712e-03
-1.792236813344061375e-03
-3.302256809547543526e-03
1.115749822929501534e-03
3.471037140116095543e-03
1.037910114973783493e-03
1.291032531298696995e-03
8.627273928141221404e-05
3.262427402660250664e-03
-3.786171437241137028e-04
-2.083520172163844109e-03
2.850071759894490242e-03
1.542758313007652760e-03
1.633835374377667904e-03
8.573759114369750023e-04
-2.100420417264103889e-03
-2.842725371010601521e-04
2.995400922372937202e-03
-1.378725166432559490e-03
2.842681016772985458e-03
-2.290469361469149590e-03
-2.676525851711630821e-03
-6.043031462468206882e-04
2.025663154199719429e-03
2.455449430271983147e-03
1.365436823107302189e-03
-2.165419748052954674e-03
-2.941096201539039612e-03
-9.880027500912547112e-04
-2.299158601090312004e-03
2.605882938951253891e-03
7.676772656850516796e-04
1.613895641639828682e-03
-3.634203923866152763e-03
-2.196382498368620872e-03
-1.794557552784681320e-03
-2.933911280706524849e-03
-2.176424255594611168e-03
-2.004180802032351494e-03
1.102114329114556313e-03
6.944924825802445412e-04
3.275021445006132126e-03
3.475638339295983315e-03
1.284010242670774460e-03
-3.454310586676001549e-03
2.521227113902568817e-03
-3.562511410564184189e-03
-8.789596613496541977e-04
-1.063769333995878696e-03
-3.493774216622114182e-03
-2.869564341381192207e-03
2.479147398844361305e-03
-2.407523104920983315e-03
1.544514525448903441e-04
-2.551009180024266243e-03
-3.208753885701298714e-03
2.075199270620942116e-03
2.411339519312605262e-04
3.832986578345298767e-03
-2.154036192223429680e-03
-3.747581969946622849e-03
3.828567918390035629e-03
3.198246238753199577e-03
-9.861496509984135628e-04
-1.049345359206199646e-03
3.367629833519458771e-03
4.131959576625376940e-04
1.601398806087672710e-03
1.930465223267674446e-03
3.521906211972236633e-03
5.848400760442018509e-04
2.265943912789225578e-03
-7.790804374963045120e-04
2.808616030961275101e-03
5.489544128067791462e-04
-2.415680559352040291e-03
3.186016809195280075e-03
-1.314706401899456978e-03
-1.771820243448019028e-03
8.161028963513672352e-04
-1.538678305223584175e-03
-1.039877417497336864e-03
1.737981336191296577e-03
-2.108464650518726557e-05
-3.894604975357651711e-03
-3.168000373989343643e-03
2.294383244588971138e-03
3.619784023612737656e-03
3.145172260701656342e-03
-9.984363568946719170e-04
-2.197207650169730186e-03
-3.786201123148202896e-03
-7.410885882563889027e-04
3.975180152337998152e-04
2.950333990156650543e-03
1.287987455725669861e-03
2.076829841826111078e-04
-1.244409126229584217e-03
3.221520688384771347e-03
-1.758490456268191338e-03
-3.563102334737777710e-03
2.140746451914310455e-03
-9.684796677902340889e-04
-5.213898257352411747e-04
5.117187392897903919e-04
6.992137641645967960e-04
1.979707507416605949e-03
-1.593619002960622311e-03
5.068281898275017738e-04
3.809425281360745430e-03
-3.459555795416235924e-03
-7.399930618703365326e-04
-3.969838508055545390e-05
3.346024313941597939e-03
-2.583874389529228210e-03
-1.648114179261028767e-03
-3.379239700734615326e-03
-6.640234496444463730e-04
-1.038826303556561470e-03
-3.349764272570610046e-03
2.500518690794706345e-03
9.597057942301034927e-04
1.078981440514326096e-03
2.560314489528536797e-03
1.882997341454029083e-03
-4.309234282118268311e-05
2.677799202501773834e-03
-7.826288347132503986e-04
-1.103964634239673615e-03
-2.835715422406792641e-03
-3.163376124575734138e-03
3.660027403384447098e-03
3.007232211530208588e-03
-2.049208851531147957e-03
-1.161913620308041573e-03
-1.423565554432570934e-04
9.485658956691622734e-04
2.624140819534659386e-03
1.472463947720825672e-03
-1.647133729420602322e-03
-2.443637233227491379e-03
1.733631594106554985e-03
7.348774233832955360e-04
-5.497016827575862408e-04
-1.941117690876126289e-03
-2.142263576388359070e-03
-2.790294587612152100e-03
-8.903130074031651020e-04
-3.602995537221431732e-03
-4.910457646474242210e-04
-3.634926164522767067e-03
5.253166309557855129e-04
-1.375736435875296593e-03
-2.187386853620409966e-04
5.066720768809318542e-04
