-3.558191820047795773e-04
-1.724281930364668369e-03
-8.956993115134537220e-04
-1.117922016419470310e-03
-1.543049584142863750e-03
1.525857253000140190e-03
-1.179812126792967319e-03
1.622955314815044403e-03
-1.670594909228384495e-03
2.938104327768087387e-03
2.139392308890819550e-03
-1.235215226188302040e-03
1.141017302870750427e-03
-1.722200075164437294e-03
-2.326928311958909035e-03
-4.650138434953987598e-04
2.829692093655467033e-03
3.353059059008955956e-03
-1.526444684714078903e-04
-1.577849732711911201e-03
-3.018530551344156265e-03
1.070314319804310799e-03
2.117764437571167946e-03
1.341117778792977333e-03
-2.010067924857139587e-03
-3.392164362594485283e-03
-1.728238887153565884e-03
-1.008699880912899971e-03
-2.629383234307169914e-04
-3.307527629658579826e-03
1.595055684447288513e-03
-5.266851803753525019e-05
3.325029974803328514e-03
1.173704076791182160e-04
-3.609999315813183784e-03
3.283396945334970951e-04
-2.643960062414407730e-03
-3.046751953661441803e-03
-2.537579974159598351e-03
-3.090927843004465103e-03
2.681169891729950905e-03
1.645778538659214973e-03
-3.900792915374040604e-03
1.019812305457890034e-03
-2.127227606251835823e-03
-3.008422674611210823e-03
9.370823972858488560e-04
2.988532185554504395e-03
-1.711802789941430092e-03
-3.831248730421066284e-03
3.751302137970924377e-03
-2.312483265995979309e-03
-2.431934466585516930e-03
1.389866112731397152e-03
-1.345735508948564529e-03
3.759318031370639801e-03
-2.081488783005625010e-04
-1.375025603920221329e-03
1.659368281252682209e-03
-1.776343560777604580e-03
-3.101787762716412544e-03
3.104331204667687416e-03
-2.403761725872755051e-03
3.551014699041843414e-03
1.987051451578736305e-03
2.065794076770544052e-03
1.810971763916313648e-03
6.114772404544055462e-04
-3.498930251225829124e-03
-1.545633887872099876e-03
1.228337292559444904e-03
-9.660376817919313908e-04
-2.334813354536890984e-03
-3.266765503212809563e-03
2.086347900331020355e-03
-1.232221373356878757e-03
8.369813440367579460e-04
-2.355891978368163109e-03
1.893542823381721973e-03
9.961638133972883224e-04
-2.341745654121041298e-03
1.787461224012076855e-03
-3.604762896429747343e-04
7.155786734074354172e-04
-1.450685202144086361e-03
1.638725749216973782e-03
-5.858341464772820473e-04
3.003360703587532043e-03
2.939780708402395248e-03
1.316157402470707893e-03
-2.673514885827898979e-03
5.517295212484896183e-04
1.117381500080227852e-03
2.646952343638986349e-04
-1.235836884006857872e-03
-2.126552164554595947e-03
2.647686982527375221e-03
-1.510161440819501877e-03
1.850928529165685177e-03
8.186944178305566311e-04
-1.936335465870797634e-03
-9.369193576276302338e-04
-6.174259469844400883e-04
1.115972874686121941e-03
-3.034589346498250961e-03
-1.234440249390900135e-03
3.635700559243559837e-03
2.832272322848439217e-03
3.552985610440373421e-03
-1.783400191925466061e-03
4.232395731378346682e-04
2.097804244840517640e-04
2.323170891031622887e-03
-6.316826911643147469e-04
-1.214508898556232452e-03
-7.349383668042719364e-04
9.379699622513726354e-05
-2.055729273706674576e-03
-1.551044057123363018e-03
3.875910770148038864e-04
3.617709735408425331e-03
-1.980877248570322990e-03
3.427971154451370239e-03
2.750929910689592361e-03
-1.321516931056976318e-03
-3.791169961914420128e-03
-1.776865450665354729e-03
6.331490003503859043e-04
-1.951762475073337555e-03
2.898583887144923210e-03
1.277030445635318756e-03
-3.493779804557561874e-03
-1.852273708209395409e-03
2.302029635757207870e-03
9.396753739565610886e-05
1.884924713522195816e-03
2.526937983930110931e-03
1.027179183438420296e-03
-7.846245425753295422e-04
-3.539874218404293060e-03
-3.687531687319278717e-03
2.402175683528184891e-03
6.896054837852716446e-04
-2.243121620267629623e-03
2.707164036110043526e-03
3.890073392540216446e-03
-2.503677504137158394e-03
-1.821954967454075813e-03
3.043108619749546051e-03
3.889093641191720963e-03
-1.539295772090554237e-04
8.649390656501054764e-04
3.839459270238876343e-03
3.672501537948846817e-03
-1.289125182665884495e-03
-8.580664289183914661e-04
8.187893545255064964e-04
1.425364287570118904e-03
-3.104455536231398582e-03
-2.522242954000830650e-03
2.390204695984721184e-03
3.758080303668975830e-03
3.884661477059125900e-03
1.219334895722568035e-03
2.583825029432773590e-03
1.871819258667528629e-03
3.201620653271675110e-03
3.585072699934244156e-04
-2.778663299977779388e-03
3.857928095385432243e-03
-3.471028758212924004e-03
-3.589146072044968605e-03
-1.988420495763421059e-03
-6.752480985596776009e-04
-6.863494054414331913e-04
-3.086641896516084671e-03
-3.844414139166474342e-03
-3.076904104091227055e-04
-3.557479707524180412e-03
8.303539361804723740e-04
-1.500867074355483055e-03
3.554803552106022835e-04
-2.728084800764918327e-03
6.153219874249771237e-05
3.757884027436375618e-03
-3.771821968257427216e-03
-3.540420671924948692e-03
-2.080923411995172501e-03
1.594928675331175327e-03
-2.067203866317868233e-03
-3.114514285698533058e-03
3.527342341840267181e-03
-3.360536182299256325e-03
-2.187708858400583267e-03
3.163012210279703140e-03
4.771649255417287350e-04
-2.459858078509569168e-03
-3.765402594581246376e-03
-2.992675406858325005e-03
2.555711427703499794e-03
-3.353380132466554642e-03
2.846244024112820625e-04
-8.637578575871884823e-04
-2.945690182968974113e-03
-3.530093235895037651e-03
2.560308668762445450e-03
1.655010855756700039e-03
-2.725389320403337479e-03
-3.567472798749804497e-03
-1.724233967252075672e-03
1.558097312226891518e-03
8.298319298774003983e-04
3.650883212685585022e-03
1.449200091883540154e-03
3.601034870371222496e-03
1.394880469888448715e-03
3.293783171102404594e-03
-2.939883386716246605e-03
1.980156521312892437e-04
-1.364236348308622837e-03
-2.594062127172946930e-03
-2.435623668134212494e-03
2.460994524881243706e-03
3.629654645919799805e-03
-1.835060771554708481e-03
-2.679849741980433464e-03
-2.811756217852234840e-03
1.452256808988749981e-03
1.017477363348007202e-03
3.613465232774615288e-03
2.333635929971933365e-03
2.896937308833003044e-03
-2.107582287862896919e-03
-3.027294063940644264e-03
-5.605469341389834881e-04
-5.758203333243727684e-04
3.667710698209702969e-04
-3.183668712154030800e-03
2.133788540959358215e-03
2.382185310125350952e-03
-2.961257239803671837e-03
-2.670511370524764061e-03
-1.036320318235084414e-04
-3.304645884782075882e-03
-9.025566978380084038e-04
-2.205352066084742546e-03
-1.472925185225903988e-03
2.580432454124093056e-03
-1.294940710067749023e-03
-3.273682435974478722e-03
-3.795453580096364021e-03
2.860684646293520927e-03
-2.811486599966883659e-03
-3.350921440869569778e-03
1.694845501333475113e-03
-2.004380803555250168e-03
