1.889285515062510967e-03
-4.049389390274882317e-04
-1.694409293122589588e-03
-2.977809403091669083e-03
2.911814954131841660e-03
1.349511789157986641e-03
3.455273341387510300e-03
3.591796616092324257e-03
-9.157537715509533882e-04
3.461132058873772621e-03
-3.407402429729700089e-03
-3.543566912412643433e-03
-3.672036807984113693e-03
-4.900531494058668613e-04
-2.606340683996677399e-03
7.523321546614170074e-04
1.249414170160889626e-03
-3.146513132378458977e-03
-2.011531265452504158e-03
1.649811281822621822e-03
4.552005557343363762e-04
-5.211365642026066780e-04
1.194406533613801003e-03
-2.899509621784090996e-03
-1.387339318171143532e-03
-2.239769324660301208e-03
2.256800944451242685e-04
-3.758576232939958572e-03
9.668699931353330612e-04
-2.117085503414273262e-03
2.017686143517494202e-03
1.568821724504232407e-03
-2.967964857816696167e-03
-5.370826693251729012e-05
-3.464305074885487556e-03
-2.085587009787559509e-03
2.953887917101383209e-03
-1.934682833962142467e-03
-1.366625307127833366e-03
-2.082724386127665639e-04
-9.949260856956243515e-04
1.820516772568225861e-03
-1.064510783180594444e-03
3.738695522770285606e-03
-3.657739842310547829e-03
-9.840316124609671533e-06
1.985804876312613487e-03
-4.465069505386054516e-04
-2.826044801622629166e-03
-9.493688121438026428e-04
1.633135485462844372e-03
2.513683866709470749e-03
1.798043842427432537e-03
5.988086340948939323e-04
-6.206246325746178627e-04
3.249904606491327286e-03
2.363258274272084236e-03
3.758425300475209951e-04
-3.608876606449484825e-03
-2.352552721276879311e-03
-1.873833389254286885e-04
-3.087406279519200325e-03
3.300767624750733376e-03
3.010981599800288677e-04
2.968850545585155487e-03
-2.421189565211534500e-03
3.335876623168587685e-03
1.557314652018249035e-03
4.194287612335756421e-05
2.205085707828402519e-03
-3.287796571385115385e-04
2.166396705433726311e-03
1.697329425951465964e-04
-7.365778437815606594e-04
-1.877193455584347248e-03
3.985102521255612373e-04
-2.763049677014350891e-03
-2.144159050658345222e-03
2.417090727249160409e-04
1.445682573830708861e-04
-1.532090478576719761e-03
2.474764361977577209e-03
1.843077596276998520e-03
1.082482631318271160e-03
2.300048945471644402e-03
1.309927669353783131e-03
-2.894436707720160484e-03
3.565344726666808128e-03
1.493158400990068913e-03
-1.665551681071519852e-03
-9.245683904737234116e-04
1.165441353805363178e-03
2.493341453373432159e-03
3.008832223713397980e-03
3.031265456229448318e-03
-1.313946209847927094e-03
-2.148891100659966469e-03
-3.507293760776519775e-03
-1.046662568114697933e-03
-1.603715820237994194e-03
-1.690062228590250015e-03
-1.644542906433343887e-03
-1.759416772983968258e-03
-1.666671829298138618e-03
-1.807771157473325729e-03
1.940417860168963671e-04
-3.307506674900650978e-03
4.899125196970999241e-04
3.276120405644178391e-03
-8.959888946264982224e-04
3.141687484458088875e-03
-1.392927370034158230e-03
-3.579822834581136703e-03
1.897558249766007066e-04
-3.774923505261540413e-03
1.800306956283748150e-03
3.860547440126538277e-03
-3.659090958535671234e-03
2.506984863430261612e-03
2.543851267546415329e-03
-1.306894992012530565e-04
-2.881231252104043961e-03
-2.777383451757486910e-05
3.183109220117330551e-03
-3.762810723856091499e-03
-5.362435695133171976e-05
-3.154252190142869949e-03
5.057664820924401283e-04
-4.042126529384404421e-04
3.758046310395002365e-03
-1.312683802098035812e-03
3.105930518358945847e-03
2.715428592637181282e-03
-4.294136306270956993e-04
3.862179117277264595e-03
-2.324224915355443954e-03
-8.909056195989251137e-04
7.516509504057466984e-04
2.114291302859783173e-03
-3.590346314013004303e-03
-1.516518765129148960e-03
-3.384285373613238335e-03
-2.793803578242659569e-04
-2.132978988811373711e-03
-1.665490446612238884e-03
-6.485459161922335625e-04
1.671919366344809532e-03
1.521484460681676865e-03
-1.391466357745230198e-04
-3.136730287224054337e-03
-9.206006070598959923e-04
2.771052066236734390e-03
-2.123403362929821014e-03
-3.878134884871542454e-04
-2.431550761684775352e-03
-2.388739958405494690e-03
-6.801636191084980965e-04
2.848912496119737625e-03
3.774133278056979179e-03
1.492728479206562042e-03
-3.623500233516097069e-03
2.807544311508536339e-03
-2.285448834300041199e-03
3.634342690929770470e-03
4.477886541280895472e-04
2.496208064258098602e-03
-2.999559044837951660e-03
-1.230089575983583927e-03
-3.662911942228674889e-03
3.807676956057548523e-03
-3.890559775754809380e-03
1.973685342818498611e-03
-2.887812443077564240e-03
2.490903250873088837e-03
3.443844907451421022e-04
-1.052259118296205997e-03
-1.331993960775434971e-03
7.604814018122851849e-04
3.058292670175433159e-03
9.601779165677726269e-04
5.550407222472131252e-04
-1.743147731758654118e-03
8.529617480235174298e-05
-1.630429906072095037e-04
2.976463409140706062e-03
-1.784316496923565865e-03
-7.637388771399855614e-04
-1.662337570451200008e-03
1.401936286129057407e-03
1.208905945532023907e-03
3.146261908113956451e-03
-3.746945178136229515e-03
-2.480308292433619499e-03
2.018030034378170967e-03
3.739109262824058533e-03
-1.160876563517376781e-04
1.927858334966003895e-03
-2.924429252743721008e-03
-8.004081901162862778e-04
-1.339596492471173406e-04
2.676210599020123482e-03
-9.722878457978367805e-04
-8.192424138542264700e-05
2.920366590842604637e-03
-8.410486625507473946e-04
1.353711821138858795e-03
-1.028566912282258272e-04
-2.149375388398766518e-03
2.406627405434846878e-03
3.247806336730718613e-03
-1.983997877687215805e-03
2.866069553419947624e-03
5.355265457183122635e-04
3.393642255105078220e-04
-1.821080659283325076e-04
-3.314068075269460678e-03
1.146350521594285965e-03
1.275117741897702217e-03
-1.932478859089314938e-03
-6.005455506965517998e-04
3.216237528249621391e-03
9.913492249324917793e-04
-1.748963142745196819e-03
-3.135248087346553802e-03
3.417427884414792061e-03
-3.006278304383158684e-03
3.551677800714969635e-03
-2.737774746492505074e-03
-3.869121894240379333e-03
3.748751769308000803e-04
1.606118632480502129e-03
1.732140430249273777e-03
-9.059145231731235981e-04
-1.199153834022581577e-03
-3.115637227892875671e-03
-3.176780650392174721e-03
1.002277713268995285e-03
-2.616646466776728630e-03
-1.911119907163083553e-03
-1.407418982125818729e-03
-1.447185990400612354e-03
1.357624423690140247e-03
1.149081625044345856e-03
-1.265842700377106667e-03
-7.727254997007548809e-04
1.645645475946366787e-03
-2.215678337961435318e-03
3.135595005005598068e-03
2.650899579748511314e-03
-1.428808318451046944e-03
1.909522921778261662e-03
-5.490517942234873772e-04
-4.043621011078357697e-04
-5.447287112474441528e-04
-1.270997570827603340e-03
-5.788962007500231266e-04
