-2.674786956049501896e-04
1.499449834227561951e-03
-1.142651191912591457e-03
3.590717446058988571e-03
4.191134648863226175e-04
-6.552375270985066891e-04
2.363336272537708282e-03
-1.551381428726017475e-03
-3.804243402555584908e-03
4.710397915914654732e-04
-1.943342620506882668e-03
1.433917786926031113e-03
1.060724935086909682e-05
5.746489623561501503e-04
1.747404923662543297e-03
9.478901629336178303e-04
2.285235794261097908e-03
5.315802409313619137e-04
-6.750869797542691231e-04
-3.896655282005667686e-03
-2.223313087597489357e-03
2.473092172294855118e-03
1.651608152315020561e-03
-2.803326118737459183e-03
-1.686224946752190590e-03
2.600218867883086205e-04
3.344912314787507057e-03
1.679226057603955269e-03
-1.460317522287368774e-03
1.076041022315621376e-03
3.050459199585020542e-04
1.675176317803561687e-03
-7.955920882523059845e-04
8.901375258574262261e-05
-3.876802278682589531e-03
2.060749568045139313e-03
2.249580109491944313e-03
-2.252944977954030037e-03
1.754901131789665669e-05
-4.348668153397738934e-04
-2.515046158805489540e-03
-2.811800222843885422e-03
-1.037070178426802158e-03
2.993697067722678185e-03
6.345884175971150398e-04
-2.714147325605154037e-03
3.241677768528461456e-03
2.647158456966280937e-03
-3.771860618144273758e-03
-2.863797824829816818e-03
-3.214913420379161835e-03
-3.613369481172412634e-04
-9.052137611433863640e-04
-1.010769978165626526e-03
3.743764478713274002e-03
1.701000961475074291e-03
2.258473774418234825e-03
-9.270163718611001968e-04
3.792415838688611984e-03
-3.595775633584707975e-04
3.091834019869565964e-03
-2.911074087023735046e-03
1.253823138540610671e-04
-2.307814313098788261e-03
-2.863041299860924482e-04
-2.284059068188071251e-03
9.863755258265882730e-05
2.597479149699211121e-03
-3.383599687367677689e-03
3.370050573721528053e-03
2.480828843545168638e-04
9.112061234191060066e-04
4.470881540328264236e-04
1.242713420651853085e-03
2.781477756798267365e-03
6.835639942437410355e-04
-7.261149003170430660e-04
3.623625962063670158e-03
-2.196453278884291649e-03
2.156096044927835464e-03
-2.041391795501112938e-03
3.749026451259851456e-03
1.617944915778934956e-03
2.435552654787898064e-03
-2.938354620710015297e-03
1.810915302485227585e-03
-2.638274163473397493e-04
-2.118176780641078949e-03
1.521715545095503330e-03
-2.904568100348114967e-03
-1.263787737116217613e-03
2.302364679053425789e-03
2.733175642788410187e-03
-1.266267965547740459e-03
-3.894605441018939018e-03
6.551701808348298073e-04
2.077903831377625465e-03
1.281884498894214630e-03
1.668222364969551563e-03
5.879269447177648544e-04
-7.217571837827563286e-04
-2.188440412282943726e-03
1.110566896386444569e-03
3.352179424837231636e-03
-8.158290875144302845e-04
1.127825817093253136e-03
2.988002495840191841e-03
-1.611199462786316872e-03
2.714609727263450623e-03
-1.494774478487670422e-03
-1.320687704719603062e-03
3.590391250327229500e-03
-2.526153577491641045e-03
2.860721899196505547e-03
-5.036629154346883297e-04
-1.791692688129842281e-03
-3.282589139416813850e-03
3.041021758690476418e-03
-3.478884696960449219e-03
3.474968019872903824e-03
-9.353711502626538277e-04
1.526618958450853825e-03
-1.858090166933834553e-03
1.129242940805852413e-03
-5.533177172765135765e-04
-3.160996828228235245e-03
-1.900060684420168400e-03
6.812803330831229687e-04
-3.013675799593329430e-03
-2.306959358975291252e-03
3.584596794098615646e-03
2.028943505138158798e-03
1.346983830444514751e-03
-1.559026190079748631e-03
2.868575043976306915e-03
3.787881927564740181e-03
-3.635164757724851370e-04
-2.901779487729072571e-03
-3.527165390551090240e-03
-3.327929298393428326e-04
9.963273769244551659e-04
-6.379479309543967247e-04
-1.227652421221137047e-03
1.076218788512051105e-03
3.322650678455829620e-03
1.235246891155838966e-03
1.541963312774896622e-03
3.053128893952816725e-04
3.500144230201840401e-03
1.112749814637936652e-04
3.907427657395601273e-03
-3.091500140726566315e-03
-1.456635654903948307e-03
-1.228838460519909859e-03
2.340864448342472315e-04
-2.196289133280515671e-03
-2.198592061176896095e-03
-5.138237975188530982e-05
3.120920388028025627e-03
-2.440493553876876831e-03
1.352503546513617039e-03
1.052163657732307911e-03
3.039342816919088364e-03
-4.456508904695510864e-04
1.694557722657918930e-04
-1.951652462594211102e-03
3.398188622668385506e-03
2.979427110403776169e-03
2.070954302325844765e-03
9.065228514373302460e-04
1.888806698843836784e-03
-1.996507169678807259e-03
6.163739017210900784e-04
6.155248265713453293e-04
8.273067651316523552e-04
-3.379812929779291153e-03
1.255241222679615021e-03
2.998192794620990753e-04
3.843543818220496178e-03
3.894599387422204018e-03
1.545881619676947594e-03
3.645154647529125214e-03
4.173050911049358547e-05
-1.144031295552849770e-03
-1.452198484912514687e-03
1.019867719151079655e-03
-6.369729526340961456e-04
-3.020165953785181046e-03
-5.467165829031728208e-05
3.222371917217969894e-03
2.197120338678359985e-03
-3.443391760811209679e-04
-2.942246501334011555e-04
3.814524970948696136e-03
2.201157854869961739e-03
1.765339868143200874e-03
9.687289129942655563e-04
-3.613160690292716026e-03
-1.198893762193620205e-03
1.827325089834630489e-03
-3.068591700866818428e-03
1.389044045936316252e-04
-1.136745093390345573e-03
-5.259246681816875935e-04
-2.364408719586208463e-04
3.751337761059403419e-03
-1.066477037966251373e-03
1.783159095793962479e-03
-1.090353354811668396e-03
2.444406272843480110e-03
-2.060675295069813728e-03
4.545749688986688852e-04
-3.446049289777874947e-03
-3.463348140940070152e-03
1.926960889250040054e-03
-2.039890503510832787e-03
1.187232206575572491e-03
2.066753106191754341e-03
-6.112396949902176857e-04
-3.770694136619567871e-03
2.205902710556983948e-03
3.621446667239069939e-03
-2.229668665677309036e-03
3.048134967684745789e-03
1.791302231140434742e-03
2.313443226739764214e-03
9.814169025048613548e-04
3.240858437493443489e-03
-2.612017793580889702e-03
1.573776244185864925e-03
3.731121076270937920e-03
3.880414646118879318e-03
2.874896395951509476e-03
-2.913322241511195898e-04
3.698551096022129059e-03
2.038055332377552986e-03
1.527551678009331226e-03
-8.761516655795276165e-04
3.651154693216085434e-03
-2.594129182398319244e-03
2.248639008030295372e-03
-3.538156393915414810e-03
2.809835597872734070e-03
-7.521848892793059349e-04
-1.760358572937548161e-03
-3.947050718124955893e-04
-2.825164236128330231e-03
3.789105452597141266e-03
-3.158624283969402313e-03
-2.827063435688614845e-03
6.564146606251597404e-04
-2.724641934037208557e-03
1.943965209648013115e-03
-2.976041752845048904e-03
2.590329851955175400e-03
-1.703579095192253590e-03
