1.356872846372425556e-03
-2.059450489468872547e-04
-2.301926724612712860e-03
-2.381714060902595520e-03
-2.770933322608470917e-03
-1.831555040553212166e-03
7.964417454786598682e-04
3.103760071098804474e-03
-3.231541486456990242e-03
-2.378205768764019012e-03
3.057869907934218645e-04
1.167049194918945432e-04
1.027173129841685295e-03
3.717749146744608879e-03
-3.371778409928083420e-03
3.091811668127775192e-03
-1.639643218368291855e-03
-1.862965989857912064e-03
-2.330449642613530159e-03
-3.395339241251349449e-03
3.344174940139055252e-03
9.258642676286399364e-04
1.880421419627964497e-03
-3.583936952054500580e-03
-2.777262590825557709e-03
-3.587646642699837685e-03
-2.401316771283745766e-03
-4.559072549454867840e-04
-2.345002721995115280e-03
2.220861380919814110e-03
-3.375451313331723213e-03
2.866268390789628029e-03
-3.542940539773553610e-04
9.288871660828590393e-04
-3.870924934744834900e-03
-1.353599829599261284e-03
-4.072690207976847887e-04
-1.663861679844558239e-03
9.415939712198451161e-05
-8.952526259236037731e-04
-3.270132001489400864e-03
-5.384059040807187557e-04
2.253686077892780304e-03
6.307247094810009003e-04
-3.671290352940559387e-03
1.464359229430556297e-03
-2.800245536491274834e-03
1.827010069973766804e-03
-2.704579965211451054e-04
-1.459353487007319927e-03
-3.863013116642832756e-03
2.392977941781282425e-03
-2.304770285263657570e-03
3.634648630395531654e-03
6.366716697812080383e-04
-2.658325713127851486e-03
1.922104740515351295e-03
-1.475734636187553406e-03
-1.905838842503726482e-03
2.189841819927096367e-03
1.889229752123355865e-03
-4.807916120626032352e-04
1.317698275670409203e-03
2.808676334097981453e-03
1.179816099465824664e-04
-1.649748650379478931e-03
-1.731676398776471615e-03
1.534566981717944145e-04
9.375911322422325611e-04
1.822328194975852966e-03
-2.692486857995390892e-03
-2.686286577954888344e-03
-2.025616122409701347e-03
-1.195049611851572990e-03
3.137833904474973679e-03
1.777965924702584743e-03
-3.836394287645816803e-03
5.412605241872370243e-04
3.898501163348555565e-04
-7.980505470186471939e-04
4.369988455437123775e-04
2.849966753274202347e-03
1.631996128708124161e-03
2.387383254244923592e-03
-5.125283496454358101e-04
2.872164128348231316e-03
-2.963076112791895866e-03
2.050249138846993446e-03
2.581904118414968252e-04
-2.326414454728364944e-03
-1.112154568545520306e-03
-1.999730942770838737e-03
1.321818213909864426e-03
-5.643508047796785831e-04
1.020956900902092457e-03
-1.733220880851149559e-03
2.468655118718743324e-03
5.997900734655559063e-04
3.891388652846217155e-03
7.479657069779932499e-04
3.354774322360754013e-03
-1.390228862874209881e-03
2.311851421836763620e-04
1.403710804879665375e-03
-1.175516983494162560e-03
2.257984597235918045e-03
2.439888194203376770e-03
-2.303411252796649933e-03
-2.202521543949842453e-03
2.103004604578018188e-03
-1.357196364551782608e-03
-3.883091034367680550e-03
-3.347088815644383430e-03
1.597650349140167236e-03
2.362804225413128734e-04
2.990019740536808968e-03
2.782902680337429047e-03
-6.386672030203044415e-04
-6.848060365882702172e-06
1.533460221253335476e-03
-1.437045430066064000e-04
1.823878847062587738e-04
-1.550196204334497452e-03
1.018415205180644989e-03
2.468077582307159901e-04
2.922984538599848747e-03
4.106862179469317198e-04
3.742170752957463264e-03
-7.573590846732258797e-04
2.246265532448887825e-03
-3.869925392791628838e-03
-2.317369682714343071e-03
2.453716238960623741e-03
-1.760648912750184536e-03
-3.820971352979540825e-03
-4.602182889357209206e-04
3.389374120160937309e-03
-3.100325353443622589e-03
-9.170903358608484268e-04
2.133646747097373009e-03
-3.702073357999324799e-03
2.415329916402697563e-03
2.722655655816197395e-03
7.038841431494802237e-05
-2.942960010841488838e-03
-3.747391980141401291e-03
6.472743116319179535e-04
-2.095723524689674377e-03
7.971504819579422474e-04
-1.602299627847969532e-03
-1.941628870554268360e-03
2.690495224669575691e-03
4.809570091310888529e-04
3.041172632947564125e-03
-1.316279754973948002e-03
2.152303233742713928e-03
9.109279199037700891e-05
-7.376754365395754576e-05
3.663927491288632154e-04
1.664311508648097515e-03
1.256991992704570293e-03
-6.411588401533663273e-04
2.074623946100473404e-03
-3.797764657065272331e-03
-3.337532281875610352e-03
2.761947689577937126e-03
1.553326379507780075e-03
1.634298940189182758e-03
2.688642591238021851e-03
-3.932625695597380400e-04
-2.996507333591580391e-03
8.865185081958770752e-04
-7.527087582275271416e-04
-7.247598259709775448e-04
1.741225481964647770e-03
-3.004311816766858101e-03
5.337289185263216496e-04
1.365500618703663349e-03
-4.866714298259466887e-04
1.609982427908107638e-04
2.824889030307531357e-03
-2.146213082596659660e-03
2.238674554973840714e-03
5.297415773384273052e-04
3.309965366497635841e-03
-1.223180443048477173e-03
-2.940988168120384216e-03
2.770617429632693529e-04
-1.203047693707048893e-03
-1.320908777415752411e-03
1.933441613800823689e-03
6.940005696378648281e-04
1.349232159554958344e-03
8.935467922128736973e-04
-7.533925236202776432e-04
2.366858767345547676e-03
-8.658870356157422066e-04
-5.006450810469686985e-04
-2.619906561449170113e-03
3.210425609722733498e-03
3.631300758570432663e-03
6.118366145528852940e-04
-2.389549743384122849e-03
1.939461362781003118e-04
-3.124031005427241325e-03
-2.945264335721731186e-03
3.795612370595335960e-03
-2.017971128225326538e-03
-3.658290253952145576e-03
-3.570877946913242340e-03
-2.500787144526839256e-03
-8.605198236182332039e-04
3.346430312376469374e-04
2.991389017552137375e-03
2.346280962228775024e-03
-4.379203310236334801e-04
3.376931883394718170e-03
3.393548773601651192e-03
-6.079864033381454647e-05
-1.811115886084735394e-03
1.929649268276989460e-03
3.540627891197800636e-03
-1.534834736958146095e-03
3.177176695317029953e-03
3.690647659823298454e-03
3.441543783992528915e-03
-3.076539840549230576e-03
2.170337131246924400e-03
-3.263555467128753662e-03
-1.580465002916753292e-03
2.221680944785475731e-03
-3.252170979976654053e-03
-1.676126616075634956e-03
-4.853627760894596577e-04
1.594688976183533669e-03
-3.670105012133717537e-03
9.634240268496796489e-05
3.289350541308522224e-03
5.088635371066629887e-04
-3.311405889689922333e-03
-3.383951727300882339e-03
2.086090156808495522e-03
8.692762348800897598e-04
-3.580876160413026810e-03
1.462486572563648224e-03
1.033016014844179153e-03
1.539699878776445985e-04
-2.860890235751867294e-03
2.611720236018300056e-03
2.446776954457163811e-03
3.425821429118514061e-03
-3.498978214338421822e-03
-1.291183143621310592e-04
1.072163810022175312e-03
1.798451063223183155e-03
3.464224049821496010e-03
