3.530616872012615204e-03
2.748351311311125755e-03
3.592845750972628593e-03
3.344899741932749748e-03
3.580155025701969862e-04
-9.124403004534542561e-04
1.761480118148028851e-03
-1.392301492160186172e-04
-2.958106342703104019e-03
2.424878068268299103e-03
2.318030223250389099e-03
-3.059133421629667282e-03
1.249817898496985435e-03
-2.672004047781229019e-03
3.867638995870947838e-03
2.424581907689571381e-03
7.595447241328656673e-04
-1.293478417210280895e-03
1.020148280076682568e-03
2.806477714329957962e-03
3.544404404237866402e-03
2.043342683464288712e-03
1.073682680726051331e-03
3.314173780381679535e-03
-7.100237417034804821e-04
-1.076373388059437275e-03
-3.422221867367625237e-03
-1.751121715642511845e-03
-3.482369473204016685e-03
1.991322496905922890e-03
2.603719010949134827e-03
1.101521193049848080e-03
-5.427038995549082756e-04
2.851978410035371780e-03
-3.303188423160463572e-04
8.881018147803843021e-04
1.620903145521879196e-03
-7.888510008342564106e-04
8.984754094853997231e-04
-1.469354378059506416e-03
5.310524720698595047e-04
1.595957437530159950e-03
-3.015823196619749069e-03
3.694955026730895042e-03
5.903707933612167835e-04
2.533621387556195259e-03
-2.110922476276755333e-03
3.308883169665932655e-03
-1.008907682262361050e-03
-1.847287174314260483e-03
-1.721060601994395256e-03
7.762585300952196121e-05
1.826746738515794277e-03
4.125075065530836582e-05
-3.553413553163409233e-03
-5.775897880084812641e-04
-3.491681069135665894e-03
-2.461605938151478767e-03
-2.700816374272108078e-03
3.162734908983111382e-03
2.347326837480068207e-03
-2.194553613662719727e-03
-1.130444114096462727e-03
-3.386965487152338028e-03
-2.812473103404045105e-03
3.113942919299006462e-03
1.274398993700742722e-03
2.891077892854809761e-03
2.517719753086566925e-03
-7.037468021735548973e-04
-2.542517846450209618e-03
-1.683526556007564068e-03
3.161670872941613197e-03
2.186997095122933388e-03
3.554376540705561638e-03
-3.058514324948191643e-03
-1.549353939481079578e-03
-2.549981763877440244e-05
1.706930343061685562e-03
1.061324262991547585e-03
-2.529677469283342361e-03
-1.106583440559916198e-04
1.447198796086013317e-03
-7.577200449304655194e-05
-2.476021647453308105e-03
-2.126153558492660522e-03
-2.558838343247771263e-03
-2.364189713262021542e-04
3.098981454968452454e-03
2.467335900291800499e-03
-6.729600136168301105e-04
3.734724596142768860e-03
3.713714191690087318e-03
-2.169385319575667381e-03
-2.923259453382343054e-04
6.827773759141564369e-04
-2.681938000023365021e-03
2.660359255969524384e-03
1.107560819946229458e-03
-3.772378899157047272e-03
3.182352986186742783e-03
8.116298704408109188e-04
1.419708947651088238e-03
-3.345549630466848612e-04
1.100103952921926975e-03
-3.529183566570281982e-03
-6.442206795327365398e-04
1.534453476779162884e-03
-2.877756254747509956e-03
-6.085703498683869839e-04
-2.463386626914143562e-04
-2.831978199537843466e-04
1.636370201595127583e-03
1.806562650017440319e-03
2.707757288590073586e-03
2.901269122958183289e-03
1.643067225813865662e-03
-2.395225455984473228e-03
2.679608296602964401e-03
-7.844638312235474586e-04
-6.276424392126500607e-04
-1.885278616100549698e-03
-8.860463858582079411e-04
3.062380710616707802e-04
-3.042325144633650780e-03
7.633311906829476357e-04
3.607188118621706963e-03
-3.906425088644027710e-03
2.146859187632799149e-03
-1.131990225985646248e-03
-1.210289774462580681e-04
3.905617631971836090e-03
-1.452381839044392109e-03
-6.845970638096332550e-04
-7.428418612107634544e-04
-3.656883258372545242e-03
3.567711450159549713e-03
-2.633244032040238380e-03
1.589460764080286026e-03
3.514813724905252457e-03
-1.590029336512088776e-03
8.318352629430592060e-04
-1.057252447935752571e-04
-6.617169128730893135e-04
2.219734247773885727e-03
-6.274690967984497547e-04
-6.140232435427606106e-04
-1.947664655745029449e-03
-3.363608149811625481e-03
2.117689931765198708e-03
1.354709034785628319e-03
-1.552631380036473274e-03
-2.485351171344518661e-03
-3.470527473837137222e-03
3.085120115429162979e-03
3.720188746228814125e-03
2.823055721819400787e-03
5.839494406245648861e-04
1.376802450977265835e-03
3.527510212734341621e-03
8.120083948597311974e-04
2.185829682275652885e-03
6.587746320292353630e-04
-9.061222226591780782e-05
-3.449995070695877075e-03
3.771965857595205307e-04
1.819098135456442833e-03
-3.780828090384602547e-03
-1.257845549844205379e-03
3.783211577683687210e-03
-3.249297617003321648e-03
3.227288136258721352e-03
-3.106623655185103416e-03
-3.474896948318928480e-04
2.333145821467041969e-03
1.369534060359001160e-03
3.657954744994640350e-03
1.571561675518751144e-03
-1.656902488321065903e-03
-1.563737168908119202e-03
2.966793486848473549e-03
3.172515193000435829e-03
-1.122758141718804836e-03
3.691650694236159325e-03
7.914662128314375877e-04
-2.657992590684443712e-04
1.168788876384496689e-03
2.910801908001303673e-03
2.240012632682919502e-03
3.563647391274571419e-03
3.240916645154356956e-03
3.178906161338090897e-03
-2.143490826711058617e-03
-1.620432478375732899e-03
2.213327214121818542e-03
-1.603563083335757256e-03
1.461321837268769741e-03
1.020962256006896496e-03
2.726445905864238739e-03
-2.070883521810173988e-03
-3.078770590946078300e-03
4.357216675998643041e-05
-1.959638670086860657e-03
-1.224986510351300240e-03
1.479175807617139071e-05
-3.657228779047727585e-03
-3.827023028861731291e-04
2.126669511198997498e-03
3.125903604086488485e-04
-3.509597387164831161e-03
1.622381038032472134e-03
-3.539511235430836678e-03
-9.505650377832353115e-04
8.975612581707537174e-04
2.251818776130676270e-03
-3.200409933924674988e-03
-2.787018893286585808e-03
-3.962648625019937754e-04
2.291133394464850426e-03
-1.778275473043322563e-03
-8.376535843126475811e-04
-1.953289844095706940e-03
-3.321078140288591385e-03
5.603923345915973186e-04
-1.440690131857991219e-03
-1.187250134535133839e-03
-3.837590047623962164e-04
3.519802354276180267e-03
-9.651589207351207733e-04
2.605365822091698647e-03
-3.100220113992691040e-03
3.398454748094081879e-03
-1.163547975011169910e-03
2.134606707841157913e-03
1.491573057137429714e-03
8.764888625591993332e-04
-3.049274208024144173e-03
-3.130224067717790604e-03
3.603522432968020439e-03
-8.214695262722671032e-04
3.529571986291557550e-04
3.219924401491880417e-03
1.778797595761716366e-04
-6.499186274595558643e-04
1.366002485156059265e-03
2.108151093125343323e-03
9.699913789518177509e-04
3.721781540662050247e-04
3.139141248539090157e-03
-1.979996217414736748e-03
-1.393252867273986340e-03
-1.189433038234710693e-03
3.180486150085926056e-03
-5.495184450410306454e-04
1.300935866311192513e-03
4.824632487725466490e-04
