-3.894954686984419823e-03
2.825696719810366631e-03
-6.279268418438732624e-04
3.299284260720014572e-03
-1.876994734629988670e-03
1.835329923778772354e-03
-2.716060262173414230e-03
-2.478767884895205498e-03
-1.681809662841260433e-03
-2.738313050940632820e-03
3.126083640381693840e-03
3.815850010141730309e-03
-3.647490870207548141e-03
2.472560154274106026e-03
-6.787590682506561279e-04
-1.376542262732982635e-03
3.405912779271602631e-03
-7.542002131231129169e-04
-2.249017590656876564e-03
2.816782565787434578e-03
-3.309994004666805267e-03
-1.423930050805211067e-03
1.482807099819183350e-03
1.626823912374675274e-03
-3.545040031895041466e-03
3.225667402148246765e-03
-3.855050774291157722e-03
9.723944822326302528e-04
2.831599907949566841e-03
1.658681198023259640e-03
-1.767516485415399075e-03
-2.114740666002035141e-03
-7.738609565421938896e-04
2.847410505637526512e-04
5.907728336751461029e-04
-8.360031642951071262e-04
-3.690727171488106251e-04
3.176940372213721275e-03
-3.709543030709028244e-03
-2.642649924382567406e-03
2.413072856143116951e-03
7.758600404486060143e-04
1.791432849131524563e-03
-5.514392978511750698e-05
2.594030229374766350e-03
2.987757325172424316e-03
-4.532965249381959438e-04
-1.190405222587287426e-03
-2.258413471281528473e-03
-3.442781511694192886e-03
3.222230821847915649e-03
2.789018210023641586e-03
3.844103077426552773e-03
2.102782716974616051e-03
-3.256665077060461044e-03
3.050470491871237755e-03
-5.105832315166480839e-05
7.561104139313101768e-04
-2.048544585704803467e-03
6.293464684858918190e-04
-3.411517478525638580e-03
2.842367626726627350e-03
3.897425485774874687e-03
1.653057988733053207e-03
-8.928209426812827587e-04
2.622020896524190903e-03
3.736678045243024826e-03
-9.223912493325769901e-04
-3.206188324838876724e-03
-1.411664532497525215e-03
1.068836078047752380e-03
-4.564876726362854242e-04
-2.766189165413379669e-03
-3.234026953577995300e-03
8.421570237260311842e-05
3.041789634153246880e-03
1.871806918643414974e-03
1.325813587754964828e-03
-5.879874806851148605e-04
2.435276983305811882e-03
2.926208311691880226e-03
3.734728787094354630e-03
3.003402845934033394e-03
2.971150912344455719e-03
3.913925320375710726e-04
-1.031850813888013363e-03
2.885619411244988441e-03
-6.542796036228537560e-04
-2.760421950370073318e-03
-3.459426574409008026e-03
-2.754103159531950951e-03
8.565597236156463623e-04
-2.190591534599661827e-03
2.565768547356128693e-03
5.439054220914840698e-04
-3.038648981600999832e-03
1.404654467478394508e-03
-1.598226721398532391e-03
-3.169805044308304787e-03
-3.719264896062668413e-06
3.412862075492739677e-03
-1.292310771532356739e-03
3.101551672443747520e-03
-8.046987204579636455e-05
3.708229633048176765e-03
1.023676479235291481e-03
-3.017413429915904999e-03
-2.630288945510983467e-03
-1.815092866308987141e-03
1.290914951823651791e-03
-1.479813479818403721e-03
3.044032957404851913e-03
-7.340018637478351593e-04
-3.297571558505296707e-03
-6.719444645568728447e-04
1.189720351248979568e-03
-2.071689581498503685e-03
2.661942970007658005e-03
-3.301262622699141502e-03
-1.265826431335881352e-04
-9.402729338034987450e-04
-6.557465530931949615e-04
-1.443869550712406635e-03
1.557651790790259838e-03
-1.437137601897120476e-03
-2.810173435136675835e-03
3.054841654375195503e-03
7.774654077365994453e-04
-1.639166963286697865e-03
-3.628613660112023354e-03
-3.354093525558710098e-03
-1.058323658071458340e-03
-1.472066505812108517e-03
6.040692096576094627e-04
5.829437868669629097e-04
-3.107541706413030624e-03
2.422699937596917152e-03
1.029577106237411499e-03
-1.947539974935352802e-03
-1.438836334273219109e-03
-9.278425568481907248e-05
-4.025420930702239275e-04
-2.697331132367253304e-03
3.895425237715244293e-03
-3.489593043923377991e-03
2.185927005484700203e-03
-2.011899603530764580e-03
-1.589028281159698963e-03
1.810785150155425072e-03
-1.575215952470898628e-03
-1.405640272423624992e-03
3.541721729561686516e-03
-5.692590493708848953e-04
-2.146719954907894135e-03
2.708373125642538071e-03
2.601055894047021866e-04
-4.789893573615700006e-04
-5.407792050391435623e-04
-2.975461306050419807e-03
-2.959457458928227425e-03
-3.498735604807734489e-04
-1.679169217823073268e-04
3.068890655413269997e-03
1.472673378884792328e-03
-1.355005195364356041e-03
-1.108932192437350750e-03
-2.364333253353834152e-03
3.046839963644742966e-03
-5.324209996615536511e-05
-2.879102481529116631e-03
-2.863360801711678505e-03
-5.761432112194597721e-04
-7.353129331022500992e-04
-2.926182467490434647e-03
-3.180633299052715302e-03
-4.979619407095015049e-04
2.648920984938740730e-03
-3.838134696707129478e-03
-2.002671593800187111e-03
-2.788303187116980553e-03
-1.974598737433552742e-03
3.006002400070428848e-03
-1.413387828506529331e-03
-2.776395995169878006e-03
-6.631801952607929707e-04
8.806351106613874435e-04
1.926655881106853485e-03
3.336894325911998749e-03
-2.718881471082568169e-03
-1.043096068315207958e-03
2.311699558049440384e-03
2.858275081962347031e-03
2.362857107073068619e-03
-8.866373682394623756e-04
-8.838317589834332466e-04
1.315831788815557957e-03
-3.660948015749454498e-03
1.568794017657637596e-03
2.238759770989418030e-03
-3.035447327420115471e-03
1.328935497440397739e-03
3.828837303444743156e-03
-3.206736408174037933e-03
8.676211000420153141e-04
2.969239372760057449e-03
-3.637710586190223694e-03
-1.635279972106218338e-03
2.557641826570034027e-03
1.260808203369379044e-03
3.558135125786066055e-03
1.723007881082594395e-04
3.812948474660515785e-03
-3.321898402646183968e-03
3.507136367261409760e-03
3.655823646113276482e-03
1.864235091488808393e-04
-1.420660177245736122e-03
1.862597302533686161e-03
9.780655382201075554e-04
1.992630073800683022e-03
-7.756632403470575809e-04
-4.871738492511212826e-04
1.592295011505484581e-03
1.959193497896194458e-03
-1.866336679086089134e-03
-3.831448033452033997e-03
3.387895412743091583e-03
3.871356137096881866e-03
-2.121279481798410416e-03
-3.683296032249927521e-03
3.505903063341975212e-03
1.754685887135565281e-03
-1.858444302342832088e-03
-2.020778367295861244e-03
-4.090820148121565580e-04
-2.738895418588072062e-04
1.331036095507442951e-03
-3.124710172414779663e-03
-3.497797762975096703e-03
-1.046688645146787167e-03
-2.376531716436147690e-03
-1.241062185727059841e-03
-5.380424554459750652e-04
3.596240887418389320e-03
-3.764120163396000862e-03
1.212418079376220703e-03
1.937035704031586647e-03
-1.109295757487416267e-03
7.612072513438761234e-04
-3.222658298909664154e-03
-3.438302315771579742e-03
-1.265582279302179813e-03
-2.761106472462415695e-03
1.609527505934238434e-03
1.664490904659032822e-03
-4.777804715558886528e-04
