-2.548268064856529236e-03
-8.981480496004223824e-04
1.533739850856363773e-03
2.143262885510921478e-03
2.627370646223425865e-03
-1.537260483019053936e-03
1.528422581031918526e-03
2.458991482853889465e-03
-2.876416780054569244e-03
-9.330937755294144154e-04
1.373957842588424683e-03
1.311962609179317951e-03
-2.427381463348865509e-03
-6.177176255732774734e-04
-2.713490976020693779e-03
2.662212587893009186e-03
9.739217348396778107e-04
3.630175197031348944e-04
3.691966179758310318e-03
9.952753316611051559e-04
1.927112898556515574e-04
1.375463209114968777e-03
-3.014438087120652199e-03
-4.484342643991112709e-04
3.806438995525240898e-03
-6.530804676003754139e-04
-1.733834040351212025e-03
3.135241568088531494e-03
-4.122818063478916883e-04
-2.228066790848970413e-03
-2.123752841725945473e-03
-1.069720950908958912e-03
3.259638790041208267e-03
2.992205787450075150e-03
2.667710185050964355e-03
1.297891838476061821e-03
-2.306500682607293129e-03
-6.366458546835929155e-05
-6.463029421865940094e-04
-5.545373423956334591e-04
1.800540601834654808e-03
-2.060453407466411591e-03
-2.575521357357501984e-03
-2.729331841692328453e-03
-3.760402323678135872e-03
1.526004984043538570e-03
-3.624662524089217186e-03
-1.884732278995215893e-03
2.071522874757647514e-03
-3.327711718156933784e-03
1.557954587042331696e-03
-2.045715809799730778e-04
-4.009130061604082584e-04
-4.169976746197789907e-04
-3.466727677732706070e-03
2.230838639661669731e-03
7.132740574888885021e-05
2.463199431076645851e-03
-1.025796169415116310e-03
-3.566408297047019005e-03
-2.494822256267070770e-03
-7.314580725505948067e-04
-3.683668328449130058e-03
-1.023121760226786137e-03
-3.444971516728401184e-03
-1.200478291139006615e-03
-5.103927687741816044e-04
-1.695943530648946762e-03
-2.906876383349299431e-03
3.408354008570313454e-03
3.819022327661514282e-03
-1.925742020830512047e-03
2.545033115893602371e-03
-7.048650877550244331e-04
-3.786397399380803108e-03
-1.922844443470239639e-03
-7.701669819653034210e-04
2.687801839783787727e-03
2.636235905811190605e-03
-9.484246838837862015e-04
-2.447341801598668098e-03
-1.889053732156753540e-03
-2.277758438140153885e-03
-2.232611179351806641e-03
1.644161762669682503e-03
-3.694228827953338623e-03
1.008120452752336860e-04
-1.016322523355484009e-03
1.259594690054655075e-03
-1.530783600173890591e-03
-2.796774264425039291e-03
1.700561726465821266e-03
-2.019051462411880493e-03
3.794632153585553169e-03
2.595298923552036285e-03
-2.486419398337602615e-03
7.790079107508063316e-04
-3.294050227850675583e-03
-3.371897153556346893e-03
1.983732217922806740e-03
2.704335376620292664e-03
-3.868280677124857903e-03
-5.362776573747396469e-04
-3.202637890353798866e-03
-1.218560035340487957e-03
3.068430523853749037e-04
-1.722502638585865498e-03
-6.535581196658313274e-04
-1.106010982766747475e-03
2.317567123100161552e-03
3.902117954567074776e-03
-1.055368455126881599e-03
-1.791965187294408679e-04
-1.461711828596889973e-03
3.162592416629195213e-03
-1.846342580392956734e-03
3.127755480818450451e-04
-2.180323004722595215e-03
1.565624552313238382e-04
3.563866717740893364e-03
-2.953524701297283173e-03
3.006289713084697723e-03
-5.969895937596447766e-05
1.272858353331685066e-03
2.041074447333812714e-03
-3.483312670141458511e-03
-3.377480432391166687e-03
3.838573815301060677e-03
-2.121669705957174301e-03
-2.009718446061015129e-03
2.989728236570954323e-03
7.112513994798064232e-04
2.352673793211579323e-03
3.797660174313932657e-04
-3.454702440649271011e-03
2.903504297137260437e-03
3.450723132118582726e-03
1.847778097726404667e-03
-3.732753393705934286e-04
3.838184755295515060e-03
1.850447733886539936e-03
-7.684855954721570015e-04
2.668760484084486961e-03
2.203445415943861008e-03
2.369905356317758560e-03
1.332109910435974598e-03
1.348727848380804062e-03
3.082165494561195374e-03
-3.654268570244312286e-03
-2.756086178123950958e-04
3.513375995680689812e-03
-1.393458514939993620e-04
8.093575015664100647e-04
1.970354933291673660e-03
-2.365199383348226547e-03
-9.103374031838029623e-05
-2.537025371566414833e-03
-3.393876599147915840e-03
3.081588307395577431e-03
-1.415806764271110296e-04
-3.640823415480554104e-04
-1.407833769917488098e-03
-5.930871702730655670e-04
-2.942189574241638184e-03
-1.858090166933834553e-03
3.338134149089455605e-03
2.607160480692982674e-03
3.871536580845713615e-03
3.328948048874735832e-03
-2.815174171701073647e-03
1.166364527307450771e-03
1.521593774668872356e-03
3.224675310775637627e-03
-9.640783537179231644e-04
3.267772262915968895e-04
-3.349527018144726753e-03
3.379951464012265205e-03
-9.063902543857693672e-04
-3.579176263883709908e-03
1.600351417437195778e-03
3.181213513016700745e-03
3.294203663244843483e-03
1.136431121267378330e-03
-6.491094827651977539e-04
2.555520739406347275e-03
-3.450115444138646126e-03
-5.950724007561802864e-04
-1.882964046671986580e-03
2.240970032289624214e-03
2.326933201402425766e-03
7.698345580138266087e-04
-2.651582472026348114e-04
2.326302696019411087e-03
-1.119901658967137337e-03
4.285236645955592394e-04
-1.809879206120967865e-03
-2.695285016670823097e-03
-1.022221054881811142e-03
2.605701563879847527e-03
1.652215723879635334e-03
2.365575404837727547e-03
-2.100997138768434525e-03
2.916430123150348663e-03
-1.438523177057504654e-03
-1.165794674307107925e-03
-1.340751885436475277e-03
-2.898125443607568741e-03
1.776642282493412495e-03
-2.757276874035596848e-03
-3.283503698185086250e-03
3.326687961816787720e-03
3.586859209463000298e-03
-2.868254436179995537e-03
-3.298751544207334518e-03
-1.963462709682062268e-04
-1.456662546843290329e-03
1.216222415678203106e-03
-7.761022425256669521e-05
9.454383980482816696e-04
-2.623353386297821999e-03
2.974134695250540972e-04
-1.092084217816591263e-03
-5.509763141162693501e-04
1.568040577694773674e-03
-2.202005358412861824e-03
1.319211209192872047e-03
6.433149683289229870e-04
3.158847335726022720e-03
4.048458940815180540e-04
1.386027201078832150e-03
1.134004676714539528e-03
1.603278178663458675e-05
1.164221321232616901e-03
-2.276675309985876083e-03
2.666814951226115227e-03
8.958351681940257549e-04
2.592290984466671944e-03
2.995131071656942368e-03
2.199180191382765770e-03
9.584653889760375023e-04
3.515961347147822380e-03
-3.153424942865967751e-03
-1.165107358247041702e-03
-3.272702917456626892e-03
3.491079667583107948e-03
-6.999850156717002392e-04
-1.985624665394425392e-03
3.840287216007709503e-03
-2.505768788978457451e-03
2.723843092098832130e-03
5.943392752669751644e-04
7.466746028512716293e-04
2.153433451894670725e-04
3.306527622044086456e-03
1.697420724667608738e-03
3.400342829991132021e-04
