1.516939024440944195e-03
1.892861793749034405e-03
3.470967756584286690e-03
-1.739304396323859692e-03
6.215197499841451645e-04
-3.832729300484061241e-03
-2.504577394574880600e-03
2.171736210584640503e-03
2.617354737594723701e-03
2.116643590852618217e-03
-2.004664391279220581e-03
-6.708063883706927299e-04
2.196625573560595512e-03
7.210039766505360603e-04
1.027238322421908379e-03
2.608097624033689499e-03
3.417780855670571327e-03
8.618289139121770859e-04
1.820610486902296543e-03
1.224171952344477177e-03
-3.385359188541769981e-03
-1.099597546271979809e-03
-5.059388931840658188e-04
-3.214252879843115807e-03
-6.408937042579054832e-04
-2.212596358731389046e-03
-2.998315030708909035e-03
2.430251799523830414e-03
2.721649128943681717e-03
-3.101833164691925049e-03
8.910982869565486908e-04
-2.966130385175347328e-03
1.175295794382691383e-03
-1.474691904149949551e-03
-2.026237314566969872e-03
-2.493965206667780876e-03
2.250494435429573059e-03
-1.031075953505933285e-03
3.320598334539681673e-04
1.271924236789345741e-03
2.491114428266882896e-03
1.045641372911632061e-03
-2.526526339352130890e-03
-1.658927532844245434e-03
-2.583324909210205078e-03
-2.154265384888276458e-04
1.999880652874708176e-03
1.641614362597465515e-03
1.094759558327496052e-03
7.383620832115411758e-04
-1.601940020918846130e-03
2.500733593478798866e-03
-1.939936075359582901e-03
2.611183794215321541e-03
-3.764511086046695709e-03
-1.674032188020646572e-03
-2.211062470450997353e-03
-9.660802897997200489e-04
1.284352387301623821e-03
-2.822319511324167252e-03
-4.383437917567789555e-04
-3.852774854749441147e-03
3.902054391801357269e-03
1.461719512008130550e-03
-1.828420558013021946e-03
-2.938595600426197052e-03
1.738492166623473167e-03
-1.797959674149751663e-03
-3.262003883719444275e-03
7.050617132335901260e-04
2.487926278263330460e-03
-2.140396507456898689e-03
-1.037111451296368614e-05
-3.180548548698425293e-03
-1.926227007061243057e-03
3.859776770696043968e-03
2.474699402227997780e-03
-3.502002218738198280e-04
-1.191853662021458149e-03
-1.003031968139111996e-03
2.178022637963294983e-03
4.744651378132402897e-04
-1.296352565987035632e-04
-1.795604126527905464e-03
2.272884303238242865e-04
3.896589158102869987e-03
4.287182237021625042e-04
-2.362258732318878174e-03
-2.584459027275443077e-03
1.880135736428201199e-03
2.598182472866028547e-04
6.256762426346540451e-04
-2.608741167932748795e-03
3.258199431002140045e-03
-5.786179681308567524e-04
-3.218441270291805267e-03
3.673077793791890144e-03
-1.830293098464608192e-03
-2.571849618107080460e-04
-1.396025530993938446e-03
-2.489049686118960381e-03
-3.535315161570906639e-03
-8.889273158274590969e-04
-6.075601559132337570e-04
2.443746663630008698e-03
1.600844203494489193e-03
1.093532075174152851e-03
3.070112550631165504e-03
-2.357240766286849976e-03
-1.344653428532183170e-03
-2.176220295950770378e-03
9.858176345005631447e-04
2.553130034357309341e-03
-1.850231783464550972e-03
-8.259525639005005360e-04
3.885864745825529099e-03
3.291649045422673225e-03
9.425365133211016655e-04
1.141257234849035740e-03
4.369504313217476010e-05
8.486086735501885414e-04
1.086544711142778397e-03
-3.123972564935684204e-03
1.534863375127315521e-03
3.551648929715156555e-03
3.210537368431687355e-03
3.041372168809175491e-03
3.893380519002676010e-03
3.125566057860851288e-03
-1.416988903656601906e-03
-3.046927740797400475e-03
2.943375380709767342e-03
-1.040080096572637558e-03
-1.770603121258318424e-03
8.881761459633708000e-04
-1.156751532107591629e-03
1.955450279638171196e-03
6.355700315907597542e-04
9.641504148021340370e-04
6.134638679213821888e-04
2.478718291968107224e-03
7.536499761044979095e-04
2.354386495426297188e-03
1.101816524169407785e-04
-2.534653525799512863e-03
3.560758894309401512e-03
6.318530067801475525e-04
-2.251405036076903343e-03
2.795832231640815735e-03
-6.788417813368141651e-04
-5.079133552499115467e-04
-2.961900085210800171e-03
-8.247236255556344986e-04
-1.664273906499147415e-03
-1.015554647892713547e-03
2.489903941750526428e-03
-3.740057116374373436e-03
3.849910339340567589e-03
-2.814240055158734322e-03
-1.804156112484633923e-03
1.192814903333783150e-03
3.428081516176462173e-03
2.702487399801611900e-03
3.470991039648652077e-03
1.369988778606057167e-03
-3.872284898534417152e-03
3.757894970476627350e-03
1.871459535323083401e-04
-3.010716172866523266e-04
-3.535317722707986832e-03
1.429642899893224239e-03
3.433545585721731186e-03
-3.898836905136704445e-03
-1.608971855603158474e-03
7.646123995073139668e-04
1.025398029014468193e-03
-3.214799799025058746e-04
-3.837105818092823029e-03
1.783738145604729652e-03
-3.429208649322390556e-03
2.499466994777321815e-03
-3.537327051162719727e-03
3.204585518687963486e-03
-1.055334229022264481e-03
-2.099205448757857084e-04
-1.597884227521717548e-03
-1.259597629541531205e-04
1.130318967625498772e-03
3.300416516140103340e-03
-3.203971544280648232e-03
5.132533260621130466e-04
9.002916049212217331e-04
4.127317224629223347e-04
-2.088465960696339607e-03
-2.083497587591409683e-03
3.534699557349085808e-03
-3.514586947858333588e-03
2.264527371153235435e-03
3.723199479281902313e-03
1.475942437537014484e-03
9.719273075461387634e-04
-3.432421013712882996e-03
-1.266545848920941353e-03
-1.453399076126515865e-03
3.891496919095516205e-03
-6.152433343231678009e-04
4.799396265298128128e-04
3.114571329206228256e-03
1.323944423347711563e-03
-3.572839195840060711e-04
3.543752012774348259e-03
-2.334845252335071564e-03
-6.433793460018932819e-04
-3.794698743149638176e-03
6.263100658543407917e-04
-3.786223474889993668e-03
-2.966619795188307762e-04
-3.220824059098958969e-03
3.514628391712903976e-03
8.967724279500544071e-04
-2.119817305356264114e-03
2.276573562994599342e-03
-2.167864236980676651e-03
1.375348074361681938e-03
1.538581680506467819e-03
-3.145404625684022903e-03
-1.052851439453661442e-03
-1.296227797865867615e-03
-3.056982997804880142e-03
-2.134919399395585060e-03
-1.474797725677490234e-03
1.418456784449517727e-03
1.695376471616327763e-03
1.907110214233398438e-03
-3.617653157562017441e-03
-3.872639499604701996e-04
-1.412331592291593552e-03
1.864696503616869450e-03
9.806604357436299324e-04
1.159342587925493717e-03
3.285229904577136040e-03
3.293620422482490540e-03
-2.392772119492292404e-03
2.084930893033742905e-03
2.103431848809123039e-03
-2.190576633438467979e-03
5.551112699322402477e-04
-1.349239610135555267e-03
3.332633757963776588e-03
-1.331247040070593357e-03
-2.434174297377467155e-03
2.229469129815697670e-03
-2.216094871982932091e-03
-3.884504316374659538e-03
6.429641507565975189e-04
-9.095138520933687687e-04
