5.439874948933720589e-04
3.107915399596095085e-03
1.187364454381167889e-03
-5.734011065214872360e-04
3.374659223482012749e-03
-2.102687431033700705e-04
1.532805385068058968e-03
1.187585759907960892e-03
-3.660964546725153923e-03
5.321269854903221130e-04
-3.661924740299582481e-03
1.644125906750559807e-03
-1.658035325817763805e-03
-8.937840466387569904e-04
3.981100235250778496e-05
-4.016119346488267183e-04
9.237827034667134285e-04
2.116417279466986656e-03
-1.913588959723711014e-03
9.246668196283280849e-04
3.632995299994945526e-03
-1.992604229599237442e-03
3.066247096285223961e-03
4.352100077085196972e-04
1.688499585725367069e-03
3.063424956053495407e-03
4.883744404651224613e-04
-1.875239540822803974e-03
3.446973161771893501e-03
3.668269375339150429e-03
-3.883673343807458878e-03
-1.925333344843238592e-04
1.759876497089862823e-03
-2.475103829056024551e-03
-2.355512930080294609e-03
3.564438316971063614e-03
-4.162568948231637478e-04
8.913235506042838097e-04
2.861697459593415260e-03
7.861947524361312389e-04
9.927953360602259636e-04
1.962036127224564552e-03
3.138890955597162247e-03
8.778930641710758209e-04
2.770113991573452950e-03
2.787261735647916794e-03
-4.909042036160826683e-04
-6.016141269356012344e-04
3.668407676741480827e-03
3.198168124072253704e-04
-1.569442567415535450e-03
1.007732120342552662e-03
1.596663729287683964e-03
2.524704905226826668e-04
1.031207211781293154e-04
-3.673912957310676575e-03
3.141014371067285538e-03
2.174183726310729980e-03
-1.167906331829726696e-03
8.973083458840847015e-04
-3.782695857807993889e-04
2.983301645144820213e-03
2.494387794286012650e-03
1.099256449379026890e-03
3.566778730601072311e-03
3.169630188494920731e-03
-3.745427588000893593e-03
1.410946832038462162e-03
-2.626316621899604797e-03
-5.397179120336659253e-05
-3.265874227508902550e-03
2.400636207312345505e-03
-1.902355346828699112e-03
-2.669992391020059586e-03
-4.806259239558130503e-04
-2.505888696759939194e-03
2.314857207238674164e-03
-1.892412197776138783e-03
2.464857883751392365e-03
-2.728809835389256477e-03
1.337371999397873878e-03
-2.436927752569317818e-03
5.087094614282250404e-04
1.186031382530927658e-03
-2.460232935845851898e-03
2.451559994369745255e-03
2.338965423405170441e-03
3.256898839026689529e-03
2.043084241449832916e-03
-3.788925008848309517e-03
-6.751290056854486465e-04
-1.362569746561348438e-03
7.362712058238685131e-04
1.325205783359706402e-03
2.519723726436495781e-03
7.970748119987547398e-04
-7.104966207407414913e-04
-9.008495253510773182e-04
-1.693307305686175823e-03
-1.106141717173159122e-03
1.399621367454528809e-03
-6.294312188401818275e-04
2.135917078703641891e-03
-2.387826330959796906e-03
1.793597126379609108e-03
2.790368860587477684e-03
-2.096851589158177376e-03
3.321412485092878342e-03
2.119230048265308142e-04
-1.105493865907192230e-03
4.760693409480154514e-04
-2.922596875578165054e-03
-1.200176775455474854e-03
-7.805136847309768200e-04
3.399475477635860443e-03
2.204737393185496330e-03
-1.496122102253139019e-03
-3.105071373283863068e-03
1.006560516543686390e-03
3.768833354115486145e-03
-7.534629548899829388e-04
-2.918386308010667562e-04
-2.653559902682900429e-03
-2.171003259718418121e-03
3.243175335228443146e-03
2.232596598332747817e-04
1.166966467280872166e-04
6.907713250257074833e-04
-1.298069109907373786e-04
-2.488641068339347839e-03
-8.813675958663225174e-05
-1.246009953320026398e-03
2.030922565609216690e-03
-3.217083867639303207e-03
2.148041734471917152e-03
-7.771506789140403271e-04
-1.721947104670107365e-03
-3.627682570368051529e-03
-1.484978944063186646e-03
1.212655683048069477e-03
-2.540390705689787865e-03
2.316403202712535858e-03
2.031553769484162331e-03
-1.242788741365075111e-03
5.147937918081879616e-04
3.580141579732298851e-03
-3.146670525893568993e-03
-2.191289560869336128e-03
-1.906061777845025063e-03
-1.262918580323457718e-03
-1.249634195119142532e-03
-3.317186376079916954e-03
2.225401345640420914e-03
2.819715300574898720e-03
3.242128295823931694e-03
2.683094702661037445e-03
-2.972232410684227943e-03
-5.602238816209137440e-04
-2.648902591317892075e-03
-1.733753248117864132e-03
-7.596472278237342834e-05
1.840146258473396301e-03
1.101797563023865223e-03
-1.370151294395327568e-04
3.491351380944252014e-04
-1.208158791996538639e-03
2.261262852698564529e-04
3.370582358911633492e-03
1.864417106844484806e-03
-9.655277244746685028e-04
2.880699699744582176e-03
-2.296895254403352737e-03
-3.058953210711479187e-03
-1.625148812308907509e-03
2.029937226325273514e-03
-2.658464945852756500e-03
1.536236813990399241e-04
9.914158144965767860e-04
-1.443187356926500797e-03
2.918259473517537117e-03
9.272276656702160835e-04
-1.321075949817895889e-03
-2.622930333018302917e-03
-4.763345932587981224e-04
2.846497343853116035e-03
3.767297021113336086e-04
7.972540915943682194e-04
1.264861086383461952e-03
1.776360440999269485e-03
-3.045568941161036491e-03
-2.033323689829558134e-04
2.660473575815558434e-03
3.554506925866007805e-03
-2.012954500969499350e-04
3.307968378067016602e-03
2.313229953870177269e-03
3.745672758668661118e-03
-2.773918095044791698e-04
-2.853742800652980804e-03
-1.475627184845507145e-03
-2.193648833781480789e-03
2.858323277905583382e-03
-2.470933599397540092e-03
-7.926939870230853558e-04
5.595554830506443977e-05
-2.739082789048552513e-03
-1.151800039224326611e-03
1.040059025399386883e-03
2.040006453171372414e-03
-7.973518804647028446e-04
2.270978176966309547e-03
3.299070987850427628e-03
3.190335817635059357e-03
-2.664622152224183083e-03
3.218341153115034103e-03
-1.084485673345625401e-03
-2.557882340624928474e-03
2.727457089349627495e-03
3.876993141602724791e-04
1.463097287341952324e-03
-5.976260581519454718e-05
1.724574714899063110e-03
-4.867981770075857639e-04
2.072856063023209572e-03
3.506550565361976624e-03
1.352838939055800438e-03
1.708224532194435596e-03
3.060192393604665995e-04
-2.590148244053125381e-03
-1.030981191433966160e-03
2.512409584596753120e-03
-2.540802583098411560e-03
2.503962023183703423e-03
7.470253622159361839e-04
-2.977213589474558830e-03
-1.941010821610689163e-03
1.401360495947301388e-03
-1.908499398268759251e-03
7.302788435481488705e-04
1.273827743716537952e-03
-3.551820060238242149e-03
3.765335539355874062e-03
-3.824915504083037376e-03
-9.829513728618621826e-04
3.754571778699755669e-03
2.549313066992908716e-04
1.492029405198991299e-04
3.827163949608802795e-03
-2.641237573698163033e-03
3.759176936000585556e-03
-1.218218705616891384e-03
5.031124455854296684e-04
-1.722186803817749023e-03
4.567757787299342453e-05
-2.883797977119684219e-03
1.832807320170104504e-03
