-3.878621850162744522e-03
-2.734689740464091301e-03
2.315483987331390381e-03
3.853506408631801605e-03
3.313229884952306747e-03
3.643901727627962828e-04
-8.989562047645449638e-04
7.042504876153543591e-05
-1.319640199653804302e-03
-3.389168530702590942e-03
3.851209534332156181e-03
-7.692013750784099102e-04
-2.243207534775137901e-03
1.002609147690236568e-03
-4.400425241328775883e-04
3.022532036993652582e-04
-3.422654466703534126e-03
-1.887694932520389557e-03
2.431228989735245705e-03
-1.258519594557583332e-03
3.742653643712401390e-03
1.437301049008965492e-03
-1.366035663522779942e-03
2.731204964220523834e-03
2.546837087720632553e-03
8.633763645775616169e-04
1.525991363450884819e-03
2.068938687443733215e-03
2.089296933263540268e-03
1.659168046899139881e-04
2.766315126791596413e-03
-5.877223520656116307e-05
1.270354725420475006e-03
3.454745514318346977e-03
3.508284920826554298e-03
-3.827694104984402657e-03
1.250599045306444168e-03
-2.550599863752722740e-03
-3.317203372716903687e-03
3.711286466568708420e-03
3.697660285979509354e-04
-2.390284556895494461e-03
2.858662279322743416e-03
-1.390956458635628223e-03
-2.874311292544007301e-03
2.197180729126557708e-04
-3.516630269587039948e-03
-3.436505212448537350e-04
2.817847533151507378e-03
3.356049710419028997e-04
-2.706261584535241127e-04
-1.870743464678525925e-03
-1.062314608134329319e-03
3.135786391794681549e-03
2.560667926445603371e-03
9.508506627753376961e-05
-3.514251206070184708e-03
2.991656307131052017e-03
2.267863019369542599e-04
-1.518092540209181607e-05
-3.835723502561450005e-03
2.096759155392646790e-03
1.347337383776903152e-03
4.488858758122660220e-05
-1.542992074973881245e-03
2.668469678610563278e-03
-4.188565653748810291e-04
-9.579372272128239274e-05
-4.886655369773507118e-04
-1.972367987036705017e-03
-2.166958525776863098e-03
2.074958290904760361e-03
-2.977959113195538521e-03
-5.630265222862362862e-04
-3.546862863004207611e-03
-7.679806440137326717e-04
-1.059205387718975544e-03
-3.664878429844975471e-03
-3.896410809829831123e-03
-1.469909446313977242e-03
-2.816833788529038429e-03
-3.350017592310905457e-03
2.089402172714471817e-03
4.817747394554316998e-04
-3.085670061409473419e-03
7.506407564505934715e-04
-2.082637278363108635e-03
-2.966613741591572762e-03
-2.695055911317467690e-03
4.310994409024715424e-04
-3.873262321576476097e-03
2.300804248079657555e-03
-3.227413399145007133e-03
1.251766225323081017e-03
1.962566515430808067e-03
3.550749039277434349e-03
-3.529248991981148720e-03
-2.849670359864830971e-03
5.099455011077225208e-04
-1.783923944458365440e-03
-2.530776662752032280e-03
3.050381550565361977e-03
3.314668312668800354e-03
5.309605621732771397e-04
-9.933335240930318832e-04
1.899256487376987934e-03
3.002243582159280777e-03
-6.036452832631766796e-04
2.256716834381222725e-03
-7.493111188523471355e-04
3.060522489249706268e-03
1.305833808146417141e-03
-1.761467312462627888e-03
-3.524556814227253199e-04
-3.143986454233527184e-03
-3.379817120730876923e-03
-1.626910408958792686e-03
-3.010181710124015808e-03
2.049699425697326660e-03
1.650443737162277102e-04
-1.277548726648092270e-04
-1.135435537435114384e-03
-2.117364201694726944e-04
-1.810412504710257053e-03
-8.969855261966586113e-04
-2.290646545588970184e-03
2.730240579694509506e-03
3.345954755786806345e-04
2.725732047110795975e-03
-3.321778960525989532e-03
-1.402640133164823055e-03
-8.749305270612239838e-04
1.696839462965726852e-03
-1.966281095519661903e-03
-3.121724352240562439e-03
-1.606819336302578449e-03
3.079120768234133720e-03
3.262642771005630493e-03
2.978947013616561890e-03
3.106173360720276833e-03
1.958461711183190346e-03
5.684968200512230396e-04
2.247628290206193924e-03
1.179311439045704901e-04
2.018695464357733727e-03
-2.369991037994623184e-03
-3.262122394517064095e-03
-2.806255128234624863e-03
-2.875606529414653778e-03
3.466994734480977058e-03
2.729455940425395966e-03
1.286562765017151833e-03
-2.507694764062762260e-03
2.103504259139299393e-03
3.354067681357264519e-03
1.699348445981740952e-03
-2.269929042086005211e-03
3.271487075835466385e-03
-3.236958058550953865e-03
1.689129858277738094e-03
1.645019510760903358e-03
3.672498278319835663e-03
-3.417263738811016083e-03
-1.393037382513284683e-03
1.543501275591552258e-03
-1.628877012990415096e-03
-2.567023970186710358e-03
-3.155128331854939461e-03
1.440514926798641682e-03
-1.078249537386000156e-03
-3.649858292192220688e-03
-3.250679699704051018e-03
7.729668286629021168e-04
2.554424572736024857e-03
-3.427966497838497162e-03
-1.766865490935742855e-03
1.696909312158823013e-03
-1.627645688131451607e-03
3.848574997391551733e-04
2.823152346536517143e-03
-3.878117771819233894e-03
-2.762120566330850124e-04
1.890689600259065628e-03
-1.746040768921375275e-03
-7.964142714627087116e-04
-1.960924360901117325e-03
1.825001207180321217e-03
-1.854515285231173038e-03
-2.552103251218795776e-03
2.910291077569127083e-04
2.892120508477091789e-03
-2.729590749368071556e-03
1.124037080444395542e-03
-2.047347370535135269e-04
3.492187533993273973e-04
-1.057495828717947006e-03
1.232145936228334904e-03
1.633595384191721678e-04
2.627314999699592590e-03
-8.523943688487634063e-05
1.590996747836470604e-03
-1.951202866621315479e-03
-2.745359437540173531e-03
3.797627286985516548e-04
-1.684176037088036537e-03
1.159536535851657391e-03
5.102572613395750523e-04
3.733800956979393959e-03
-3.696942003443837166e-03
1.028355211019515991e-03
1.329912687651813030e-03
-1.880962518043816090e-03
3.808006644248962402e-03
1.033874112181365490e-03
-6.754808709956705570e-04
-2.144606783986091614e-03
3.746751695871353149e-03
1.364424242638051510e-03
3.242923412472009659e-03
-2.905070323322433978e-05
-7.850935216993093491e-04
2.050472656264901161e-03
-1.364477095194160938e-03
-3.088132943958044052e-03
2.114137634634971619e-03
1.790815615095198154e-03
3.789102891460061073e-03
-3.575105220079421997e-03
2.507958328351378441e-03
2.751295221969485283e-03
2.576684113591909409e-03
3.377988701686263084e-03
1.325012301094830036e-03
-1.072397339157760143e-03
5.290510598570108414e-04
-3.250528359785676003e-03
8.708085806574672461e-05
2.417729469016194344e-03
3.752470482140779495e-03
-2.980488352477550507e-03
-3.185130190104246140e-03
9.341328404843807220e-04
-3.710603108629584312e-03
3.258719516452401876e-04
2.875410718843340874e-03
1.255153561942279339e-03
2.958553377538919449e-03
2.114219358190894127e-03
7.992395549081265926e-04
-3.347148187458515167e-03
-2.510721562430262566e-03
2.836031373590230942e-03
-1.918179332278668880e-03
-2.280083252117037773e-03
5.526635213755071163e-04
8.479280513711273670e-04
