2.162331948056817055e-03
-8.066049776971340179e-04
-3.820199053734540939e-03
-2.973028225824236870e-03
-1.178612583316862583e-03
-2.310508862137794495e-03
4.370793612906709313e-05
-8.890243479982018471e-04
-2.316784812137484550e-03
-8.659627055749297142e-04
3.191336058080196381e-03
-2.959733130410313606e-03
-2.106629079207777977e-03
-2.594453981146216393e-03
1.894692541100084782e-03
1.109502045437693596e-03
7.783111650496721268e-04
-3.183644497767090797e-03
-1.464035362005233765e-03
-6.936532445251941681e-04
-3.754580626264214516e-03
-1.669310731813311577e-03
4.365313798189163208e-04
-4.604205896612256765e-04
1.981489593163132668e-03
1.252909569302573800e-04
8.369433926418423653e-04
-1.417023828253149986e-03
-1.379818888381123543e-03
1.741584506817162037e-03
1.376515836454927921e-03
3.303368110209703445e-03
-2.929264679551124573e-03
6.760219112038612366e-04
2.099874196574091911e-03
2.673520008102059364e-03
3.066519740968942642e-03
1.404912211000919342e-03
1.587941544130444527e-03
2.472919644787907600e-03
-1.533402130007743835e-03
-1.805996056646108627e-03
2.743853256106376648e-03
3.357101697474718094e-03
3.545062383636832237e-03
7.865373045206069946e-04
-3.262397833168506622e-03
5.550483183469623327e-05
3.299953183159232140e-03
-1.867160433903336525e-03
-5.158571875654160976e-04
-9.777141967788338661e-04
-3.272979985922574997e-03
-3.138548694550991058e-03
-2.717381285037845373e-04
-1.417095307260751724e-03
1.450408250093460083e-03
-2.064767060801386833e-03
3.483759472146630287e-03
-2.691309200599789619e-03
-2.120081800967454910e-03
-7.484813686460256577e-04
-3.066835924983024597e-04
-3.204681212082505226e-03
-8.912330958992242813e-04
-3.141188295558094978e-03
-1.867182902060449123e-03
5.886517465114593506e-04
3.103394061326980591e-03
-8.688529487699270248e-04
1.228378503583371639e-03
3.391857957467436790e-03
1.736113568767905235e-03
-1.390734454616904259e-03
2.871628850698471069e-03
1.838909462094306946e-03
-1.901255687698721886e-03
2.107914770022034645e-03
-3.481806488707661629e-04
2.954666735604405403e-03
-1.595008070580661297e-03
-1.726065529510378838e-03
-3.581895260140299797e-03
-2.403956605121493340e-03
-1.278967247344553471e-04
-1.714383834041655064e-03
-1.205378444865345955e-03
-8.553807274438440800e-04
3.396396292373538017e-03
2.458303468301892281e-03
1.608218066394329071e-03
1.093821018002927303e-03
-3.686612471938133240e-03
1.693430705927312374e-03
-1.174276985693722963e-04
-1.296309055760502815e-03
2.580872736871242523e-03
1.691093668341636658e-03
2.737140050157904625e-03
-2.620415994897484779e-03
2.340709790587425232e-03
-4.925791872665286064e-04
-3.535379422828555107e-03
1.127295428887009621e-03
1.398691441863775253e-03
-2.673492301255464554e-03
9.176822495646774769e-04
1.758887432515621185e-03
-1.322364783845841885e-03
1.687360811047255993e-03
3.009979147464036942e-03
2.151822205632925034e-03
2.361715072765946388e-03
2.813832601532340050e-03
-6.742539699189364910e-04
-1.329074962995946407e-03
-2.664478961378335953e-03
1.962651498615741730e-03
-3.093854989856481552e-03
3.510213922709226608e-03
3.709195007104426622e-04
-2.032326301559805870e-04
1.417413353919982910e-03
-4.478362970985472202e-04
1.285378821194171906e-03
1.564544741995632648e-03
-3.184218425303697586e-03
2.938405377790331841e-03
-5.598018178716301918e-04
-1.209258567541837692e-03
-3.564498456398723647e-06
-1.724686735542491078e-04
3.568076062947511673e-04
3.088080789893865585e-03
-3.344668541103601456e-03
1.342199742794036865e-03
1.646939548663794994e-03
-6.416212418116629124e-04
1.304655568674206734e-03
3.259085817262530327e-03
-2.158690476790070534e-03
-4.898655461147427559e-04
-3.770164912566542625e-03
-1.111970632337033749e-03
-3.009899519383907318e-03
2.922232495620846748e-03
3.628394333645701408e-03
-2.084489213302731514e-03
2.170688239857554436e-03
-3.180250758305191994e-03
-3.375063184648752213e-03
4.751940432470291853e-04
-1.022214186377823353e-03
-1.857794472016394138e-03
-2.100636018440127373e-03
-9.151262347586452961e-04
7.735168765066191554e-05
2.127049723640084267e-03
-3.300938289612531662e-03
9.936607675626873970e-04
-1.214045332744717598e-03
1.580800395458936691e-03
-3.550360910594463348e-03
4.708417109213769436e-04
-8.522943826392292976e-04
1.385384355671703815e-03
-1.042084186337888241e-03
-1.722188200801610947e-03
-5.526784807443618774e-04
-2.713306574150919914e-03
-1.798250130377709866e-03
-1.764274667948484421e-03
-8.821187075227499008e-04
2.858789172023534775e-03
3.038580529391765594e-03
3.008646424859762192e-03
1.042325631715357304e-03
-2.480707364156842232e-03
1.119800959713757038e-03
-6.249144207686185837e-04
1.243503647856414318e-03
-1.029515522532165051e-03
3.825464285910129547e-03
-2.875742502510547638e-03
-2.430511871352791786e-03
1.568832201883196831e-03
-1.206345390528440475e-03
1.660904614254832268e-03
-1.594611094333231449e-03
-2.452147018630057573e-04
-2.386128297075629234e-03
-2.717790193855762482e-03
-4.884545924142003059e-04
-1.820148900151252747e-03
-3.748314687982201576e-03
1.307088823523372412e-04
-3.374874126166105270e-03
-1.814336399547755718e-03
3.399377455934882164e-03
-9.059329750016331673e-04
-2.945145359262824059e-03
2.137940376996994019e-03
-1.957611646503210068e-03
-2.862344263121485710e-03
1.641480019316077232e-03
3.791525668930262327e-04
-2.140678931027650833e-03
5.751046701334416866e-04
-3.437767038121819496e-03
-2.939355792477726936e-03
2.219900488853454590e-03
-3.673933912068605423e-03
-2.061602892354130745e-03
-8.907620212994515896e-04
2.774406457319855690e-03
1.792068942449986935e-03
-3.867415711283683777e-03
3.693467238917946815e-03
-2.172683831304311752e-03
1.691520214080810547e-03
-3.738448256626725197e-03
-3.241595579311251640e-03
-3.049055347219109535e-03
-1.566938706673681736e-03
2.716955495998263359e-03
1.319716568104922771e-03
2.539924113079905510e-03
-3.190633375197649002e-03
-7.757776766084134579e-04
-7.639360846951603889e-04
3.383821807801723480e-03
-1.242691068910062313e-03
2.251650672405958176e-03
-1.287244493141770363e-03
1.478612888604402542e-03
3.700739005580544472e-03
3.242510370910167694e-03
1.832062989706173539e-04
-2.822795417159795761e-03
1.277034869417548180e-03
3.413062542676925659e-03
1.084323623217642307e-03
3.591109067201614380e-03
3.642874537035822868e-03
2.553234109655022621e-03
-2.787980716675519943e-03
2.558266045525670052e-03
-3.578932723030447960e-03
-2.696742303669452667e-03
2.200308954343199730e-03
-5.264399806037545204e-04
3.724495880305767059e-03
2.737330971285700798e-03
3.592328401282429695e-03
-1.603356562554836273e-03
-9.112871484830975533e-04
