2.724394202232360840e-03
-1.496875658631324768e-03
-2.241636160761117935e-03
1.754978555254638195e-03
-6.466301856562495232e-04
-1.793194562196731567e-03
1.180757390102371573e-04
-1.658932451391592622e-04
2.314038574695587158e-03
-3.421674948185682297e-03
3.238012082874774933e-03
-2.537100110203027725e-03
3.691746620461344719e-03
-2.579119522124528885e-03
-2.523324452340602875e-03
-3.398374188691377640e-03
3.338804701343178749e-03
1.524984138086438179e-03
1.471585477702319622e-03
7.937093032523989677e-04
-1.735032070428133011e-03
1.591338426806032658e-03
-1.858934178017079830e-03
2.562199020758271217e-03
-1.790100708603858948e-03
-1.498433295637369156e-03
1.518141827546060085e-03
-3.389308229088783264e-03
4.464998783078044653e-04
-5.626907804980874062e-04
3.382830414921045303e-03
3.438500454649329185e-03
2.129855100065469742e-03
3.346552606672048569e-03
1.304842066019773483e-03
5.315892049111425877e-04
-2.864602254703640938e-03
2.195557346567511559e-03
2.115902490913867950e-03
5.120372952660545707e-05
7.242735009640455246e-04
2.945267362520098686e-03
-2.198928268626332283e-03
2.445090794935822487e-03
2.669531968422234058e-04
2.538397711759898812e-05
3.711218596436083317e-04
2.712979679927229881e-03
-6.270221201702952385e-04
1.016680966131389141e-03
-9.285371052101254463e-04
3.679645946249365807e-03
3.816155367530882359e-04
1.509381108917295933e-03
-3.416089166421443224e-04
-7.819408783689141273e-04
-2.956738928332924843e-03
1.857442315667867661e-03
1.808487693779170513e-03
1.247334759682416916e-03
1.483649597503244877e-03
-3.294435329735279083e-03
-1.552156987600028515e-03
-3.704924834892153740e-03
-1.594609580934047699e-03
8.304062066599726677e-04
1.628813100978732109e-03
-2.642598468810319901e-03
-1.124329355661757290e-04
-2.407609252259135246e-03
-3.580378368496894836e-03
1.991492463275790215e-03
1.683895592577755451e-03
-1.219099853187799454e-03
1.356149441562592983e-04
-2.020118059590458870e-03
-2.879539737477898598e-03
-1.209716545417904854e-03
4.493453016038984060e-04
6.979102618061006069e-04
-3.070628736168146133e-03
-3.501961473375558853e-03
-1.691879704594612122e-03
-2.404113067314028740e-03
2.472844906151294708e-03
-3.184209577739238739e-03
-3.252565162256360054e-03
-1.306625199504196644e-03
-9.579878533259034157e-04
3.347729332745075226e-03
-1.704826252534985542e-03
-3.470655530691146851e-03
-3.487631445750594139e-03
1.788041263353079557e-04
3.776694939006119967e-04
-3.009143518283963203e-03
1.650072284974157810e-03
2.302919747307896614e-03
2.057037316262722015e-03
-1.019230578094720840e-03
3.473499557003378868e-03
-1.717447012197226286e-04
1.345316413789987564e-03
7.452446734532713890e-04
3.657305147498846054e-03
-3.124129725620150566e-03
1.849002670496702194e-03
2.506943652406334877e-03
4.396444710437208414e-04
-2.522883703932166100e-03
-1.467766938731074333e-03
3.314153058454394341e-03
3.784452565014362335e-03
7.562864630017429590e-05
-1.935348729602992535e-03
1.118978951126337051e-03
-5.495410732692107558e-05
-1.479923084843903780e-04
-1.015570829622447491e-03
-1.721795182675123215e-03
-2.613669959828257561e-03
-2.155071124434471130e-03
-2.019169041886925697e-03
-1.185551082016900182e-04
8.806298865238204598e-06
-3.134713508188724518e-03
-2.915320219472050667e-03
9.329507010988891125e-04
-3.312693210318684578e-03
3.352266969159245491e-03
1.415012404322624207e-03
-2.194996690377593040e-03
2.992839785292744637e-03
-3.675712039694190025e-03
-1.194206299260258675e-03
-3.173924284055829048e-03
2.427228493615984917e-03
7.779250154271721840e-04
-2.566845854744315147e-03
1.427060225978493690e-03
-1.078577988664619625e-04
-2.381967147812247276e-03
3.495264973025768995e-04
-2.498244401067495346e-03
-2.053333912044763565e-03
-2.242565620690584183e-03
-2.986783161759376526e-03
-2.513358835130929947e-03
-1.954512437805533409e-03
3.508943133056163788e-03
-3.740682965144515038e-03
2.699590520933270454e-03
2.515215892344713211e-03
-1.889777486212551594e-03
9.122471092268824577e-04
2.765650628134608269e-03
7.597726653330028057e-05
4.277592815924435854e-04
-2.122064819559454918e-03
-1.173073425889015198e-03
3.098882269114255905e-03
-3.855453338474035263e-03
3.760358551517128944e-03
3.748216200619935989e-03
2.141680161003023386e-04
-3.756280057132244110e-03
-1.569461310282349586e-04
-1.855135196819901466e-03
-3.119395114481449127e-03
2.113363589160144329e-04
2.206617064075544477e-04
1.207937486469745636e-03
1.758467173203825951e-03
-3.151837969198822975e-03
1.037350506521761417e-03
3.213393967598676682e-03
-3.568048588931560516e-03
3.404666902497410774e-03
2.032762859016656876e-03
-4.836574589717201889e-05
1.797571312636137009e-04
-1.636928762309253216e-03
3.051983949262648821e-04
2.624679822474718094e-03
1.361219095997512341e-03
1.950092380866408348e-03
-9.793889475986361504e-04
-2.031829499173909426e-04
3.760109888389706612e-03
-1.344694173894822598e-03
-7.996365893632173538e-04
1.261354074813425541e-03
1.047521946020424366e-03
1.776725403033196926e-03
1.829755201470106840e-04
-1.414059195667505264e-03
-2.015397418290376663e-03
1.266546314582228661e-03
-5.681401817128062248e-04
-1.375328633002936840e-03
1.960675232112407684e-03
-2.105652587488293648e-03
-1.996753737330436707e-03
2.997854258865118027e-03
-1.985777867957949638e-03
1.959886401891708374e-03
4.770592495333403349e-04
2.609093906357884407e-03
-1.318745431490242481e-03
2.285376394866034389e-04
-3.494205186143517494e-03
1.831487286835908890e-03
1.932409242726862431e-03
5.978178814984858036e-04
9.138962486758828163e-04
3.173845121636986732e-03
2.925762208178639412e-03
3.834497183561325073e-03
-3.505170112475752831e-03
5.995376850478351116e-04
-3.238935722038149834e-03
3.290395718067884445e-03
1.490565133281052113e-03
-7.469356642104685307e-04
-3.825587453320622444e-03
1.787721179425716400e-03
2.384515479207038879e-03
-3.316696966066956520e-03
-1.439380692318081856e-03
-2.088704612106084824e-03
-1.772140385583043098e-03
-1.048508798703551292e-03
-1.534341368824243546e-03
-2.024232875555753708e-03
1.463813532609492540e-04
3.720365697517991066e-03
8.147691914928145707e-06
1.128660631366074085e-03
3.712718840688467026e-03
8.842487004585564137e-04
3.578937146812677383e-03
-3.772296477109193802e-03
9.237433550879359245e-04
-1.985239563509821892e-03
-2.350006485357880592e-03
-2.440238371491432190e-03
3.198015503585338593e-03
-2.617351710796356201e-04
1.134829381044255570e-05
-2.349269809201359749e-03
-2.921453909948468208e-03
2.589851792436093092e-04
1.687610289081931114e-03
-1.551786321215331554e-03
5.311097484081983566e-04
3.592566587030887604e-03
