-1.680528512224555016e-03
-3.497413126751780510e-03
-1.771843526512384415e-03
-1.325198099948465824e-03
2.629627473652362823e-03
-5.346381294657476246e-05
2.926842542365193367e-03
2.199883805587887764e-03
3.002420999109745026e-03
3.541127080097794533e-03
-1.071541570127010345e-03
-2.839293796569108963e-03
-3.721582004800438881e-03
1.704854774288833141e-03
-1.094115781597793102e-03
-3.346984973177313805e-03
-4.103984683752059937e-04
-1.937725901370868087e-04
2.693565329536795616e-04
-3.172509139403700829e-03
2.965392777696251869e-04
3.853952744975686073e-03
-3.557111602276563644e-03
-1.179550774395465851e-03
1.153471413999795914e-03
3.568404354155063629e-03
1.575271598994731903e-03
9.653723682276904583e-04
-2.145241014659404755e-03
2.915443852543830872e-03
-8.670115494169294834e-04
-6.104662897996604443e-04
-2.059183549135923386e-03
-1.873609959147870541e-03
-1.068623852916061878e-03
-3.267692518420517445e-04
-2.114281756803393364e-03
-1.349425059743225574e-03
-3.565211314707994461e-03
-1.226361608132719994e-03
-1.080356305465102196e-03
-2.089651999995112419e-03
-3.270320128649473190e-03
8.038216619752347469e-04
3.591115120798349380e-03
-2.527853008359670639e-03
-2.158841816708445549e-03
-2.159199211746454239e-03
-3.146535484120249748e-03
3.304381389170885086e-03
1.062811352312564850e-03
-1.149516669102013111e-03
-2.693880349397659302e-03
-2.880541251215618104e-05
1.042988034896552563e-03
3.056595800444483757e-03
5.487691378220915794e-04
5.144268507137894630e-04
2.954697003588080406e-03
-3.146018367260694504e-03
-9.134050342254340649e-04
6.264162948355078697e-04
3.557980060577392578e-03
-3.226714674383401871e-03
3.654365718830376863e-04
-2.616602927446365356e-03
-3.404298797249794006e-03
1.146397320553660393e-03
-2.463552402332425117e-03
3.866761922836303711e-03
-2.541636815294623375e-03
3.047048812732100487e-03
-1.653910963796079159e-03
1.823132275603711605e-03
4.169208987150341272e-04
-1.406865048920735717e-04
2.088534180074930191e-03
4.373200645204633474e-04
1.616349181858822703e-04
-3.854661248624324799e-03
9.167733369395136833e-04
-4.856889427173882723e-04
-3.611564170569181442e-03
-2.179811242967844009e-03
-1.445301924832165241e-03
-5.169470096006989479e-04
2.143825637176632881e-03
3.484372049570083618e-03
1.836152048781514168e-03
1.854491420090198517e-03
1.811120659112930298e-03
5.277938907966017723e-04
-2.559875611041206867e-05
1.674680621363222599e-03
-2.487057121470570564e-03
2.302814042195677757e-03
2.757356967777013779e-03
-2.463913755491375923e-03
4.186319129075855017e-04
-2.817345084622502327e-03
3.083868650719523430e-03
-2.994313603267073631e-03
-1.055962522514164448e-03
-3.448171308264136314e-03
-2.925217151641845703e-03
1.903822063468396664e-03
-5.035259528085589409e-04
3.671076148748397827e-03
-3.571827895939350128e-03
1.189435861306264997e-04
1.871346146799623966e-03
2.525238669477403164e-04
1.182555919513106346e-03
6.588828400708734989e-04
-2.720782300457358360e-03
-1.177919562906026840e-03
3.597514471039175987e-03
3.539605299010872841e-03
-6.096976576372981071e-04
3.484685905277729034e-03
-1.916031818836927414e-03
1.934178057126700878e-03
2.741010161116719246e-03
2.134585520252585411e-03
3.560486948117613792e-03
-1.239877310581505299e-03
-3.718797117471694946e-03
4.867300158366560936e-04
9.156857850030064583e-04
-4.349466762505471706e-04
-3.441398497670888901e-03
-2.179824979975819588e-03
-3.215699456632137299e-03
6.802690913900732994e-04
-3.025710349902510643e-03
-2.866716822609305382e-04
2.628200127219315618e-05
3.899666946381330490e-03
-3.052533837035298347e-03
3.784090280532836914e-03
1.452496973797678947e-03
-1.820286735892295837e-03
-2.817671513184905052e-03
1.551284221932291985e-03
-3.043502802029252052e-04
-2.610876690596342087e-03
3.158513689413666725e-03
2.209555124863982201e-03
-2.860674401745200157e-03
-1.041145646013319492e-03
3.043717006221413612e-03
-7.762423483654856682e-04
-1.601952011696994305e-03
2.801151713356375694e-03
1.688811113126575947e-03
-2.737862523645162582e-03
2.050799550488591194e-03
2.000600332394242287e-03
1.392917707562446594e-03
6.237901397980749607e-04
-9.037940180860459805e-04
-3.289959160611033440e-03
2.670832909643650055e-03
-9.945327183231711388e-04
1.711737946607172489e-03
-3.756868682103231549e-05
-1.355021260678768158e-03
-5.948990583419799805e-04
3.369273617863655090e-03
2.176400739699602127e-03
-3.447876777499914169e-03
-3.449578303843736649e-03
-8.971748757176101208e-04
3.904315643012523651e-03
3.034002438653260469e-04
-4.730105865746736526e-04
-1.948192017152905464e-03
-2.076416974887251854e-03
9.628214756958186626e-04
-1.686859177425503731e-03
-3.577584866434335709e-03
3.067185869440436363e-03
-3.861445933580398560e-03
2.112157642841339111e-03
-1.874549081549048424e-03
1.708954339846968651e-03
3.153056139126420021e-03
2.398646669462323189e-03
-1.449056901037693024e-03
-3.790039918385446072e-04
1.117294770665466785e-03
-1.915009226649999619e-03
5.875782808288931847e-04
2.555617364123463631e-03
2.442999393679201603e-04
2.346602035686373711e-03
1.325626508332788944e-03
-1.103499438613653183e-03
6.527183722937479615e-05
6.175338057801127434e-04
-2.411845372989773750e-03
2.903295913711190224e-03
2.504814881831407547e-03
1.969969132915139198e-03
3.731337841600179672e-03
-3.684146795421838760e-03
-1.171552226878702641e-03
2.507772587705403566e-04
1.587757258675992489e-03
2.284839283674955368e-03
3.905940335243940353e-03
7.567905122414231300e-04
-2.146255923435091972e-03
2.814806997776031494e-03
-3.296527778729796410e-03
-1.177863450720906258e-04
-3.637744113802909851e-03
-1.785976928658783436e-03
-2.811146434396505356e-03
1.325621153227984905e-03
-6.990376277826726437e-04
1.108685508370399475e-03
-3.502338891848921776e-03
-5.644814227707684040e-04
-2.799991925712674856e-04
-1.515662646852433681e-03
1.218514400534331799e-03
-4.627843154594302177e-04
-9.263183455914258957e-04
3.590289852581918240e-04
2.329423790797591209e-03
2.868442970793694258e-04
1.551025896333158016e-03
-3.777481615543365479e-03
2.515546511858701706e-03
-1.549930777400732040e-03
4.169608873780816793e-04
6.416352116502821445e-04
2.036159858107566833e-03
3.390833968296647072e-03
-8.905639988370239735e-04
1.543369726277887821e-03
-2.666248474270105362e-03
-2.297360217198729515e-03
8.806002006167545915e-05
1.595243345946073532e-03
-9.801220148801803589e-04
2.134217647835612297e-03
2.468168968334794044e-03
-2.187351055908948183e-04
-2.790889469906687737e-03
-4.261402064003050327e-04
3.913824621122330427e-04
3.509527537971735001e-03
2.795632462948560715e-04
1.897792448289692402e-03
