2.472936466801911592e-04
1.412991696270182729e-05
1.849785330705344677e-03
-1.139636966399848461e-03
2.309157978743314743e-03
-2.593657467514276505e-03
4.411760892253369093e-04
2.936336444690823555e-03
-1.022041891701519489e-03
-1.786107197403907776e-03
-1.793109928257763386e-03
-1.167960814200341702e-03
7.538860663771629333e-04
-3.803923260420560837e-03
2.082573948428034782e-03
-3.995539736934006214e-04
-3.410146164242178202e-04
-2.439414616674184799e-03
5.723829963244497776e-04
1.878698240034282207e-03
-5.697039305232465267e-04
-2.101584803313016891e-03
2.357300138100981712e-03
-2.395386574789881706e-03
-3.549039131030440331e-03
-1.799711375497281551e-03
2.722133882343769073e-03
-2.876201178878545761e-03
3.414489561691880226e-03
-3.532851114869117737e-03
-3.360443806741386652e-04
-7.689836784265935421e-04
1.589290564879775047e-03
-2.864920068532228470e-03
-3.748889779672026634e-03
-3.972335252910852432e-04
2.444276586174964905e-03
-9.428441408090293407e-04
2.228174125775694847e-03
-4.705614992417395115e-05
-1.943652983754873276e-03
3.351827152073383331e-03
-1.252851332537829876e-03
-1.904437900520861149e-03
2.150477841496467590e-03
2.443898702040314674e-03
1.787844114005565643e-03
-3.840658813714981079e-03
2.952079512397176586e-06
-2.566258190199732780e-03
3.027645871043205261e-03
-4.111534799449145794e-04
-1.413981546647846699e-03
-1.981627894565463066e-03
-1.127305324189364910e-03
-3.422734560444951057e-03
2.160058356821537018e-03
-7.990512531250715256e-04
1.020203693769872189e-03
-3.571018809452652931e-03
-2.602942986413836479e-03
-5.902044358663260937e-04
2.126742620021104813e-03
-3.201710991561412811e-03
3.712957724928855896e-03
5.933095817454159260e-04
-2.331337658688426018e-03
-1.242554513737559319e-03
-3.722923109307885170e-03
-3.357792505994439125e-03
-1.471789000788703561e-04
7.448674878105521202e-04
-1.700156601145863533e-03
-3.580486401915550232e-03
-2.606696682050824165e-03
-2.285033930093050003e-03
1.945812487974762917e-03
-2.503821160644292831e-03
3.790972114074975252e-04
-9.778403909876942635e-04
-5.722425994463264942e-04
1.711362856440246105e-03
3.135009435936808586e-03
-1.206993358209729195e-03
-3.610702464357018471e-03
3.200073493644595146e-03
-3.826317144557833672e-03
-1.695484155789017677e-03
-3.790787421166896820e-03
-4.294248064979910851e-04
3.001721808686852455e-03
-3.875326132401823997e-03
-5.060442490503191948e-04
-1.725368667393922806e-03
-1.128787174820899963e-03
3.739659208804368973e-03
1.052678795531392097e-03
-1.652568345889449120e-03
2.058139769360423088e-03
-2.112142043188214302e-03
-4.999515367671847343e-04
2.475134388078004122e-04
-2.947294386103749275e-03
1.062057912349700928e-03
-2.254336606711149216e-03
-3.405471798032522202e-03
-1.574083347804844379e-03
2.551160752773284912e-03
1.714359736070036888e-03
-3.849718021228909492e-03
3.638733876869082451e-03
-2.257140818983316422e-03
9.161249035969376564e-04
-2.610970754176378250e-03
-1.139939995482563972e-03
9.766176663106307387e-05
-7.455069571733474731e-04
4.202647833153605461e-04
3.900667652487754822e-03
-3.070696257054805756e-03
2.823468763381242752e-03
9.676836780272424221e-04
3.172796219587326050e-03
2.966868691146373749e-03
2.948190551251173019e-03
1.635142369195818901e-03
-1.336296787485480309e-03
2.199354348704218864e-03
-2.404233673587441444e-03
3.261848120018839836e-03
3.547739470377564430e-04
6.373602664098143578e-04
2.001982880756258965e-03
-1.221242127940058708e-04
2.043383894488215446e-03
-4.339136357884854078e-04
1.632037223316729069e-03
-1.802152604795992374e-03
-1.584881101734936237e-03
2.762807125691324472e-04
2.463908866047859192e-03
3.678308101370930672e-03
-1.669275457970798016e-03
-2.795332693494856358e-04
-2.756517846137285233e-03
3.863573540002107620e-03
-1.390452234772965312e-05
3.625363577157258987e-03
-7.621817640028893948e-04
-2.916941302828490734e-04
8.015329949557781219e-04
6.881045992486178875e-04
3.184029599651694298e-03
1.135883270762860775e-03
2.605479676276445389e-03
-1.327906211372464895e-04
2.222582465037703514e-03
-3.691748250275850296e-03
-3.109607379883527756e-03
-6.799978436902165413e-04
-6.453766254708170891e-04
-1.924915937706828117e-03
1.505889813415706158e-04
-1.954396720975637436e-03
2.904979046434164047e-03
1.046051038429141045e-03
-3.143050707876682281e-03
-2.767921192571520805e-03
3.685357747599482536e-03
8.141967118717730045e-04
2.343806670978665352e-03
-4.432223795447498560e-04
-6.815667147748172283e-04
2.223856281489133835e-03
3.515739226713776588e-03
-1.264146529138088226e-03
1.912835752591490746e-03
-1.141039188951253891e-03
8.823148091323673725e-04
2.160955453291535378e-03
1.333665568381547928e-04
3.878872375935316086e-03
-1.360420137643814087e-03
-3.620399860665202141e-03
-3.885108279064297676e-03
1.296076923608779907e-03
1.438744016923010349e-03
-1.996896928176283836e-03
-1.663807779550552368e-03
2.146130427718162537e-03
-5.683051422238349915e-04
2.331572817638516426e-03
-1.777676981873810291e-03
-2.974179340526461601e-03
-2.394279465079307556e-03
-2.627604873850941658e-03
-1.313512562774121761e-03
5.451274337247014046e-04
-1.582538592629134655e-03
-2.726720646023750305e-03
-5.348421400412917137e-04
-3.081369446590542793e-03
3.236577613279223442e-04
1.253338064998388290e-03
-3.797620534896850586e-03
3.257335163652896881e-03
-2.701655728742480278e-03
-7.140093948692083359e-04
3.019552677869796753e-03
7.001977064646780491e-04
-2.293580444529652596e-03
-3.874589921906590462e-03
3.843912854790687561e-03
-1.576306414790451527e-03
-1.470567425712943077e-03
-6.785206496715545654e-04
8.391532464884221554e-04
-3.310119267553091049e-03
2.496818779036402702e-03
-8.749645785428583622e-04
1.565027632750570774e-03
-2.661183534655719995e-04
2.210355829447507858e-03
3.077360335737466812e-03
3.563398728147149086e-03
-7.578758522868156433e-04
2.086376305669546127e-03
-3.134721191599965096e-03
-1.648093806579709053e-03
-2.506691031157970428e-03
4.543177492450922728e-04
6.125008803792297840e-04
1.965647097676992416e-03
9.307935833930969238e-04
-1.465493114665150642e-03
2.475514309480786324e-03
-3.539895405992865562e-03
3.395642386749386787e-03
-7.274072850123047829e-04
4.803009796887636185e-04
9.433019440621137619e-04
-1.623095828108489513e-03
1.681321882642805576e-03
-2.844340866431593895e-03
-2.240963047370314598e-03
-2.774739637970924377e-03
-6.970561807975172997e-04
3.888577455654740334e-03
-1.524160616099834442e-03
3.388914745301008224e-03
-2.805956872180104256e-03
-1.651880447752773762e-03
3.151245880872011185e-03
2.077011624351143837e-03
-1.298248884268105030e-03
-5.720605840906500816e-04
