-2.196393674239516258e-03
-2.354150172322988510e-03
1.164529589004814625e-03
-3.361789975315332413e-03
-9.064672631211578846e-04
7.279576966539025307e-04
1.320033334195613861e-03
7.769087096676230431e-04
-2.383291255682706833e-03
-2.041739877313375473e-03
-3.477305406704545021e-03
-1.695682411082088947e-03
5.440962268039584160e-04
2.543525304645299911e-03
1.899941824376583099e-03
3.260925179347395897e-03
-4.341743770055472851e-04
-1.131938421167433262e-03
-6.241934606805443764e-04
-9.214655729010701180e-04
2.047233283519744873e-03
3.929645754396915436e-04
8.991250069811940193e-04
-1.722911838442087173e-03
-3.029146464541554451e-04
-3.788423724472522736e-03
-3.213965566828846931e-03
3.201693296432495117e-03
2.278101863339543343e-03
3.034972818568348885e-03
1.921849325299263000e-03
-1.900668721646070480e-03
-3.796824254095554352e-03
-2.269505523145198822e-03
2.197762485593557358e-03
-1.707352348603308201e-03
-1.524574356153607368e-03
-1.631074585020542145e-03
-3.815455362200737000e-03
1.966134732356294990e-05
-4.142467150813899934e-05
3.423668676987290382e-03
1.905836630612611771e-03
2.222449751570820808e-03
-1.999250962398946285e-04
-1.575735630467534065e-03
6.855076062493026257e-04
-2.977158641442656517e-03
1.507747685536742210e-03
-3.308182349428534508e-03
-2.556569641456007957e-03
-6.827322649769484997e-04
3.552742069587111473e-03
-1.824043691158294678e-03
-6.361984997056424618e-04
1.758743310347199440e-03
2.086417283862829208e-03
-2.723017241805791855e-03
-3.812185721471905708e-03
8.267168886959552765e-04
1.994676189497113228e-03
-3.208178386557847261e-04
2.806955948472023010e-03
-3.446029964834451675e-03
3.400151152163743973e-03
-1.477470039390027523e-03
-2.591019729152321815e-04
-3.484549932181835175e-03
4.800645401701331139e-04
-1.065282034687697887e-03
-1.397990039549767971e-03
-1.675910170888528228e-04
1.613796339370310307e-03
-7.953917374834418297e-04
2.903838176280260086e-03
-1.198037760332226753e-03
2.259816275909543037e-03
2.762817544862627983e-03
-7.289521745406091213e-04
2.579754218459129333e-03
-2.995994000229984522e-04
-1.089880825020372868e-03
3.195968922227621078e-03
-4.531171580310910940e-04
-2.423514379188418388e-03
1.646843156777322292e-03
-4.887848044745624065e-04
-6.966220098547637463e-04
-2.703260863199830055e-03
2.222899114713072777e-03
-7.552569877589121461e-05
2.877723891288042068e-03
3.615723224356770515e-03
-2.339560538530349731e-03
2.708832966163754463e-03
-2.769099315628409386e-03
6.956409197300672531e-04
-1.413704012520611286e-03
8.448309963569045067e-04
-2.516375621780753136e-03
3.411090932786464691e-03
5.737789906561374664e-04
3.234098665416240692e-03
-2.114983508363366127e-03
1.275608665309846401e-04
-2.786335768178105354e-03
-3.902186173945665359e-03
4.785875498782843351e-04
-1.039224676787853241e-03
7.016722520347684622e-05
1.580313197337090969e-03
-1.998503925278782845e-03
-6.722566322423517704e-04
-1.352395862340927124e-03
3.103548195213079453e-03
9.914444526657462120e-04
1.760952174663543701e-03
-1.474116579629480839e-03
2.070124493911862373e-03
-2.874388301279395819e-04
2.508641686290502548e-03
2.725591417402029037e-03
-2.858331194147467613e-03
2.447876147925853729e-03
2.213571453467011452e-03
2.989553380757570267e-03
-6.216468755155801773e-04
2.173086861148476601e-03
5.215809214860200882e-04
2.257058396935462952e-03
-1.628997997613623738e-04
-2.372643677517771721e-03
-1.980978704523295164e-04
3.694378072395920753e-03
-6.040604785084724426e-05
-1.450515235774219036e-03
3.389753634110093117e-03
2.114309463649988174e-03
-3.463282249867916107e-03
3.605078440159559250e-03
-2.666159532964229584e-03
-7.897898321971297264e-04
-2.570537384599447250e-03
1.220806036144495010e-03
1.482835970818996429e-03
-3.110022225882858038e-04
2.917525824159383774e-03
1.539828139357268810e-03
2.357610734179615974e-03
1.059232861734926701e-03
2.976371208205819130e-03
4.711335641331970692e-04
3.604484722018241882e-03
1.100887311622500420e-03
2.888847666326910257e-04
-3.883489407598972321e-03
6.514097331091761589e-04
1.242102473042905331e-03
1.694267382845282555e-03
3.193125128746032715e-03
-1.115430379286408424e-03
-3.892187727615237236e-03
3.860178170725703239e-03
-1.372477039694786072e-03
2.051915507763624191e-03
-1.113754580728709698e-03
-3.766819369047880173e-03
3.282874822616577148e-03
5.322716315276920795e-04
-2.261704765260219574e-03
2.652604365721344948e-03
2.212315797805786133e-03
1.902854186482727528e-03
7.270122878253459930e-04
3.495546057820320129e-03
-3.225965891033411026e-03
-1.929060206748545170e-03
5.769563140347599983e-04
2.327934838831424713e-03
2.389706671237945557e-03
3.703005379065871239e-03
-2.072204602882266045e-03
1.552832196466624737e-03
1.855581183917820454e-03
2.531721955165266991e-03
-8.060170512180775404e-05
2.926976419985294342e-03
3.266498213633894920e-03
-2.302733249962329865e-03
-3.180132247507572174e-03
1.894155982881784439e-03
2.063987776637077332e-03
-2.967077540233731270e-03
3.494408680126070976e-03
6.691255293844733387e-06
-1.662548747844994068e-03
3.087883116677403450e-03
2.431423868983983994e-03
-7.866518571972846985e-04
-2.378042321652173996e-03
-1.908863632706925273e-04
2.090036636218428612e-03
6.675363401882350445e-04
-1.843511417973786592e-04
3.370779566466808319e-03
-3.943314659409224987e-04
2.976850955747067928e-04
-2.658457728102803230e-03
3.481345018371939659e-03
-1.109777251258492470e-03
3.960848844144493341e-04
-3.842588746920228004e-03
-3.120186505839228630e-03
-3.313423600047826767e-03
-2.462781500071287155e-03
-9.754290222190320492e-04
3.791803726926445961e-03
8.209955412894487381e-04
-3.551071044057607651e-03
-2.059910912066698074e-03
-8.557516266591846943e-04
-4.463040968403220177e-04
-3.513765521347522736e-03
-1.291008433327078819e-03
-4.258711705915629864e-04
8.453922782791778445e-05
-2.326477551832795143e-03
-3.426079172641038895e-03
1.282499288208782673e-03
-2.702826168388128281e-03
-3.041292075067758560e-03
3.193804295733571053e-03
-3.108879784122109413e-03
-3.858987241983413696e-03
-3.592760069295763969e-03
-1.738677499815821648e-03
3.498100908473134041e-03
5.535946111194789410e-04
-3.057443536818027496e-03
3.009405685588717461e-03
-4.787864163517951965e-04
-2.810879377648234367e-03
2.294209087267518044e-03
1.898446120321750641e-03
-3.135218750685453415e-03
3.229041816666722298e-03
4.743731915368698537e-05
2.058535581454634666e-03
9.320777026005089283e-04
-5.081928102299571037e-04
-6.769848987460136414e-04
-1.313771004788577557e-03
3.202578285709023476e-03
-3.228420857340097427e-03
1.114334911108016968e-03
1.978988293558359146e-03
