3.089842153713107109e-03
1.323811011388897896e-03
-3.000523429363965988e-03
1.515579991973936558e-03
-2.105413470417261124e-03
8.689207024872303009e-04
-2.870962489396333694e-03
5.978443659842014313e-04
1.677134423516690731e-04
1.202447965624742210e-04
-3.297627437859773636e-03
2.034506527706980705e-03
6.163064972497522831e-04
1.013351022265851498e-03
1.364662195555865765e-03
-1.594772562384605408e-03
2.517464570701122284e-03
-7.708044140599668026e-04
1.821231329813599586e-03
-1.477575278840959072e-04
-2.568545518442988396e-03
4.922797670587897301e-04
1.129931071773171425e-03
-2.636441495269536972e-03
-3.214038442820310593e-03
1.771714305505156517e-03
1.141273998655378819e-03
-5.748492549173533916e-04
-8.484506979584693909e-04
1.484572887420654297e-03
-4.125098057556897402e-04
2.341292798519134521e-03
2.957602497190237045e-03
-1.116344705224037170e-03
3.099386114627122879e-03
2.170303836464881897e-03
-9.323270933236926794e-05
-1.884551253169775009e-03
-3.443089779466390610e-03
9.016887634061276913e-04
2.127072308212518692e-03
-2.485941804479807615e-04
2.055656164884567261e-03
1.378591987304389477e-03
1.453265780583024025e-03
1.116223516874015331e-03
-3.819562494754791260e-03
-5.613748217001557350e-04
-3.174185985699295998e-03
1.303128316067159176e-03
-1.768202753737568855e-03
-2.621591323986649513e-03
-2.162687946110963821e-03
3.143883077427744865e-03
3.366841003298759460e-03
-1.749499700963497162e-03
-2.304065739735960960e-03
-1.232772716321051121e-03
8.297821623273193836e-04
3.742104163393378258e-03
2.779388800263404846e-03
3.245624247938394547e-03
3.641867544502019882e-03
2.666363725438714027e-03
1.609724829904735088e-03
2.151964232325553894e-03
2.169286599382758141e-03
3.301463322713971138e-03
1.353085506707429886e-03
-2.215299755334854126e-03
1.838523079641163349e-03
-3.679514862596988678e-03
-1.407397910952568054e-03
-3.543218132108449936e-03
-1.958342763828113675e-04
2.443370874971151352e-03
-3.617330221459269524e-03
3.455925034359097481e-03
2.873889403417706490e-03
-2.781591145321726799e-03
-1.504934043623507023e-03
-9.430229547433555126e-04
2.346623223274946213e-03
-3.089512465521693230e-03
-1.289541600272059441e-03
1.289819716475903988e-03
2.591829048469662666e-03
2.729311352595686913e-03
2.174276392906904221e-03
2.485384931787848473e-03
3.607344115152955055e-03
-3.000926924869418144e-03
1.601043390110135078e-03
-2.638233127072453499e-03
1.973569393157958984e-03
3.730965312570333481e-03
1.706170267425477505e-03
3.165504429489374161e-03
1.580389332957565784e-03
2.856840146705508232e-03
-3.138052066788077354e-03
-9.677137713879346848e-04
-1.518214470706880093e-03
-2.231441903859376907e-03
-1.498418394476175308e-03
3.298235824331641197e-04
2.180213341489434242e-03
-2.435326110571622849e-03
-2.652514376677572727e-04
-3.878475865349173546e-03
1.225546438945457339e-04
-1.532377325929701328e-03
5.709529505111277103e-04
1.663179427850991488e-04
-1.574258669279515743e-03
-7.943775271996855736e-04
-2.826561918482184410e-03
1.626060984563082457e-04
9.219275671057403088e-05
-1.764906686730682850e-03
9.055573609657585621e-04
3.749213879927992821e-03
-2.184148324886336923e-04
-3.001395380124449730e-03
1.306741149164736271e-03
1.765931607224047184e-03
1.140205888077616692e-03
-7.339856238104403019e-04
8.325300877913832664e-04
-3.503161482512950897e-03
-3.198800841346383095e-03
-2.122292062267661095e-03
-1.295743742957711220e-03
-3.510963870212435722e-03
3.354938700795173645e-03
3.838983597233891487e-03
-8.646328933537006378e-04
-2.881172113120555878e-03
1.886734389699995518e-03
-2.018488012254238129e-03
1.542648184113204479e-03
2.933746203780174255e-03
2.339288592338562012e-03
2.013786230236291885e-03
-1.209531095810234547e-03
-3.524396568536758423e-03
-2.431363798677921295e-03
1.216741395182907581e-03
-2.343948464840650558e-03
-2.271665493026375771e-03
-3.645865246653556824e-03
2.320254454389214516e-03
-2.496057655662298203e-03
-2.255427651107311249e-03
-1.853376859799027443e-03
-8.460452663712203503e-04
3.604569239541888237e-03
-2.192990621551871300e-03
-1.695506070973351598e-04
-2.978394273668527603e-03
3.630948951467871666e-03
-5.266650696285068989e-04
-3.482741536572575569e-03
-3.266753396019339561e-03
-3.587245941162109375e-03
-4.146725696045905352e-04
3.851031186059117317e-03
1.726720598526299000e-03
2.495506312698125839e-03
1.880996860563755035e-03
-4.399875469971448183e-04
1.005412894301116467e-03
1.601539319381117821e-03
-4.697275580838322639e-04
1.008373918011784554e-03
2.293903817189857364e-04
3.531772410497069359e-03
1.632934552617371082e-03
2.252656500786542892e-03
3.417089348658919334e-03
3.164908150210976601e-03
1.027960679493844509e-03
3.430498531088232994e-03
4.004391375929117203e-04
9.578618919476866722e-04
-1.998655032366514206e-03
1.129430369473993778e-03
8.218758739531040192e-05
-7.380317547358572483e-04
-3.812152426689863205e-03
3.303849603980779648e-03
-3.242483595386147499e-03
-1.768022193573415279e-03
-3.271090798079967499e-03
-2.309592906385660172e-03
-3.497385187074542046e-03
5.098540568724274635e-04
3.292916342616081238e-03
-3.800388891249895096e-03
1.255925861187279224e-03
2.466441364958882332e-03
-3.279596567153930664e-03
-2.132444875314831734e-03
3.896509762853384018e-03
-1.173443510197103024e-03
2.093114890158176422e-03
2.606197725981473923e-03
-1.136295031756162643e-04
-2.721766242757439613e-03
2.908637688960880041e-04
-7.903649820946156979e-04
-3.412740305066108704e-03
-2.550845034420490265e-03
9.766623843461275101e-04
3.408828750252723694e-03
-9.790039621293544769e-04
-2.512824255973100662e-03
7.400771137326955795e-04
-2.563367830589413643e-03
-1.507672568550333381e-04
-1.498246798291802406e-03
-1.987052382901310921e-03
-7.314776885323226452e-04
-1.623863936401903629e-03
1.841352554038167000e-03
3.444395028054714203e-03
-3.273673122748732567e-03
-1.828856533393263817e-03
2.444614190608263016e-03
1.895715948194265366e-03
3.123095259070396423e-03
1.210895949043333530e-03
-5.447523435577750206e-04
3.236564341932535172e-03
1.339335343800485134e-03
-2.484134893165901303e-05
-1.778011326678097248e-03
2.619650214910507202e-03
-3.609312232583761215e-03
-1.704911934211850166e-03
9.459767607040703297e-04
-1.676268526352941990e-03
-9.953688277164474130e-05
-3.518391167744994164e-03
1.828770153224468231e-03
-3.402552692932658829e-06
3.055040258914232254e-03
9.411210194230079651e-04
5.304184160195291042e-04
-7.945267861941829324e-05
-1.463897759094834328e-03
-7.898902986198663712e-04
2.952748909592628479e-03
1.936866552568972111e-03
6.631530122831463814e-04
-2.013031160458922386e-03
