-2.970613772049546242e-03
2.916984492912888527e-03
-2.139887074008584023e-03
1.647095079533755779e-03
3.859662101604044437e-04
3.644748125225305557e-03
1.028600381687283516e-03
-4.077937337569892406e-04
2.520684618502855301e-03
-2.598935505375266075e-03
2.488211961463093758e-03
-2.906657522544264793e-03
-5.734442966058850288e-04
-3.284064121544361115e-03
-3.309921361505985260e-03
-4.741559969261288643e-04
-3.096497617661952972e-03
1.633964246138930321e-03
-9.512525284662842751e-04
5.147315459907986224e-05
2.539487788453698158e-03
2.634128788486123085e-03
1.135022146627306938e-03
-6.712684989906847477e-04
1.734391436912119389e-03
-2.094719791784882545e-03
-3.770245704799890518e-03
1.048726029694080353e-03
5.092307110317051411e-04
2.157858340069651604e-03
-2.028595190495252609e-03
2.576047321781516075e-03
-2.546292264014482498e-03
-3.545158077031373978e-03
-3.108870703727006912e-03
-3.651444334536790848e-03
2.534514525905251503e-03
-3.661605995148420334e-03
3.596865572035312653e-03
2.536120358854532242e-03
2.063080668449401855e-03
-3.320480231195688248e-03
-3.637814428657293320e-03
1.316205947659909725e-03
3.429419593885540962e-03
3.246087348088622093e-03
1.038732822053134441e-03
3.259609919041395187e-03
-1.740023843012750149e-03
-9.960910538211464882e-04
-3.215312957763671875e-03
2.597866579890251160e-03
-2.466160338371992111e-03
1.723714056424796581e-03
-2.088942332193255424e-03
-3.418510314077138901e-03
1.201287304866127670e-04
1.875713933259248734e-03
1.436093123629689217e-03
-1.450739335268735886e-03
-1.649715006351470947e-03
2.485821722075343132e-03
-1.678812317550182343e-03
-3.002124605700373650e-03
1.857804483734071255e-03
4.776174610015004873e-04
7.617012597620487213e-04
-2.203774172812700272e-03
3.048532875254750252e-03
-1.404426991939544678e-03
8.601581212133169174e-04
-2.117245690897107124e-03
1.139253727160394192e-03
2.124383812770247459e-03
7.727364427410066128e-04
-2.129406668245792389e-03
-3.781985258683562279e-03
1.804048544727265835e-03
-2.130814362317323685e-03
1.493883784860372543e-03
-1.609966973774135113e-03
3.085793694481253624e-03
2.598838414996862411e-03
2.263328642584383488e-04
-1.423697802238166332e-03
9.882566519081592560e-04
3.655618755146861076e-03
-1.112472149543464184e-03
5.266457446850836277e-05
-1.101662273867987096e-04
-6.511962856166064739e-04
2.059494610875844955e-03
-2.178393304347991943e-03
-2.219141424575354904e-05
-1.771982526406645775e-03
2.235414227470755577e-03
8.957821992225944996e-04
-3.650147700682282448e-03
2.383636077865958214e-03
-2.325836569070816040e-03
1.934863394126296043e-03
1.862136996351182461e-04
-2.708333195187151432e-04
6.302430410869419575e-04
2.342323772609233856e-03
1.831051777116954327e-03
3.500688122585415840e-03
-1.842894591391086578e-03
2.124817110598087311e-03
3.500523278489708900e-03
1.738337217830121517e-03
2.090093214064836502e-03
-3.567747480701655149e-04
-2.505977870896458626e-03
-3.344378201290965080e-03
-3.721815068274736404e-03
-3.825458232313394547e-03
4.456455280887894332e-05
-1.885966514237225056e-03
1.434744335711002350e-04
1.432935823686420918e-03
1.167547539807856083e-03
-6.064588669687509537e-04
-1.719365827739238739e-03
2.794601256027817726e-03
3.026704071089625359e-03
-1.612529042176902294e-03
-2.843053371179848909e-04
2.776588778942823410e-03
-2.215214772149920464e-04
-1.775473356246948242e-04
-2.958460012450814247e-03
3.272943897172808647e-03
6.070882664062082767e-04
-1.228329143486917019e-03
-3.624374978244304657e-03
1.193699776194989681e-03
2.768815029412508011e-03
2.329692797502502799e-04
-5.523922154679894447e-04
-3.727331350091844797e-04
2.307122573256492615e-03
-2.046587178483605385e-03
-3.897803369909524918e-03
-1.003196462988853455e-03
6.746017606928944588e-04
-2.561689354479312897e-03
2.493343316018581390e-03
1.635242602787911892e-03
3.667315235361456871e-03
-2.611690433695912361e-03
-3.188319678883999586e-04
2.456272952258586884e-03
-3.155048936605453491e-03
-2.953767077997326851e-03
-2.964319428429007530e-03
1.690886099822819233e-03
1.111047342419624329e-03
2.414026530459523201e-03
-3.355229506269097328e-03
1.017104717902839184e-03
-3.160816850140690804e-03
-1.290371059440076351e-03
-3.456941340118646622e-04
1.826305524446070194e-04
2.861414803192019463e-03
3.715347731485962868e-03
3.814108204096555710e-03
2.203156240284442902e-03
6.895571132190525532e-04
-1.781173050403594971e-03
-1.846139784902334213e-03
1.339324982836842537e-03
-5.518727630260400474e-05
1.940171583555638790e-03
1.864549820311367512e-03
-2.621700754389166832e-03
-3.518438665196299553e-03
-4.942071391269564629e-04
-2.349239075556397438e-03
2.969136403407901525e-04
1.808413420803844929e-03
-2.463964046910405159e-03
-2.119784709066152573e-03
1.298645976930856705e-03
9.899706346914172173e-04
2.555683488026261330e-03
3.259223187342286110e-03
-1.312472741119563580e-03
3.998882020823657513e-04
1.731435302644968033e-03
1.421071588993072510e-03
1.324165030382573605e-03
2.220165333710610867e-04
3.788133151829242706e-03
3.070378210395574570e-03
-1.192712457850575447e-03
2.210927923442795873e-04
-1.557453069835901260e-03
-6.368553149513900280e-04
1.911076367832720280e-03
3.528904635459184647e-04
-3.429267089813947678e-03
2.978654345497488976e-03
-2.545810537412762642e-03
-1.005018712021410465e-03
2.557730535045266151e-03
-9.505404159426689148e-04
1.755605801008641720e-03
-2.934652380645275116e-03
-2.497338689863681793e-03
2.303756191395223141e-04
9.764232672750949860e-04
-2.254687482491135597e-03
-2.214539097622036934e-03
-7.565328851342201233e-04
2.400268567726016045e-03
-3.728375304490327835e-03
-1.061567338183522224e-03
5.724210641346871853e-04
-4.805736534763127565e-05
-4.380667523946613073e-04
-2.430783584713935852e-03
-1.074777566827833652e-03
-2.661855891346931458e-03
3.910987637937068939e-03
1.511341193690896034e-03
-3.098052460700273514e-03
1.552636967971920967e-03
2.619959181174635887e-03
6.249910802580416203e-04
-2.867418574169278145e-03
-2.779279369860887527e-03
-4.237600951455533504e-04
2.898987382650375366e-03
-2.426091814413666725e-03
3.271152265369892120e-03
-3.618913004174828529e-03
7.917833281680941582e-04
-1.985699869692325592e-03
-1.004991121590137482e-03
3.587787970900535583e-03
-1.998905558139085770e-03
-2.628903137519955635e-03
-3.502387087792158127e-03
-3.274852875620126724e-03
-1.907799043692648411e-03
-3.818579949438571930e-03
3.622531890869140625e-03
2.766986843198537827e-03
5.148548516444861889e-04
-3.742289729416370392e-03
-3.387323347851634026e-03
-6.696623750030994415e-04
9.913184912875294685e-04
2.407764550298452377e-03
