8.224481716752052307e-04
-3.473972319625318050e-04
2.703895559534430504e-03
-2.464674646034836769e-03
-2.019614679738879204e-03
-2.916547236964106560e-03
-2.706020677578635514e-05
6.663826061412692070e-04
3.291940083727240562e-03
-2.587402705103158951e-03
5.363905984268058091e-06
-3.262258367612957954e-03
3.398959990590810776e-03
-3.481485415250062943e-03
-2.799672307446599007e-03
-2.713925205171108246e-03
3.706672694534063339e-03
-2.097307442454621196e-04
-2.231833292171359062e-03
-2.319409744814038277e-03
7.333132089115679264e-04
3.488301066681742668e-03
-2.124059246852993965e-03
-1.522457576356828213e-03
-9.129102545557543635e-05
-6.956696743145585060e-04
-2.760992385447025299e-03
1.154725207015872002e-03
1.483664615079760551e-03
-1.321128802374005318e-03
-1.819505007006227970e-03
2.403909573331475258e-03
7.777431746944785118e-04
-1.093647209927439690e-03
3.677584230899810791e-03
-2.874530036933720112e-04
2.843862399458885193e-03
3.818631637841463089e-03
4.864725924562662840e-04
1.162363565526902676e-03
1.982670510187745094e-03
2.199749869760125875e-04
-6.725639104843139648e-04
-3.258316311985254288e-03
-1.911195460706949234e-03
1.661414629779756069e-03
2.830013167113065720e-03
2.120872028172016144e-03
2.511144150048494339e-03
2.506075659766793251e-03
3.713808255270123482e-03
2.102958969771862030e-03
-3.842802951112389565e-03
-1.633180305361747742e-03
-3.362101051607169211e-05
2.554355422034859657e-03
-1.757682301104068756e-03
1.872382359579205513e-03
2.255170373246073723e-03
-6.959190359339118004e-04
-1.268782303668558598e-03
3.117788815870881081e-03
1.332151470705866814e-03
-6.381222046911716461e-04
-8.619497530162334442e-04
-1.944595365785062313e-03
3.140141954645514488e-03
-1.147047383710741997e-03
-2.726675593294203281e-04
3.560671815648674965e-03
-2.162048825994133949e-03
1.508127024862915277e-04
9.748489246703684330e-04
2.315129153430461884e-03
1.594419940374791622e-03
-8.343227091245353222e-04
-3.586277132853865623e-03
-6.674996111541986465e-04
-2.463154029101133347e-03
-2.089647110551595688e-03
1.366962445899844170e-03
1.520531077403575182e-04
2.412671223282814026e-03
2.806024858728051186e-03
-4.249283229000866413e-04
2.427188679575920105e-03
3.350309329107403755e-03
3.336779074743390083e-03
9.999125031754374504e-04
-1.736371195875108242e-03
1.728776958771049976e-03
2.818536479026079178e-03
-2.048715832643210888e-04
-1.275569433346390724e-03
-2.116947900503873825e-03
2.454343484714627266e-03
-3.193327225744724274e-03
-2.650263719260692596e-03
9.151695994660258293e-04
-1.040486036799848080e-03
-2.906135516241192818e-03
-1.521262922324240208e-03
1.507969922386109829e-03
-2.583473920822143555e-03
-4.240767448209226131e-04
-2.640637569129467010e-03
6.187531398609280586e-04
-2.359678270295262337e-03
-2.698600292205810547e-03
-2.493702108040452003e-03
-8.854298503138124943e-04
1.938801258802413940e-03
-3.647343721240758896e-03
-1.024921657517552376e-03
-1.579199568368494511e-03
2.072635339573025703e-03
-7.420484907925128937e-04
-3.810550319030880928e-03
1.588491257280111313e-03
-3.746966831386089325e-03
-1.336154993623495102e-03
-2.117224503308534622e-03
-1.147895120084285736e-03
3.717779414728283882e-03
3.153658763039857149e-04
2.312445314601063728e-03
5.444645066745579243e-04
3.441570559516549110e-03
-3.801406593993306160e-03
-2.264980226755142212e-03
6.702144164592027664e-04
1.173575874418020248e-03
-2.778695663437247276e-03
1.023416407406330109e-03
1.908464124426245689e-03
1.487132278271019459e-03
1.095353625714778900e-03
2.118654083460569382e-03
2.024689689278602600e-03
9.041042067110538483e-04
-8.626352646388113499e-04
5.336214671842753887e-04
-8.030810276977717876e-04
1.001004478894174099e-03
3.132282057777047157e-03
3.355626948177814484e-03
-2.641655737534165382e-03
-7.031672284938395023e-04
-1.558686373755335808e-03
3.719739197549642995e-06
-3.471498843282461166e-03
1.489606685936450958e-03
-3.556359093636274338e-03
-1.026156125590205193e-03
-1.007099286653101444e-03
-1.944837975315749645e-03
-1.965780742466449738e-03
-6.868103519082069397e-04
-3.145266324281692505e-03
-1.225298503413796425e-03
-2.419441239908337593e-03
-2.486062701791524887e-03
-3.673887345939874649e-03
3.237158060073852539e-03
2.672655507922172546e-03
-3.826109459623694420e-03
-4.163896082900464535e-04
-3.615062450990080833e-03
3.078305395320057869e-03
4.554165934678167105e-04
3.353789681568741798e-03
-2.200260292738676071e-03
2.574086189270019531e-03
-2.744327299296855927e-03
-3.376704407855868340e-03
-3.775524441152811050e-03
1.383827184326946735e-03
-3.286581486463546753e-03
2.263257629238069057e-04
2.754760207608342171e-04
1.821550773456692696e-03
-9.482302120886743069e-04
-2.220858819782733917e-03
1.617250964045524597e-03
1.878136536106467247e-03
-3.241873346269130707e-03
-1.442765118554234505e-03
1.483949599787592888e-03
-2.935735974460840225e-03
3.647017292678356171e-03
3.263605525717139244e-03
1.968014985322952271e-03
2.750929677858948708e-03
1.105239265598356724e-03
-7.655807421542704105e-04
2.787048695608973503e-03
-1.847359817475080490e-03
2.079787896946072578e-03
-4.564048140309751034e-04
-1.721783191896975040e-03
-4.186854057479649782e-04
3.237725235521793365e-03
-1.005584854283370078e-04
3.413631813600659370e-03
-1.636482658796012402e-03
-1.248431392014026642e-03
3.263498889282345772e-03
2.810033736750483513e-03
9.495500125922262669e-04
-2.210144186392426491e-03
1.594651374034583569e-03
3.599521878641098738e-04
-1.098756561987102032e-03
-3.599427873268723488e-03
-2.216450811829417944e-04
1.495893462561070919e-03
2.820389578118920326e-03
-2.562031848356127739e-03
-2.584976609796285629e-03
1.957078231498599052e-03
6.823414005339145660e-04
-1.476009143516421318e-03
2.350930444663390517e-04
-5.282664787955582142e-04
3.669947851449251175e-03
1.384864328429102898e-03
-3.374941647052764893e-03
2.511173952370882034e-03
8.005428244359791279e-04
4.708955384558066726e-05
-4.938060883432626724e-04
-2.579303225502371788e-03
-3.468184266239404678e-03
2.602660330012440681e-03
-2.082756953313946724e-03
2.644596854224801064e-03
9.015544783324003220e-04
-1.519219804322347045e-04
2.756590954959392548e-03
-6.501306197606027126e-04
-2.243153518065810204e-03
-2.802524017170071602e-03
1.237770426087081432e-03
4.791283281520009041e-04
2.452060347422957420e-03
-5.691786554962163791e-06
-7.789493538439273834e-04
-3.490005852654576302e-03
2.225247444584965706e-03
1.995221944525837898e-03
-3.855466202367097139e-04
1.147600822150707245e-03
1.365860924124717712e-03
-1.938330591656267643e-03
-1.060795853845775127e-03
2.661588077899068594e-04
