-2.665614476427435875e-03
-3.659912385046482086e-03
7.587334839627146721e-04
-1.404683571308851242e-04
-3.792952280491590500e-03
-2.546991454437375069e-03
-3.651101607829332352e-03
1.008134451694786549e-03
3.406258765608072281e-03
3.880320873577147722e-04
2.086951630190014839e-03
3.402878995984792709e-03
-2.702175406739115715e-03
-1.207669498398900032e-03
-3.208284731954336166e-03
3.073585452511906624e-03
-3.759115701541304588e-03
-1.691764104180037975e-03
-9.514786652289330959e-04
3.469571238383650780e-03
2.901191823184490204e-03
2.788886893540620804e-03
7.560197263956069946e-04
-3.406898118555545807e-03
3.089233534410595894e-03
-3.665890544652938843e-03
8.134702511597424746e-05
8.825789554975926876e-04
1.965037081390619278e-03
-2.598291495814919472e-03
2.927720081061124802e-03
-3.035274858120828867e-04
1.208857749588787556e-03
-2.762498334050178528e-03
3.274229587987065315e-03
3.733498044312000275e-03
3.651633625850081444e-03
2.189899561926722527e-03
2.588502597063779831e-03
7.877583266235888004e-04
-2.887175185605883598e-03
-1.126361545175313950e-03
1.377986278384923935e-03
-7.512640877394005656e-06
-3.022571559995412827e-03
-6.465893238782882690e-05
2.363986801356077194e-03
-3.808378241956233978e-03
-1.188982743769884109e-03
1.655065425438806415e-04
-2.547054318711161613e-03
-1.149719755630940199e-04
-3.564822254702448845e-03
9.430383215658366680e-04
-2.795055275782942772e-03
1.920041046105325222e-03
-2.221233211457729340e-03
1.995109487324953079e-03
2.808053279295563698e-03
-2.480954397469758987e-03
4.978812066838145256e-04
3.671475569717586040e-04
-1.096238556783646345e-04
-3.450945368967950344e-04
-2.260930137708783150e-03
-2.503671217709779739e-03
1.140345935709774494e-03
2.032597083598375320e-03
-7.518444908782839775e-04
-2.458973322063684464e-03
-2.070459304377436638e-03
-4.279750282876193523e-04
2.149136969819664955e-03
-7.431831327266991138e-04
1.071935519576072693e-03
-3.036023117601871490e-03
6.433294038288295269e-04
-1.267716404981911182e-03
-3.249382833018898964e-03
9.654781315475702286e-04
-2.950007095932960510e-03
3.171948774252086878e-04
3.520195605233311653e-03
7.809895905666053295e-04
6.400739075616002083e-04
2.562854206189513206e-03
1.688831252977252007e-03
2.523138420656323433e-03
-1.386669231578707695e-03
2.160155680030584335e-03
-1.897616893984377384e-03
9.431525832042098045e-04
2.030569361522793770e-03
6.690248847007751465e-04
-2.703463193029165268e-03
-2.024365676334127784e-04
3.827441250905394554e-03
-2.512471110094338655e-04
2.077379496768116951e-03
-2.574438229203224182e-03
-7.194961654022336006e-04
3.883501980453729630e-03
-1.449989620596170425e-03
2.520255977287888527e-03
-9.588638204149901867e-04
-2.795604988932609558e-03
2.300279680639505386e-03
3.737086197361350060e-03
2.017825376242399216e-03
-6.290564779192209244e-04
1.794982119463384151e-03
1.376868574880063534e-03
1.245016814209520817e-03
-3.289886983111500740e-03
-2.806366188451647758e-03
6.781105767004191875e-04
-1.621261471882462502e-03
-2.917558653280138969e-03
7.732115918770432472e-04
7.525582914240658283e-04
-4.037267935927957296e-04
-1.037674141116440296e-03
1.928537851199507713e-03
-4.435562004800885916e-04
-1.088119111955165863e-03
-3.621524374466389418e-04
-3.168213879689574242e-03
-8.086275774985551834e-04
2.449642168357968330e-03
3.618728369474411011e-04
-8.226928766816854477e-04
1.042848802171647549e-03
8.513366919942200184e-04
2.868622308596968651e-03
-4.988258660887368023e-05
2.008371986448764801e-03
-2.846231451258063316e-03
-2.670475805643945932e-04
-1.769464870449155569e-04
1.554791466332972050e-03
1.955217914655804634e-03
3.149176714941859245e-03
8.764561789575964212e-05
1.075008534826338291e-03
-7.233917131088674068e-05
3.544295439496636391e-03
4.361629253253340721e-04
-9.403311414644122124e-04
-2.691690344363451004e-03
-4.955634358339011669e-04
-1.064252923242747784e-03
3.128097858279943466e-03
-2.377258148044347763e-03
3.180011408403515816e-03
3.728393465280532837e-03
1.173253636807203293e-03
2.252966631203889847e-03
-3.734260099008679390e-03
-6.741856923326849937e-04
-1.622244017198681831e-03
8.914252393878996372e-04
-2.272570505738258362e-03
-1.142594846896827221e-03
-3.307346487417817116e-03
1.307426718994975090e-03
3.814521944150328636e-03
-2.461631316691637039e-03
-5.591528606601059437e-04
-5.255142459645867348e-04
1.348831483483081684e-05
-1.254331553354859352e-03
6.255237385630607605e-04
1.142904278822243214e-03
-2.124923281371593475e-03
-3.869769163429737091e-03
2.547646872699260712e-03
-5.281019257381558418e-04
2.977180760353803635e-03
3.542838385328650475e-03
-2.261900575831532478e-03
9.809217881411314011e-04
4.109129076823592186e-04
1.144128385931253433e-03
-6.349305476760491729e-05
-3.751925192773342133e-03
3.597579430788755417e-03
-1.841777935624122620e-03
-2.776105888187885284e-03
2.416254952549934387e-03
1.570842694491147995e-03
-2.504587173461914062e-04
1.446111942641437054e-03
3.158040577545762062e-03
1.807500491850078106e-03
-2.070774789899587631e-03
-5.834187031723558903e-04
2.946454100310802460e-03
-2.141920151188969612e-03
5.248581292107701302e-04
-2.988738939166069031e-03
-3.176761791110038757e-03
9.439978166483342648e-04
8.171694935299456120e-05
-3.455894999206066132e-03
2.704812213778495789e-04
2.429232234135270119e-03
-2.767770551145076752e-03
2.759316237643361092e-03
2.585193375125527382e-03
-2.448781160637736320e-03
-3.616129280999302864e-03
-1.697682426311075687e-03
-3.195201134076341987e-05
3.614193992689251900e-03
6.845683092251420021e-04
-2.989297965541481972e-03
2.963621634989976883e-03
-5.495482473634183407e-04
1.332188257947564125e-03
1.284166937693953514e-03
2.248906530439853668e-03
3.368462435901165009e-03
-1.604542718268930912e-03
3.107425058260560036e-03
-7.550964946858584881e-04
-2.398943295702338219e-03
1.837820396758615971e-03
6.667277193628251553e-04
2.324991161003708839e-03
2.805699361488223076e-03
-2.809388097375631332e-03
-1.463397406041622162e-03
2.475186018273234367e-03
-2.745564328506588936e-03
-2.076949924230575562e-03
-1.940069720149040222e-03
-1.487785601057112217e-03
3.716225968673825264e-03
2.611390314996242523e-03
3.786634479183703661e-04
1.569611136801540852e-03
3.356836736202239990e-03
-1.690872129984200001e-03
-3.495937446132302284e-03
-1.593247056007385254e-03
-1.783435349352657795e-03
-2.563133137300610542e-03
-3.681317437440156937e-03
1.219186582602560520e-03
1.059070462360978127e-03
6.478006253018975258e-04
1.507439417764544487e-03
-4.701580619439482689e-04
3.590152133256196976e-03
8.653230615891516209e-04
1.081741298548877239e-03
