-1.092226011678576469e-03
-9.308230364695191383e-04
2.348591340705752373e-03
2.907910151407122612e-03
1.425807131454348564e-04
-3.521753009408712387e-03
3.556165378540754318e-03
1.312420237809419632e-03
-2.232856815680861473e-03
-2.614906697999686003e-04
-2.662724116817116737e-03
-2.106738975271582603e-03
1.875644666142761707e-03
1.453445147490128875e-04
3.605047240853309631e-03
-6.985108484514057636e-04
3.676406573504209518e-03
-1.870742067694664001e-03
4.408603126648813486e-04
2.419719472527503967e-03
-8.157660340657457709e-05
3.830313915386795998e-03
1.343610463663935661e-03
3.564155485946685076e-05
-3.584123682230710983e-03
3.225000575184822083e-03
3.651449922472238541e-03
-1.012954511679708958e-03
-1.230387948453426361e-03
4.827874654438346624e-04
1.969556091353297234e-03
1.977908192202448845e-03
3.289681859314441681e-03
3.862422890961170197e-03
2.796726534143090248e-03
2.508990932255983353e-03
3.352059051394462585e-03
3.534880932420492172e-03
7.213634089566767216e-04
-2.491572871804237366e-03
-2.144147874787449837e-03
-2.836700063198804855e-03
3.618683200329542160e-03
-5.967430770397186279e-04
-3.653133055195212364e-03
2.628367801662534475e-04
2.365370164625346661e-04
2.093595219776034355e-03
-1.272693625651299953e-03
-5.553563241846859455e-04
3.772617317736148834e-03
-1.798190292902290821e-03
-3.677503205835819244e-03
-1.291793305426836014e-03
-2.739765681326389313e-03
-1.145015812653582543e-05
-3.446955000981688499e-03
-3.303365083411335945e-03
-2.903481246903538704e-03
-3.114648396149277687e-03
-1.838727970607578754e-03
4.761980671901255846e-04
2.363738021813333035e-04
3.822835162281990051e-03
1.517759868875145912e-03
-9.003297309391200542e-04
2.142497251043096185e-04
2.319480525329709053e-03
-1.118178712204098701e-03
3.874092362821102142e-03
-4.900423227809369564e-04
-2.348979935050010681e-03
3.409893484786152840e-03
3.111672122031450272e-03
-3.657741472125053406e-03
-3.547800472006201744e-03
1.991788012674078345e-04
3.682985669001936913e-03
-2.514847321435809135e-03
1.277740579098463058e-03
3.765947418287396431e-03
-9.322750265710055828e-04
2.348536159843206406e-03
1.454742974601686001e-03
1.326393612544052303e-05
2.157982671633362770e-03
1.744932145811617374e-03
-1.793931121937930584e-03
-2.952136564999818802e-03
3.204309148713946342e-03
-2.294868463650345802e-04
3.430127631872892380e-03
7.708048215135931969e-04
-3.381407121196389198e-03
1.335159409791231155e-03
1.054397434927523136e-04
-2.546647156123071909e-04
1.737163751386106014e-03
-1.392910606227815151e-03
2.458854578435420990e-03
1.233040355145931244e-03
2.342059597140178084e-04
-2.895716112107038498e-03
-1.499598496593534946e-03
3.367152530699968338e-03
-2.919046906754374504e-03
1.875233137980103493e-03
3.474192460998892784e-03
-2.123416168615221977e-03
5.040170508436858654e-04
3.782881889492273331e-03
-1.350776059553027153e-03
1.477055717259645462e-03
-3.192703938111662865e-03
1.026090583764016628e-03
1.718582818284630775e-03
2.221135655418038368e-04
3.108663484454154968e-03
-1.262558624148368835e-03
4.185051657259464264e-04
-1.274487469345331192e-03
3.627182450145483017e-03
2.681972924619913101e-03
3.721409011632204056e-04
-6.279583321884274483e-04
-2.168331062421202660e-03
1.579584437422454357e-03
-2.096513053402304649e-03
5.275370203889906406e-04
-4.009311960544437170e-04
-2.261643763631582260e-03
-2.429113723337650299e-03
3.729161107912659645e-03
2.123499987646937370e-03
-4.850275581702589989e-04
-3.792013041675090790e-03
2.017854247242212296e-03
3.906517289578914642e-03
2.790926489979028702e-03
1.384035800583660603e-03
3.499646671116352081e-03
3.479600418359041214e-03
2.183752134442329407e-03
2.005660498980432749e-04
-1.861791592091321945e-03
-2.702313940972089767e-03
1.224972074851393700e-03
-3.628592938184738159e-03
1.999041065573692322e-03
-1.757237478159368038e-03
-2.028018701821565628e-03
-5.684419884346425533e-04
2.097953576594591141e-03
3.267420688644051552e-03
-1.282809418626129627e-03
-3.619147464632987976e-03
-2.190232276916503906e-03
-2.191234088968485594e-04
1.343683223240077496e-03
-3.495704615488648415e-03
-2.065076027065515518e-03
2.147544641047716141e-03
-4.024472145829349756e-04
-2.640280406922101974e-03
5.441418034024536610e-04
3.835631301626563072e-03
-5.188664072193205357e-04
1.762842759490013123e-03
1.757958787493407726e-03
1.218184479512274265e-03
-1.468633534386754036e-03
-2.634819597005844116e-03
3.676685970276594162e-03
3.593397093936800957e-03
-1.040695351548492908e-03
2.042230218648910522e-03
2.131502144038677216e-03
-2.529570600017905235e-03
-1.106135663576424122e-03
4.480724746827036142e-04
-1.446257811039686203e-03
3.752973396331071854e-03
2.298885257914662361e-03
-3.348499536514282227e-03
8.041475084610283375e-04
5.435525672510266304e-04
1.530590088805183768e-04
1.115483697503805161e-03
-2.194428816437721252e-03
1.961387926712632179e-03
-2.973379800096154213e-03
-2.879059175029397011e-03
-2.500474452972412109e-03
3.458790248259902000e-03
-3.042457592528080568e-06
-3.278046147897839546e-03
3.326197387650609016e-03
-2.584261121228337288e-03
2.589506912045180798e-04
-2.130874490831047297e-04
-9.517475846223533154e-04
5.062454729340970516e-04
1.137565355747938156e-03
-1.127963187173008919e-03
-3.776452736929059029e-03
-1.755450502969324589e-03
2.076124219456687570e-04
2.701218239963054657e-03
1.702721114270389080e-03
2.585028065368533134e-03
-4.121513920836150646e-04
-2.014544326812028885e-03
1.730172312818467617e-03
2.249228302389383316e-03
5.298372707329690456e-04
-1.139036263339221478e-03
-3.400584391783922911e-04
2.083712490275502205e-03
3.223006846383213997e-03
-2.367485722061246634e-04
-1.977313542738556862e-03
3.536790376529097557e-03
-3.438634797930717468e-03
-8.060564869083464146e-04
-3.029039129614830017e-03
2.840588240360375494e-05
3.335327608510851860e-03
-2.527609234675765038e-03
3.716855542734265327e-03
1.177310245111584663e-03
2.347543137148022652e-03
-3.865043167024850845e-03
-3.453499171882867813e-03
-2.568296389654278755e-03
-6.817215471528470516e-04
6.235605542315170169e-05
-3.671293612569570541e-03
-1.071066595613956451e-03
3.115240717306733131e-03
1.529869739897549152e-03
-1.573194167576730251e-03
9.404954616911709309e-04
1.084287418052554131e-03
2.103789709508419037e-03
-2.574176527559757233e-03
-3.475105622783303261e-03
-1.731322379782795906e-03
1.107063493691384792e-03
-2.032149117439985275e-03
-8.322909707203507423e-04
-1.978264481294900179e-04
3.136671613901853561e-03
1.282821060158312321e-03
-3.685822943225502968e-03
-8.513656212016940117e-04
-3.890664549544453621e-03
