-2.705614082515239716e-03
5.703205824829638004e-04
2.966155065223574638e-03
1.429634983651340008e-03
-2.208336489275097847e-03
3.677109198179095984e-04
-1.949824974872171879e-03
-3.626932448241859674e-05
2.051624935120344162e-03
-1.627044752240180969e-03
-9.398761903867125511e-04
2.789969090372323990e-03
3.379279747605323792e-03
2.462039934471249580e-03
3.614863846451044083e-03
7.533507305197417736e-04
2.218331675976514816e-03
-1.153483521193265915e-03
-2.260985638713464141e-04
1.048772362992167473e-03
3.457786981016397476e-03
5.056714871898293495e-04
4.376138385850936174e-04
-2.214759355410933495e-03
2.093602437525987625e-03
2.801774535328149796e-03
4.244060837663710117e-04
-1.444072579033672810e-03
3.293668385595083237e-03
2.954458585008978844e-03
2.929456997662782669e-03
-1.527197076939046383e-03
3.714831778779625893e-03
-3.239284968003630638e-03
-1.222690218128263950e-03
9.667312842793762684e-04
-1.824641483835875988e-03
-1.692412653937935829e-03
8.644738409202545881e-05
2.352569019421935081e-03
-1.102346810512244701e-03
1.405424438416957855e-03
3.317631199024617672e-04
-3.447865601629018784e-04
7.758169085718691349e-04
2.275293227285146713e-03
-2.356685698032379150e-03
1.428408548235893250e-03
3.368059871718287468e-03
2.554312115535140038e-03
2.480542054399847984e-03
-1.597408670932054520e-03
-3.868930274620652199e-03
-1.913888962008059025e-03
-2.112307352945208549e-03
-3.102875547483563423e-03
-9.800741681829094887e-04
3.411938901990652084e-03
-2.684411359950900078e-03
-3.395903855562210083e-03
1.244837767444550991e-03
2.758315764367580414e-03
-2.768637612462043762e-03
3.075937740504741669e-03
-2.265062939841300249e-04
2.408021129667758942e-03
3.214646829292178154e-03
-1.232756068930029869e-03
1.377281383611261845e-03
-1.692841760814189911e-03
4.591119359247386456e-04
-1.632661093026399612e-03
-2.485811477527022362e-03
-1.143759698607027531e-03
-3.530035959556698799e-03
-8.088737376965582371e-04
2.698523690924048424e-03
-8.605323382653295994e-04
-1.956577179953455925e-03
-2.521543530747294426e-03
-1.630575978197157383e-03
-2.689249347895383835e-03
-2.066829008981585503e-03
1.268260180950164795e-03
-3.355696564540266991e-03
4.585197602864354849e-04
1.580706739332526922e-04
8.652348187752068043e-04
-2.374468371272087097e-03
-1.589051447808742523e-03
-3.644046839326620102e-03
1.259415294043719769e-03
3.631541738286614418e-03
2.051678020507097244e-03
3.451924072578549385e-03
-3.752348334273847286e-07
-2.079621423035860062e-03
-2.574090831330977380e-05
-1.590650499565526843e-04
-1.153546400018967688e-04
-3.294295864179730415e-03
-3.467349335551261902e-03
-1.644435687921941280e-03
-1.025085570290684700e-03
2.467100974172353745e-03
-1.122336019761860371e-03
-1.610368839465081692e-03
-1.407471718266606331e-03
3.245361847802996635e-03
3.268299042247235775e-04
1.129379845224320889e-03
3.829165652859956026e-04
-2.194271655753254890e-03
3.752694232389330864e-03
-3.091626102104783058e-03
-2.419945318251848221e-03
-1.923737145261839032e-04
3.107056953012943268e-03
-2.741301432251930237e-03
-3.317348891869187355e-03
2.279208740219473839e-03
3.506006440147757530e-03
-2.777181332930922508e-03
-7.146080024540424347e-04
-3.036474576219916344e-03
-6.812338833697140217e-04
-1.907022786326706409e-03
1.845614984631538391e-03
-2.878753934055566788e-03
-1.143811154179275036e-03
-1.737912883982062340e-03
-3.184390021488070488e-03
-2.874026773497462273e-03
7.331048254854977131e-04
-2.626194327604025602e-04
3.085452597588300705e-03
-6.500539166154339910e-05
2.163532190024852753e-03
1.299776718951761723e-03
-2.742111973930150270e-04
2.834515878930687904e-03
-6.881317240186035633e-04
-1.760104554705321789e-03
2.070283517241477966e-03
1.274367095902562141e-04
1.241967896930873394e-03
-3.230300964787602425e-03
3.800812410190701485e-04
3.320351708680391312e-03
2.068546164082363248e-04
2.352199284359812737e-03
-3.832377726212143898e-03
2.167078899219632149e-03
-9.126380900852382183e-04
1.493124174885451794e-03
1.731311087496578693e-03
1.433445489965379238e-03
-2.097774064168334007e-03
-3.805474610999226570e-03
-2.453447377774864435e-04
7.110907463356852531e-04
-1.686402363702654839e-03
-3.365850541740655899e-03
1.670383062446489930e-04
-9.841542923822999001e-04
1.144216745160520077e-03
3.110614139586687088e-03
1.543122809380292892e-03
-3.147262148559093475e-03
3.606515238061547279e-03
-1.913514337502419949e-03
-9.321703691966831684e-04
-8.300184272229671478e-04
-1.789505477063357830e-03
3.619987051934003830e-03
-2.933554816991090775e-03
-9.307394066127017140e-05
3.274710150435566902e-03
3.643965348601341248e-03
2.086251741275191307e-03
2.320275874808430672e-03
4.940147628076374531e-04
3.226802218705415726e-03
-1.125074806623160839e-03
3.225589403882622719e-03
-8.639791049063205719e-04
8.657544385641813278e-04
-3.027405589818954468e-03
1.967879245057702065e-03
-5.069213802926242352e-04
1.208428293466567993e-03
1.352034043520689011e-03
2.031225711107254028e-03
9.692417806945741177e-04
-1.659970730543136597e-03
1.391696423524990678e-04
1.257976167835295200e-03
-1.285227830521762371e-03
-2.825940027832984924e-03
-9.309445886174216866e-05
-2.433618297800421715e-03
-3.536041826009750366e-03
1.037940382957458496e-04
-3.495623823255300522e-03
2.757298934739083052e-04
1.585221150889992714e-03
-1.989283598959445953e-03
-2.548556309193372726e-03
-1.326905912719666958e-03
1.542974379844963551e-03
3.797280834987759590e-03
-3.384468378499150276e-03
3.756179707124829292e-03
3.045063000172376633e-03
8.779827621765434742e-04
2.375402022153139114e-03
-4.285027098376303911e-04
-8.676560828462243080e-04
2.925984153989702463e-04
3.564531216397881508e-03
-2.347597852349281311e-03
-2.109994646161794662e-03
-3.065932309255003929e-03
3.790798597037792206e-03
9.319734526798129082e-04
1.557653886266052723e-03
-3.277766518294811249e-03
5.836371565237641335e-04
3.328911261633038521e-03
-1.182224368676543236e-03
-2.872396027669310570e-03
-3.642456373199820518e-03
-1.596385263837873936e-03
-1.172515447251498699e-03
2.589305629953742027e-03
1.338820438832044601e-03
1.125074573792517185e-03
2.034716773778200150e-03
-1.925006392411887646e-03
-3.116661682724952698e-03
-2.283232985064387321e-03
-1.604346907697618008e-03
-2.563253045082092285e-03
-3.817282384261488914e-03
-5.917191738262772560e-04
3.823168575763702393e-03
-2.986519539263099432e-04
-2.315653720870614052e-03
7.393520209006965160e-04
-3.155061742290854454e-03
-1.231456291861832142e-03
1.975083025172352791e-03
-1.103695482015609741e-03
-2.878109458833932877e-03
6.906642374815419316e-05
-1.379468711093068123e-03
