2.967860549688339233e-03
-6.041703163646161556e-04
2.949488116428256035e-03
2.444017911329865456e-03
-2.552930265665054321e-03
2.245816169306635857e-03
-3.398088505491614342e-03
3.237572498619556427e-03
-1.122946501709520817e-03
-3.701874986290931702e-03
-2.670921850949525833e-03
3.848948748782277107e-03
-3.843055164907127619e-04
-7.592126494273543358e-04
-8.571277139708399773e-04
3.168057650327682495e-03
-3.688978031277656555e-03
3.829940222203731537e-03
-1.379850902594625950e-03
-4.956252523697912693e-04
2.617244608700275421e-03
1.163624547189101577e-04
3.967519733123481274e-04
-2.482734271325170994e-04
3.849859815090894699e-03
3.898454830050468445e-03
6.810243357904255390e-04
1.094950562219310086e-06
3.407008014619350433e-03
1.329405000433325768e-03
-2.464027144014835358e-03
-5.603896570391952991e-04
-1.317572896368801594e-03
1.730253919959068298e-03
5.223098560236394405e-04
1.552972476929426193e-03
-2.752454020082950592e-03
1.781834755092859268e-03
-2.062736311927437782e-04
5.718906177207827568e-04
2.449725987389683723e-03
-2.613684628158807755e-04
-1.650863559916615486e-03
-1.440707012079656124e-03
-2.329064533114433289e-03
3.410745412111282349e-04
3.661473514512181282e-03
3.708244767040014267e-04
-2.064483938738703728e-03
8.549744379706680775e-04
-3.972768317908048630e-04
-3.480768995359539986e-03
-3.795388154685497284e-03
-3.120425390079617500e-03
-1.234803348779678345e-03
1.870642998255789280e-03
1.080390997231006622e-03
1.916608423925936222e-03
-1.044648117385804653e-03
-2.923464635387063026e-03
-4.829554382013157010e-05
2.068178029730916023e-03
3.173841862007975578e-03
3.512712894007563591e-03
-1.621129806153476238e-03
3.507467219606041908e-03
2.337919140700250864e-04
4.823023336939513683e-04
1.944099436514079571e-03
-2.777360612526535988e-03
-6.006431649439036846e-04
2.183878095820546150e-03
1.645491807721555233e-03
1.237601391039788723e-04
1.860146294347941875e-03
3.166381735354661942e-03
2.655641874298453331e-03
3.025884216185659170e-04
3.688170108944177628e-03
-2.261155983433127403e-03
1.156714162789285183e-03
-2.991926856338977814e-03
2.565863542258739471e-03
-3.719209227710962296e-03
-3.168292110785841942e-03
3.073369851335883141e-03
-3.334271954372525215e-03
3.297580173239111900e-03
-1.199416932649910450e-03
-3.164002439007163048e-03
-9.800957050174474716e-04
1.423081848770380020e-03
3.701055888086557388e-03
-1.597810769453644753e-03
1.205204753205180168e-03
2.920079976320266724e-03
-4.039028135593980551e-04
3.645274322479963303e-03
-2.068462083116173744e-03
-3.898470022249966860e-04
-1.873976667411625385e-03
-9.068934596143662930e-04
9.157648310065269470e-04
3.124369308352470398e-03
2.927570138126611710e-03
-1.715094316750764847e-03
-5.344889359548687935e-04
3.068600548431277275e-03
3.570956643670797348e-03
3.556844778358936310e-03
-2.111552515998482704e-03
-2.182120224460959435e-03
1.827003667131066322e-03
-8.092601201497018337e-04
-5.737847532145678997e-04
2.029563765972852707e-03
2.400067896815016866e-04
-1.998224295675754547e-03
3.809062764048576355e-03
1.500076032243669033e-03
-1.119517488405108452e-03
-5.661136819981038570e-04
-7.700490095885470510e-05
3.665043273940682411e-03
8.672277326695621014e-04
2.802959643304347992e-03
6.340105755953118205e-05
3.483605803921818733e-03
-2.147082122974097729e-04
6.305968854576349258e-04
3.280966542661190033e-03
1.991914818063378334e-03
1.982682617381215096e-03
-1.913322368636727333e-03
-4.960161750204861164e-04
1.625262782908976078e-03
-7.228207541629672050e-04
-2.973428927361965179e-03
-1.563732803333550692e-04
-1.618016511201858521e-03
-1.159151070169173181e-04
1.356987631879746914e-03
-2.584383357316255569e-03
2.911101793870329857e-03
-1.936183078214526176e-03
-2.475360408425331116e-03
1.952929189428687096e-03
-1.813817885704338551e-03
-1.285027014091610909e-03
-3.171439049765467644e-03
-1.015726709738373756e-03
-3.788881702348589897e-03
1.534148585051298141e-03
-1.760324579663574696e-03
5.277126911096274853e-05
-3.857522387988865376e-04
-3.109221812337636948e-03
-3.553168615326285362e-03
1.249683438800275326e-03
-2.781818853691220284e-03
2.833107253536581993e-03
1.439279760234057903e-03
1.580417156219482422e-03
2.837367355823516846e-03
1.189747359603643417e-03
-3.588129067793488503e-03
-1.083137118257582188e-03
2.046290319412946701e-03
-4.979207296855747700e-04
-1.508410554379224777e-03
8.349380805157124996e-04
-6.788401515223085880e-04
2.329851035028696060e-03
3.573503578081727028e-03
-1.939436071552336216e-03
-1.123597263358533382e-03
3.608880564570426941e-03
-2.368816640228033066e-03
7.526895496994256973e-04
2.589503768831491470e-03
1.887030433863401413e-03
-2.203440526500344276e-03
-7.356706191785633564e-04
9.588088141754269600e-04
2.451391890645027161e-03
8.258707239292562008e-04
2.017717197304591537e-04
-2.661537611857056618e-03
3.893240820616483688e-03
2.289950847625732422e-03
3.287488128989934921e-03
1.117555773817002773e-03
3.589359112083911896e-03
-3.166881389915943146e-03
-3.406880423426628113e-03
1.878429437056183815e-03
2.533587394282221794e-04
-1.019561081193387508e-03
-2.902422333136200905e-03
-1.223907922394573689e-03
-3.824716259259730577e-04
1.916626584716141224e-03
1.415388658642768860e-03
-3.613566979765892029e-03
-2.471245825290679932e-03
2.166033722460269928e-03
-1.788533518265467137e-05
6.240233196876943111e-04
-1.446658396162092686e-03
1.648111734539270401e-03
1.067507080733776093e-03
2.105971332639455795e-03
-7.034943555481731892e-04
2.817616332322359085e-03
-2.360077109187841415e-03
2.778997644782066345e-03
1.916656736284494400e-03
-1.696309074759483337e-03
1.940684393048286438e-03
4.262987931724637747e-04
1.226174063049256802e-03
2.165920450352132320e-04
-3.169253235682845116e-03
1.774353906512260437e-03
-2.305261092260479927e-03
2.489277161657810211e-03
1.745473011396825314e-03
-1.002987381070852280e-03
1.092148013412952423e-03
4.113929753657430410e-04
-1.918533933348953724e-03
8.586431504227221012e-04
-1.578775583766400814e-03
-2.812411636114120483e-03
-3.628858597949147224e-03
3.077709814533591270e-03
1.681951805949211121e-03
5.408333963714540005e-04
2.237668726593255997e-03
-2.894463948905467987e-03
-7.689482299610972404e-04
-1.999248284846544266e-03
-3.314173081889748573e-03
-3.643590025603771210e-03
1.728800823912024498e-03
-1.587411155924201012e-03
-2.692076843231916428e-03
-2.730693435296416283e-03
3.139179199934005737e-03
2.466308418661355972e-03
-1.117882784456014633e-03
2.019701525568962097e-03
-2.139081712812185287e-03
-1.792915514670312405e-03
3.231237409636378288e-03
4.496297624427825212e-04
