5.723688082071021199e-05
-3.475309815257787704e-03
1.640396541915833950e-03
-1.642933697439730167e-03
-3.653899766504764557e-03
-2.051827032119035721e-03
3.418407868593931198e-03
8.071783231571316719e-04
2.750772051513195038e-03
2.267781092086806893e-04
-9.781586704775691032e-04
-5.523561267182230949e-04
-1.065898919478058815e-03
1.627954654395580292e-03
-2.986497711390256882e-04
1.631143153645098209e-03
5.623308243229985237e-04
2.180845942348241806e-03
-1.221533049829304218e-03
2.995334332808852196e-03
2.994705224409699440e-03
3.421950386837124825e-03
1.646753516979515553e-03
-3.721095621585845947e-03
2.213654574006795883e-03
2.518599154427647591e-03
2.465494442731142044e-03
3.119006287306547165e-03
-5.947371246293187141e-04
-1.204659463837742805e-03
1.035080058500170708e-03
1.480571576394140720e-03
-3.652971470728516579e-03
-1.709342584945261478e-03
-2.145777543773874640e-04
-3.308824729174375534e-03
8.714334107935428619e-04
-5.065273726359009743e-04
-1.494600437581539154e-03
-3.786495653912425041e-03
3.143850248306989670e-03
-2.850443124771118164e-03
-2.621317049488425255e-03
3.269773442298173904e-03
1.963124610483646393e-03
3.167386166751384735e-03
-3.526392625644803047e-03
1.931364648044109344e-03
1.012327149510383606e-03
-3.442381275817751884e-03
-3.249840810894966125e-03
-1.765760593116283417e-03
-1.101951129385270178e-04
2.859387546777725220e-03
5.930157494731247425e-04
1.078749657608568668e-03
1.733939512632787228e-03
3.133225254714488983e-03
2.203589305281639099e-03
1.406203606165945530e-03
3.378763096407055855e-03
-3.880239557474851608e-03
2.410297282040119171e-03
5.171556258574128151e-04
8.475607610307633877e-04
7.219613180495798588e-04
-3.629532642662525177e-03
1.899076625704765320e-03
-4.249027406331151724e-04
-4.488626145757734776e-04
-1.454540179111063480e-03
1.098575885407626629e-03
-6.556150037795305252e-05
9.887638734653592110e-04
4.691073263529688120e-04
-1.776564749889075756e-03
1.260104589164257050e-03
1.972353318706154823e-03
-3.891419619321823120e-03
-2.085956744849681854e-03
3.439174732193350792e-03
-1.347948913462460041e-03
-7.314955582842230797e-04
-3.408816875889897346e-03
3.447422524914145470e-03
3.735298058018088341e-03
-1.926442142575979233e-03
3.152005141600966454e-03
8.541796705685555935e-05
-1.964561641216278076e-03
2.351719187572598457e-03
3.051218111068010330e-03
4.362272738944739103e-04
8.965569431893527508e-04
3.161610802635550499e-03
9.250072762370109558e-04
-3.770867595449090004e-03
3.589289262890815735e-03
1.995110651478171349e-03
-1.254947856068611145e-03
3.227218985557556152e-03
4.123735707253217697e-04
3.677995118778198957e-04
3.765207715332508087e-03
1.744294655509293079e-03
6.366062443703413010e-04
2.064529107883572578e-03
-1.939941663295030594e-03
3.400700632482767105e-03
1.433697412721812725e-03
3.392050974071025848e-03
3.441779641434550285e-03
2.273245947435498238e-03
1.750884694047272205e-04
-3.246526932343840599e-03
9.796645026654005051e-04
5.157093401066958904e-04
-1.548612373881042004e-03
-4.560784145724028349e-04
-6.498373695649206638e-04
1.312257809331640601e-04
1.798714976757764816e-03
2.340224309591576457e-04
1.904083183035254478e-03
-8.135357638821005821e-04
4.874177102465182543e-04
-5.044752615503966808e-04
2.805452641041483730e-05
5.385818076319992542e-04
1.358962268568575382e-03
-3.319830168038606644e-03
1.059163128957152367e-03
3.372286679223179817e-03
-5.354451132006943226e-04
-2.856688108295202255e-03
-3.717365907505154610e-03
-3.258752403780817986e-03
-1.550423214212059975e-03
-4.144529812037944794e-04
2.393136499449610710e-03
1.575159025378525257e-03
1.706601586192846298e-03
-1.822366728447377682e-03
-1.875970279797911644e-03
-3.693812992423772812e-03
-2.225167350843548775e-03
-3.012071130797266960e-03
3.445143578574061394e-03
-4.242158320266753435e-04
1.204899628646671772e-03
4.061847866978496313e-04
-1.868825755082070827e-03
3.499893471598625183e-03
-3.890116699039936066e-03
-3.067077137529850006e-03
-1.139695872552692890e-03
-2.179005678044632077e-04
8.677738369442522526e-04
4.339499573688954115e-04
2.944753970950841904e-03
2.185308607295155525e-03
-1.228373497724533081e-03
-1.084553194232285023e-03
8.074659272097051144e-04
-2.391452435404062271e-03
3.203155705705285072e-03
-2.541090594604611397e-03
3.173275850713253021e-03
-3.711155150085687637e-03
2.759343013167381287e-03
1.053526881150901318e-03
1.122864312492311001e-03
-2.558012260124087334e-03
8.032294572331011295e-04
-2.278733765706419945e-03
1.684367423877120018e-03
-7.163521950133144855e-04
-7.113837637007236481e-04
-3.382161725312471390e-03
1.954020000994205475e-03
6.064052577130496502e-04
-3.721756394952535629e-03
-1.265565369976684451e-04
3.388539887964725494e-03
-3.798456164076924324e-03
1.701915869489312172e-03
3.685216652229428291e-03
-3.816727548837661743e-03
1.520820311270654202e-03
1.640713424421846867e-03
-3.789455629885196686e-03
6.103634368628263474e-04
1.693557947874069214e-03
9.031552472151815891e-04
-1.329824299318715930e-04
1.168716931715607643e-03
1.288017490878701210e-03
-2.938411897048354149e-03
8.258213056251406670e-04
-3.596495371311903000e-03
-1.981691224500536919e-03
-2.259891247376799583e-03
3.885868238285183907e-03
-3.274663118645548820e-03
1.741344691254198551e-03
-2.214469248428940773e-03
-4.383717605378478765e-04
1.752369222231209278e-03
-2.918768674135208130e-03
-1.301901065744459629e-03
-3.319687675684690475e-03
5.775807076133787632e-04
-3.571319684851914644e-04
-1.895224675536155701e-03
9.380837436765432358e-04
2.879567909985780716e-03
8.282993803732097149e-04
-3.364611882716417313e-03
1.495959237217903137e-03
3.992425918113440275e-04
1.187675632536411285e-03
3.404137387406080961e-04
3.720000153407454491e-03
2.204387448728084564e-03
3.774883458390831947e-03
2.972622402012348175e-03
2.504234667867422104e-03
1.892297761514782906e-03
-3.771302523091435432e-03
-3.027417464181780815e-03
-3.814036957919597626e-03
2.072870964184403419e-03
-1.190888579003512859e-03
-1.810416724765673280e-04
-3.349671605974435806e-03
-1.887901336885988712e-03
3.835535142570734024e-03
2.051789080724120140e-03
3.458630293607711792e-03
2.334663411602377892e-03
3.100518602877855301e-03
-1.084223913494497538e-04
1.010094070807099342e-03
2.619323553517460823e-03
1.877798349596560001e-03
2.520755399018526077e-03
3.574495902284979820e-03
2.133321948349475861e-03
-1.648722449317574501e-03
1.422162982635200024e-03
-2.313367585884407163e-04
5.451829056255519390e-04
-1.192837837152183056e-03
3.394367740838788450e-05
2.130012260749936104e-03
-2.339386410312727094e-04
