-2.810636535286903381e-03
-1.523489598184823990e-03
-1.809553476050496101e-03
-1.897370530059561133e-04
-2.189105580328032374e-04
-3.693842096254229546e-03
1.818833174183964729e-03
-2.130316803231835365e-03
-2.419361844658851624e-03
3.023061435669660568e-03
2.006117254495620728e-03
-5.078535104985348880e-05
-3.648992395028471947e-03
2.064579864963889122e-03
1.210551126860082150e-03
8.478468516841530800e-04
-2.329759532585740089e-03
-2.256467938423156738e-03
1.236705284100025892e-04
3.238118253648281097e-03
-1.520098769105970860e-03
3.538137767463922501e-03
-1.765034161508083344e-03
3.799153259024024010e-03
-3.050543367862701416e-03
-3.102024085819721222e-03
-4.358675796538591385e-04
1.777191297151148319e-03
-2.059977734461426735e-03
-1.545064966194331646e-03
3.784696804359555244e-03
-3.668116638436913490e-03
3.617941401898860931e-03
1.837216987041756511e-04
2.679229248315095901e-03
2.698486670851707458e-03
-1.895999448606744409e-04
-2.924403175711631775e-03
1.400241162627935410e-03
-1.014070236124098301e-03
-2.410421846434473991e-03
1.678470405749976635e-03
1.317522983299568295e-04
2.870617201551795006e-03
-3.779071150347590446e-03
1.567633240483701229e-03
-3.799441619776189327e-04
-4.063331580255180597e-04
-3.148218151181936264e-03
1.157267950475215912e-03
-1.587209873832762241e-03
-1.338248839601874352e-03
1.623474410735070705e-03
-3.148754825815558434e-03
2.718973206356167793e-03
1.192651223391294479e-03
7.677769172005355358e-04
2.451114123687148094e-03
-1.318027061643078923e-04
-2.553083235397934914e-03
-8.113124640658497810e-04
2.891041571274399757e-03
-1.690611359663307667e-03
2.517468994483351707e-03
-2.920719096437096596e-03
3.268239554017782211e-03
-1.917212037369608879e-03
-1.859786803834140301e-03
2.754831984930206090e-05
3.252225928008556366e-03
-2.721352502703666687e-04
3.117777639999985695e-03
3.432421712204813957e-03
2.390463137999176979e-03
2.632085233926773071e-03
3.700277535244822502e-03
-2.747892634943127632e-03
1.824807841330766678e-03
3.540230216458439827e-03
-3.284806385636329651e-03
2.276325598359107971e-03
-1.802811631932854652e-03
-1.414390746504068375e-03
-1.076936605386435986e-04
-2.197858877480030060e-03
2.000814856728538871e-04
-1.368635799735784531e-03
1.971445046365261078e-03
-1.278952579014003277e-03
1.555820112116634846e-03
-1.210299436934292316e-03
3.771157935261726379e-03
-3.605608595535159111e-03
7.653100765310227871e-04
2.977130934596061707e-03
1.518028671853244305e-03
-1.998778170673176646e-04
-2.832252066582441330e-03
-2.559524262323975563e-03
3.498601960018277168e-03
5.882287223357707262e-05
-1.189048984088003635e-03
1.508981804363429546e-04
-1.177763217128813267e-03
1.128826057538390160e-03
2.570692449808120728e-03
-2.489399863407015800e-03
-3.584929741919040680e-03
3.392345272004604340e-03
-2.944373700302094221e-04
-2.276502316817641258e-03
-2.556494728196412325e-04
1.254983711987733841e-03
-3.767046378925442696e-03
-3.802136285230517387e-03
1.996520673856139183e-03
-2.351398812606930733e-03
1.105842238757759333e-04
-5.105026648379862309e-04
1.232381764566525817e-04
3.239674028009176254e-03
3.490735776722431183e-03
2.677872311323881149e-03
-2.395890653133392334e-03
1.927042379975318909e-03
3.557505086064338684e-03
3.400318324565887451e-03
-1.400336390361189842e-03
-8.877559448592364788e-04
1.015969086438417435e-03
-3.878261893987655640e-03
9.692357270978391171e-04
-3.829531371593475342e-03
6.269458681344985962e-04
-8.355311583727598190e-04
8.851200691424310207e-04
-3.432716708630323410e-03
-2.085641492158174515e-03
-1.661455142311751842e-03
1.048612059094011784e-03
-1.158576575107872486e-03
-1.933010178618133068e-03
-4.363933985587209463e-04
2.235407941043376923e-03
-2.857602667063474655e-03
8.798970957286655903e-04
2.428126521408557892e-03
2.143429825082421303e-03
-1.474871649406850338e-03
-2.522375667467713356e-03
-1.328460290096700191e-03
1.787483808584511280e-03
-1.293805078603327274e-03
-1.800618716515600681e-03
-2.387329703196883202e-03
2.074460033327341080e-03
-1.452969387173652649e-03
5.188288050703704357e-04
-3.747796406969428062e-03
-3.627779427915811539e-03
-2.052086172625422478e-03
3.656413638964295387e-03
1.768967253156006336e-03
-8.184693870134651661e-04
1.652947044931352139e-03
1.871171523816883564e-03
-8.418199140578508377e-04
2.026794943958520889e-03
1.048670150339603424e-03
-2.277866005897521973e-03
-3.032908134628087282e-04
2.246157266199588776e-03
-1.522088423371315002e-03
2.352775307372212410e-03
-7.457848405465483665e-04
7.477626204490661621e-04
-8.620289154350757599e-04
-1.019638963043689728e-03
-1.478113699704408646e-03
6.809712504036724567e-04
-3.185580251738429070e-03
-2.819587476551532745e-03
2.346613036934286356e-04
5.706766969524323940e-04
-3.239863319322466850e-03
4.955726908519864082e-04
1.854045898653566837e-03
-1.229873760166810825e-05
-3.083087271079421043e-03
3.342989599332213402e-03
1.735444180667400360e-03
-3.412665566429495811e-03
-2.725799800828099251e-03
-2.453409833833575249e-03
-2.285627415403723717e-03
-3.780609928071498871e-03
1.666015014052391052e-03
-2.368503948673605919e-03
6.246922421269118786e-04
-3.256191266700625420e-03
2.218107692897319794e-03
2.249503042548894882e-03
2.761349081993103027e-03
-2.909795381128787994e-03
1.108620082959532738e-03
2.389581408351659775e-03
3.615027293562889099e-03
-9.230807772837579250e-04
1.546013518236577511e-03
1.443465938791632652e-03
-1.091156154870986938e-03
-3.837622934952378273e-03
2.897518919780850410e-03
-2.641574712470173836e-03
3.592686494812369347e-03
2.126827370375394821e-03
1.303938101045787334e-03
-3.796458942815661430e-03
2.402086742222309113e-03
-1.281043631024658680e-03
2.633030293509364128e-03
-3.625652054324746132e-03
-2.287434646859765053e-03
1.051872270181775093e-03
3.178990678861737251e-03
-2.463841112330555916e-03
1.774473581463098526e-03
1.521458179922774434e-04
-3.896745620295405388e-03
-3.433585166931152344e-03
-2.638518810272216797e-03
2.566730137914419174e-03
-2.894229022786021233e-03
1.417531515471637249e-03
-1.358658657409250736e-03
2.498143818229436874e-03
-1.784872263669967651e-03
4.705854735220782459e-05
-1.199021120555698872e-03
-2.927590161561965942e-03
2.087267814204096794e-03
2.511353464797139168e-03
-8.644132758490741253e-04
-5.619334406219422817e-04
-6.548260571435093880e-04
4.937704215990379453e-05
1.962938578799366951e-03
3.863071091473102570e-03
-2.178516471758484840e-03
2.417579526081681252e-03
-1.249447697773575783e-03
-1.752675976604223251e-03
-3.404491581022739410e-03
9.193970472551882267e-04
1.110012293793261051e-03
2.555351471528410912e-03
