-3.184025175869464874e-03
-3.287294181063771248e-03
-9.953780099749565125e-04
7.110230508260428905e-04
1.120049855671823025e-04
-1.954371808096766472e-03
3.308671293780207634e-04
-4.499770875554531813e-05
-3.381861373782157898e-03
-1.253449241630733013e-03
-4.168616724200546741e-04
6.810019840486347675e-04
1.981681416509672999e-04
-2.225557575002312660e-03
3.034133231267333031e-03
-7.534008473157882690e-04
-1.473299111239612103e-03
-2.037497935816645622e-03
-2.951397094875574112e-03
-6.394516094587743282e-04
-2.328202826902270317e-03
-3.901127260178327560e-03
-5.123924347572028637e-04
3.842049045488238335e-03
2.110987436026334763e-03
3.207006957381963730e-03
-1.790837413864210248e-04
-1.303504803217947483e-03
-1.752120093442499638e-03
3.669676370918750763e-03
1.409046235494315624e-03
-5.709299002774059772e-04
-2.933050040155649185e-03
-2.368970075622200966e-03
3.784393891692161560e-03
2.061363542452454567e-03
8.170060755219310522e-05
-1.473119133152067661e-03
2.835270948708057404e-03
-2.717427443712949753e-03
2.648669527843594551e-03
3.384672570973634720e-03
1.269927481189370155e-03
2.967390930280089378e-03
1.536393072456121445e-03
-8.770247804932296276e-04
-2.549516968429088593e-03
-6.572434795089066029e-04
1.436201855540275574e-03
2.731187967583537102e-03
-3.738129045814275742e-03
3.354843473061919212e-03
-3.358936402946710587e-03
-3.724964626599103212e-04
1.342785544693470001e-03
-4.236744716763496399e-04
-3.210668452084064484e-03
5.053832428529858589e-04
1.280362135730683804e-03
3.616340225562453270e-03
-3.326223231852054596e-03
-9.345000144094228745e-04
-2.357839373871684074e-03
-3.524997970089316368e-03
2.711497712880373001e-03
6.871226942166686058e-04
2.906563458964228630e-03
2.161540556699037552e-03
3.899479284882545471e-03
3.437626874074339867e-04
3.265405073761940002e-03
1.149986987002193928e-03
-3.539125202223658562e-03
1.156182610429823399e-03
-3.904415760189294815e-03
-1.358193549094721675e-05
-2.406751038506627083e-03
-1.403526053763926029e-03
1.435836893506348133e-03
5.750957061536610126e-04
-2.338108373805880547e-03
-1.509440829977393150e-03
-8.907270967029035091e-04
-2.859866362996399403e-04
-2.436128444969654083e-03
1.380424248054623604e-03
2.803057432174682617e-03
-1.639289781451225281e-03
2.678846707567572594e-03
-1.463178079575300217e-03
2.667683642357587814e-03
3.203475847840309143e-03
-3.625212237238883972e-03
3.403248963877558708e-03
2.813530954881571233e-05
-3.874320304021239281e-03
-1.393610378727316856e-03
-2.411841647699475288e-03
-2.202525502070784569e-03
3.412666264921426773e-03
-1.090123769245110452e-04
-2.160127041861414909e-03
-3.600146155804395676e-03
3.633340122178196907e-03
1.416149083524942398e-03
-6.995733128860592842e-04
-3.831576788797974586e-03
3.177589271217584610e-03
3.774275770410895348e-03
3.155142534524202347e-03
1.974561484530568123e-03
-2.774786669760942459e-03
2.694774884730577469e-03
-2.885115332901477814e-03
3.126126714050769806e-03
2.836126135662198067e-03
2.113103691954165697e-04
9.708979632705450058e-05
3.998110187239944935e-04
-7.662029383936896920e-05
2.364522079005837440e-03
3.335184417665004730e-03
3.588100662454962730e-03
2.690595574676990509e-03
-3.056125948205590248e-03
3.801186801865696907e-03
3.400622168555855751e-03
8.536686655133962631e-04
3.660568268969655037e-03
1.886828104034066200e-03
-3.444884903728961945e-03
-3.518736222758889198e-03
-5.600934964604675770e-04
-1.404837006703019142e-03
3.086552955210208893e-03
2.876604441553354263e-03
3.620153293013572693e-03
1.338298199698328972e-03
-1.367106218822300434e-03
1.713434699922800064e-03
9.998810710385441780e-04
2.894178265705704689e-03
2.826874610036611557e-03
-3.457573475316166878e-03
-1.348186633549630642e-03
3.040330251678824425e-03
-3.409177530556917191e-03
3.592927940189838409e-03
-3.463202156126499176e-03
2.829054370522499084e-03
5.272247362881898880e-04
2.405236242339015007e-03
-2.771749394014477730e-03
8.614955586381256580e-04
3.591891145333647728e-03
-4.051959258504211903e-04
-2.867992501705884933e-03
3.470429917797446251e-03
1.311167259700596333e-03
-3.345074830576777458e-03
2.353344112634658813e-03
-3.548538312315940857e-03
-3.059569280594587326e-03
4.898428451269865036e-04
1.660748035646975040e-03
2.507623750716447830e-03
-3.545209066942334175e-03
-3.184486704412847757e-04
3.948699159082025290e-04
-9.561457554809749126e-04
1.009470899589359760e-03
2.530583878979086876e-03
4.537650238489732146e-05
1.481871440773829818e-04
-3.451227676123380661e-03
-9.667821577750146389e-04
-3.711826168000698090e-03
-5.934188957326114178e-04
-2.290035132318735123e-03
-2.754043787717819214e-03
2.643825486302375793e-03
-8.031448815017938614e-04
8.368600974790751934e-04
1.991342986002564430e-03
2.598344814032316208e-03
1.147366361692547798e-03
3.263218328356742859e-03
-1.439128420315682888e-03
3.408029675483703613e-03
1.733021577820181847e-03
-1.717966049909591675e-03
-3.680485533550381660e-03
2.996286144480109215e-03
-2.095792908221483231e-03
1.746520720189437270e-04
3.655957756564021111e-03
-3.760644467547535896e-04
-1.961392117664217949e-03
5.466964212246239185e-04
-3.163863206282258034e-03
-1.532145892269909382e-03
1.663806149736046791e-03
-1.487469300627708435e-03
2.038765000179409981e-03
-5.511314375326037407e-04
3.082912182435393333e-03
-2.509647514671087265e-03
2.758233109489083290e-03
2.343270229175686836e-03
9.498481522314250469e-04
4.124855622649192810e-04
3.214231459423899651e-03
1.897309906780719757e-03
-1.146524213254451752e-03
2.276952844113111496e-03
3.557729360181838274e-04
5.503809079527854919e-04
2.684050938114523888e-03
-9.215155150741338730e-04
1.197890029288828373e-03
-5.674402345903217793e-04
3.156509948894381523e-03
5.960835842415690422e-04
3.488723421469330788e-03
2.334876480745151639e-04
3.859722986817359924e-03
-2.201738767325878143e-03
3.023747820407152176e-03
3.521954340612865053e-06
2.557609230279922485e-03
1.470329007133841515e-03
3.873855341225862503e-03
5.596132250502705574e-04
-1.082540489733219147e-03
-1.507359440438449383e-03
1.219614758156239986e-03
-2.622682135552167892e-03
-1.114826183766126633e-03
3.521970938891172409e-03
-1.958392327651381493e-03
3.075209679082036018e-03
2.167846541851758957e-03
2.118783537298440933e-03
3.606515238061547279e-03
9.468854113947600126e-05
-2.372822258621454239e-03
2.767042489722371101e-03
1.955442596226930618e-03
3.978500317316502333e-04
-3.754677949473261833e-03
-2.178180497139692307e-03
2.126577543094754219e-03
-1.522556180134415627e-03
-2.759183757007122040e-03
2.778069349005818367e-03
-2.838402520865201950e-03
