3.806159831583499908e-03
9.193181758746504784e-04
2.895710058510303497e-03
2.560538938269019127e-03
1.175992874777875841e-04
5.798406782560050488e-04
-3.288221778348088264e-03
-8.176026167348027229e-04
-2.811875194311141968e-03
6.492693210020661354e-04
-8.422232349403202534e-04
3.170731943100690842e-03
-3.217094345018267632e-03
-2.268698299303650856e-03
-1.429874799214303493e-03
-5.689558456651866436e-04
-2.092913957312703133e-03
1.591751235537230968e-03
-1.760144135914742947e-03
-6.009340359014458954e-05
-2.382222446613013744e-04
-3.695245133712887764e-03
2.522804308682680130e-03
-1.504280138760805130e-03
-3.233769210055470467e-03
-8.759663323871791363e-04
-1.784249674528837204e-03
1.643438590690493584e-04
1.764958142302930355e-03
-5.943422438576817513e-04
-4.911785363219678402e-04
1.549163716845214367e-03
1.301239876738691237e-06
9.599758195690810680e-04
-2.544118091464042664e-03
1.400867709890007973e-03
-1.921446295455098152e-03
-2.463340060785412788e-03
3.794600255787372589e-03
3.338269656524062157e-03
-2.497641602531075478e-03
7.592086913064122200e-04
-6.535691791214048862e-04
-1.741065643727779388e-03
1.834780909121036530e-03
3.140777582302689552e-03
-1.282747252844274044e-03
1.077264198102056980e-03
-2.457932336255908012e-03
3.555472241714596748e-03
1.075606793165206909e-03
-1.531268935650587082e-04
1.664815936237573624e-03
1.572942244820296764e-03
-1.314671826548874378e-03
-4.602147091645747423e-04
-2.746349433436989784e-03
-1.504715182818472385e-03
-2.438462106510996819e-03
1.584810437634587288e-03
-6.657627527602016926e-04
-1.945129246450960636e-03
-3.522812156006693840e-03
5.134342063684016466e-05
3.324214601889252663e-03
2.225313510280102491e-04
1.406492898240685463e-03
2.241991169285029173e-04
8.380042854696512222e-04
-2.344119362533092499e-03
-3.093480365350842476e-03
2.946461318060755730e-03
7.495480822399258614e-04
8.084535948000848293e-04
-2.527167554944753647e-03
-4.392067203298211098e-04
-3.329258179292082787e-03
2.007618779316544533e-03
-1.123288995586335659e-03
-1.732028089463710785e-03
-3.652338404208421707e-03
1.218802179209887981e-03
3.583589103072881699e-03
-9.703841060400009155e-04
2.238748827949166298e-03
-6.221156800165772438e-04
6.362321437336504459e-04
-1.110143959522247314e-03
2.332438016310334206e-03
2.673213894013315439e-04
-1.585584133863449097e-03
1.684700488112866879e-03
-2.232498954981565475e-03
-1.749288174323737621e-03
-2.393836854025721550e-03
-4.339529550634324551e-04
-3.286821069195866585e-03
6.399133126251399517e-04
-1.518817618489265442e-03
-1.314481953158974648e-03
-3.328396705910563469e-03
-1.994995400309562683e-03
-3.611027030274271965e-03
3.715248312801122665e-03
-2.058555837720632553e-03
9.997724555432796478e-04
1.994636375457048416e-03
2.275034319609403610e-03
1.296614529564976692e-03
-2.571207704022526741e-03
-2.904663095250725746e-03
4.320021544117480516e-04
-1.843357691541314125e-03
-2.400455530732870102e-03
2.346658380702137947e-03
2.808590943459421396e-04
1.986102201044559479e-03
1.175070065073668957e-04
4.431672277860343456e-04
-2.123986138030886650e-03
6.197817856445908546e-04
-2.334290649741888046e-03
-2.365839434787631035e-03
3.315770067274570465e-03
-1.319902657996863127e-04
2.764490898698568344e-03
-3.469166578724980354e-03
-7.477680337615311146e-04
-2.644404536113142967e-03
-2.820977941155433655e-03
-2.490345155820250511e-03
-1.428669318556785583e-03
3.854754846543073654e-03
2.798475616145879030e-04
-5.030253669247031212e-04
-8.788689592620357871e-05
8.622701279819011688e-04
1.289652776904404163e-03
2.192738757003098726e-04
-2.695166040211915970e-03
-2.497923793271183968e-03
9.670963045209646225e-04
9.008477791212499142e-04
1.289753359742462635e-03
2.690741093829274178e-03
8.608915959484875202e-04
-1.182711450383067131e-03
-1.240883953869342804e-03
8.733929716981947422e-04
3.505088388919830322e-03
-1.187914167530834675e-03
-3.139426931738853455e-03
2.421550685539841652e-03
2.005922142416238785e-03
-2.225755248218774796e-03
-6.903951289132237434e-04
3.239142009988427162e-03
3.016634611412882805e-03
1.968238939298316836e-04
-2.777479123324155807e-03
2.462190343067049980e-03
3.260643454268574715e-03
2.165052108466625214e-03
-3.192401723936200142e-03
3.835387062281370163e-03
-6.127140368334949017e-04
3.726330818608403206e-03
-3.027864266186952591e-03
-1.531965681351721287e-03
3.302153665572404861e-03
3.141641849651932716e-03
-1.500142738223075867e-03
3.834099275991320610e-03
4.913726006634533405e-04
-1.997671322897076607e-03
3.464964684098958969e-03
-1.525848987512290478e-03
2.230753598269075155e-04
-1.304571487708017230e-04
-3.774374024942517281e-03
3.094308078289031982e-03
2.257590647786855698e-03
1.605136669240891933e-03
-3.671634709462523460e-03
3.624776378273963928e-03
-1.351667568087577820e-03
3.223414300009608269e-03
-2.180742798373103142e-03
1.891068764962255955e-03
-1.890083542093634605e-03
7.282365695573389530e-04
-1.833270420320332050e-03
2.791790990158915520e-03
2.166775520890951157e-03
3.041252028197050095e-03
-5.252200644463300705e-04
2.793073188513517380e-03
-1.476036966778337955e-03
2.199828857555985451e-03
-1.683914917521178722e-03
2.180540235713124275e-03
1.606181031093001366e-03
-2.127050887793302536e-03
1.894209766760468483e-03
3.173964563757181168e-03
7.769528747303411365e-05
-3.655116539448499680e-03
1.842058729380369186e-03
-1.034335931763052940e-03
2.858129329979419708e-03
3.902015741914510727e-03
-1.438626350136473775e-04
1.785293803550302982e-03
-2.174227265641093254e-03
-2.692653099074959755e-03
3.030769526958465576e-03
2.182995434850454330e-03
2.966329921036958694e-03
-2.304864116013050079e-03
-1.570638269186019897e-04
-5.658576264977455139e-04
-2.109225373715162277e-03
2.648333320394158363e-03
-2.277994295582175255e-03
3.191369585692882538e-03
-1.375802559778094292e-03
2.102986181853339076e-04
3.700631496030837297e-04
-1.865636557340621948e-03
3.858738578855991364e-03
1.580758136697113514e-03
2.941038925200700760e-03
-9.448188357055187225e-04
-1.838939846493303776e-03
-9.710820158943533897e-04
-3.001397941261529922e-03
-3.385887015610933304e-03
-5.102165741845965385e-04
1.535716932266950607e-03
8.059322135522961617e-04
3.264270490035414696e-03
2.925966633483767509e-03
1.897357753477990627e-03
-2.382118720561265945e-03
1.607316429726779461e-03
-2.717701718211174011e-03
-1.415450125932693481e-03
2.621370367705821991e-04
-3.162903012707829475e-03
-1.946546253748238087e-03
-6.343284621834754944e-04
2.215504180639982224e-03
3.139540320262312889e-03
2.608701586723327637e-03
3.288023872300982475e-03
3.526822896674275398e-03
