-2.253559650853276253e-03
3.408799413591623306e-03
-1.000102958641946316e-03
2.345771994441747665e-03
-2.362448954954743385e-03
4.717803094536066055e-04
-3.442311659455299377e-03
2.594670513644814491e-03
1.674392726272344589e-03
2.830270212143659592e-03
2.304906956851482391e-03
-2.869912656024098396e-03
1.007117563858628273e-03
-8.330438868142664433e-04
-2.134046051651239395e-03
3.097130917012691498e-03
-1.173629134427756071e-04
2.096233190968632698e-03
1.788649824447929859e-03
2.376263961195945740e-03
-2.579058986157178879e-03
-7.142156246118247509e-04
2.131522167474031448e-03
1.614580745808780193e-03
3.735146019607782364e-03
-1.721404376439750195e-03
-2.318148734048008919e-03
3.469586838036775589e-03
2.353527816012501717e-03
-7.444960065186023712e-04
4.214535001665353775e-04
-3.532081376761198044e-03
2.851573517546057701e-03
-1.088295946829020977e-03
-3.689636243507266045e-03
-3.689121804200112820e-04
1.132913981564342976e-03
2.590949181467294693e-03
3.868142608553171158e-03
2.185572404414415359e-03
1.356889959424734116e-03
-2.631558105349540710e-03
-3.259886289015412331e-03
3.670723177492618561e-03
3.728624898940324783e-03
-2.516061998903751373e-03
-3.499243874102830887e-03
2.017375314608216286e-03
-2.390837296843528748e-03
1.468900823965668678e-03
1.446952577680349350e-03
4.148912557866424322e-04
-8.032402838580310345e-04
-8.825374534353613853e-04
-2.546443371102213860e-03
2.660392550751566887e-03
6.732354813721030951e-05
-9.637834155000746250e-04
-1.838601077906787395e-03
-9.367188904434442520e-04
2.099919365718960762e-03
3.603296587243676186e-03
-1.233058515936136246e-03
-3.724680282175540924e-03
3.290320048108696938e-03
-6.162910722196102142e-04
-2.472752705216407776e-03
-3.085142467170953751e-03
1.212092814967036247e-03
-4.536942287813872099e-04
-3.617034526541829109e-03
4.611001641023904085e-04
-1.069953650585375726e-04
3.684064140543341637e-03
1.016135865938849747e-04
2.414971386315301061e-04
3.441022010520100594e-03
3.071101309615187347e-05
1.733161916490644217e-04
-7.870117551647126675e-04
-3.769291331991553307e-03
8.637735736556351185e-04
8.668638765811920166e-04
-2.152712782844901085e-03
-1.510335132479667664e-03
1.061019604094326496e-03
-3.478200873360037804e-03
2.819924149662256241e-03
-3.044561308342963457e-04
1.085766591131687164e-03
4.974397597834467888e-04
-2.390681998804211617e-03
-2.099255332723259926e-03
-3.425106173381209373e-03
2.365366555750370026e-03
-9.362574201077222824e-04
-1.534651237307116389e-04
9.989072568714618683e-04
1.496856682933866978e-03
-1.287752878852188587e-03
-2.934213960543274879e-03
-1.915691769681870937e-03
2.486500015947967768e-04
-3.718479070812463760e-03
-3.306712023913860321e-04
1.279634656384587288e-03
1.525851665064692497e-03
1.088229124434292316e-03
1.718345098197460175e-03
-2.363849671382922679e-05
7.774204714223742485e-04
3.228770336136221886e-03
3.177661914378404617e-03
-2.949517685920000076e-03
2.032830379903316498e-03
-1.175529556348919868e-03
-2.311024116352200508e-03
1.889472128823399544e-03
-2.544827992096543312e-03
2.267178148031234741e-03
6.052497774362564087e-04
6.995567673584446311e-06
2.236129017546772957e-03
-1.455850870115682483e-04
-3.648946527391672134e-03
-2.630023285746574402e-03
-1.695812796242535114e-03
3.860936732962727547e-03
-3.681922098621726036e-03
-3.557756310328841209e-03
-3.652737708762288094e-03
-7.241502171382308006e-04
-2.805927535519003868e-03
5.049557657912373543e-04
-1.303453464061021805e-03
-3.338001668453216553e-03
2.130620647221803665e-03
2.671895315870642662e-03
2.526700962334871292e-03
2.846408402547240257e-03
4.904432571493089199e-04
2.461369149386882782e-03
-3.035820089280605316e-03
-2.909882226958870888e-03
-2.562878886237740517e-03
-1.773117459379136562e-03
-3.316597780212759972e-03
1.228636712767183781e-03
1.288602710701525211e-03
3.149202791973948479e-03
-3.138321044389158487e-04
-1.548538915812969208e-03
4.177732043899595737e-04
2.342527150176465511e-04
2.111145528033375740e-03
-2.548290183767676353e-03
3.764641704037785530e-03
-1.583063858561217785e-03
1.996798906475305557e-03
-2.612575422972440720e-03
-1.858179108239710331e-03
-1.592574524693191051e-03
3.773179138079285622e-03
-3.125353250652551651e-04
-8.755167364142835140e-04
8.770714630372822285e-04
2.653162693604826927e-03
-1.961257774382829666e-03
3.623452503234148026e-03
4.743688041344285011e-04
-1.905916375108063221e-03
2.702360041439533234e-03
2.260557143017649651e-03
-3.358735470101237297e-03
1.658400055021047592e-03
-3.538819961249828339e-03
-1.866891165263950825e-03
3.680544905364513397e-03
5.595887196250259876e-04
-2.540549263358116150e-03
1.468519680202007294e-03
-6.123018683865666389e-04
2.890215022489428520e-03
-2.924575936049222946e-03
2.908120397478342056e-03
3.392337122932076454e-03
-2.588917501270771027e-03
-3.779799910262227058e-03
3.757180180400609970e-03
5.611470551230013371e-04
-2.498204354196786880e-03
3.475612262263894081e-03
1.060264999978244305e-03
8.163327001966536045e-04
-9.301363606937229633e-04
1.397212152369320393e-03
1.047519384883344173e-03
2.535332227125763893e-03
2.917444100603461266e-03
-2.384095452725887299e-03
3.500188468024134636e-03
3.110667923465371132e-03
-1.618463429622352123e-03
-3.123291244264692068e-04
2.933055860921740532e-03
1.076452550478279591e-03
-1.502747909398749471e-04
8.909597527235746384e-04
3.271840978413820267e-03
1.136595616117119789e-03
-1.680767512880265713e-03
-6.562634371221065521e-04
2.272223355248570442e-06
3.502480918541550636e-03
-2.890171250328421593e-03
-1.868869876489043236e-03
-3.595249494537711143e-03
-2.008549636229872704e-03
-1.307017053477466106e-03
8.892890182323753834e-04
3.906313329935073853e-03
1.371760154142975807e-03
1.982621615752577782e-03
2.354262163862586021e-03
-3.752052783966064453e-03
-2.733681583777070045e-03
-1.071586390025913715e-03
7.827426306903362274e-04
-2.753371700237039477e-05
-3.267188556492328644e-03
-1.183398999273777008e-03
3.276813775300979614e-03
2.733447181526571512e-04
9.809859329834580421e-04
3.439876949414610863e-03
1.914774416945874691e-03
-3.312418470159173012e-03
2.802920993417501450e-03
1.248908345587551594e-03
1.192739466205239296e-03
1.971482764929533005e-03
3.610901301726698875e-03
-2.110041212290525436e-03
2.876090351492166519e-03
-6.473449320765212178e-05
-2.382287988439202309e-03
1.940907677635550499e-03
3.488635644316673279e-03
-1.396482344716787338e-03
-2.241310430690646172e-03
1.181265921331942081e-03
-3.349939128383994102e-03
-4.613112832885235548e-04
-2.863182220607995987e-03
2.132345689460635185e-03
1.920490292832255363e-03
