1.924420066643506289e-04
1.693469705060124397e-03
-2.588254399597644806e-03
-1.218813704326748848e-04
-1.982870278880000114e-03
1.174673321656882763e-03
-2.009447198361158371e-03
2.881970955058932304e-03
-4.589180753100663424e-04
-1.403665984980762005e-03
3.263334510847926140e-03
-3.161829197779297829e-03
2.818317618221044540e-03
1.795669784769415855e-03
-3.870326094329357147e-03
2.251149126095697284e-04
8.878066437318921089e-04
-5.020357784815132618e-04
-8.664471679367125034e-04
-2.782250521704554558e-03
5.973222141619771719e-05
2.256104955449700356e-03
-1.058864407241344452e-03
1.796130673028528690e-03
-3.227252746000885963e-03
1.886279555037617683e-03
1.490764319896697998e-03
-3.082669805735349655e-03
-2.333134878426790237e-03
-1.854039262980222702e-03
1.789499307051301003e-03
2.815793501213192940e-03
-4.299810971133410931e-04
-3.173249075189232826e-03
3.658127505332231522e-03
-3.555143484845757484e-03
3.814781084656715393e-03
2.903083572164177895e-03
1.019992283545434475e-03
-2.255283528938889503e-03
2.102172002196311951e-03
-1.136143837356939912e-04
9.317766525782644749e-04
-2.440755488350987434e-03
-1.222127932123839855e-03
2.341691870242357254e-03
2.676857169717550278e-03
-6.256304332055151463e-04
-1.021124771796166897e-03
-1.736716367304325104e-04
2.570845885202288628e-03
1.846601022407412529e-03
-2.661438658833503723e-03
2.523722592741250992e-03
2.275065518915653229e-03
3.361268434673547745e-03
1.547178952023386955e-03
2.415775234112516046e-04
3.734437283128499985e-03
-1.530163222923874855e-03
8.684139465913176537e-04
2.787192584946751595e-03
2.490392187610268593e-03
-1.007464365102350712e-03
-1.776468998286873102e-04
3.910692874342203140e-03
-1.826294464990496635e-03
-1.966446870937943459e-03
-3.684516996145248413e-03
-1.172436750493943691e-03
-4.042166619910858572e-05
1.145785441622138023e-03
1.451701391488313675e-03
-2.629675203934311867e-03
2.002266002818942070e-03
2.994632581248879433e-03
-3.634706838056445122e-03
-1.844742801040410995e-03
-1.395553816109895706e-03
-2.368619432672858238e-03
-3.637553192675113678e-03
-2.669592387974262238e-03
-2.638293430209159851e-03
9.154228609986603260e-04
8.501601987518370152e-04
2.066083718091249466e-03
-3.062363481149077415e-03
-3.821786725893616676e-03
2.458888804540038109e-03
-3.450412303209304810e-03
-2.123453887179493904e-03
-2.174141118302941322e-03
2.673412091098725796e-04
2.554778940975666046e-03
-2.832243684679269791e-03
3.554458729922771454e-03
2.872713375836610794e-03
3.393241669982671738e-03
-3.791021183133125305e-03
8.609472424723207951e-04
-1.765582943335175514e-03
-1.600537914782762527e-03
1.123813330195844173e-03
-3.762804204598069191e-03
-2.507055796741042286e-06
4.734392277896404266e-04
1.454480108805000782e-03
3.001097356900572777e-03
2.124273916706442833e-03
1.701801520539447665e-04
2.300327410921454430e-03
-2.385926636634394526e-04
-1.946168602444231510e-03
1.583392033353447914e-03
-2.618460683152079582e-03
-2.497693640179932117e-04
2.613114193081855774e-03
3.718073712661862373e-03
2.883763518184423447e-03
-2.752167638391256332e-04
-2.953162183985114098e-03
-1.760532963089644909e-03
3.213989082723855972e-03
1.164980698376893997e-03
-1.218625227920711040e-03
2.515396801754832268e-03
2.240619855001568794e-03
-3.627864643931388855e-03
2.626554341986775398e-03
3.762722713872790337e-03
-3.735211910679936409e-03
1.587389269843697548e-03
-6.359635153785347939e-04
2.391894813627004623e-03
-3.137327264994382858e-03
-1.913482206873595715e-03
4.695328534580767155e-04
2.259392756968736649e-03
-2.487567486241459846e-03
2.024834277108311653e-03
2.817598637193441391e-03
4.144278645981103182e-04
-8.051744662225246429e-04
-2.012200711760669947e-04
3.437639446929097176e-03
-3.084804397076368332e-03
-1.688333111815154552e-03
-1.870909472927451134e-03
2.196717076003551483e-03
-2.674253657460212708e-03
1.347798621281981468e-03
-3.905210178345441818e-04
-1.635731430724263191e-03
-1.712554018013179302e-03
8.582220762036740780e-04
-2.202297560870647430e-03
1.364217168884351850e-04
-3.477198770269751549e-03
-7.092783343978226185e-04
-3.237642813473939896e-03
-1.009150582831352949e-04
-2.558446256443858147e-03
1.820731675252318382e-03
-3.099574707448482513e-03
-3.614820772781968117e-03
3.587341401726007462e-03
5.823021638207137585e-04
-2.448361774440854788e-04
2.820914378389716148e-03
-1.132064848206937313e-03
-2.532824175432324409e-03
1.236761017935350537e-04
5.643441691063344479e-04
3.156007267534732819e-03
-3.110056975856423378e-03
-5.085755838081240654e-04
2.963494742289185524e-03
2.747328253462910652e-03
3.587661311030387878e-03
-3.505598288029432297e-03
7.957344059832394123e-04
-2.709276974201202393e-03
3.028885228559374809e-03
-4.013393481727689505e-04
3.443780355155467987e-03
-9.925357298925518990e-04
-2.958060475066304207e-03
6.416481919586658478e-04
2.410716144368052483e-03
-2.285310532897710800e-03
2.392759779468178749e-03
2.267979085445404053e-03
3.776267869397997856e-03
3.893779066856950521e-04
9.561913320794701576e-04
-3.385372459888458252e-03
-3.884940873831510544e-03
2.115451265126466751e-03
-2.043934538960456848e-03
-2.860781736671924591e-03
2.026780508458614349e-03
-2.980414545163512230e-03
-1.855310634709894657e-03
-2.202621661126613617e-03
3.455225611105561256e-03
-6.483837496489286423e-04
2.883281791582703590e-03
8.267980301752686501e-04
-3.506872337311506271e-03
1.417908002622425556e-03
-1.409345888532698154e-03
2.543991431593894958e-03
3.041818970814347267e-03
-8.151566144078969955e-04
-3.582238918170332909e-03
-2.281378256157040596e-03
6.370093906298279762e-04
3.105273208348080516e-05
1.333637395873665810e-03
-2.934460761025547981e-03
5.284536164253950119e-04
6.862591253593564034e-04
-2.778742928057909012e-04
8.114399970509111881e-04
2.251106052426621318e-04
-2.444775309413671494e-03
3.319824812933802605e-03
2.768916776403784752e-03
2.205078955739736557e-03
-2.279359148815274239e-03
1.409143791534006596e-03
9.541055769659578800e-04
-2.407332649454474449e-04
1.869142986834049225e-03
-1.744603971019387245e-03
3.021943150088191032e-03
3.225008258596062660e-04
3.752935677766799927e-03
-3.320891642943024635e-03
-3.054591594263911247e-03
3.472928656265139580e-03
3.229870460927486420e-03
-2.893688157200813293e-03
1.863222685642540455e-03
1.020324183627963066e-03
-3.021048847585916519e-03
1.732759294100105762e-03
3.303356003016233444e-03
-4.843893984798341990e-04
-2.315113088116049767e-03
-2.132743364199995995e-03
1.887205871753394604e-03
3.135094884783029556e-03
1.120270579122006893e-03
3.218702273443341255e-03
-3.878337796777486801e-03
