3.854761365801095963e-03
-2.260181645397096872e-04
-2.945924643427133560e-03
2.962720813229680061e-03
1.015979098156094551e-03
-1.481529208831489086e-03
8.855501655489206314e-04
-2.544058253988623619e-03
-4.434359434526413679e-04
-2.824735827744007111e-03
-3.502383595332503319e-03
-1.730534480884671211e-03
2.320350846275687218e-03
-2.293142955750226974e-03
-1.105634146369993687e-03
-2.741314347076695412e-05
-1.936186570674180984e-03
1.551671535708010197e-03
3.627199912443757057e-03
2.477087546139955521e-03
3.582356031984090805e-03
-2.139035612344741821e-03
-2.597563667222857475e-03
2.843544818460941315e-03
-3.426697105169296265e-03
-1.288887695409357548e-03
3.242300124838948250e-03
1.298644929192960262e-03
-3.512325463816523552e-03
2.906513633206486702e-03
-1.156106125563383102e-03
-3.501229221001267433e-03
-1.490238209953531623e-04
9.490685188211500645e-04
3.159120969939976931e-04
-2.621811814606189728e-03
-9.135274449363350868e-04
3.170756855979561806e-03
-3.501089289784431458e-03
3.435359103605151176e-03
1.767381443642079830e-03
3.901433898136019707e-03
2.245714422315359116e-03
-4.802404437214136124e-04
3.192073898389935493e-03
-1.285624573938548565e-03
2.315694233402609825e-03
2.720147836953401566e-03
-3.454234916716814041e-03
3.153022378683090210e-03
4.804210911970585585e-04
-7.330460939556360245e-04
1.417426392436027527e-03
-1.686399686150252819e-03
-2.908107591792941093e-03
-1.804281375370919704e-03
3.237790428102016449e-03
-3.057153080590069294e-04
1.338295172899961472e-03
1.370569341816008091e-03
6.690747686661779881e-04
-1.961770467460155487e-03
-2.344075764995068312e-04
9.185409289784729481e-04
7.006295491009950638e-04
2.275370788993313909e-04
-7.247331668622791767e-04
2.481962321326136589e-03
3.374783555045723915e-03
-1.164661487564444542e-03
-2.749579725787043571e-03
-8.338672341778874397e-04
1.600811025127768517e-03
2.987330779433250427e-03
-2.898853272199630737e-04
-1.118600135669112206e-03
-3.348485566675662994e-03
-1.077305641956627369e-03
-2.312479307875037193e-03
-4.613846540451049805e-04
-5.985829047858715057e-04
-1.207855995744466782e-03
1.434684614650905132e-03
-2.058299724012613297e-03
1.872773980721831322e-03
2.784097567200660706e-03
5.747899995185434818e-04
3.644394688308238983e-03
-2.361173508688807487e-03
2.388088963925838470e-03
-1.874995883554220200e-03
-2.412895439192652702e-03
3.020285628736019135e-03
-1.865476369857788086e-03
-1.557568553835153580e-03
2.346903784200549126e-03
-3.223985899239778519e-03
2.665507374331355095e-03
-3.895108122378587723e-03
5.060574039816856384e-04
-2.401440637186169624e-03
9.485210175625979900e-04
-3.865188686177134514e-03
2.833584323525428772e-03
-1.711020013317465782e-03
-2.047866582870483398e-03
-3.450882155448198318e-03
-2.852783072739839554e-04
5.631661624647676945e-04
-1.927100704051554203e-03
3.654181957244873047e-03
-2.716356888413429260e-03
-1.576591457705944777e-04
1.943130511790513992e-03
4.588860610965639353e-04
-2.354871947318315506e-03
2.400545403361320496e-03
-3.857571864500641823e-03
9.533998090773820877e-04
1.348344958387315273e-03
4.391554102767258883e-04
3.666349686682224274e-03
2.072045346722006798e-03
1.502622268162667751e-03
-1.354365609586238861e-03
2.150008222088217735e-03
-2.624876564368605614e-03
1.531724468804895878e-03
-2.623814158141613007e-03
-1.987034222111105919e-03
6.436909898184239864e-04
3.122523194178938866e-03
-3.117921762168407440e-03
-9.265042026527225971e-04
1.288221450522542000e-03
-2.090176101773977280e-03
5.573219386860728264e-04
-1.664343522861599922e-03
1.394205377437174320e-03
-2.209256170317530632e-03
-2.541811438277363777e-03
-2.658977406099438667e-03
1.191396731883287430e-03
9.370237821713089943e-04
2.897689584642648697e-03
-1.598489470779895782e-03
-2.706353319808840752e-03
1.916756969876587391e-03
-2.488485304638743401e-03
-2.459346083924174309e-03
2.253300976008176804e-03
-3.250564914196729660e-03
2.383857266977429390e-03
-3.410487202927470207e-03
2.965512685477733612e-03
2.429371234029531479e-03
2.751844702288508415e-03
2.257007407024502754e-03
-1.782234874553978443e-03
-2.358053810894489288e-03
-6.891353405080735683e-04
-2.104288199916481972e-03
-1.680325134657323360e-03
-3.787875641137361526e-03
-2.337830606848001480e-03
3.242482896894216537e-03
-2.449820050969719887e-03
-1.231421250849962234e-03
-3.507612738758325577e-03
-3.781865816563367844e-03
-2.209469384979456663e-04
-2.376192947849631310e-03
2.439067466184496880e-03
1.362105482257902622e-03
-2.567081246525049210e-04
-1.418964820913970470e-03
2.674895105883479118e-03
3.352161496877670288e-03
-3.036413807421922684e-03
3.383656265214085579e-03
1.123343361541628838e-03
3.075421787798404694e-03
3.807302331551909447e-03
-3.285762388259172440e-03
8.915060316212475300e-04
1.858149189502000809e-03
-1.627384102903306484e-03
-6.685008993372321129e-04
-3.080566879361867905e-03
-2.741061849519610405e-03
-2.457637339830398560e-03
2.642169361934065819e-03
1.928351004607975483e-03
2.139348769560456276e-03
-8.732342394068837166e-04
2.770320046693086624e-03
-5.017411313019692898e-04
5.071689956821501255e-04
4.268983611837029457e-04
5.483069689944386482e-04
1.274465234018862247e-03
2.051068469882011414e-03
1.635532593354582787e-03
-8.783487282926216722e-05
1.674034283496439457e-03
2.843614201992750168e-03
-2.249357290565967560e-03
2.392541617155075073e-03
2.357557183131575584e-03
2.915670163929462433e-03
4.615598300006240606e-04
2.660413971170783043e-03
-1.507578650489449501e-03
-2.730021253228187561e-03
-3.652933984994888306e-03
-6.923839682713150978e-04
1.892648171633481979e-03
-7.864636718295514584e-04
-1.646955497562885284e-03
-1.164632383733987808e-03
7.752650708425790071e-05
1.570591586641967297e-03
-1.793294679373502731e-03
-3.783772466704249382e-03
3.400873159989714622e-03
1.489305053837597370e-03
-3.452960168942809105e-03
-8.085349691100418568e-04
1.637287670746445656e-03
2.415635157376527786e-03
9.772579651325941086e-04
-1.755501143634319305e-03
-1.009613275527954102e-03
-2.877435879781842232e-03
-5.554136005230247974e-04
1.024639466777443886e-03
-3.839223645627498627e-03
1.913406653329730034e-03
3.468510694801807404e-03
2.267738338559865952e-03
-3.310092724859714508e-03
1.578747644089162350e-03
7.610458997078239918e-04
2.147190272808074951e-03
2.085819607600569725e-03
-7.211940246634185314e-04
-1.592742046341300011e-04
4.092617600690573454e-04
1.934607396833598614e-03
2.611241303384304047e-03
3.754043485969305038e-03
-2.245069947093725204e-03
6.164010264910757542e-04
-1.632802537642419338e-03
-7.083240197971463203e-04
-3.018585266545414925e-03
