-2.942625724244862795e-04
1.603622920811176300e-03
-3.726456779986619949e-03
-1.183833461254835129e-03
-2.710762899369001389e-03
6.659313803538680077e-04
-2.671554684638977051e-03
-1.984807197004556656e-03
3.827691543847322464e-04
-3.353691892698407173e-03
1.685931580141186714e-03
-3.687365213409066200e-03
1.952566904947161674e-03
-2.110010245814919472e-03
9.185621747747063637e-04
-5.181445158086717129e-04
8.763913647271692753e-04
2.934925956651568413e-03
-2.645721891894936562e-03
-1.793908304534852505e-03
-8.526574238203465939e-04
-8.891042671166360378e-04
2.682285849004983902e-03
-2.152045723050832748e-03
-3.242961131036281586e-03
-3.883602330461144447e-03
7.215949590317904949e-04
1.018327428027987480e-03
-2.656017895787954330e-03
3.482607426121830940e-03
1.309270155616104603e-03
1.341842231340706348e-03
-3.818830475211143494e-03
-1.888958155177533627e-03
5.736672901548445225e-04
3.080959664657711983e-03
2.176075009629130363e-03
-2.641783794388175011e-04
-1.228709705173969269e-03
3.327004844322800636e-03
6.488238577730953693e-04
2.471499028615653515e-04
-1.044465578161180019e-03
2.868910320103168488e-03
-1.515689771622419357e-03
-2.776039298623800278e-03
-3.156164661049842834e-03
-2.487790770828723907e-04
-1.791407004930078983e-03
4.789187223650515079e-04
2.263134345412254333e-03
2.533995080739259720e-03
-3.061025403439998627e-03
3.255955409258604050e-03
1.695534912869334221e-03
-1.205883803777396679e-03
3.522960469126701355e-04
-2.368872985243797302e-03
3.442326094955205917e-03
-2.691372763365507126e-03
3.526925109326839447e-03
2.965234685689210892e-03
2.452099462971091270e-03
1.490550697781145573e-03
3.442771965637803078e-03
1.143483561463654041e-03
1.390081597492098808e-03
-3.642123192548751831e-03
2.956135431304574013e-03
-2.250314690172672272e-03
-1.035229419358074665e-03
3.282433608546853065e-04
2.901610219851136208e-03
-3.783351508900523186e-03
-3.479542210698127747e-03
-5.576631519943475723e-04
3.121190471574664116e-03
3.280023112893104553e-03
2.323068678379058838e-03
1.893096137791872025e-03
-4.917866317555308342e-04
9.636011091060936451e-04
1.042231451719999313e-03
-1.386454212479293346e-03
3.071731654927134514e-03
-3.551841713488101959e-03
4.253046645317226648e-04
-2.029811497777700424e-03
1.377883017994463444e-03
3.833066439256072044e-04
2.114690607413649559e-03
2.624314511194825172e-03
1.469037088099867105e-04
-1.183328800834715366e-03
1.814457355067133904e-03
-3.133072750642895699e-03
-1.833725138567388058e-03
2.159880750696174800e-05
-3.689444856718182564e-03
-3.310673171654343605e-03
-2.273459453135728836e-03
-8.058475796133279800e-04
2.051227493211627007e-03
-8.059708634391427040e-04
-2.948971465229988098e-03
-1.236677286215126514e-03
1.386255957186222076e-03
1.708876457996666431e-03
-1.582314725965261459e-03
1.981331733986735344e-03
2.413238398730754852e-03
2.549346769228577614e-03
-2.478521317243576050e-03
-1.002398435957729816e-03
2.045188564807176590e-03
1.332218409515917301e-03
-1.780321123078465462e-03
2.225977834314107895e-03
-3.218586090952157974e-03
9.809990879148244858e-04
-2.655074000358581543e-03
-1.417276682332158089e-03
2.420961624011397362e-03
-9.439655113965272903e-04
3.292585606686770916e-04
2.760605653747916222e-03
-1.028331113047897816e-03
-1.463108492316678166e-05
1.522464444860816002e-03
-3.098641987890005112e-03
-1.380495377816259861e-03
-9.869713539956137538e-05
8.356919861398637295e-04
-2.376467920839786530e-03
5.431240879261167720e-07
-2.027346345130354166e-04
-1.956866122782230377e-03
1.870548352599143982e-03
-2.159065101295709610e-03
1.648961217142641544e-03
-2.389522502198815346e-03
2.870751079171895981e-03
2.969229361042380333e-03
-1.914383610710501671e-03
1.562278950586915016e-03
-3.327756654471158981e-03
-1.388587174005806446e-03
-1.784655265510082245e-03
-1.987861935049295425e-03
2.557742176577448845e-03
-1.568994601257145405e-03
2.051295014098286629e-03
-1.111281802877783775e-03
-2.870963886380195618e-03
-2.221678616479039192e-03
2.128520514816045761e-03
1.305116689763963223e-03
-4.994056507712230086e-05
2.275630133226513863e-03
-1.587549573741853237e-03
-7.370131788775324821e-05
-2.123107900843024254e-03
-3.556067822501063347e-03
-1.114196566049940884e-04
3.891548141837120056e-03
1.557836309075355530e-03
2.252544974908232689e-03
1.140307867899537086e-03
-4.533456813078373671e-04
1.937245484441518784e-03
2.242837566882371902e-03
-7.345054473262280226e-05
-7.609529420733451843e-04
2.375457668676972389e-03
-2.240628469735383987e-03
2.765921177342534065e-03
3.888891078531742096e-03
4.976631607860326767e-04
7.249134941957890987e-04
-2.317900303751230240e-03
8.846618584357202053e-04
2.493173815310001373e-03
2.770293038338422775e-03
-3.730604890733957291e-03
-2.789357444271445274e-03
-2.840789966285228729e-04
-9.114542626775801182e-05
3.771434072405099869e-03
-4.031496937386691570e-04
2.117029158398509026e-03
3.376690205186605453e-03
-8.914530626498162746e-04
-2.718248870223760605e-04
1.811283873394131660e-03
2.960774349048733711e-03
-2.984645077958703041e-03
-1.724367262795567513e-03
2.504872158169746399e-03
-9.821917628869414330e-04
3.428703348618000746e-04
1.158168561232741922e-05
3.723049769178032875e-03
7.256882381625473499e-04
1.778791629476472735e-04
3.038079943507909775e-03
-3.092502476647496223e-03
7.235773955471813679e-04
-8.020572131499648094e-04
-2.502469345927238464e-03
3.527403576299548149e-03
3.689168253913521767e-03
-1.868036342784762383e-03
2.602400723844766617e-03
-2.005441812798380852e-03
2.697049407288432121e-03
2.214214066043496132e-03
-3.528194036334753036e-03
-1.562080229632556438e-03
3.337048925459384918e-03
8.039163367357105017e-05
-3.130458062514662743e-03
3.711567493155598640e-03
-9.366684244014322758e-04
1.799580990336835384e-03
-1.723683788441121578e-03
-3.324115881696343422e-03
2.306727226823568344e-03
-1.883027260191738605e-03
1.868341059889644384e-04
3.225452266633510590e-03
3.756002057343721390e-03
-8.905859431251883507e-04
3.124473383650183678e-03
1.268947031348943710e-03
1.420760294422507286e-03
-3.642086172476410866e-03
1.875140937045216560e-03
-3.953819395974278450e-04
2.950649941340088844e-04
-2.916866447776556015e-03
-2.574531361460685730e-03
-2.571948571130633354e-03
3.884813922923058271e-04
5.544840241782367229e-04
-1.963256392627954483e-03
2.598915016278624535e-03
-3.159873420372605324e-03
1.082581002265214920e-05
-4.143664555158466101e-04
3.161944448947906494e-03
1.664984854869544506e-03
2.607168396934866905e-03
2.513953251764178276e-03
-5.295830778777599335e-04
5.553688388317823410e-04
9.874262614175677299e-04
