6.757947849109768867e-04
3.346446901559829712e-03
3.472230397164821625e-03
-1.586186815984547138e-03
-2.652579918503761292e-03
2.731063170358538628e-03
2.830307930707931519e-03
-4.713829839602112770e-04
-2.213148633018136024e-03
-1.405551331117749214e-03
1.211562310345470905e-03
-1.264522084966301918e-03
-2.766228280961513519e-03
2.826869720593094826e-03
-1.327208126895129681e-03
-1.927210949361324310e-03
-2.164540201192721725e-04
5.151386721991002560e-04
1.144487294368445873e-03
8.501700358465313911e-04
-3.720100736245512962e-03
3.509837435558438301e-03
-1.867892104201018810e-03
-6.856450927443802357e-04
-1.493129879236221313e-03
3.436464816331863403e-03
-8.519555558450520039e-04
-1.089673838578164577e-03
-1.034963992424309254e-03
3.179662860929965973e-03
-3.113057464361190796e-03
-2.724394900724291801e-03
-3.697531356010586023e-04
-1.452389988116919994e-04
3.748461836948990822e-03
3.089927369728684425e-03
9.295797208324074745e-04
2.616422716528177261e-03
2.442995784804224968e-03
-3.901320509612560272e-03
1.110435929149389267e-03
-2.653397677931934595e-04
2.129601547494530678e-03
-5.338819755706936121e-05
-2.253117738291621208e-03
-3.843530779704451561e-03
-2.694573020562529564e-03
3.796778153628110886e-03
-2.567229093983769417e-03
2.271797973662614822e-03
1.619772985577583313e-03
-8.219706942327320576e-04
-1.073873369023203850e-03
3.033681772649288177e-03
-1.304190373048186302e-03
-3.789179027080535889e-03
3.887171158567070961e-03
1.124633581639500335e-05
1.494595431722700596e-03
5.472243647091090679e-04
-8.467892766930162907e-04
2.428193576633930206e-03
-1.637836430745664984e-05
3.639315022155642509e-03
-1.263237092643976212e-03
1.467931666411459446e-03
3.444952890276908875e-03
2.079304540529847145e-03
2.985735423862934113e-03
3.378116525709629059e-03
-2.610443159937858582e-03
-3.330022329464554787e-03
-3.495016368106007576e-03
1.798543496988713741e-03
1.935397740453481674e-03
3.672761376947164536e-03
2.992542227730154991e-03
2.667826833203434944e-03
-1.778873265720903873e-03
-1.303267432376742363e-03
5.076025845482945442e-04
-2.223173156380653381e-03
-3.531836671754717827e-03
9.019635617733001709e-04
1.878193346783518791e-03
1.389934914186596870e-03
3.360220463946461678e-03
2.665371168404817581e-03
1.482870196923613548e-03
-3.523046616464853287e-03
-2.244965871796011925e-03
-2.212608233094215393e-03
3.297676332294940948e-03
-9.799938416108489037e-04
2.930687973275780678e-03
-3.026695456355810165e-03
-1.323755714111030102e-03
1.049489292199723423e-04
2.650377573445439339e-03
-1.109455013647675514e-03
-2.727794228121638298e-03
-8.018791559152305126e-04
2.960049314424395561e-03
-1.163668348453938961e-03
-2.204695018008351326e-03
2.426289487630128860e-03
-2.977122785523533821e-03
9.047426283359527588e-04
1.126796589232981205e-03
6.541961920447647572e-04
-2.231810707598924637e-03
3.971266269218176603e-04
3.079198999330401421e-03
1.213687821291387081e-03
3.392759244889020920e-04
-5.081181298010051250e-04
-2.608271781355142593e-03
5.245744832791388035e-04
-3.149672702420502901e-04
-1.824585953727364540e-03
1.439447514712810516e-03
1.994941616430878639e-03
-5.864233244210481644e-04
-2.642685431055724621e-04
8.936691301641985774e-05
-3.187904832884669304e-03
-5.448816227726638317e-04
-6.528301164507865906e-04
8.954767836257815361e-04
-3.579275216907262802e-03
-1.043823940563015640e-04
-5.986531614325940609e-04
-3.778537502512335777e-03
1.517747179605066776e-03
-3.423254936933517456e-03
1.663860399276018143e-03
2.344100736081600189e-03
-2.138873096555471420e-04
-2.233037725090980530e-03
3.122573019936680794e-03
3.543650265783071518e-03
-3.302661702036857605e-03
3.026781836524605751e-03
2.414500195300206542e-04
3.404977498576045036e-03
9.696016204543411732e-04
1.173383498098701239e-04
-1.266461331397294998e-04
1.758406637236475945e-03
-2.587314462289214134e-03
4.704412422142922878e-04
-7.704998133704066277e-04
-3.891626838594675064e-03
-2.564513124525547028e-03
2.663628838490694761e-04
1.153689925558865070e-03
3.122475696727633476e-03
3.365661483258008957e-03
-9.447052725590765476e-04
-8.550749043934047222e-04
2.864040900021791458e-03
3.173985285684466362e-03
-3.281463868916034698e-03
-9.644746896810829639e-04
3.794818883761763573e-03
-1.187219866551458836e-03
3.518014214932918549e-03
-3.892919281497597694e-03
-7.619663956575095654e-04
1.825031358748674393e-04
-3.328984137624502182e-03
3.475933568552136421e-03
3.188914153724908829e-03
3.090064739808440208e-03
3.450305666774511337e-03
-3.429981181398034096e-03
-3.373104613274335861e-03
-1.114978455007076263e-03
-2.660289639607071877e-03
2.552912803366780281e-03
2.916391007602214813e-03
-2.321738982573151588e-03
1.726641086861491203e-03
-3.262015758082270622e-03
-2.020072890445590019e-03
-3.400029381737112999e-03
2.193844877183437347e-03
-3.224642714485526085e-03
2.441521501168608665e-04
-3.668512916192412376e-03
-2.674877177923917770e-04
3.297058865427970886e-03
-1.316077192313969135e-03
-2.577456645667552948e-03
1.288299448788166046e-03
-2.925833687186241150e-03
-3.679109970107674599e-03
-2.165081910789012909e-03
3.503736807033419609e-03
2.492529119990649633e-06
-5.298157338984310627e-04
-3.717234125360846519e-03
-6.352271884679794312e-05
-5.015113856643438339e-04
3.099852241575717926e-03
2.733361441642045975e-03
-1.342400908470153809e-03
5.867089494131505489e-04
1.120868037105537951e-04
-2.499899594113230705e-03
-1.743640168569982052e-03
2.576056169345974922e-03
-7.898877374827861786e-04
-1.461808802559971809e-03
3.916868299711495638e-04
-1.603860175237059593e-03
-2.115166513249278069e-03
-1.580123673193156719e-03
3.233706578612327576e-03
-1.300638541579246521e-03
-2.857167273759841919e-03
3.769068047404289246e-03
-3.183420514687895775e-03
-2.921093720942735672e-03
-2.326650777831673622e-03
1.320370007306337357e-03
3.071456681936979294e-03
3.859617514535784721e-03
-1.438470557332038879e-03
1.741534098982810974e-03
-1.237487886101007462e-03
3.593998844735324383e-04
-2.790223341435194016e-03
-4.789504964719526470e-05
2.386395499343052506e-04
6.439406424760818481e-04
-1.828411477617919445e-03
-2.365325577557086945e-03
-1.364363590255379677e-03
3.770475275814533234e-03
-2.672800095751881599e-03
1.139220315963029861e-03
-2.387194661423563957e-03
3.385057672858238220e-03
-3.474402939900755882e-03
2.653694828040897846e-04
3.017109120264649391e-04
-2.395434072241187096e-03
2.612392883747816086e-03
-1.066151307895779610e-03
-3.779517719522118568e-03
8.381314110010862350e-04
2.488174010068178177e-03
-3.803702769801020622e-03
9.127228986471891403e-04
2.162466807931195945e-05
