-4.023616784252226353e-04
1.338588306680321693e-03
9.808009490370750427e-04
-2.433533314615488052e-03
3.506409004330635071e-03
1.283962628804147243e-03
2.218542387709021568e-03
1.549054577481001616e-04
-3.180419560521841049e-03
1.606761215953156352e-04
-2.370886271819472313e-03
-8.548171026632189751e-04
1.093670725822448730e-03
9.361395495943725109e-04
-2.426698571071028709e-03
-8.593822713010013103e-04
-1.159064588136970997e-03
-3.349560778588056564e-03
-1.730030053295195103e-04
-3.478942438960075378e-03
3.083640709519386292e-03
3.267751773819327354e-03
-1.356033608317375183e-03
-3.613671753555536270e-03
2.151033142581582069e-03
-3.727786010131239891e-03
3.444658126682043076e-03
5.037735099904239178e-04
8.238718728534877300e-04
-3.429348347708582878e-03
1.886356621980667114e-03
1.840044744312763214e-03
-2.887416398152709007e-03
4.793599073309451342e-04
-3.101076232269406319e-03
1.419779582647606730e-04
2.061911625787615776e-03
-1.123648951761424541e-03
8.203756879083812237e-04
-3.322691190987825394e-03
-2.012631855905056000e-03
3.162379609420895576e-03
2.911202609539031982e-03
2.117816824465990067e-03
2.847305266186594963e-03
-8.455308852717280388e-04
-1.341265509836375713e-03
-2.383690094575285912e-03
-1.532916212454438210e-04
-1.902940217405557632e-03
-3.294164082035422325e-03
3.627665340900421143e-03
-7.487436523661017418e-04
9.844902670010924339e-04
-2.896877937018871307e-03
2.116319490596652031e-03
2.418288349872455001e-04
-2.341891638934612274e-03
2.287084236741065979e-03
3.245382569730281830e-03
1.966998213902115822e-03
3.652365878224372864e-03
5.798767087981104851e-04
-1.399932079948484898e-03
-2.332509728148579597e-03
-9.292640606872737408e-04
-2.032167511060833931e-03
1.332575106061995029e-03
2.513197017833590508e-03
2.430242253467440605e-03
2.517475280910730362e-03
3.253098810091614723e-03
3.799235448241233826e-03
2.401396399363875389e-03
-3.713148180395364761e-03
1.845547696575522423e-03
2.262057038024067879e-03
-6.808022735640406609e-04
3.073579631745815277e-03
1.550702727399766445e-03
2.741001313552260399e-03
-4.300853834138251841e-05
1.262839068658649921e-03
-3.059387672692537308e-03
-1.361722708679735661e-03
1.891382737085223198e-03
-3.525129053741693497e-03
-3.556843614205718040e-03
-6.772709311917424202e-04
-2.649691654369235039e-03
1.761473366059362888e-03
6.653408636339008808e-04
1.208335976116359234e-03
-3.378299763426184654e-03
2.272628946229815483e-03
3.119734581559896469e-03
3.140630898997187614e-03
-1.487123430706560612e-03
3.728888463228940964e-03
-2.509647747501730919e-03
2.952406182885169983e-03
-3.285538172349333763e-03
3.836941206827759743e-03
7.668816833756864071e-04
-1.474693417549133301e-03
-2.487108111381530762e-03
-2.472295891493558884e-03
-9.946091449819505215e-05
-2.559996210038661957e-03
1.032441155984997749e-03
-8.265714277513325214e-04
-3.503510961309075356e-03
2.216381719335913658e-03
3.496172605082392693e-03
3.105678828433156013e-03
-6.717624492011964321e-04
3.130301134660840034e-03
-9.420845162821933627e-05
-8.385740220546722412e-04
3.842783858999609947e-03
3.345285309478640556e-03
2.877695253118872643e-03
-1.671006088145077229e-03
2.831924241036176682e-03
2.646356122568249702e-03
1.388011500239372253e-03
-2.136789727956056595e-03
6.952789262868463993e-04
-1.215530792251229286e-03
-2.546696225181221962e-03
1.330192433670163155e-03
-8.493766654282808304e-04
-1.333872205577790737e-03
1.186782610602676868e-03
3.698832642839988694e-06
1.782430103048682213e-03
-2.499247901141643524e-03
1.810171757824718952e-03
-2.772247418761253357e-03
2.785725519061088562e-03
1.223817700520157814e-03
-2.405952895060181618e-03
1.472664531320333481e-03
-1.553600537590682507e-03
-1.911914558149874210e-03
-4.977024218533188105e-05
-1.004901132546365261e-03
2.614351222291588783e-03
-3.621811978518962860e-03
-2.653920324519276619e-03
2.811084035784006119e-03
2.388544817222282290e-04
2.977628959342837334e-03
-1.501362305134534836e-03
8.913433703128248453e-05
2.980578457936644554e-03
-5.881012766622006893e-04
2.102587139233946800e-03
-3.794316668063402176e-03
-1.052060863003134727e-03
2.858504652976989746e-03
3.495816374197602272e-03
-1.535464078187942505e-03
-3.194108605384826660e-03
1.983270747587084770e-03
-3.470997617114335299e-04
-2.137784846127033234e-03
1.649537007324397564e-03
-2.851217286661267281e-03
1.838445547036826611e-03
1.982527086511254311e-03
3.897011978551745415e-03
3.064971533603966236e-04
-2.157248090952634811e-03
-9.741612011566758156e-04
-2.372355083934962749e-05
-1.187046058475971222e-03
3.871464403346180916e-03
-3.153481055051088333e-03
-2.949634566903114319e-03
-3.866623854264616966e-03
3.270169952884316444e-03
1.769790193066000938e-03
3.275533439591526985e-03
-2.031545853242278099e-03
-5.930966581217944622e-04
2.889689058065414429e-03
2.825953997671604156e-03
-2.207437297329306602e-03
1.880684518255293369e-03
1.040691509842872620e-03
8.884872077032923698e-04
2.530515426769852638e-03
-3.364773001521825790e-03
3.693297971040010452e-03
-1.428627176210284233e-03
2.922649728134274483e-03
3.042539115995168686e-03
-9.812088137550745159e-06
-3.437996201682835817e-04
2.745918929576873779e-03
-2.111035719281062484e-04
-3.253080882132053375e-03
9.762453264556825161e-04
4.639850521925836802e-05
1.264589256606996059e-03
8.677492733113467693e-04
7.394558051601052284e-04
2.728016581386327744e-03
3.301566932350397110e-03
-1.397870015352964401e-03
-2.104172948747873306e-03
-4.309129726607352495e-04
-2.394467825070023537e-03
2.375633921474218369e-04
-3.415643004700541496e-03
1.066018012352287769e-03
-3.403740469366312027e-03
-1.538368756882846355e-03
1.751421485096216202e-03
3.089890582486987114e-03
3.120205132290720940e-03
2.170165069401264191e-03
2.586330752819776535e-03
-2.673997776582837105e-03
2.697754418477416039e-03
-2.192262792959809303e-03
2.227278193458914757e-03
-3.616221016272902489e-03
-1.957995351403951645e-03
-6.952794501557946205e-04
3.868753556162118912e-03
-6.227708654478192329e-04
-1.222332357428967953e-03
-1.548422849737107754e-03
3.862947341986000538e-04
-3.334170614834874868e-04
1.047182362526655197e-03
-1.066979602910578251e-03
-1.361495233140885830e-03
-7.473539444617927074e-04
3.785119159147143364e-03
-1.198936952278017998e-03
1.578117138706147671e-03
3.540153382346034050e-03
3.051142906770110130e-03
-1.837330753915011883e-03
2.055688528344035149e-03
1.396442763507366180e-03
4.856879240833222866e-04
1.816512434743344784e-03
8.205526391975581646e-04
-3.097229404374957085e-03
1.814357936382293701e-03
-2.702984958887100220e-03
1.380981411784887314e-03
