-1.774111151462420821e-04
3.447794297244399786e-04
-3.173589007928967476e-03
-2.401063218712806702e-03
1.416709856130182743e-03
2.971932990476489067e-03
1.777511322870850563e-03
4.154280177317559719e-04
-3.472935932222753763e-04
1.912951120175421238e-03
-3.566548461094498634e-03
-7.905244128778576851e-04
2.569529460743069649e-03
2.890416653826832771e-03
-2.591002266854047775e-03
6.744640268152579665e-05
-1.267074141651391983e-03
-8.491030894219875336e-04
2.165071200579404831e-03
-1.190731185488402843e-03
-1.586116035468876362e-03
3.200376871973276138e-03
1.829328131861984730e-03
3.867717925459146500e-03
-3.451966680586338043e-03
1.074137166142463684e-03
2.047661691904067993e-03
-1.766946283169090748e-03
-1.058960799127817154e-03
-2.841171808540821075e-03
3.851651679724454880e-03
-1.571996835991740227e-03
1.064852767740376294e-05
2.931813010945916176e-03
-3.634387627243995667e-03
-3.465013578534126282e-03
-3.490344155579805374e-03
3.026337653864175081e-04
1.290776766836643219e-03
-3.588819177821278572e-03
-7.596458308398723602e-04
3.707725554704666138e-03
3.864020574837923050e-03
1.555535593070089817e-03
-3.483728738501667976e-03
-3.211265197023749352e-03
3.817336168140172958e-03
6.467474740929901600e-04
-2.027192153036594391e-03
1.027548452839255333e-03
3.746726550161838531e-03
-2.481009811162948608e-03
-8.044278365559875965e-04
3.865010570734739304e-03
1.815263880416750908e-03
2.996950410306453705e-03
4.519178473856300116e-04
-2.973008668050169945e-03
-1.687456038780510426e-03
2.684052567929029465e-03
-2.602247754111886024e-03
3.267801832407712936e-03
-6.173644214868545532e-04
-5.759591003879904747e-04
1.775235054083168507e-03
2.476151566952466965e-03
9.592178685124963522e-05
1.837723888456821442e-03
3.656113287433981895e-03
-3.427925985306501389e-03
-2.678635530173778534e-03
-3.887935075908899307e-03
-2.968173939734697342e-03
-2.688098000362515450e-03
6.938737933523952961e-04
3.811910515651106834e-03
-1.617205678485333920e-03
2.135355025529861450e-03
-1.243471167981624603e-03
2.962409984320402145e-03
-3.517896868288516998e-03
-9.829814080148935318e-04
-1.914306194521486759e-04
-8.236456778831779957e-04
-3.648849204182624817e-03
2.896905876696109772e-03
2.761196112260222435e-03
-5.776947000413201749e-05
-1.973216654732823372e-03
-3.403433132916688919e-03
-6.448965868912637234e-04
2.454688306897878647e-03
2.213948173448443413e-03
-3.845640458166599274e-03
-5.754549638368189335e-04
8.915728540159761906e-04
2.297948580235242844e-03
1.504135783761739731e-03
3.923532785847783089e-04
-3.193171927705407143e-03
3.193878568708896637e-03
-5.873318295925855637e-04
5.065614241175353527e-04
-2.541381632909178734e-03
1.069169724360108376e-03
-2.175621688365936279e-03
2.493673702701926231e-03
-2.317765960469841957e-03
-1.554990769363939762e-03
-2.409732434898614883e-03
2.742280485108494759e-03
-2.205583732575178146e-03
2.797308377921581268e-03
3.743898821994662285e-03
-7.562454557046294212e-04
-1.919715898111462593e-03
3.163344459608197212e-03
-2.831215504556894302e-03
-2.583525609225034714e-03
2.137668896466493607e-03
8.774927700869739056e-04
-4.587873117998242378e-04
-3.866860410198569298e-03
-2.928090747445821762e-03
-2.021706430241465569e-03
2.890345174819231033e-03
-2.682501683011651039e-03
-3.211031202226877213e-03
-6.825565942563116550e-04
-2.101036719977855682e-03
6.674568867310881615e-04
-7.111528975656256080e-05
-3.248671768233180046e-03
3.654248313978314400e-03
-4.598813538905233145e-04
-4.018590698251500726e-05
1.073754159733653069e-03
-1.397010055370628834e-03
-1.600657473318278790e-03
2.104534301906824112e-03
3.058698726817965508e-03
-3.497627563774585724e-03
3.855128772556781769e-03
3.145734081044793129e-03
1.957153901457786560e-03
-3.706055285874754190e-04
7.149054436013102531e-04
-1.648374483920633793e-03
1.007957544061355293e-04
-1.036405679769814014e-03
-1.305344048887491226e-04
2.041802275925874710e-03
-2.033545402809977531e-03
-1.969203352928161621e-03
-2.513059880584478378e-03
8.411554736085236073e-04
-6.345852743834257126e-04
1.629122649319469929e-03
3.891423344612121582e-03
-3.865755163133144379e-03
2.322851913049817085e-03
-3.660380840301513672e-03
-2.344271168112754822e-03
3.102979680988937616e-04
-1.931300503201782703e-03
5.613364628516137600e-04
-5.716702435165643692e-04
2.751236781477928162e-03
3.106274176388978958e-03
1.201850711368024349e-03
1.840284443460404873e-03
-3.700415138155221939e-03
2.425204962491989136e-03
-3.830278990790247917e-03
1.152889919467270374e-03
1.460148341720923781e-04
1.856759772635996342e-03
3.406103700399398804e-03
-2.516204956918954849e-03
6.236293702386319637e-04
-4.225670127198100090e-04
-3.759548533707857132e-03
3.068717429414391518e-03
3.993869468104094267e-04
-2.940583799500018358e-04
3.605420468375086784e-03
5.325062666088342667e-04
-3.899708855897188187e-03
3.854283131659030914e-03
8.670300012454390526e-04
-2.467955229803919792e-03
2.380168065428733826e-03
3.900702111423015594e-03
-3.793551295530050993e-04
-2.460865303874015808e-03
-3.640866372734308243e-03
-2.451535314321517944e-03
-2.849404932931065559e-03
-2.330895513296127319e-03
8.144183666445314884e-04
2.573345089331269264e-03
-2.004434121772646904e-03
1.940397429279983044e-03
-9.951399406418204308e-04
-4.796925059054046869e-04
-2.529518445953726768e-03
1.493144081905484200e-03
-1.379933091811835766e-04
-2.661939011886715889e-03
3.078014124184846878e-03
-3.485888708382844925e-03
2.816697815433144569e-03
1.691925222985446453e-03
-5.873137270100414753e-04
2.900968072935938835e-03
2.214962616562843323e-03
-1.164221204817295074e-03
1.642142306081950665e-04
1.225944259203970432e-03
1.055472879670560360e-03
2.172506174247246236e-05
2.548535820096731186e-03
3.950091922888532281e-05
-1.076752552762627602e-03
3.362643066793680191e-03
3.886797931045293808e-04
-2.756288449745625257e-04
1.499823410995304585e-04
3.834468545392155647e-03
-2.646292559802532196e-03
-2.121570752933621407e-03
3.429188625887036324e-03
-2.866368973627686501e-03
-1.802198588848114014e-03
-2.712387824431061745e-03
2.370617352426052094e-03
2.226294018328189850e-03
-2.444211393594741821e-03
-3.218812635168433189e-03
-5.504089640453457832e-04
3.353575244545936584e-03
-1.411249977536499500e-03
-2.405352191999554634e-03
-6.482259050244465470e-05
-4.654269141610711813e-04
-5.499564576894044876e-05
1.282731187529861927e-03
-4.028094117529690266e-04
3.478209022432565689e-03
2.347390167415142059e-03
-2.927065128460526466e-03
2.602656604722142220e-03
3.695138031616806984e-03
2.505165990442037582e-03
9.696722845546901226e-04
-5.307635292410850525e-04
