2.460694639012217522e-03
1.712899189442396164e-03
2.750654006376862526e-03
-3.409701865166425705e-03
1.210768357850611210e-03
-2.136687748134136200e-03
-2.486474812030792236e-03
1.058417605236172676e-03
-8.785254904069006443e-04
6.760077667422592640e-04
-3.337790956720709801e-03
2.097083721309900284e-03
-8.288429235108196735e-04
-1.393674057908356190e-03
-4.552389436867088079e-04
-5.439706728793680668e-04
-1.649854239076375961e-03
5.475890357047319412e-04
2.051868475973606110e-03
-8.619784493930637836e-04
3.703430294990539551e-03
-2.113782335072755814e-03
2.464787336066365242e-03
2.066056476905941963e-03
-1.451975898817181587e-03
1.355408603558316827e-04
-2.639321610331535339e-03
5.101155256852507591e-04
-2.132690977305173874e-03
3.171455347910523415e-03
-1.516331452876329422e-03
-3.882619086652994156e-03
-3.172244410961866379e-03
2.243290189653635025e-03
-8.938256651163101196e-04
1.735994010232388973e-03
3.176840953528881073e-03
3.196430392563343048e-03
1.126730232499539852e-03
-2.621037083372357301e-06
3.327042795717716217e-03
9.720930829644203186e-04
3.803922096267342567e-03
-1.695857732556760311e-03
3.210045862942934036e-03
1.191886723972856998e-03
-3.646677825599908829e-03
1.627157907932996750e-03
3.719398984685540199e-03
8.730904664844274521e-04
-2.798991277813911438e-03
3.461363725364208221e-03
2.213341416791081429e-03
-5.256009535514749587e-05
-1.071657403372228146e-03
-1.891772495582699776e-03
2.168221632018685341e-03
1.439631567336618900e-03
2.505237469449639320e-03
-1.085736439563333988e-03
2.721584634855389595e-03
-2.085656393319368362e-03
3.675193060189485550e-03
-5.713789723813533783e-04
-3.075347281992435455e-03
1.248674117960035801e-03
2.152833156287670135e-03
3.546847729012370110e-04
1.353591331280767918e-03
-1.808968139812350273e-03
3.125896677374839783e-03
-2.760001691058278084e-03
2.329643582925200462e-03
2.875549951568245888e-03
-5.569859058596193790e-04
-3.457581158727407455e-03
1.483221305534243584e-03
-1.478422316722571850e-03
9.513501427136361599e-04
-1.635985448956489563e-03
2.253972226753830910e-03
-2.350282855331897736e-03
-6.773296627216041088e-04
-3.435372782405465841e-04
-1.992703182622790337e-03
-6.111861439421772957e-04
-1.389585551805794239e-03
1.009995001368224621e-03
-2.128676977008581161e-03
2.842053771018981934e-03
-2.658693585544824600e-03
-3.156412392854690552e-03
1.564109348691999912e-03
2.467923099175095558e-03
-2.955398522317409515e-03
-2.176551613956689835e-03
3.660913498606532812e-04
3.607980906963348389e-04
1.457315869629383087e-03
1.005017547868192196e-03
-1.910015591420233250e-03
-2.576616592705249786e-03
-3.638600232079625130e-03
2.131282351911067963e-03
-3.516815777402371168e-04
2.784223761409521103e-03
-3.094416169915348291e-04
-1.227360917255282402e-03
-2.354024909436702728e-03
2.641855971887707710e-03
2.089024521410465240e-03
3.751395503059029579e-03
1.630767830647528172e-03
-2.232084050774574280e-03
-1.171208918094635010e-03
-1.678859262028709054e-04
3.077288856729865074e-03
-8.829995640553534031e-04
-3.385376185178756714e-03
1.682598842307925224e-03
3.097224514931440353e-03
2.740660216659307480e-03
-8.120519923977553844e-04
1.566409016959369183e-03
-3.413485363125801086e-03
6.754895439371466637e-04
-1.226853230036795139e-03
3.323574317619204521e-03
1.186464214697480202e-03
1.913503045216202736e-03
-3.162666398566216230e-04
2.515461761504411697e-03
-7.443459471687674522e-04
-1.502025290392339230e-03
-2.933215582743287086e-03
1.838689786382019520e-04
-2.417916432023048401e-03
-2.637016121298074722e-03
3.748663235455751419e-03
-1.109514734707772732e-03
-1.392539823427796364e-03
-2.715647453442215919e-03
2.092487411573529243e-03
-2.353747608140110970e-03
3.144458867609500885e-03
9.970531100407242775e-04
-2.673292765393853188e-03
2.080954145640134811e-03
1.903644064441323280e-03
-2.997955773025751114e-03
-9.392426582053303719e-04
-1.465618144720792770e-03
-3.797199111431837082e-03
-1.211046008393168449e-03
-4.961370141245424747e-04
1.061934512108564377e-03
-1.866834121756255627e-03
1.863346900790929794e-03
1.927038101712241769e-04
-2.592500299215316772e-03
1.146215363405644894e-03
-3.192848991602659225e-03
3.389022080227732658e-03
-5.514828371815383434e-04
-2.107242587953805923e-03
-1.893655513413250446e-03
3.199949627742171288e-03
3.229384543374180794e-03
1.705568633042275906e-03
-1.273748581297695637e-03
-3.577276365831494331e-03
-3.297360381111502647e-03
3.695412073284387589e-03
2.500180620700120926e-03
-1.060055685229599476e-03
-2.079736441373825073e-03
3.578787203878164291e-03
-1.316734240390360355e-03
-2.212285326095297933e-04
-3.679434012155979872e-04
-2.744753612205386162e-03
1.464743749238550663e-03
1.914872322231531143e-03
-3.099566092714667320e-04
-2.749632345512509346e-03
-7.262540166266262531e-04
-3.430786542594432831e-03
-1.504567684605717659e-03
-2.703767735511064529e-03
3.572647459805011749e-03
1.291565946303308010e-03
4.222250718157738447e-04
1.167739625088870525e-03
2.368351677432656288e-03
-5.857231444679200649e-04
2.909968607127666473e-03
-3.185811685398221016e-03
-3.824734129011631012e-03
2.243850613012909889e-03
-3.366046119481325150e-03
-3.121449146419763565e-03
1.420206041075289249e-03
2.511084778234362602e-03
-2.672854578122496605e-03
-3.643940726760774851e-05
3.283609403297305107e-03
-2.990416018292307854e-03
-3.031021682545542717e-03
-6.630668649449944496e-04
3.298921743407845497e-03
3.138884203508496284e-03
-4.812982806470245123e-04
-3.529776120558381081e-03
2.504010044503957033e-04
-1.386949676088988781e-03
1.609170576557517052e-03
3.539057681336998940e-03
1.445748028345406055e-03
2.863226458430290222e-03
-3.741521504707634449e-04
2.478169742971658707e-03
1.901919837109744549e-03
5.236878059804439545e-04
-2.038234611973166466e-03
-2.313591074198484421e-03
2.355915959924459457e-03
1.627188175916671753e-03
3.295232309028506279e-03
-2.629626309499144554e-03
-1.691341632977128029e-03
-2.457855269312858582e-03
1.006338396109640598e-03
-3.896782873198390007e-03
3.860942553728818893e-03
6.813005311414599419e-04
-3.405330469831824303e-03
-1.859992160461843014e-03
2.396364230662584305e-03
7.397114532068371773e-04
1.452861179132014513e-04
1.692976686172187328e-03
3.251258283853530884e-03
-1.283262390643358231e-04
-2.537561813369393349e-03
-3.891328815370798111e-03
3.659202717244625092e-03
-1.010792329907417297e-03
-3.339159069582819939e-03
-6.867396296001970768e-04
-2.817620756104588509e-03
1.407262170687317848e-03
-2.897886559367179871e-03
-3.829189576208591461e-03
-3.039418486878275871e-03
2.961315680295228958e-03
3.055621869862079620e-03
