8.464526035822927952e-04
-5.555652314797043800e-04
-3.360941773280501366e-03
2.038229256868362427e-03
3.403570968657732010e-03
-6.995551520958542824e-04
3.619474882725626230e-04
-2.911996096372604370e-03
7.168180309236049652e-04
2.414166694507002831e-03
2.312786644324660301e-03
-1.782560022547841072e-03
-2.110409783199429512e-03
3.846085164695978165e-03
3.102329792454838753e-04
-6.151913839858025312e-05
-3.837457625195384026e-03
-8.173338574124500155e-05
2.630972070619463921e-03
-1.446117297746241093e-03
-2.756005618721246719e-03
-9.920045267790555954e-04
3.370751801412552595e-04
-1.731133554130792618e-03
3.155881771817803383e-03
-8.408153662458062172e-04
3.824656305368989706e-04
-1.798019744455814362e-03
4.117425996810197830e-04
3.479582024738192558e-03
-3.726167778950184584e-04
-3.464431734755635262e-03
3.544454521033912897e-04
2.311445772647857666e-03
2.552411286160349846e-03
-8.988357731141149998e-04
3.828644519671797752e-03
-1.391975558362901211e-03
2.069984795525670052e-03
-1.593367429450154305e-03
-2.408407395705580711e-03
-3.265471197664737701e-03
9.511886310065165162e-05
-2.754632616415619850e-03
-1.408646232448518276e-03
-3.662435570731759071e-03
1.681230496615171432e-03
1.536462106741964817e-03
2.241561189293861389e-03
-1.896153204143047333e-03
-3.378634341061115265e-03
3.345584962517023087e-03
-1.334278378635644913e-03
9.599368786439299583e-04
-1.658159540966153145e-03
-2.916296944022178650e-03
1.589836901985108852e-03
-1.863090670667588711e-03
2.934630028903484344e-04
1.993918791413307190e-03
-3.814446739852428436e-03
-2.980825025588274002e-03
3.324876772239804268e-03
-1.777959289029240608e-03
-2.369184978306293488e-03
-7.042253273539245129e-04
-3.957929147873073816e-04
-4.981075180694460869e-04
1.833270071074366570e-03
1.501267426647245884e-03
1.921294373460114002e-03
-3.668784163892269135e-03
-2.131216460838913918e-03
8.953345968620851636e-05
-1.302192395087331533e-04
-2.954335650429129601e-03
-1.196450903080403805e-03
3.847538260743021965e-03
5.385775584727525711e-04
-3.712797537446022034e-03
3.016730071976780891e-03
-3.745972178876399994e-03
8.335830643773078918e-04
3.304440528154373169e-03
2.099127043038606644e-03
3.900291863828897476e-03
3.577895695343613625e-03
-1.566117396578192711e-03
1.967110205441713333e-03
2.752188127487897873e-03
-2.373878844082355499e-03
-3.709312994033098221e-03
2.606891794130206108e-03
2.106869360432028770e-03
-1.786708366125822067e-03
2.731427084654569626e-03
3.108276985585689545e-03
-2.763054333627223969e-03
9.773366618901491165e-04
1.773154130205512047e-03
-6.980615435168147087e-04
-3.261064412072300911e-03
2.946819411590695381e-03
1.325718825682997704e-03
3.721633402165025473e-04
2.099454170092940331e-03
-1.068666693754494190e-03
-8.944550645537674427e-04
-3.551521804183721542e-03
2.006834372878074646e-03
-3.720854874700307846e-03
-7.978726061992347240e-04
-5.109090707264840603e-04
3.321190888527780771e-04
-3.236516378819942474e-03
2.791665727272629738e-03
-1.694767153821885586e-03
-1.355524174869060516e-03
-2.049471018835902214e-03
5.103301955386996269e-04
-2.672235714271664619e-04
4.618352104444056749e-04
-5.056057707406580448e-04
2.962249098345637321e-03
3.165380796417593956e-03
1.488383626565337181e-03
1.208857356687076390e-04
3.593392902985215187e-03
-3.741046180948615074e-03
2.885423135012388229e-03
-1.131016528233885765e-03
-7.019636104814708233e-04
1.289774314500391483e-03
-1.204963540658354759e-03
2.671875699888914824e-04
3.616650123149156570e-03
2.527514705434441566e-03
-1.315990462899208069e-03
2.407683990895748138e-03
-1.751242671161890030e-03
-1.895154477097094059e-03
-2.666007028892636299e-03
2.169657236663624644e-04
-3.333614906296133995e-03
-3.469632938504219055e-04
-1.596069778315722942e-03
1.528419554233551025e-03
2.061675622826442122e-04
2.882604021579027176e-03
2.135667949914932251e-03
-1.102977897971868515e-03
-3.762283886317163706e-04
2.742071519605815411e-04
-1.025566132739186287e-03
-1.248564687557518482e-03
-3.415604121983051300e-03
1.478153444622876123e-05
1.312197768129408360e-03
-2.501819748431444168e-03
2.904416527599096298e-03
8.937639649957418442e-04
-2.782057970762252808e-03
-3.263213206082582474e-03
-3.549286397174000740e-03
-3.466257767286151648e-04
8.874730556271970272e-04
-2.568550640717148781e-03
3.518958576023578644e-03
3.956094442401081324e-04
-2.671034540981054306e-03
-2.102413709508255124e-04
2.453101100400090218e-03
3.721228102222084999e-03
1.583735720487311482e-04
-3.868086263537406921e-03
-9.641326032578945160e-04
3.778999904170632362e-03
-1.156280632130801678e-03
-2.585044363513588905e-03
-1.491812174208462238e-03
2.531639300286769867e-03
-3.397241700440645218e-03
-9.831526549533009529e-04
-2.584123052656650543e-03
-1.430932898074388504e-03
-1.170597271993756294e-03
3.776269033551216125e-03
-2.269468968734145164e-03
1.785706728696823120e-03
1.051958766765892506e-03
5.217389552854001522e-04
-3.636162262409925461e-03
-2.067476016236469150e-04
-6.463180761784315109e-04
2.577524865046143532e-03
6.413282244466245174e-04
1.156417769379913807e-03
1.379931112751364708e-03
3.941674367524683475e-04
5.289977998472750187e-04
1.327759819105267525e-04
-2.182291122153401375e-03
3.471276024356484413e-03
-2.788845216855406761e-03
2.865351270884275436e-03
1.092117163352668285e-03
1.717127277515828609e-03
-1.608415273949503899e-03
2.072841627523303032e-03
-3.896429203450679779e-03
1.210117130540311337e-03
-2.979401731863617897e-03
1.245776191353797913e-03
1.889231352834030986e-04
-2.993356669321656227e-03
7.718495908193290234e-05
1.552194473333656788e-03
1.902948599308729172e-03
-1.811973052099347115e-03
-6.876775878481566906e-04
3.832005662843585014e-03
2.968258922919631004e-03
2.794617787003517151e-03
-2.308490918949246407e-03
-1.210682210512459278e-03
-2.628484042361378670e-03
9.628203406464308500e-05
-2.472670050337910652e-03
1.505539054051041603e-03
-1.793943112716078758e-03
-2.205351833254098892e-03
6.153365247882902622e-04
6.540041067637503147e-05
3.020928008481860161e-03
6.746050203219056129e-04
3.136627841740846634e-03
3.582819132134318352e-03
2.491394057869911194e-03
2.431599656119942665e-03
3.809233894571661949e-03
-3.424497554078698158e-03
-1.501013175584375858e-03
1.345396507531404495e-03
-1.773566473275423050e-03
3.694770392030477524e-03
2.519012195989489555e-03
8.487200830131769180e-04
-1.090444973669946194e-03
9.977300651371479034e-04
-2.124329097568988800e-03
5.642275209538638592e-04
-1.347030862234532833e-03
-5.187291535548865795e-04
-2.986534964293241501e-03
4.364663036540150642e-04
-8.446825086139142513e-04
