-2.873436780646443367e-03
-4.478221817407757044e-04
3.734455443918704987e-03
2.551825018599629402e-03
-1.907866215333342552e-03
-3.434852696955204010e-03
-1.855991082265973091e-03
3.112644888460636139e-03
1.603534794412553310e-03
2.784310374408960342e-03
3.364773932844400406e-03
-2.389413537457585335e-03
-3.651881823316216469e-03
2.218073932453989983e-03
3.255769377574324608e-03
-2.279175911098718643e-03
-2.133699133992195129e-03
2.114489208906888962e-03
-9.213130688294768333e-04
-8.088737959042191505e-04
-7.983146351762115955e-04
-3.168422030285000801e-03
-3.664911957457661629e-03
-2.530501922592520714e-03
3.785129170864820480e-03
-2.318666549399495125e-03
-2.082349034026265144e-03
-1.129696145653724670e-03
8.916850783862173557e-04
2.585462993010878563e-03
2.917299745604395866e-03
-3.112454200163483620e-03
-2.130677923560142517e-03
1.753138494677841663e-03
3.757945669349282980e-04
-1.350528909824788570e-03
-6.468823412433266640e-04
-3.721706336364150047e-03
-4.141438985243439674e-04
-3.382950671948492527e-04
-2.529317978769540787e-03
-3.279326949268579483e-03
-3.860542085021734238e-03
-6.168189574964344501e-04
1.037655281834304333e-03
-2.818634675350040197e-04
2.580187749117612839e-03
3.810865106061100960e-03
-1.297410111874341965e-03
6.939298473298549652e-04
-3.665200667455792427e-03
-2.269553951919078827e-03
-2.552584512159228325e-03
2.638454083353281021e-03
4.608540330082178116e-04
1.097002386813983321e-04
-4.317054117564111948e-04
-8.068522438406944275e-04
-3.370528807863593102e-03
2.623168984428048134e-04
-3.385774558410048485e-03
-1.942766946740448475e-03
-1.324272830970585346e-03
-3.031455446034669876e-03
-2.811375539749860764e-03
2.947410335764288902e-03
3.842855105176568031e-03
-3.570681205019354820e-03
1.756899408064782619e-03
-3.845226718112826347e-03
2.338012680411338806e-03
6.954210111871361732e-04
-1.170551986433565617e-03
1.023776130750775337e-03
1.495829434134066105e-03
2.894223725888878107e-04
-8.389647118747234344e-04
1.516153453849256039e-03
-1.849016698542982340e-04
-3.420197754167020321e-04
-3.567557083442807198e-03
-2.886594738811254501e-03
1.825642189942300320e-03
-1.568905427120625973e-03
9.553948184475302696e-04
-1.056746579706668854e-03
-2.959595527499914169e-03
3.640147391706705093e-03
-1.341039431281387806e-03
2.089194022119045258e-03
-1.258235715795308352e-04
3.259160555899143219e-03
2.376931020990014076e-03
-9.307089494541287422e-04
-1.389935612678527832e-03
-3.501496743410825729e-03
2.128813881427049637e-03
-3.489458467811346054e-04
-3.167129121720790863e-03
-2.398394048213958740e-03
-3.058094298467040062e-04
-1.436914084479212761e-03
-3.425004659220576286e-03
3.068153979256749153e-03
-1.748548820614814758e-03
2.405668783467262983e-04
-1.705591799691319466e-03
-2.797854598611593246e-03
-3.521792357787489891e-03
-2.018453553318977356e-03
-1.868410501629114151e-03
2.748116385191679001e-03
4.521477385424077511e-04
1.028135535307228565e-03
3.317224094644188881e-03
-1.866260892711579800e-03
1.286805840209126472e-03
4.685909952968358994e-04
2.098988741636276245e-03
6.264483672566711903e-04
6.808617035858333111e-04
2.603559521958231926e-03
-8.019024971872568130e-05
2.864681649953126907e-03
-3.313562483526766300e-04
-1.304835313931107521e-04
1.449424889869987965e-03
-1.750543946400284767e-03
-2.043150132521986961e-03
2.844115020707249641e-03
-3.060047747567296028e-03
1.530050300061702728e-03
1.523933024145662785e-04
1.824162201955914497e-03
7.950842264108359814e-04
-1.083444687537848949e-03
-3.663403447717428207e-03
2.666105516254901886e-03
-1.326036406680941582e-03
-3.830617351923137903e-04
7.982282550074160099e-04
-1.913374522700905800e-03
-2.543210284784436226e-03
3.581921046134084463e-04
-3.201424609869718552e-03
4.659966798499226570e-04
2.864708403649274260e-05
-1.181492814794182777e-03
-3.545115469023585320e-03
3.630938241258263588e-03
-2.575574675574898720e-03
-8.877983782440423965e-04
1.369948033243417740e-03
-1.257236814126372337e-03
-3.202856052666902542e-03
-5.127900512889027596e-04
3.899605944752693176e-03
-2.795679960399866104e-03
8.950109477154910564e-04
-1.005102065391838551e-03
-3.243230748921632767e-03
1.212695497088134289e-03
-1.874019042588770390e-03
6.898727151565253735e-04
-4.903881344944238663e-04
-4.627160960808396339e-04
2.037029247730970383e-03
-2.302771434187889099e-03
-1.380085363052785397e-03
1.835377042880281806e-04
3.427653340622782707e-03
3.233997267670929432e-04
-2.508538309484720230e-03
1.340869785053655505e-04
-1.640566275455057621e-03
-3.395696403458714485e-03
2.991776855196803808e-04
-1.043791766278445721e-03
-2.994373906403779984e-03
-5.798912607133388519e-04
-1.203497755341231823e-03
3.680925816297531128e-03
3.580038901418447495e-03
1.538659445941448212e-03
2.384549239650368690e-03
-2.606458961963653564e-03
-1.885065925307571888e-03
1.879631308838725090e-03
2.753234934061765671e-03
1.977680949494242668e-03
3.567619016394019127e-03
-1.211495487950742245e-03
1.716421102173626423e-04
-2.822594484314322472e-03
2.124008722603321075e-03
1.345640630461275578e-03
-9.389251317770686001e-06
-3.701113630086183548e-03
8.224559715017676353e-04
7.900319760665297508e-04
-3.016141708940267563e-03
3.247265005484223366e-03
-2.114074537530541420e-03
-4.978927318006753922e-04
3.945977950934320688e-04
-1.719646854326128960e-03
1.693990081548690796e-03
2.452719723805785179e-03
2.959009259939193726e-03
-1.351913670077919960e-03
1.703314599581062794e-03
-4.160880635026842356e-04
6.285766139626502991e-04
-8.264801581390202045e-04
-2.757635666057467461e-03
2.280308632180094719e-03
-2.405797597020864487e-03
1.225466607138514519e-03
1.021431991830468178e-03
3.163910936564207077e-03
-1.925166696310043335e-03
-3.551884787157177925e-03
2.675293711945414543e-03
-2.308811293914914131e-03
-3.733118763193488121e-03
3.893492044880986214e-03
-3.403427544981241226e-03
2.761287149041891098e-03
-2.494083950296044350e-03
3.649592399597167969e-03
1.453107222914695740e-03
-2.882096916437149048e-03
-1.366909826174378395e-03
-2.392437774688005447e-03
1.614521606825292110e-03
-3.216300392523407936e-03
2.082197228446602821e-03
-1.295096823014318943e-03
2.434238558635115623e-04
-1.964363269507884979e-03
-3.513409756124019623e-03
2.307294344063848257e-04
-1.667718170210719109e-03
3.212170908227562904e-03
-1.225185929797589779e-03
4.622863780241459608e-04
3.851677523925900459e-03
-6.671466981060802937e-04
-3.218823112547397614e-04
-2.831710269674658775e-03
9.566334192641079426e-04
9.684388060122728348e-04
-6.612633587792515755e-04
-2.467798534780740738e-03
2.978536067530512810e-03
2.690054243430495262e-03
