1.940926886163651943e-03
-2.370902569964528084e-03
-4.574794438667595387e-04
-2.280957531183958054e-03
1.712810597382485867e-03
1.589134335517883301e-03
-8.919901447370648384e-04
-3.462572814896702766e-03
1.118903630413115025e-03
-1.332123414613306522e-03
-3.818879835307598114e-03
3.128896467387676239e-03
2.577665261924266815e-03
-3.437256207689642906e-03
5.611820379272103310e-04
-3.390376223251223564e-03
-2.215226122643798590e-04
3.750725416466593742e-03
3.858635900542140007e-03
-2.039148472249507904e-03
-3.015135414898395538e-03
-2.888809423893690109e-03
3.557844320312142372e-03
-1.802639017114415765e-04
3.549562068656086922e-03
-1.582080149091780186e-03
-1.121761510148644447e-03
1.003065961413085461e-03
-2.997077535837888718e-05
2.574119484052062035e-03
3.604748751968145370e-03
-1.270368229597806931e-03
2.898004837334156036e-03
3.645676886662840843e-03
-9.532592957839369774e-04
4.103795508854091167e-04
-3.750897012650966644e-03
-2.201211638748645782e-03
-1.862527569755911827e-03
-2.776775276288390160e-03
1.820861361920833588e-03
3.663743555080145597e-04
2.570984885096549988e-03
-1.917282119393348694e-03
3.468691371381282806e-03
1.378706190735101700e-03
5.997973494231700897e-04
-2.086789347231388092e-03
1.476653153076767921e-03
-1.979558495804667473e-03
-3.389684716239571571e-03
3.755167825147509575e-03
-3.686385694891214371e-03
-4.591484321281313896e-04
-9.097576839849352837e-04
2.323639113456010818e-03
-1.449259696528315544e-03
5.270789260976016521e-04
7.938808266771957278e-06
2.973519265651702881e-03
-2.621000166982412338e-03
3.352929838001728058e-03
-3.210232825949788094e-03
-2.659799298271536827e-03
-1.087254029698669910e-03
3.754339646548032761e-03
1.003402168862521648e-03
9.170873090624809265e-05
-3.841402940452098846e-03
-1.913454267196357250e-03
-9.248562273569405079e-04
-2.389426110312342644e-03
2.099364763125777245e-03
-2.743000164628028870e-03
1.514069852419197559e-03
-2.727607730776071548e-03
1.710786484181880951e-03
-2.219390124082565308e-03
-2.857611281797289848e-03
1.884594559669494629e-03
-3.267039544880390167e-03
2.352665411308407784e-03
3.280571661889553070e-03
9.686512639746069908e-04
-8.833786705508828163e-04
2.540961373597383499e-03
1.059371279552578926e-03
-2.724944846704602242e-03
-1.746766967698931694e-03
3.895036177709698677e-03
-3.750473726540803909e-03
-3.357518929988145828e-03
1.403233269229531288e-03
1.414337544701993465e-03
2.828480442985892296e-03
-8.135726093314588070e-04
3.837204538285732269e-03
-1.254110364243388176e-03
1.529325032606720924e-03
3.241262631490826607e-03
3.695936873555183411e-03
4.060304199811071157e-04
-1.734598539769649506e-03
3.713432932272553444e-03
-1.863352721557021141e-03
-2.801049267873167992e-03
5.331509164534509182e-04
-1.469063921831548214e-03
2.051901770755648613e-03
2.037492580711841583e-03
-1.989793498069047928e-03
-7.602612022310495377e-04
-3.864099271595478058e-03
-2.176075009629130363e-03
-5.637124995701014996e-04
3.809721441939473152e-03
1.205813721753656864e-03
2.421711804345250130e-03
-3.417599014937877655e-03
2.620545914396643639e-03
5.997382686473429203e-04
-1.034546061418950558e-03
3.675847081467509270e-03
7.778683211654424667e-04
-9.417295805178582668e-04
3.276122501119971275e-03
9.032910456880927086e-04
-2.543509472161531448e-04
-3.847667947411537170e-03
-3.808437148109078407e-03
-2.536263200454413891e-04
1.967933494597673416e-03
-2.812226302921772003e-04
6.377078825607895851e-04
-1.325782854110002518e-03
2.642849460244178772e-03
-2.631737152114510536e-03
-2.568218624219298363e-03
-3.407810581848025322e-03
-2.180742798373103142e-03
1.496784738264977932e-03
9.662935626693069935e-04
-1.512466231361031532e-03
2.935946104116737843e-04
2.447561128064990044e-03
-2.289868192747235298e-03
7.994529441930353642e-04
9.193065488943830132e-05
-2.374745206907391548e-03
-9.807046735659241676e-04
-9.624004451325163245e-05
3.206140594556927681e-03
-9.730391902849078178e-04
-3.220977494493126869e-03
5.672605402651242912e-05
2.423204015940427780e-03
1.747177913784980774e-03
3.366790013387799263e-03
7.292293594218790531e-04
-1.668022596277296543e-03
8.073381613940000534e-04
2.877784427255392075e-03
-2.911066869273781776e-03
-3.136163577437400818e-03
9.821424027904868126e-04
-2.225125441327691078e-03
-2.990148263052105904e-03
2.266102004796266556e-03
-3.791570663452148438e-03
1.776292920112609863e-03
-3.624983131885528564e-03
-1.002591685391962528e-03
2.381048630923032761e-03
-2.375638578087091446e-03
-3.110583405941724777e-03
9.828920010477304459e-04
-1.138052321039140224e-03
-4.792748077306896448e-04
4.900622298009693623e-04
-6.154877482913434505e-04
2.491940744221210480e-03
7.246997556649148464e-04
-3.537463024258613586e-03
-2.952077426016330719e-03
-1.739775645546615124e-03
1.494914991781115532e-03
3.454295918345451355e-03
2.922525629401206970e-03
-1.783075858838856220e-03
-2.113405615091323853e-03
3.424707800149917603e-03
-2.093108138069510460e-03
-5.822113598696887493e-04
-2.300365129485726357e-03
1.505183870904147625e-03
-3.563820617273449898e-03
-1.985860755667090416e-03
-2.988914027810096741e-03
-2.073405310511589050e-03
-2.117322292178869247e-03
3.287954023107886314e-03
5.050610634498298168e-04
2.016301732510328293e-03
-9.235826437361538410e-04
1.895594177767634392e-03
-2.402128418907523155e-03
-2.358786063268780708e-03
2.829086733981966972e-03
3.729600226506590843e-03
1.904193661175668240e-03
3.690631594508886337e-03
-3.045695833861827850e-03
-6.674699834547936916e-04
7.351338281296193600e-04
-2.138582523912191391e-03
1.738394959829747677e-03
1.066903641913086176e-04
-1.683268579654395580e-03
-1.225613406859338284e-03
-2.502303570508956909e-03
-1.741688814945518970e-03
2.145079197362065315e-03
5.253946292214095592e-04
-8.455716306343674660e-05
-9.984581265598535538e-05
2.395763527601957321e-03
3.196322824805974960e-03
2.207557205110788345e-03
-1.023448538035154343e-03
-2.849139273166656494e-03
-3.094740910455584526e-03
2.171706873923540115e-03
3.081201575696468353e-03
4.642154963221400976e-04
-3.254891606047749519e-03
-2.224429510533809662e-03
3.415161918383091688e-04
-2.684426959604024887e-03
1.250732108019292355e-03
1.687599695287644863e-03
3.714079502969980240e-03
-1.353050349280238152e-03
-2.886366564780473709e-03
1.085419906303286552e-03
1.387997035635635257e-04
-1.221902668476104736e-03
-2.476806286722421646e-03
4.468761035241186619e-04
3.867637133225798607e-03
-1.892865635454654694e-03
2.909575123339891434e-04
3.478665603324770927e-04
9.731858881423249841e-06
1.592446118593215942e-03
8.061038679443299770e-04
2.843630965799093246e-03
