3.664586227387189865e-03
9.477829444222152233e-04
-3.742295783013105392e-03
-1.400775858201086521e-03
-2.193596912547945976e-03
9.524020715616643429e-04
-1.271198620088398457e-03
1.775332493707537651e-03
1.844693091697990894e-03
3.739295760169625282e-03
-3.818239318206906319e-03
-3.493745112791657448e-03
3.558266442269086838e-03
3.472991986200213432e-03
-2.401676028966903687e-03
4.419027245603501797e-04
-3.406858304515480995e-03
-2.739257877692580223e-03
-1.787070883437991142e-03
3.647831268608570099e-03
-1.910657505504786968e-03
2.204810967668890953e-03
-1.748644630424678326e-03
-2.343634841963648796e-03
3.249414963647723198e-03
1.544280676171183586e-03
-1.157663296908140182e-03
2.932750387117266655e-03
2.253437414765357971e-03
-8.233560365624725819e-04
2.451756037771701813e-03
-3.496827324852347374e-03
9.958877926692366600e-04
-3.637692891061306000e-03
3.580090196919627488e-05
-3.659715177491307259e-03
-8.803742239251732826e-04
3.672551829367876053e-03
1.278528827242553234e-03
1.342431351076811552e-04
-2.479844260960817337e-03
-3.690533107146620750e-03
2.608029404655098915e-03
-3.573537571355700493e-03
7.602256955578923225e-04
1.018766663037240505e-03
-4.883416113443672657e-04
2.154543530195951462e-03
1.143821515142917633e-03
2.962071914225816727e-03
2.034713514149188995e-03
-2.934040268883109093e-03
-1.405956107191741467e-03
-8.593241363996639848e-05
-1.376393600367009640e-03
-1.794754061847925186e-03
2.397458301857113838e-03
3.175368998199701309e-03
-1.204044674523174763e-03
3.088156692683696747e-03
-3.854773240163922310e-03
-2.647635294124484062e-03
-1.624132273718714714e-03
3.870841348543763161e-03
6.670733564533293247e-04
2.198779111495241523e-04
2.283486304804682732e-03
3.061800496652722359e-03
-2.917102072387933731e-03
-2.825931413099169731e-03
-2.671933616511523724e-04
-1.785729662515223026e-03
-1.856260234490036964e-03
-2.875090576708316803e-03
-5.577948177233338356e-04
-7.964845863170921803e-04
1.306699705310165882e-04
9.398781112395226955e-04
-2.262680325657129288e-03
-1.278114505112171173e-03
2.167595783248543739e-03
-1.825970481149852276e-03
-1.479338970966637135e-03
2.239373046904802322e-03
9.219304774887859821e-04
2.067803638055920601e-03
-1.509652938693761826e-03
1.322157913818955421e-03
3.265183651819825172e-03
1.138530438765883446e-03
3.268499160185456276e-03
3.694097278639674187e-03
2.216289285570383072e-03
3.567476058378815651e-03
1.416652929037809372e-03
1.305301440879702568e-03
2.306102775037288666e-03
-1.185623928904533386e-03
-2.991821849718689919e-03
-3.161323256790637970e-04
1.393950078636407852e-03
1.355191576294600964e-03
-1.685373601503670216e-03
2.470110543072223663e-03
1.790235051885247231e-03
-9.477211278863251209e-04
1.856837538070976734e-03
1.620611292310059071e-03
3.076976630836725235e-03
1.719773164950311184e-03
-3.225612454116344452e-03
2.478557289578020573e-04
-6.790592451579868793e-04
8.812102023512125015e-04
-1.452392549254000187e-03
3.504454856738448143e-03
-1.840830896981060505e-03
-2.016292186453938484e-03
2.981285797432065010e-03
2.838220447301864624e-03
-2.370854606851935387e-03
2.126439008861780167e-03
2.769436454400420189e-03
-2.873256104066967964e-03
1.121024251915514469e-03
-1.916710054501891136e-03
2.950638998299837112e-03
-1.997349085286259651e-03
3.243860555812716484e-03
1.437172904843464494e-04
3.851335495710372925e-03
-1.196627388708293438e-03
2.059309510514140129e-03
3.943779447581619024e-04
-6.634743185713887215e-04
4.275112878531217575e-04
9.309599408879876137e-04
3.833931172266602516e-03
9.226717520505189896e-04
7.912289220257662237e-06
2.289088908582925797e-03
3.175487276166677475e-03
1.003427430987358093e-03
3.527829656377434731e-03
-2.849671989679336548e-03
2.797306282445788383e-03
1.087739015929400921e-03
2.392558148130774498e-03
-1.936036096594762057e-05
2.214896492660045624e-03
1.547024236060678959e-03
-8.536336245015263557e-04
3.717928193509578705e-04
2.009196672588586807e-03
1.081960392184555531e-03
2.614927012473344803e-03
3.127078816760331392e-04
-4.105948028154671192e-04
3.045939374715089798e-03
1.589107909239828587e-03
-2.118773292750120163e-03
-2.075619995594024658e-03
-2.388869645074009895e-03
-2.815873594954609871e-03
1.066370867192745209e-03
3.607005579397082329e-03
1.109348668251186609e-04
4.522932867985218763e-04
5.907054292038083076e-04
2.526412019506096840e-03
-1.845192629843950272e-03
3.528666915372014046e-03
-4.431493289303034544e-04
1.505667343735694885e-03
-3.105306532233953476e-03
2.095739357173442841e-03
-8.859413792379200459e-04
-1.944143208675086498e-03
-5.774354794993996620e-04
1.786239328794181347e-03
3.771815681830048561e-03
2.962755737826228142e-03
2.778133610263466835e-03
-2.066756598651409149e-03
3.569815773516893387e-03
-2.943928120657801628e-03
-2.750283107161521912e-03
2.158539835363626480e-03
-1.007314654998481274e-03
-3.746571484953165054e-03
2.151837572455406189e-03
-2.887670416384935379e-03
-1.953138271346688271e-03
-1.171770272776484489e-03
-3.899845061823725700e-03
-2.332725096493959427e-03
-3.537790384143590927e-03
3.528092289343476295e-03
1.625770470127463341e-03
2.639831800479441881e-04
-2.663823775947093964e-03
-1.716511091217398643e-03
2.208444988355040550e-03
-3.742434550076723099e-03
-2.551340032368898392e-03
4.024524823762476444e-04
1.333389518549665809e-04
3.125415532849729061e-04
3.139467677101492882e-03
-1.152830780483782291e-03
-1.926601282320916653e-03
1.303331664530560374e-04
2.878757659345865250e-03
1.434573059668764472e-04
9.482859168201684952e-04
-2.335538854822516441e-03
-1.589636667631566525e-03
3.036683890968561172e-03
-2.090641297399997711e-03
-4.495707980822771788e-04
2.510973950847983360e-03
-9.750617900863289833e-04
3.062051255255937576e-03
-2.600661246106028557e-03
2.947847126051783562e-03
-2.060630824416875839e-03
2.089876914396882057e-03
1.136298989877104759e-03
-3.591621061787009239e-03
-1.595438574440777302e-03
1.099353539757430553e-03
-2.342465566471219063e-03
-3.313349094241857529e-03
1.128728981711901724e-04
-3.977018059231340885e-04
1.921629882417619228e-03
-3.537616692483425140e-03
-1.960945082828402519e-03
7.160524837672710419e-04
-1.270495937205851078e-03
3.828024258837103844e-03
-3.914168104529380798e-03
2.797692548483610153e-03
-1.381864422000944614e-04
-6.983597268117591739e-05
3.008818952366709709e-03
-2.452778862789273262e-03
3.181762527674436569e-03
1.855466049164533615e-03
2.313569653779268265e-03
-1.464050845243036747e-03
-2.296631690114736557e-03
1.702106907032430172e-03
-1.297056907787919044e-03
-1.732376869767904282e-03
-3.265183651819825172e-03
