-1.853952999226748943e-03
-3.887566970661282539e-03
-9.972695261240005493e-04
-3.155207959935069084e-03
-1.768163405358791351e-03
-1.457073376514017582e-03
1.471788855269551277e-03
-3.936881839763373137e-04
-9.821999265113845468e-05
-2.364613814279437065e-03
3.241183236241340637e-03
-3.314324654638767242e-03
-2.610958414152264595e-03
-1.672297948971390724e-04
2.737991278991103172e-03
-2.749618608504533768e-03
-6.174329901114106178e-04
-3.428966738283634186e-05
-1.960183959454298019e-03
2.416709437966346741e-03
-7.022712961770594120e-04
3.830821719020605087e-03
-1.226419466547667980e-03
-2.646685461513698101e-04
1.000661985017359257e-03
-3.701001696754246950e-04
3.441823879256844521e-03
-8.662482723593711853e-04
-3.392362268641591072e-03
3.273994661867618561e-03
3.004071302711963654e-03
-3.693080041557550430e-03
-2.272551180794835091e-03
9.509002557024359703e-04
7.447621319442987442e-04
-3.802838269621133804e-03
-1.732963719405233860e-03
2.294376492500305176e-03
-1.180087449029088020e-03
-2.587106311693787575e-03
3.364752745255827904e-03
-3.806168679147958755e-04
3.362577408552169800e-03
-1.254794478882104158e-04
-6.609018309973180294e-04
1.882532727904617786e-03
5.327842518454417586e-05
2.013138437177985907e-04
2.817800035700201988e-03
-3.415767103433609009e-03
1.742300926707684994e-03
-1.771592767909169197e-03
1.829263404943048954e-03
-2.514457097277045250e-03
-2.468063030391931534e-03
-3.706084971781820059e-04
-1.426986767910420895e-03
1.404947106493636966e-04
3.962479822803288698e-04
1.991775585338473320e-03
2.349362475797533989e-03
-2.818035427480936050e-04
-3.475970122963190079e-03
-1.611488260095939040e-04
3.441553795710206032e-03
1.150188501924276352e-03
3.805869724601507187e-03
2.121194498613476753e-03
2.994624665006995201e-03
-3.351307939738035202e-03
-3.156539518386125565e-03
-1.409556483849883080e-03
-3.676568157970905304e-03
1.906252691696863621e-05
2.572468249127268791e-03
2.757825655862689018e-03
6.136141018941998482e-04
-3.316982649266719818e-03
-2.190427621826529503e-03
-3.474833676591515541e-03
2.193623455241322517e-03
-2.572835655882954597e-03
8.527004974894225597e-04
-4.468933620955795050e-04
8.905216964194551110e-05
1.622351119294762611e-03
-1.949607103597372770e-04
1.023702498059719801e-04
-3.489225869998335838e-03
-4.195737419649958611e-04
3.163990797474980354e-03
-2.410834655165672302e-03
-1.464843982830643654e-03
3.508456517010927200e-03
3.590304171666502953e-03
-1.617612899281084538e-03
-7.304995087906718254e-04
2.391827525570988655e-03
2.143145306035876274e-03
2.520260168239474297e-03
2.640045131556689739e-04
1.177423400804400444e-04
-1.953637227416038513e-03
-5.287191743263974786e-05
-3.764037042856216431e-03
-2.178162103518843651e-03
7.680859416723251343e-04
1.883218064904212952e-03
-1.136075297836214304e-04
3.741831984370946884e-03
2.422128571197390556e-03
9.667888516560196877e-04
7.773938705213367939e-04
-2.547855256125330925e-03
-7.588022854179143906e-04
-2.456062939018011093e-04
3.501921193674206734e-03
-2.071612980216741562e-03
-3.055261622648686171e-04
9.232531301677227020e-04
2.173218410462141037e-03
-3.595624584704637527e-03
1.680298359133303165e-03
3.552260575816035271e-03
-2.515094354748725891e-03
-2.895756158977746964e-03
-1.256601652130484581e-03
1.902089687064290047e-03
-2.417773241177201271e-03
1.141028245911002159e-03
3.108416218310594559e-03
-1.633003586903214455e-03
-1.445888774469494820e-03
-1.042046133079566061e-04
-7.456138846464455128e-04
-1.449324539862573147e-03
2.283326582983136177e-03
-2.248614793643355370e-03
9.580495534464716911e-04
-1.623963587917387486e-03
-1.626341254450380802e-03
-7.243024301715195179e-04
-3.330686595290899277e-04
1.049176091328263283e-03
3.551606321707367897e-03
1.295392401516437531e-03
-3.193697426468133926e-03
-3.408543067052960396e-03
-1.712479046545922756e-03
2.422370947897434235e-03
-2.893107943236827850e-03
-1.528803957626223564e-03
-1.984625356271862984e-03
4.955493495799601078e-04
3.609655657783150673e-03
2.120234072208404541e-03
-2.420277567580342293e-03
9.790615877136588097e-04
2.970347879454493523e-03
-1.467101625166833401e-03
1.332827669102698565e-04
1.206409302540123463e-03
1.289424370042979717e-03
-1.476382836699485779e-03
-3.890364663675427437e-03
-2.075115218758583069e-03
7.811089744791388512e-04
2.793961204588413239e-03
1.036368426866829395e-03
-9.548803791403770447e-04
1.665382646024227142e-03
3.863074351102113724e-03
-2.420387696474790573e-03
-1.857245340943336487e-03
-2.278634812682867050e-03
-2.384278486715629697e-04
2.702975412830710411e-03
5.334111629053950310e-04
3.183464286848902702e-04
2.877803286537528038e-03
-1.072803046554327011e-03
-3.859487129375338554e-03
-2.261817688122391701e-03
9.394992957822978497e-04
3.878495655953884125e-03
4.852521233260631561e-04
-3.099060151726007462e-03
-3.550277091562747955e-03
7.260698475874960423e-04
-3.290394553914666176e-03
4.431385605130344629e-04
-1.432732096873223782e-03
-2.127378014847636223e-03
1.379445660859346390e-03
-1.915464177727699280e-03
-9.207815746776759624e-04
-2.034693490713834763e-03
-1.921145478263497353e-03
-3.249033819884061813e-03
-4.157779621891677380e-04
-3.504334483295679092e-03
-1.438986626453697681e-03
2.080539241433143616e-03
-2.383422106504440308e-03
-7.577904616482555866e-04
-3.412323771044611931e-03
-2.852606121450662613e-03
2.241367008537054062e-03
-3.032756038010120392e-03
1.860444899648427963e-03
2.661713398993015289e-03
3.067363053560256958e-03
-3.261503763496875763e-03
1.777745550498366356e-03
-1.512267859652638435e-03
-2.746505197137594223e-03
-3.833377500995993614e-03
-2.332277363166213036e-03
6.798905087634921074e-05
-3.146050497889518738e-03
-2.919408027082681656e-03
3.285819897428154945e-03
-1.411390025168657303e-03
-1.919469214044511318e-04
-3.955455395043827593e-05
3.439645748585462570e-03
3.635170171037316322e-03
2.347622998058795929e-03
2.950254594907164574e-03
-3.125031711533665657e-03
-2.162586431950330734e-03
3.518040524795651436e-03
-3.480019979178905487e-03
3.689409699290990829e-03
1.494846510468050838e-04
3.659993642941117287e-03
8.503661956638097763e-04
-1.366826239973306656e-03
-1.569807529449462891e-03
2.111020876327529550e-04
2.868997864425182343e-03
4.858912725467234850e-04
-3.586256643757224083e-03
7.673375657759606838e-04
-1.349787344224750996e-04
7.803425542078912258e-04
-1.503016101196408272e-03
3.096299245953559875e-03
2.776706125587224960e-03
2.571414923295378685e-03
1.415992388501763344e-03
-5.038206581957638264e-04
-1.012661610729992390e-03
1.884600729681551456e-03
-1.309224055148661137e-03
-1.673933584243059158e-03
