-7.414267747662961483e-04
1.944420975632965565e-03
2.888965886086225510e-03
-6.552219274453818798e-04
-7.606845465488731861e-04
-2.216873690485954285e-03
2.704337937757372856e-03
1.343368901871144772e-03
3.239331068471074104e-03
-1.645993208512663841e-03
-1.355263637378811836e-03
4.172120679868385196e-05
-2.116287127137184143e-03
-2.041261177510023117e-05
-3.646592842414975166e-03
-6.676249904558062553e-04
-3.243507817387580872e-03
3.516531549394130707e-03
-3.204222768545150757e-03
-2.139717340469360352e-03
3.711394965648651123e-03
-6.040104781277477741e-04
7.665623561479151249e-04
1.893314765766263008e-03
-9.148482786258682609e-05
-2.860041335225105286e-03
2.830346813425421715e-03
2.908155438490211964e-04
2.796061569824814796e-03
1.055362517945468426e-03
2.161589218303561211e-03
3.596293041482567787e-03
4.478460759855806828e-04
2.534494036808609962e-03
-3.384077921509742737e-03
1.959063112735748291e-03
-2.612001495435833931e-03
2.947338158264756203e-03
3.337576752528548241e-03
5.793626041850075126e-05
-3.802152350544929504e-03
-6.060831365175545216e-04
2.653894713148474693e-03
2.461737953126430511e-03
-3.134600818157196045e-03
-1.268487190827727318e-03
3.957062726840376854e-04
-3.129424992948770523e-03
-1.449338975362479687e-03
-1.121918438002467155e-03
2.097435062751173973e-03
-2.655383665114641190e-03
1.341789611615240574e-03
8.964728331193327904e-04
-2.849978860467672348e-03
-2.560642082244157791e-03
-3.496343852020800114e-04
-3.185224020853638649e-03
-4.744721809402108192e-04
-9.042565943673253059e-04
-3.398721804842352867e-03
-3.581793978810310364e-03
-2.896546153351664543e-03
-3.808439942076802254e-03
-9.689547587186098099e-04
-4.026888564112596214e-05
-1.606315840035676956e-03
-1.544114784337580204e-03
-2.160261617973446846e-03
1.708896597847342491e-03
2.471053041517734528e-03
-1.104588081943802536e-04
3.887854749336838722e-03
3.387071657925844193e-03
2.742427168413996696e-03
2.646730514243245125e-03
2.723988844081759453e-03
-1.399882021360099316e-03
-3.518280282150954008e-04
-3.190251532942056656e-03
3.818319877609610558e-03
-1.705054193735122681e-03
3.046274359803646803e-04
-1.983153168112039566e-03
-2.474326640367507935e-03
-3.725018585100769997e-03
3.514113603159785271e-03
6.562611670233309269e-04
2.461381955072283745e-03
1.575452508404850960e-03
3.779769409447908401e-03
-9.267980349250137806e-04
-1.540818484500050545e-04
-9.839570848271250725e-04
3.851740853860974312e-03
-3.453283105045557022e-03
2.391842892393469810e-03
1.656225183978676796e-03
3.554246155545115471e-03
2.918624319136142731e-03
5.615596310235559940e-04
-2.274746773764491081e-03
-1.073802472092211246e-03
1.863510697148740292e-03
-1.888218219392001629e-03
-3.037951420992612839e-03
1.536918571218848228e-04
-1.311950967647135258e-03
-2.363827079534530640e-03
-7.664391887374222279e-04
2.848060335963964462e-03
-7.297204574570059776e-04
-3.513563657179474831e-03
2.619392704218626022e-03
-5.517289973795413971e-04
-2.747692866250872612e-03
8.180940058082342148e-04
2.979653887450695038e-03
-3.436738625168800354e-03
2.872545504942536354e-03
1.137757557444274426e-03
-9.349558968096971512e-04
8.386753324884921312e-05
-1.391003490425646305e-03
-4.452109569683670998e-04
1.619915361516177654e-03
8.639385341666638851e-04
-3.181819338351488113e-03
9.760691900737583637e-04
9.616953320801258087e-04
-2.748131984844803810e-03
-3.103266470134258270e-03
1.752684707753360271e-03
-2.894534030929207802e-03
1.217542216181755066e-03
-3.892231034114956856e-03
-1.804359606467187405e-03
6.424649036489427090e-04
-7.078009657561779022e-04
1.430078642442822456e-03
5.995607352815568447e-04
-1.756356679834425449e-03
-2.991785586345940828e-04
3.854597918689250946e-03
-2.565932460129261017e-03
-3.679000539705157280e-03
3.581445198506116867e-03
-1.287649036385118961e-03
-3.617282200139015913e-04
-2.571999793872237206e-03
2.062056912109255791e-03
2.443494973704218864e-03
-1.381330803269520402e-04
2.868908923119306564e-03
3.692673926707357168e-04
2.341293264180421829e-03
-2.043659100309014320e-03
1.600935705937445164e-03
5.437398212961852551e-04
6.970727117732167244e-04
-3.373179119080305099e-03
1.831285655498504639e-03
1.081484952010214329e-03
-3.579342970624566078e-03
2.406588057056069374e-03
2.353293588384985924e-03
7.817011792212724686e-04
-2.628731017466634512e-04
-3.608448896557092667e-03
-1.384754665195941925e-03
-7.133720209822058678e-04
-2.097071846947073936e-04
3.771228017285466194e-03
2.066942164674401283e-03
-3.834874834865331650e-03
-3.022555029019713402e-03
1.658123219385743141e-04
1.951138401636853814e-04
3.677677130326628685e-03
-2.935262862592935562e-03
1.851429929956793785e-03
1.917061628773808479e-03
1.066632758011110127e-04
2.731502987444400787e-03
-3.209400922060012817e-03
-1.108089112676680088e-03
-9.398534166393801570e-05
2.637964207679033279e-03
2.443726407364010811e-03
-2.977081458084285259e-04
-5.625109406537376344e-05
3.775229270104318857e-04
1.482966355979442596e-03
3.637414483819156885e-04
7.302879821509122849e-04
-1.764100161381065845e-03
1.527384272776544094e-03
7.227614987641572952e-04
-7.561437087133526802e-04
-1.607590238563716412e-03
-1.152733108028769493e-03
-4.681780410464853048e-04
3.622045740485191345e-03
1.150194322690367699e-03
-3.279863623902201653e-03
-1.973843201994895935e-03
1.009827683446928859e-04
3.087168093770742416e-03
-3.768783761188387871e-03
-1.405509305186569691e-03
-8.034572238102555275e-04
2.001878339797258377e-03
-2.221727190772071481e-04
-5.699780886061489582e-04
6.307069270405918360e-05
1.849807449616491795e-03
1.093022059649229050e-03
3.164911875501275063e-03
-9.220594074577093124e-04
-1.374661573208868504e-03
-3.614094108343124390e-03
1.817735726945102215e-03
-2.119835698977112770e-03
-3.470105817541480064e-03
-8.002050453796982765e-04
-1.242293161340057850e-03
-6.276203930610790849e-05
-1.922770752571523190e-03
-3.117102023679763079e-04
5.368649144656956196e-04
2.396877156570553780e-03
-2.821946516633033752e-03
3.607472404837608337e-03
3.474022494629025459e-03
1.915505737997591496e-03
-1.874098088592290878e-03
2.268985612317919731e-03
-3.834336763247847557e-03
3.269869135692715645e-03
-3.280651522800326347e-03
-2.419057069346308708e-03
3.852979978546500206e-03
1.235999283380806446e-03
-3.360537812113761902e-03
1.686041126959025860e-03
3.832930000498890877e-03
6.294085760600864887e-04
1.413543475791811943e-03
-7.243698346428573132e-04
-2.958201104775071144e-03
-3.275838214904069901e-03
3.897700924426317215e-03
2.202051691710948944e-03
-2.467020414769649506e-03
3.513722214847803116e-03
3.434950020164251328e-03
