-2.505307202227413654e-05
-2.998519688844680786e-03
-1.293170149438083172e-03
1.142972032539546490e-03
3.349078120663762093e-03
1.961020054295659065e-03
2.230817219242453575e-03
1.103131333366036415e-03
-2.277243649587035179e-03
-2.119087846949696541e-03
2.939838217571377754e-03
-4.959393991157412529e-04
-3.399545385036617517e-04
5.112885264679789543e-04
-2.580513712018728256e-03
1.062874565832316875e-03
-3.272984875366091728e-03
8.086374728009104729e-04
1.867028884589672089e-03
-2.964191371574997902e-03
-1.820359029807150364e-04
-1.332719461061060429e-03
-2.866989001631736755e-03
4.446743114385753870e-04
-3.256806870922446251e-03
-3.585495869629085064e-05
2.092964714393019676e-03
-3.570917528122663498e-03
-2.730411710217595100e-03
4.098124336451292038e-04
2.051299961749464273e-04
-1.744532259181141853e-03
2.104263287037611008e-03
4.963593091815710068e-04
1.761423307470977306e-03
2.891507698222994804e-03
3.290693275630474091e-03
-3.626087214797735214e-03
3.445437410846352577e-03
3.562282072380185127e-03
1.459271763451397419e-03
-3.176103811711072922e-03
-2.434744033962488174e-03
3.885070793330669403e-03
-2.076148753985762596e-03
1.663332805037498474e-03
6.693488103337585926e-04
-8.372805896215140820e-04
1.255473471246659756e-03
2.407809719443321228e-03
-1.169898197986185551e-03
1.054234569892287254e-03
-1.474808785133063793e-03
2.004999667406082153e-03
-2.102333121001720428e-03
-3.353317733854055405e-03
-1.523489365354180336e-03
-6.228094571270048618e-04
-5.837925127707421780e-04
3.862875048071146011e-03
2.296213293448090553e-03
3.455791622400283813e-03
-1.748783979564905167e-03
-3.549640532582998276e-03
-2.826839045155793428e-04
-2.463348675519227982e-03
2.491466933861374855e-03
2.967291045933961868e-03
-2.776031382381916046e-03
-1.516541698947548866e-03
1.314620370976626873e-03
2.117613330483436584e-03
3.883241908624768257e-03
-8.754782174946740270e-05
1.984632806852459908e-03
-3.176672151312232018e-03
3.821893827989697456e-03
8.279804605990648270e-04
-2.526822034269571304e-03
8.091458585113286972e-04
-1.878622279036790133e-04
-6.315419450402259827e-04
-2.784511307254433632e-03
2.878970932215452194e-03
-2.084275911329314113e-04
8.291794802062213421e-04
8.890470053302124143e-05
7.512296724598854780e-05
-6.772433989681303501e-04
-2.200032584369182587e-03
2.622996456921100616e-03
1.719463849440217018e-03
-3.156087361276149750e-03
8.677041041664779186e-04
3.854499431326985359e-03
-6.778449169360101223e-04
8.678979938849806786e-04
-1.431341166608035564e-03
-5.057008238509297371e-04
-6.977631128393113613e-04
3.893907647579908371e-03
-1.516912947408854961e-03
1.573847839608788490e-03
1.281177625060081482e-03
9.956393478205427527e-05
7.873727590776979923e-04
2.306843176484107971e-03
-2.636428689584136009e-03
8.413835894316434860e-05
-2.479011425748467445e-03
-6.232410087250173092e-04
1.516962423920631409e-03
-2.771767613012343645e-04
9.205501410178840160e-04
2.005955902859568596e-03
1.013907371088862419e-03
-1.775603857822716236e-03
8.741385536268353462e-04
-1.715219696052372456e-03
-7.369061495410278440e-05
-8.976110257208347321e-04
-6.095163407735526562e-04
4.271951911505311728e-04
-1.394528662785887718e-04
1.825105282478034496e-03
-9.994129650294780731e-04
2.715514041483402252e-03
1.861326396465301514e-03
3.571497509256005287e-03
-2.339746104553341866e-03
-1.808278961107134819e-03
1.264869002625346184e-03
1.663781818933784962e-03
3.500416933093219995e-04
-6.213061278685927391e-04
-1.699159038253128529e-04
6.499522714875638485e-04
-6.071192910894751549e-04
3.830432193353772163e-03
2.296954393386840820e-03
-3.478848841041326523e-03
-3.723989007994532585e-03
1.695432583801448345e-03
1.044072210788726807e-03
-3.234202275052666664e-03
1.101855654269456863e-03
2.387662971159443259e-04
2.179523697122931480e-03
2.425468526780605316e-03
4.310583753976970911e-04
-5.046222941018640995e-04
-9.214103920385241508e-04
-2.255803672596812248e-03
-3.837258089333772659e-03
-1.963287591934204102e-03
4.660067788790911436e-04
-3.321146126836538315e-03
-3.574447706341743469e-03
2.338933059945702553e-03
3.827232867479324341e-03
5.188569775782525539e-04
3.822060825768858194e-04
-3.493320837151259184e-04
3.589004918467253447e-04
3.437714418396353722e-03
2.268574666231870651e-03
-3.830535104498267174e-03
-3.011188236996531487e-03
-5.209051887504756451e-04
-4.101987724425271153e-05
-2.572316443547606468e-03
-3.665079595521092415e-03
-2.742754528298974037e-03
2.771079074591398239e-03
-1.774586504325270653e-03
1.193217933177947998e-03
4.481568175833672285e-04
8.650387753732502460e-04
-4.971925518475472927e-04
-1.808085944503545761e-03
1.296683913096785545e-03
3.726955270394682884e-03
-2.817661967128515244e-03
2.109321299940347672e-03
1.221189973875880241e-03
1.622772309929132462e-03
-3.361123148351907730e-03
2.174951136112213135e-03
-5.740598426200449467e-04
-1.958394655957818031e-03
-1.746936817653477192e-03
1.244973507709801197e-03
1.401513465680181980e-03
-2.571707824245095253e-03
3.835251554846763611e-03
-4.483018419705331326e-04
-2.991096116602420807e-03
-9.264603722840547562e-04
3.501391503959894180e-03
4.186015867162495852e-04
2.316969446837902069e-03
-2.608976792544126511e-03
1.639346191950608045e-05
-3.954421845264732838e-04
-3.807843895629048347e-04
-3.059834474697709084e-03
2.134576439857482910e-03
-8.516149246133863926e-04
9.486657218076288700e-04
3.017182752955704927e-04
3.320281102787703276e-04
2.270103432238101959e-03
-3.817714750766754150e-04
6.751412875019013882e-04
-2.980507269967347383e-04
4.509330756263807416e-05
-5.667029181495308876e-04
-4.194704233668744564e-04
-2.118145814165472984e-03
-1.788179972209036350e-03
1.096095307730138302e-03
-2.348583657294511795e-03
2.112584421411156654e-03
-3.381215268746018410e-03
-2.434810390695929527e-03
8.855625055730342865e-04
3.461380954831838608e-03
4.107879358343780041e-04
-3.136433660984039307e-03
-5.924185388721525669e-04
-2.420185832306742668e-03
4.664275184040889144e-05
3.767042653635144234e-03
-5.765532841905951500e-05
-1.260343706235289574e-03
2.691657980903983116e-03
-1.136504579335451126e-03
1.605689991265535355e-03
9.923451580107212067e-04
2.632836811244487762e-03
-1.045334618538618088e-03
-2.533809747546911240e-03
2.056789351627230644e-03
-8.508830214850604534e-04
-3.577030729502439499e-03
2.491732360795140266e-03
-3.404949558898806572e-03
2.637486206367611885e-03
-3.600220428779721260e-03
-1.174686825834214687e-03
1.056300010532140732e-03
-9.163452778011560440e-04
5.682434421032667160e-04
2.191804349422454834e-03
-2.498489571735262871e-03
-3.442242275923490524e-03
