-3.175457241013646126e-03
-9.605548111721873283e-04
2.489087870344519615e-03
-3.200859995558857918e-03
1.004683785140514374e-03
-3.044705954380333424e-04
-1.469884184189140797e-03
1.921910443343222141e-03
-1.772073213942348957e-03
3.178057027980685234e-03
-3.208250505849719048e-03
1.096924883313477039e-03
-7.802036125212907791e-04
-2.669593784958124161e-03
9.511921671219170094e-04
-2.658387878909707069e-03
2.033969620242714882e-03
-3.192398231476545334e-03
-2.908830530941486359e-03
-2.317846752703189850e-03
1.194772659800946712e-03
-2.335051103727892041e-04
-1.293929759413003922e-03
2.262784168124198914e-03
-3.267093794420361519e-03
1.013138797134160995e-03
-3.269307082518935204e-03
-6.726501742377877235e-04
1.076014479622244835e-03
-2.523212926462292671e-03
6.295975181274116039e-04
3.256636671721935272e-03
7.084840908646583557e-04
-1.333133899606764317e-03
-1.818242133595049381e-03
-2.075393917039036751e-03
3.606094513088464737e-03
-1.238018972799181938e-03
1.643891213461756706e-03
3.762721084058284760e-03
2.497874898836016655e-03
-2.706079743802547455e-03
3.380271140486001968e-03
1.086934469640254974e-03
-1.281191711314022541e-03
-2.571320626884698868e-03
-2.924257190898060799e-03
-9.781765984371304512e-04
2.167434198781847954e-03
-2.512592589482665062e-03
-3.907271195203065872e-03
-3.272654023021459579e-03
-3.219330683350563049e-03
2.972085727378726006e-03
-2.790407743304967880e-03
-7.932667504064738750e-04
-3.173558972775936127e-03
-1.578411203809082508e-03
8.725529769435524940e-04
3.510504495352506638e-03
8.977011311799287796e-04
1.081350143067538738e-03
3.282150719314813614e-03
-3.343445481732487679e-03
-1.525631814729422331e-04
-2.547539770603179932e-03
1.738636288791894913e-03
-7.281807484105229378e-04
-3.195442841388285160e-04
1.083653653040528297e-03
-3.286530962213873863e-03
-2.797370252665132284e-04
5.390684818848967552e-04
1.665678428253158927e-04
1.326000085100531578e-03
9.189454140141606331e-04
9.445984032936394215e-04
-8.757370524108409882e-04
-1.977818552404642105e-03
-9.462444577366113663e-04
-3.905273741111159325e-03
-2.802341943606734276e-03
2.069088513962924480e-04
-2.927077293861657381e-04
-1.283612567931413651e-03
3.303848439827561378e-03
1.504346029832959175e-03
9.080437012016773224e-04
9.907805360853672028e-04
-1.146930386312305927e-03
3.534624411258846521e-04
-2.593786455690860748e-03
-1.538329815957695246e-04
3.030588151887059212e-03
-4.651495255529880524e-04
5.381025257520377636e-04
-3.108177101239562035e-03
-1.895878696814179420e-03
3.278544172644615173e-03
4.392484552226960659e-04
4.113913746550679207e-04
3.494836855679750443e-03
1.579615200171247125e-04
3.460469190031290054e-03
-8.583905291743576527e-04
3.665640251711010933e-04
-1.124650938436388969e-03
3.614248416852205992e-04
-1.994493883103132248e-03
5.027634906582534313e-04
1.877638045698404312e-03
-5.466659786179661751e-05
1.580620068125426769e-03
3.860390512272715569e-03
-3.063381416723132133e-03
-5.196813144721090794e-04
-1.376926433295011520e-03
3.676804946735501289e-03
-9.764995775185525417e-04
-3.019099356606602669e-03
-1.895964487630408257e-05
2.143315039575099945e-03
3.838476492092013359e-03
-1.549470704048871994e-03
1.245900755748152733e-03
3.340407507494091988e-03
1.213708426803350449e-03
2.064201747998595238e-03
-3.776770085096359253e-03
2.898075617849826813e-03
1.153461198555305600e-04
-1.388629432767629623e-03
3.262466285377740860e-03
-3.590888343751430511e-03
1.751373754814267159e-03
1.803517923690378666e-03
-4.116082709515467286e-05
-1.252849469892680645e-03
2.771566621959209442e-03
1.222548657096922398e-03
3.776854369789361954e-03
-2.732843393459916115e-03
-1.487846253439784050e-03
-1.187944319099187851e-03
-3.366720629855990410e-04
2.659070014487951994e-04
-3.183112479746341705e-03
1.523514743894338608e-03
3.418655542191118002e-04
1.528761815279722214e-03
-2.451201900839805603e-03
-2.269749529659748077e-03
2.724119927734136581e-03
4.119061632081866264e-04
-3.436557715758681297e-03
-2.991424407809972763e-03
-1.535963499918580055e-03
-3.193450625985860825e-03
5.425590206868946552e-04
1.499142032116651535e-03
-2.861668763216584921e-04
-7.087562039487238508e-07
-2.095957461278885603e-04
1.637906301766633987e-03
-3.153382334858179092e-03
8.089967304840683937e-04
-7.278417469933629036e-04
-1.100355992093682289e-03
-1.419492764398455620e-03
-8.032902842387557030e-04
-3.491899231448769569e-03
-3.351224819198250771e-03
-1.607268233783543110e-03
2.095002215355634689e-03
-3.583132987841963768e-03
-2.033959142863750458e-03
3.159274579957127571e-03
1.599508250365033746e-04
-3.618572838604450226e-03
6.819677219027653337e-05
-2.684327540919184685e-03
-3.255022456869482994e-03
-9.050464141182601452e-04
-5.110771744512021542e-04
2.797442721202969551e-03
3.112766193225979805e-03
3.582600736990571022e-03
3.298937575891613960e-03
-2.425210084766149521e-03
-1.863175304606556892e-03
-1.018816619762219489e-04
-8.388897404074668884e-04
-3.078432520851492882e-03
8.086859597824513912e-04
-1.450501382350921631e-03
-5.652643158100545406e-04
2.014610450714826584e-03
9.933371329680085182e-04
8.720446494407951832e-04
-2.746604615822434425e-03
4.648918693419545889e-04
-1.082742819562554359e-04
2.353145973756909370e-03
-1.179181272163987160e-03
4.688118060585111380e-04
8.080738189164549112e-05
-3.882103366777300835e-03
3.011293883901089430e-04
-1.748626935295760632e-03
1.230132416822016239e-03
-3.006534185260534286e-03
5.480573745444417000e-04
2.030466217547655106e-03
1.320620183832943439e-03
1.707297866232693195e-03
-1.528043649159371853e-03
3.565875813364982605e-03
2.186462748795747757e-03
-1.159629551693797112e-03
-1.394695951603353024e-03
2.413594862446188927e-03
-2.170898951590061188e-03
-9.231109288521111012e-04
-1.320023438893258572e-03
-2.638617763295769691e-03
-2.646486274898052216e-03
3.247616405133157969e-04
1.258191332453861833e-04
-1.184261986054480076e-03
-3.281451528891921043e-03
3.767953487113118172e-03
2.343967556953430176e-03
-1.052748411893844604e-03
1.542058540508151054e-03
-8.246807847172021866e-04
-2.585316309705376625e-03
-2.255837898701429367e-03
-2.833986422047019005e-03
-3.162543056532740593e-03
2.205084310844540596e-03
-3.169191768392920494e-04
-3.587326034903526306e-03
2.515790285542607307e-03
-1.620942493900656700e-03
-2.993110974784940481e-04
2.348718000575900078e-03
-3.703218884766101837e-03
-3.465084359049797058e-03
-3.630045568570494652e-03
3.460734616965055466e-03
-2.050442388281226158e-03
1.688595744781196117e-03
6.610849522985517979e-04
-2.471143146976828575e-03
2.641295082867145538e-03
-2.298521809279918671e-03
