-2.477937610819935799e-03
-5.094452717457897961e-05
3.491744864732027054e-03
-4.521157243289053440e-04
2.554239472374320030e-03
-1.931920880451798439e-03
1.940529182320460677e-04
2.914042212069034576e-03
1.259449403733015060e-03
1.614818000234663486e-03
-2.205892233178019524e-03
-2.912060299422591925e-04
-1.525801140815019608e-03
1.388409058563411236e-03
-3.362394345458596945e-04
-2.029421972110867500e-03
2.969986293464899063e-03
-6.677287747152149677e-04
1.324268640018999577e-03
-1.629048492759466171e-03
-3.725255373865365982e-03
-3.410678124055266380e-03
7.590692985104396939e-05
3.150250762701034546e-03
3.744414774700999260e-03
-3.344910684973001480e-03
2.224091673269867897e-03
8.836541674099862576e-04
-1.145137241110205650e-03
3.422465233597904444e-04
2.150195417925715446e-03
1.897834474220871925e-03
3.876622300595045090e-03
-3.327377373352646828e-03
-2.615516306832432747e-03
1.754385186359286308e-03
2.932877687271684408e-04
1.001440919935703278e-03
-2.249617595225572586e-03
3.043086268007755280e-03
-2.539013512432575226e-03
1.083723967894911766e-03
3.611256135627627373e-03
3.802674589678645134e-03
-2.852945122867822647e-03
2.438509603962302208e-03
-2.323706168681383133e-03
1.109492266550660133e-03
-1.977754756808280945e-03
-2.536196261644363403e-03
2.501191105693578720e-03
1.255152281373739243e-03
4.925995017401874065e-04
3.997341555077582598e-04
2.001207089051604271e-03
-3.834493458271026611e-03
-5.669211968779563904e-04
3.034012159332633018e-03
-1.574466819874942303e-03
-2.700686687603592873e-03
2.144386759027838707e-03
-2.004620153456926346e-03
1.621356932446360588e-03
-1.295767840929329395e-03
-1.829456770792603493e-03
-9.377426467835903168e-04
-6.620081694563850760e-05
-1.889039878733456135e-03
2.254509367048740387e-03
9.155066218227148056e-04
3.090417943894863129e-03
-4.298718122299760580e-04
-1.597595168277621269e-03
1.235828385688364506e-03
1.319679315201938152e-03
-3.623956290539354086e-04
-3.010608023032546043e-03
-3.761493368074297905e-03
3.037323243916034698e-03
7.786624482832849026e-04
-2.243448747321963310e-03
1.127203926444053650e-03
6.362659041769802570e-05
2.919427352026104927e-03
1.500587793998420238e-03
4.047151305712759495e-04
2.082543680444359779e-03
-2.172220731154084206e-03
-5.909370956942439079e-04
8.025585557334125042e-04
2.479206537827849388e-03
-8.851691964082419872e-04
2.329274313524365425e-03
-8.218283182941377163e-04
-3.294622525572776794e-03
-8.111418574117124081e-04
-2.624587155878543854e-03
3.550210036337375641e-03
-1.030684448778629303e-03
-3.616961417719721794e-03
-3.616889473050832748e-03
-2.833584789186716080e-03
3.500858321785926819e-03
-9.246979607269167900e-04
1.014331821352243423e-03
-9.358656825497746468e-04
6.281826645135879517e-04
3.053343854844570160e-03
-8.193522808142006397e-04
1.337557449005544186e-03
-5.409986479207873344e-04
4.189217870589345694e-04
2.930156653746962547e-03
-2.785844495519995689e-03
1.315957633778452873e-03
3.162845037877559662e-03
2.516573760658502579e-03
-1.616160734556615353e-03
1.215914846397936344e-03
-2.279323991388082504e-03
2.852774225175380707e-03
-3.789366455748677254e-03
1.657765707932412624e-03
6.973978015594184399e-04
3.630135615821927786e-04
3.782033221796154976e-03
1.904880045913159847e-03
3.297151124570518732e-04
-6.485378835350275040e-04
-3.662716597318649292e-03
3.223360050469636917e-03
-2.418205840513110161e-03
4.851407138630747795e-04
2.913849195465445518e-03
3.498875070363283157e-03
-1.315602101385593414e-03
-3.234639298170804977e-03
3.345996839925646782e-03
8.457620861008763313e-04
-3.333243308588862419e-03
-2.049319678917527199e-03
-2.145857550203800201e-03
-2.129988279193639755e-03
1.579027011757716537e-04
2.702265977859497070e-03
-1.472331699915230274e-03
1.502496656030416489e-03
2.799412934109568596e-03
-3.118390683084726334e-03
-1.581836491823196411e-03
-3.863186575472354889e-03
-5.883222911506891251e-04
-1.343194511719048023e-03
1.124198082834482193e-03
-2.954787341877818108e-03
-1.626370067242532969e-04
-1.603176118806004524e-03
3.311326028779149055e-03
-2.075138734653592110e-03
1.946928212419152260e-03
-2.106550382450222969e-03
1.878210809081792831e-03
-9.585160296410322189e-04
-1.658273627981543541e-03
-5.411550519056618214e-04
1.648088684305548668e-03
8.386803092435002327e-04
-3.855585819110274315e-03
-2.498908201232552528e-03
1.362626324407756329e-03
-2.233046805486083031e-03
1.028608996421098709e-03
-1.827324624173343182e-03
-9.281767415814101696e-04
-1.078011817298829556e-03
2.635995624586939812e-03
1.756576675688847899e-04
1.710777403786778450e-03
6.379794795066118240e-04
1.243212493136525154e-03
-5.802042433060705662e-04
3.675655927509069443e-03
-1.074396306648850441e-03
5.467015434987843037e-04
-2.125823404639959335e-03
1.433926168829202652e-03
-2.847032388672232628e-03
-1.645090174861252308e-03
1.573347952216863632e-03
-6.349579198285937309e-04
3.099668538197875023e-03
1.557837356813251972e-03
1.525399129604920745e-04
-1.289718085899949074e-03
-6.591218407265841961e-04
-3.471928415820002556e-03
-3.001627337653189898e-04
1.351577811874449253e-03
-3.469770308583974838e-03
-2.829577308148145676e-03
1.885575824417173862e-03
3.278258023783564568e-03
1.107320887967944145e-03
-1.778140722308307886e-04
2.895118203014135361e-03
2.735769608989357948e-03
-2.733046887442469597e-03
6.966887740418314934e-04
6.667408742941915989e-04
-3.118429565802216530e-03
-1.996544422581791878e-03
-2.728903433308005333e-03
-2.803323091939091682e-03
-2.195093082264065742e-03
2.348744077607989311e-03
-3.477457212284207344e-03
1.840809127315878868e-03
-5.170562653802335262e-04
1.876772439572960138e-04
3.285074373707175255e-03
1.703605958027765155e-04
-2.410806482657790184e-03
-3.425912233069539070e-03
2.629871014505624771e-03
-9.351354674436151981e-04
3.466405905783176422e-03
-3.762700594961643219e-03
5.678877350874245167e-04
1.905948971398174763e-03
-2.301144646480679512e-03
-2.192334970459342003e-03
5.804604152217507362e-04
-5.760095082223415375e-04
2.956279320642352104e-03
-1.914575695991516113e-03
-2.205535536631941795e-03
-2.487022429704666138e-03
-8.276298176497220993e-04
-2.879887353628873825e-03
1.852646353654563427e-03
2.397082746028900146e-03
-7.560462108813226223e-04
-3.573547350242733955e-03
-1.635079155676066875e-03
-3.242187667638063431e-03
-7.540697115473449230e-04
1.073441118933260441e-03
1.435444341041147709e-03
6.969787646085023880e-04
-2.848177682608366013e-03
-2.426102524623274803e-03
6.616862810915336013e-05
1.091116573661565781e-03
1.497863675467669964e-03
6.008429336361587048e-04
-1.735420897603034973e-03
