5.122944712638854980e-04
-2.367981942370533943e-04
8.776865433901548386e-04
3.873744048178195953e-03
2.125545404851436615e-03
2.841383917257189751e-03
-1.275021466426551342e-03
-3.293541667517274618e-04
-2.342650899663567543e-03
-6.850428762845695019e-04
1.006365055218338966e-03
-3.130812430754303932e-03
-2.176513895392417908e-03
1.318938331678509712e-03
1.674954663030803204e-03
-2.488477621227502823e-03
-2.221069065853953362e-03
8.474976639263331890e-04
6.807491299696266651e-04
-2.738079056143760681e-03
2.224019728600978851e-03
-1.862557837739586830e-03
2.263591304654255509e-04
3.163842018693685532e-03
1.232306705787777901e-03
-2.455626614391803741e-03
-1.022237003780901432e-03
-3.051414852961897850e-03
3.802222199738025665e-04
-6.763910059817135334e-04
-1.487301546148955822e-03
1.369360950775444508e-03
7.642927812412381172e-04
2.042544510914012790e-04
-4.706307081505656242e-04
1.997896004468202591e-03
6.189179111970588565e-05
1.498252851888537407e-03
-6.973209383431822062e-05
-3.166874870657920837e-03
2.509327838197350502e-03
-1.574037945829331875e-03
1.028973376378417015e-03
9.487685747444629669e-04
2.114583272486925125e-03
-3.420297289267182350e-03
6.267900462262332439e-04
1.275382470339536667e-03
2.146593527868390083e-03
2.123404527083039284e-03
2.304218942299485207e-03
-1.297104463446885347e-04
1.681703957729041576e-03
8.445601561106741428e-04
-1.023911288939416409e-03
3.132188459858298302e-03
-9.761462570168077946e-04
1.653249259106814861e-03
3.253077855333685875e-03
4.327387432567775249e-04
-3.003356046974658966e-03
-2.858281135559082031e-03
3.101630834862589836e-03
3.701571607962250710e-03
1.148042501881718636e-03
-2.176184352720156312e-04
3.324044635519385338e-03
3.891122760251164436e-03
-3.281622193753719330e-03
1.559485564939677715e-03
2.104342129314318299e-04
-1.075746404239907861e-04
2.634858712553977966e-03
-1.896079047583043575e-03
-2.332840813323855400e-03
3.576268441975116730e-03
-2.411716384813189507e-03
1.810693996958434582e-03
1.776736229658126831e-03
6.738323718309402466e-04
3.902784956153482199e-04
2.242342889076098800e-04
1.732028555124998093e-03
2.824635477736592293e-03
2.668524626642465591e-03
1.910234685055911541e-03
-3.551762318238615990e-03
3.303871955722570419e-03
1.608930528163909912e-03
-7.314603863051161170e-05
8.322098292410373688e-04
3.593124682083725929e-03
3.686053212732076645e-03
8.843443356454372406e-04
8.319581393152475357e-04
-3.412798047065734863e-03
3.224417567253112793e-03
-1.190085429698228836e-03
5.989058990962803364e-04
-2.821727888658642769e-03
1.700429129414260387e-03
-1.780649763531982899e-03
2.865594578906893730e-03
-1.145924441516399384e-03
-3.391713369637727737e-03
-4.738282877951860428e-04
3.235726617276668549e-03
1.485580345615744591e-03
-3.615030320361256599e-03
4.052613803651183844e-04
-1.135277561843395233e-03
-3.113846993073821068e-03
2.496734960004687309e-03
-1.304807141423225403e-03
-2.913094824180006981e-03
5.894097266718745232e-04
-1.310632214881479740e-03
3.438442479819059372e-03
2.252114703878760338e-03
-2.568731550127267838e-03
3.665116149932146072e-03
6.726583233103156090e-04
1.486939494498074055e-03
1.645168522372841835e-03
5.277433665469288826e-04
-2.466288395226001740e-03
-1.918752444908022881e-03
2.553552389144897461e-03
-1.660064794123172760e-03
-2.896626479923725128e-03
-3.401413792744278908e-03
-5.332879372872412205e-04
-3.649248043075203896e-03
2.927793888375163078e-03
1.272649504244327545e-03
2.966461004689335823e-03
-2.575682476162910461e-03
-1.770385191775858402e-03
2.839326858520507812e-03
8.335863240063190460e-04
-1.663155271671712399e-03
6.426949985325336456e-04
1.730987918563187122e-03
3.198509104549884796e-03
-2.679056022316217422e-03
-1.970331417396664619e-03
7.428638054989278316e-04
-6.578891770914196968e-04
-2.179143717512488365e-03
-6.972962291911244392e-04
2.340357052162289619e-03
-2.684811130166053772e-03
-1.541712088510394096e-03
3.590946551412343979e-03
2.345817862078547478e-03
-2.998702693730592728e-03
1.723510213196277618e-03
1.295394264161586761e-03
2.612397365737706423e-04
3.724824404343962669e-03
3.236423479393124580e-03
-8.903826819732785225e-04
9.663485689088702202e-04
-1.724261674098670483e-03
6.292509497143328190e-04
-2.734844456426799297e-04
3.559234319254755974e-03
3.438096260651946068e-03
2.058473881334066391e-03
-3.453413257375359535e-03
3.731093238457106054e-05
3.858262673020362854e-03
-2.254027407616376877e-03
-3.390740370377898216e-03
-2.634203061461448669e-03
1.269677188247442245e-03
-2.423335099592804909e-03
-2.877331105992197990e-03
-9.741068352013826370e-04
4.209823673591017723e-04
1.431639073416590691e-03
1.349202590063214302e-03
-2.890693023800849915e-03
8.071035263128578663e-04
-3.653516992926597595e-03
3.810435999184846878e-03
1.584305427968502045e-03
-5.100056296214461327e-04
-1.107219723053276539e-03
-2.337646204978227615e-03
2.533009275794029236e-03
2.415533643215894699e-03
-2.464164514094591141e-03
1.236091135069727898e-03
-2.585464389994740486e-03
3.311540640424937010e-04
-3.395535284653306007e-03
2.590466290712356567e-03
-6.440291181206703186e-04
1.728208735585212708e-03
-3.116114297881722450e-03
1.789461472071707249e-03
-3.254509763792157173e-03
-3.637681948021054268e-03
3.613818902522325516e-03
-3.185561392456293106e-03
-3.315781475976109505e-03
1.442458160454407334e-04
8.256616420112550259e-04
1.913022599183022976e-03
7.064791279844939709e-04
4.988239379599690437e-04
1.754927798174321651e-04
2.026379341259598732e-03
-2.446919446811079979e-03
-1.667353441007435322e-03
-5.141545552760362625e-04
-2.133927075192332268e-03
-2.171336745959706604e-06
-3.702139481902122498e-03
-3.600796917453408241e-04
-3.881938522681593895e-03
-3.744005225598812103e-03
-2.570478478446602821e-03
1.791678485460579395e-03
-2.155158668756484985e-03
-2.394278766587376595e-03
-1.063366187736392021e-03
1.871897606179118156e-03
3.799528116360306740e-03
-1.476548728533089161e-03
-5.096163949929177761e-04
3.095689928159117699e-03
-2.616220852360129356e-03
-3.570011351257562637e-03
3.429337171837687492e-03
-1.912427484057843685e-03
-1.533908536657691002e-03
2.988870022818446159e-03
-3.708028700202703476e-03
1.162565546110272408e-03
2.852821722626686096e-03
3.860878292471170425e-03
-4.313577082939445972e-04
-3.210569848306477070e-04
1.082410919480025768e-03
-3.118635620921850204e-03
3.564820159226655960e-03
1.647684257477521896e-03
1.175055280327796936e-03
-9.863917948678135872e-04
3.515945980325341225e-03
-2.144335303455591202e-03
1.458631013520061970e-03
-1.982106827199459076e-03
3.546863445080816746e-04
