2.705533988773822784e-03
2.909387461841106415e-03
1.599583658389747143e-03
1.961675938218832016e-03
3.735563019290566444e-03
1.139580970630049706e-03
-9.738701046444475651e-04
2.405842300504446030e-03
2.674538409337401390e-03
-1.502571249147877097e-04
3.006679704412817955e-03
-9.224625537171959877e-04
-3.370940685272216797e-04
3.710432210937142372e-04
-4.756890411954373121e-04
-1.767967245541512966e-03
-2.484632423147559166e-04
8.874632185325026512e-04
-2.068171277642250061e-03
2.591462805867195129e-03
-1.492473413236439228e-03
2.185131888836622238e-03
1.538006472401320934e-03
3.344046417623758316e-03
3.889943240210413933e-03
1.717795967124402523e-03
2.064748201519250870e-03
-2.499982481822371483e-03
3.281890181824564934e-03
3.621260169893503189e-03
3.385998308658599854e-03
3.314808942377567291e-03
-3.003243124112486839e-03
-2.523979870602488518e-03
3.687604563310742378e-03
-3.475300909485667944e-04
3.867304418236017227e-03
3.881323151290416718e-03
1.447355723939836025e-03
2.760075964033603668e-03
-2.024915069341659546e-03
3.565572900697588921e-03
-3.862861311063170433e-03
1.909922226332128048e-03
-4.812664701603353024e-04
-2.557432278990745544e-03
1.776191522367298603e-03
8.327581454068422318e-04
-2.736473397817462683e-04
4.514676402322947979e-04
2.206093166023492813e-03
2.085164654999971390e-03
3.342968877404928207e-03
-2.709799911826848984e-03
-8.166648913174867630e-04
3.873146837577223778e-03
-1.410182681865990162e-03
-2.000468084588646889e-03
-1.642727060243487358e-03
3.092294093221426010e-03
-1.961018890142440796e-03
-1.198691534227691591e-04
2.466484438627958298e-03
-3.073758212849497795e-03
-2.649147296324372292e-03
1.200165832415223122e-03
1.959739718586206436e-03
1.393690356053411961e-03
1.516454620286822319e-03
-6.110163521952927113e-04
2.014107536524534225e-03
-2.941692713648080826e-03
-2.400277880951762199e-03
-2.132790628820657730e-03
1.091647427529096603e-03
-3.256570489611476660e-04
-3.516414668411016464e-03
3.713359590619802475e-03
2.257670508697628975e-03
-3.491052892059087753e-03
1.452627941034734249e-03
-1.829787855967879295e-03
2.980626188218593597e-03
1.327649806626141071e-03
-2.791531151160597801e-03
-2.862735418602824211e-03
-2.707942388951778412e-03
-1.860568998381495476e-03
-2.203033771365880966e-03
-1.120479078963398933e-03
-2.579126274213194847e-03
3.693508682772517204e-03
1.827329106163233519e-04
1.477611018344759941e-03
-1.389725133776664734e-03
-9.192741708829998970e-04
1.391838770359754562e-03
-2.868627663701772690e-03
2.367250854149460793e-03
3.409261815249919891e-03
1.817203359678387642e-03
7.626162259839475155e-04
1.057622721418738365e-03
3.112757345661520958e-03
2.379818353801965714e-03
-2.359009347856044769e-03
-2.581368666142225266e-03
9.416707907803356647e-04
1.896458212286233902e-03
-4.598913365043699741e-04
-3.395866835489869118e-03
-3.785997861996293068e-03
-1.757599180564284325e-03
-2.367153298109769821e-03
2.198215806856751442e-03
-1.646273653022944927e-03
-3.651883220300078392e-03
-3.472239477559924126e-03
8.547891629859805107e-04
5.332170985639095306e-05
3.314082976430654526e-03
-1.679253182373940945e-03
-7.980898226378485560e-05
-3.146009985357522964e-03
3.294000402092933655e-03
-3.477125661447644234e-03
1.096743857488036156e-03
2.699292264878749847e-03
3.346432466059923172e-03
7.320204749703407288e-04
1.576641690917313099e-03
5.913515342399477959e-04
3.472388954833149910e-03
3.799115773290395737e-03
3.257045289501547813e-03
2.794524189084768295e-04
2.841978566721081734e-04
-1.221352489665150642e-03
-6.216542096808552742e-04
1.923542469739913940e-03
-1.608957769349217415e-03
6.390127819031476974e-04
-1.474373973906040192e-03
1.213372102938592434e-03
2.793502295389771461e-03
2.606927882879972458e-03
-3.881336422637104988e-03
-1.111314515583217144e-03
3.415942192077636719e-04
2.285438822582364082e-03
3.613793989643454552e-03
3.485304536297917366e-03
1.807957771234214306e-03
7.343590259552001953e-04
1.586502301506698132e-03
-3.540904959663748741e-03
1.803563092835247517e-03
2.153492067009210587e-03
6.806878373026847839e-04
5.342858494259417057e-04
-1.760922896210104227e-04
-2.798743080347776413e-03
3.098063636571168900e-03
-2.106250263750553131e-03
1.269807922653853893e-03
2.352882875129580498e-04
7.610425818711519241e-04
2.770411083474755287e-03
-2.578182611614465714e-03
-1.037369016557931900e-03
-1.642033457756042480e-03
3.737256862223148346e-03
2.061498118564486504e-03
2.657180419191718102e-03
9.608478867448866367e-04
3.142269793897867203e-03
2.216131892055273056e-03
1.665504532866179943e-03
-2.914545126259326935e-03
-2.936111995950341225e-03
7.017338066361844540e-05
3.452880075201392174e-03
2.770595252513885498e-03
2.491040388122200966e-03
-2.812443068251013756e-03
3.121375571936368942e-03
2.576206861704122275e-05
-1.425597874913364649e-04
-2.218197005277033895e-05
2.901857951655983925e-03
3.501641331240534782e-03
-1.363156596198678017e-03
3.019597148522734642e-03
-1.457190723158419132e-03
-1.599311828613281250e-03
3.057573689147830009e-03
3.664790652692317963e-03
-1.824421575292944908e-03
-1.397428801283240318e-03
-2.746796701103448868e-03
2.377978293225169182e-03
1.020725816488265991e-03
3.506410634145140648e-03
-3.516301279887557030e-03
2.150157000869512558e-03
-1.621890260139480233e-05
-2.964460523799061775e-03
2.718814183026552200e-03
3.171862103044986725e-03
1.887873397208750248e-03
-1.028611557558178902e-03
-2.254220424219965935e-03
3.579233307391405106e-03
3.013866953551769257e-03
2.300284570083022118e-03
2.050382463494315743e-04
2.593155018985271454e-03
6.446745246648788452e-04
-4.272139631211757660e-04
-1.241006073541939259e-03
2.264835638925433159e-03
4.397721786517649889e-04
-3.562221769243478775e-03
2.832247992046177387e-04
3.702179528772830963e-03
1.577853108756244183e-03
-3.114791121333837509e-03
-1.410779659636318684e-03
3.495718818157911301e-03
-1.191033748909831047e-03
3.626544959843158722e-03
-2.104677259922027588e-03
3.618183545768260956e-03
3.804546548053622246e-03
-2.337164944037795067e-03
3.206334309652447701e-03
3.250695066526532173e-03
-2.811978338286280632e-03
2.471004147082567215e-03
-4.205218283459544182e-04
1.746843452565371990e-03
5.755947204306721687e-04
6.256165797822177410e-04
1.900010276585817337e-03
2.161351003451272845e-04
-3.679235000163316727e-03
3.150207921862602234e-03
-1.402260095346719027e-04
-1.515090814791619778e-03
-3.737467573955655098e-03
2.415930357528850436e-04
-1.382517046295106411e-03
-3.106456482782959938e-03
2.686013758648186922e-04
3.849720116704702377e-03
-3.380718408152461052e-03
