-2.658132696524262428e-03
2.659725258126854897e-03
8.390056318603456020e-04
2.352132723899558187e-04
-2.943570492789149284e-03
-1.453119679354131222e-03
2.165862679248675704e-04
4.021563509013503790e-04
1.195486751385033131e-03
3.372008213773369789e-03
-3.459165338426828384e-03
2.082347200484946370e-04
-9.837771067395806313e-04
2.600024221464991570e-03
-1.651290687732398510e-03
3.688643686473369598e-03
-2.920905826613306999e-04
-7.138415239751338959e-04
-2.944299485534429550e-03
-1.612368272617459297e-03
1.973505830392241478e-03
-3.505791071802377701e-03
-3.147850977256894112e-03
-3.427016083151102066e-03
3.440614091232419014e-03
-3.067242447286844254e-03
3.724613925442099571e-03
3.393583698198199272e-03
1.317246118560433388e-03
-2.478254493325948715e-03
-6.716187926940619946e-04
3.122066613286733627e-03
-2.522940747439861298e-03
-7.500387146137654781e-04
3.367916448041796684e-03
3.520161844789981842e-03
8.675365243107080460e-04
-1.116128056310117245e-03
-7.124003604985773563e-04
2.189850434660911560e-03
-9.449624922126531601e-04
-2.721758559346199036e-03
7.240257691591978073e-04
-2.565361559391021729e-03
2.689166693016886711e-03
-8.950537885539233685e-04
3.225767752155661583e-03
-2.352817449718713760e-03
8.489689207635819912e-04
2.013948513194918633e-03
-2.399533987045288086e-03
-3.770579816773533821e-03
-2.640755148604512215e-03
2.577232662588357925e-04
-4.882092471234500408e-04
3.759987885132431984e-04
1.275242771953344345e-03
-2.656072610989212990e-04
-3.353299805894494057e-03
-2.365925116464495659e-03
1.283961581066250801e-03
3.400562331080436707e-03
-1.380399102345108986e-03
-6.630390998907387257e-04
-1.987330178963020444e-04
-3.077178727835416794e-03
-2.118471311405301094e-03
6.582473870366811752e-04
-3.791756927967071533e-03
3.814615774899721146e-03
-1.993942074477672577e-03
1.948507153429090977e-03
-3.604273078963160515e-03
3.063721349462866783e-03
-3.606726415455341339e-03
-7.929399725981056690e-04
2.078002762573305517e-05
3.654513275250792503e-03
2.252679551020264626e-03
-1.055515604093670845e-03
1.537118456326425076e-03
-2.660376252606511116e-03
-3.350926097482442856e-03
2.385363215580582619e-03
-6.458942079916596413e-04
3.736446611583232880e-03
1.239817473106086254e-03
-3.373812651261687279e-03
-7.728007622063159943e-04
-5.875806091353297234e-04
1.972763333469629288e-03
1.341171911917626858e-03
-2.414412330836057663e-03
1.875423360615968704e-03
4.661814614337345120e-07
-3.253486473113298416e-03
-1.871058833785355091e-03
-3.476490499451756477e-03
-6.690668524242937565e-04
-8.629148942418396473e-04
2.939842874184250832e-03
6.078152800910174847e-04
-2.586389658972620964e-03
1.807076623663306236e-03
-1.477204379625618458e-03
1.541317207738757133e-03
-3.633628832176327705e-03
1.244238577783107758e-03
3.177647478878498077e-03
1.643449213588610291e-04
5.772349541075527668e-04
-4.555837367661297321e-04
1.001060823909938335e-03
2.659912221133708954e-03
-3.142943023703992367e-04
1.987072406336665154e-03
-6.856553955003619194e-04
2.126773324562236667e-04
-9.021729347296059132e-04
1.450275653041899204e-03
-3.493084339424967766e-03
3.580426098778843880e-03
1.611298881471157074e-03
2.800370566546916962e-03
-1.368597382679581642e-03
3.416795749217271805e-03
-2.512779785320162773e-03
-3.855987451970577240e-03
2.911808667704463005e-03
1.494786352850496769e-03
-9.250272414647042751e-04
-2.465805970132350922e-03
1.637301989831030369e-03
-3.161600790917873383e-03
2.752379281446337700e-03
3.550081280991435051e-03
3.731621662154793739e-03
-2.646108390763401985e-03
2.801258815452456474e-03
-1.072583254426717758e-03
1.799648627638816833e-03
-2.046537352725863457e-03
-2.226503100246191025e-03
-2.593874465674161911e-03
-1.138714491389691830e-03
-1.249318593181669712e-03
2.867895411327481270e-03
9.323247941210865974e-04
3.360747592523694038e-03
2.045804867520928383e-03
-1.963522750884294510e-03
2.040999475866556168e-03
-6.570374243892729282e-04
-3.721694520208984613e-04
-2.219325629994273186e-03
-2.561490517109632492e-03
2.898694248870015144e-03
4.379228339530527592e-04
3.215258475393056870e-03
-3.497653815429657698e-04
-5.782972439192235470e-04
3.745544468984007835e-03
-2.718789270147681236e-03
-1.094474690034985542e-03
3.472622949630022049e-03
-2.067169174551963806e-03
1.095699262805283070e-03
1.636066590435802937e-03
-1.742119668051600456e-03
-7.935134926810860634e-04
-1.947550335898995399e-04
1.251245557796210051e-04
-3.761494765058159828e-03
-2.338472288101911545e-03
6.158073665574193001e-04
3.005124628543853760e-03
-3.067590296268463135e-04
6.989467074163258076e-04
-4.675479431170970201e-04
2.279072650708258152e-04
-3.744711866602301598e-03
-3.012687899172306061e-03
-6.595782469958066940e-04
2.924405969679355621e-03
-1.930073020048439503e-03
-3.111170837655663490e-03
1.296068308874964714e-03
-1.036571804434061050e-03
-7.812328985892236233e-04
9.207566035911440849e-04
-3.370476479176431894e-04
-3.721107961609959602e-03
3.086183685809373856e-03
2.419746946543455124e-03
3.183571388944983482e-03
-1.049148268066346645e-03
2.376307238591834903e-04
-1.802065060473978519e-03
3.625262761488556862e-03
-2.889182884246110916e-03
4.313118115533143282e-04
-3.032010747119784355e-03
2.646304434165358543e-03
-1.044005271978676319e-03
3.615856636315584183e-03
-5.609730578726157546e-05
-2.746312646195292473e-03
-1.969228964298963547e-03
-2.440198790282011032e-03
-1.435227808542549610e-03
2.841084729880094528e-03
3.594686859287321568e-04
1.337911002337932587e-03
3.364010248333215714e-03
-3.540619043633341789e-03
2.807596232742071152e-03
-6.577352178283035755e-04
-2.427808241918683052e-03
2.926243236288428307e-03
-1.576187321916222572e-03
2.958715194836258888e-03
9.596250019967556000e-04
-9.981832699850201607e-04
-3.539587836712598801e-03
1.225212356075644493e-03
3.192586591467261314e-03
-1.174842007458209991e-03
-3.059253795072436333e-03
-2.987836254760622978e-03
-3.694372717291116714e-03
-6.876024417579174042e-04
2.128205727785825729e-03
1.843611476942896843e-03
-2.444036537781357765e-03
-2.744727069512009621e-03
2.380749210715293884e-03
2.752317348495125771e-03
-1.604661956662312150e-04
-3.624756354838609695e-03
1.783833606168627739e-03
-3.628126578405499458e-03
8.410534355789422989e-04
3.175813471898436546e-03
6.775973597541451454e-04
-1.509081339463591576e-03
-1.191510935313999653e-03
-1.854160218499600887e-03
-2.581993816420435905e-03
-5.158020067028701305e-04
1.709819771349430084e-03
-3.411558456718921661e-03
5.524237640202045441e-04
-2.835315186530351639e-03
4.923760425299406052e-04
-9.112404659390449524e-04
-3.575869137421250343e-03
