3.596929134801030159e-03
3.875843947753310204e-03
1.502609578892588615e-03
3.415429033339023590e-03
1.232941140187904239e-04
-2.834193175658583641e-03
1.792606082744896412e-03
3.371894359588623047e-03
3.208944573998451233e-03
5.205070192459970713e-05
1.322863739915192127e-03
1.613016938790678978e-03
-1.347363195236539468e-05
-2.367810811847448349e-03
1.097577551263384521e-04
3.079402493312954903e-03
-1.021733158268034458e-03
6.091839750297367573e-04
-3.701745299622416496e-03
9.910389780998229980e-04
-2.592845703475177288e-04
-2.496601315215229988e-03
7.526985718868672848e-04
-2.363482926739379764e-04
1.143576926551759243e-03
-1.903161755762994289e-03
-1.430216361768543720e-04
3.478217637166380882e-03
3.334461478516459465e-03
2.473715692758560181e-03
-1.358155743218958378e-03
1.279474585317075253e-03
1.522296108305454254e-03
-7.354759145528078079e-04
-2.281616441905498505e-03
2.751885680481791496e-03
-3.633936168625950813e-03
3.437750507146120071e-03
9.900905424728989601e-04
-1.007842947728931904e-03
2.348382491618394852e-03
6.578165921382606030e-04
1.851108623668551445e-03
9.136368134932126850e-06
3.250654553994536400e-03
-2.083993749693036079e-03
2.330624964088201523e-03
9.025828330777585506e-05
-3.548895940184593201e-03
1.220549107529222965e-03
3.122420050203800201e-03
5.281456978991627693e-04
-3.124424023553729057e-03
3.848152933642268181e-03
-1.058708177879452705e-03
-1.981918612727895379e-04
7.374210399575531483e-04
-2.824496245011687279e-03
2.295940648764371872e-03
1.302380929701030254e-03
2.862808294594287872e-03
1.458127750083804131e-03
-1.629689126275479794e-03
-3.754822071641683578e-03
3.798437537625432014e-04
-2.965032355859875679e-03
1.090089324861764908e-03
4.734893154818564653e-04
2.151051536202430725e-03
-1.675436506047844887e-03
2.760471543297171593e-03
-7.295940886251628399e-04
-1.939522917382419109e-03
3.266638668719679117e-04
2.470086561515927315e-03
3.022558754310011864e-03
2.463470911607146263e-03
-2.137953415513038635e-03
1.397304236888885498e-03
3.091665275860577822e-04
-3.293033922091126442e-03
-8.853546751197427511e-05
-3.355117223691195250e-05
-1.827269559726119041e-03
-2.415364375337958336e-03
-2.470809035003185272e-03
1.839677453972399235e-03
-3.460509469732642174e-03
4.211834166198968887e-04
-2.898344071581959724e-03
-1.569096813909709454e-03
-9.241628577001392841e-04
4.394433635752648115e-04
1.606030273251235485e-03
1.272678957320749760e-03
-9.916800772771239281e-04
1.550841727294027805e-03
1.718117040582001209e-03
-3.400245914235711098e-04
-1.006197999231517315e-03
2.096573356539011002e-03
1.232382492162287235e-03
3.669916419312357903e-03
7.270562928169965744e-04
-3.982940106652677059e-04
-6.962039042264223099e-04
-2.995101734995841980e-03
7.083631935529410839e-04
3.334600478410720825e-03
1.881417469121515751e-03
-2.868874231353402138e-03
-2.485596109181642532e-03
-2.299954649060964584e-03
2.303967718034982681e-03
-9.052801178768277168e-04
-6.467624334618449211e-04
-2.103842096403241158e-03
1.261974452063441277e-03
1.732596429064869881e-03
-1.356191205559298396e-04
2.001392655074596405e-03
-5.866743158549070358e-04
1.381177571602165699e-03
8.662334294058382511e-04
3.019165247678756714e-03
-1.692892867140471935e-03
-1.692450256086885929e-03
-3.137728199362754822e-04
-2.472621621564030647e-03
2.655321033671498299e-03
3.873034438583999872e-04
-3.756437450647354126e-03
-3.688697237521409988e-03
2.194646513089537621e-03
1.540807657875120640e-03
6.621719221584498882e-04
3.109180368483066559e-03
-2.261512854602187872e-04
3.848675405606627464e-03
-3.593298373743891716e-03
1.386087271384894848e-03
2.286261878907680511e-03
3.269497770816087723e-03
-2.720242599025368690e-03
1.162889646366238594e-03
-1.204538973979651928e-03
-2.189350925618782640e-04
2.080381847918033600e-03
2.353090094402432442e-03
3.566339612007141113e-03
-2.667769091203808784e-03
-2.300503896549344063e-03
4.997180076315999031e-04
9.157132008112967014e-04
1.997804938582703471e-04
-1.019291463308036327e-03
1.301874290220439434e-03
4.779110022354871035e-04
2.908673370257019997e-03
2.297318540513515472e-03
-3.340452210977673531e-03
-2.384531544521450996e-03
2.403283491730690002e-03
-3.154886420816183090e-03
-1.661663176491856575e-03
2.526698634028434753e-03
-1.799205783754587173e-03
4.314518591854721308e-04
-2.784447045996785164e-03
-3.862916724756360054e-03
1.557619078084826469e-03
-1.699875341728329659e-03
2.274075290188193321e-03
3.147726645693182945e-03
-5.895626381970942020e-04
-9.387033060193061829e-04
3.666114062070846558e-03
1.313597895205020905e-03
2.397495787590742111e-03
-3.712218953296542168e-03
3.575690323486924171e-03
9.536542929708957672e-04
-3.863631980493664742e-03
3.550544846802949905e-03
-1.508332788944244385e-03
-2.214294159784913063e-03
-2.188873710110783577e-03
8.028543670661747456e-04
3.573123831301927567e-03
2.092492766678333282e-03
2.957354066893458366e-03
1.790088252164423466e-03
-1.953085069544613361e-03
-1.944615039974451065e-03
-3.460356499999761581e-03
-1.235370174981653690e-03
1.619727700017392635e-03
1.002643373794853687e-03
-1.377127598971128464e-03
-8.223677286878228188e-04
-1.999120460823178291e-03
-2.334158867597579956e-03
1.028309110552072525e-03
-2.538951346650719643e-03
3.523809136822819710e-04
-3.226413158699870110e-03
1.092116581276059151e-04
-2.687264932319521904e-03
-2.822799840942025185e-03
-1.311634783633053303e-03
5.335701862350106239e-04
3.736960468813776970e-03
-1.918439404107630253e-03
2.167052822187542915e-03
-1.091026118956506252e-03
-3.197743324562907219e-03
4.606881120707839727e-04
2.550323726609349251e-03
3.869315143674612045e-03
7.630227482877671719e-04
4.972207825630903244e-04
2.384989056736230850e-04
-1.766464789398014545e-03
1.224090810865163803e-03
-1.098414068110287189e-03
1.794544979929924011e-03
-5.710907862521708012e-04
-1.935147214680910110e-03
-7.730276556685566902e-04
-2.545495808590203524e-04
-2.939814003184437752e-03
-2.662922721356153488e-03
-1.142977154813706875e-03
1.065860036760568619e-03
-1.244075945578515530e-03
1.104047987610101700e-03
2.897923346608877182e-03
1.028703176416456699e-03
-3.070179838687181473e-03
3.767420304939150810e-03
-5.632745887851342559e-05
-3.380894195288419724e-03
2.609690709505230188e-04
2.537111751735210419e-03
-4.353511030785739422e-04
-3.253914183005690575e-03
2.467513317242264748e-03
-9.868370834738016129e-04
-1.298522343859076500e-03
1.318746246397495270e-03
-1.722642569802701473e-03
3.044098615646362305e-03
2.676386851817369461e-03
-3.424032358452677727e-03
-9.467630879953503609e-04
2.503395313397049904e-03
