2.529807388782501221e-03
-3.303900826722383499e-03
2.121517900377511978e-03
2.651765244081616402e-03
1.399547443725168705e-03
-1.345677766948938370e-03
1.183207146823406219e-03
1.453594304621219635e-03
1.041136682033538818e-03
2.690050459932535887e-04
-4.529005964286625385e-04
-7.208717870526015759e-04
6.583712529391050339e-04
3.359634429216384888e-03
-1.951017999090254307e-03
-3.665149677544832230e-03
2.261001151055097580e-03
9.238228085450828075e-04
-1.047788391588255763e-04
2.488877798896282911e-04
1.998139312490820885e-03
2.926887478679418564e-03
3.557909280061721802e-03
1.647848403081297874e-03
1.157432678155601025e-03
-2.626353641971945763e-03
2.295317826792597771e-03
-2.804221352562308311e-03
8.425101987086236477e-04
-1.587791484780609608e-03
3.233146155253052711e-03
-3.517218632623553276e-03
-1.496306969784200191e-03
-3.764221037272363901e-04
-2.163050696253776550e-03
2.475168788805603981e-03
-1.419149921275675297e-03
-2.230233978480100632e-03
1.752589741954579949e-04
-2.256681909784674644e-03
3.862357232719659805e-03
1.828283187933266163e-03
-1.504712854512035847e-03
-1.719919848255813122e-03
-3.527953056618571281e-03
1.955704065039753914e-03
-2.016803948208689690e-03
-3.032240085303783417e-03
-1.146171358413994312e-03
-1.472591073252260685e-03
-3.898709313943982124e-03
3.804935840889811516e-03
3.098347457125782967e-03
7.448184187524020672e-04
-1.246213796548545361e-03
-8.588373311795294285e-04
2.732237568125128746e-03
-1.593969063833355904e-03
-3.683160757645964622e-03
3.542784135788679123e-03
-1.679190783761441708e-03
-1.356024411506950855e-03
2.286877483129501343e-03
2.395670162513852119e-03
-3.742414526641368866e-03
2.234192652394995093e-04
-7.769656367599964142e-04
-3.419508226215839386e-03
1.793381990864872932e-03
2.343076746910810471e-03
-2.923497930169105530e-03
-9.653918095864355564e-04
-3.506182925775647163e-03
-3.758657723665237427e-03
2.304823137819766998e-03
-3.592494176700711250e-03
7.378002046607434750e-04
-2.373776398599147797e-03
-2.820650814101099968e-03
3.909635357558727264e-03
-1.420600805431604385e-03
-7.380824536085128784e-04
1.691770623438060284e-03
9.338788804598152637e-04
2.721830271184444427e-03
-3.180896630510687828e-03
-3.205118468031287193e-03
-1.944163814187049866e-03
-2.028863877058029175e-03
3.587871557101607323e-03
-1.030963612720370293e-03
-4.806776996701955795e-04
-6.726373685523867607e-04
1.321820542216300964e-03
-2.031698822975158691e-03
-2.969445427879691124e-03
3.072565654292702675e-03
3.814043011516332626e-03
6.140995537862181664e-04
3.104424802586436272e-03
-2.659268910065293312e-03
-4.958058707416057587e-04
2.159704919904470444e-03
1.092554302886128426e-03
-3.611067077144980431e-03
3.177898237481713295e-03
-1.554544782266020775e-03
2.866476308554410934e-03
-2.438184106722474098e-03
-9.300711681134998798e-04
-5.388481658883392811e-04
-1.661804388277232647e-03
5.360902287065982819e-04
2.122953534126281738e-03
-1.581191318109631538e-03
-2.522901864722371101e-03
-2.805026248097419739e-03
5.434908671304583549e-04
-3.362298244610428810e-03
1.966423355042934418e-03
2.910707145929336548e-03
-3.762178588658571243e-03
-2.932871226221323013e-03
1.615277840755879879e-03
9.761090041138231754e-04
-1.780707243597134948e-04
-1.481880783103406429e-03
2.031375886872410774e-03
-1.008424442261457443e-03
-1.303949044086039066e-03
-3.116003004834055901e-03
1.459323917515575886e-03
-3.447799012064933777e-03
-2.897592727094888687e-03
-1.939717913046479225e-04
-2.764889504760503769e-03
9.911836241371929646e-05
3.329050494357943535e-03
7.963615353219211102e-04
4.207236925140023232e-04
-2.867807401344180107e-03
-3.585874103009700775e-03
-1.750400057062506676e-03
1.656949170865118504e-03
1.130747492425143719e-03
2.779481699690222740e-03
-3.045386867597699165e-03
-1.731497322907671332e-04
1.969170290976762772e-03
-2.740969415754079819e-03
-3.428529947996139526e-03
3.421392757445573807e-03
2.097320044413208961e-03
1.206410117447376251e-03
3.851106390357017517e-03
-1.876628259196877480e-03
-3.845314029604196548e-03
-1.049884245730936527e-03
2.461176190990954638e-04
5.108762998133897781e-04
-1.615614513866603374e-03
3.323601558804512024e-03
-1.038003480061888695e-03
3.163913963362574577e-03
-1.269793021492660046e-03
-1.132901175878942013e-03
3.893246874213218689e-03
-2.307547722011804581e-03
6.039881191099993885e-05
3.598713083192706108e-03
-1.409457996487617493e-03
6.458956631831824780e-04
-1.509085559519007802e-04
-2.979418728500604630e-03
-2.861692802980542183e-03
2.612285315990447998e-03
3.251496236771345139e-03
2.171012107282876968e-03
4.835534127778373659e-05
2.815259853377938271e-03
1.810914720408618450e-03
-2.805825090035796165e-03
2.865435322746634483e-03
-1.893732114695012569e-03
-1.293132081627845764e-04
3.280126256868243217e-03
1.283997698919847608e-04
-9.585931547917425632e-04
8.718859753571450710e-04
-1.553419977426528931e-03
3.974362334702163935e-04
2.655613468959927559e-03
-5.879387026652693748e-04
-3.769541159272193909e-03
-3.577670548111200333e-03
4.011946148239076138e-04
-2.861278830096125603e-03
3.378837835043668747e-03
-1.963968854397535324e-03
-1.723088091239333153e-03
1.209685811772942543e-03
3.476643236353993416e-03
-3.056907095015048981e-03
3.494581207633018494e-03
1.177554018795490265e-03
2.644611522555351257e-03
-2.781410235911607742e-03
-2.461085794493556023e-03
-1.454156823456287384e-03
2.843801397830247879e-03
1.675934297963976860e-03
5.407992866821587086e-04
1.307175843976438046e-03
3.522026352584362030e-03
2.627410227432847023e-03
3.858135081827640533e-03
1.422586967237293720e-03
1.305957208387553692e-03
-2.296226099133491516e-03
1.716126804240047932e-03
1.245275721885263920e-03
-3.726576687768101692e-03
-1.756158424541354179e-03
-1.537725445814430714e-03
-2.469516359269618988e-03
-2.454514149576425552e-03
1.879922696389257908e-03
-3.212280338630080223e-03
7.204888970591127872e-04
2.120675286278128624e-03
2.977932337671518326e-03
-1.107422052882611752e-03
-7.740715518593788147e-04
2.420946548227220774e-04
1.538269338198006153e-03
-5.243257037363946438e-04
2.736787078902125359e-03
-2.166969061363488436e-04
-2.308063907548785210e-03
3.239781595766544342e-03
7.015600567683577538e-04
1.167149166576564312e-03
5.782161024399101734e-04
-3.250356530770659447e-03
-3.587068291381001472e-03
-1.074022031389176846e-03
3.263750113546848297e-04
2.499767113476991653e-03
-1.111609861254692078e-03
1.027365215122699738e-03
-2.894151723012328148e-03
-1.143130706623196602e-03
1.265652943402528763e-03
3.863329402520321310e-05
-1.427154405973851681e-03
3.614590037614107132e-03
