-2.245526295155286789e-03
2.476043300703167915e-03
-2.573082922026515007e-03
1.063631381839513779e-03
3.456058911979198456e-03
-1.923425705172121525e-03
-5.601459997706115246e-04
3.666561096906661987e-03
1.122762332670390606e-03
3.545352956280112267e-03
-1.750195166096091270e-03
-9.391527855768799782e-04
-1.242464524693787098e-03
-1.138635445386171341e-03
1.466023852117359638e-03
-3.635640488937497139e-03
3.376546548679471016e-03
-9.323566919192671776e-04
6.842823931947350502e-04
-6.417096010409295559e-04
-1.687586191110312939e-03
6.142457714304327965e-04
1.164880697615444660e-03
-4.161226388532668352e-04
3.681503701955080032e-03
1.625018427148461342e-03
-3.513026516884565353e-03
2.658632583916187286e-03
1.870318897999823093e-03
7.331743108807131648e-05
3.314051311463117599e-03
2.708669053390622139e-03
2.089995890855789185e-03
1.400934532284736633e-03
-2.129738451912999153e-03
-3.744774265214800835e-03
3.130788682028651237e-04
-6.575761944986879826e-04
-2.490608254447579384e-03
-2.390354406088590622e-03
4.143575206398963928e-04
-1.057523186318576336e-03
-2.033447148278355598e-03
1.901965588331222534e-03
-3.436693921685218811e-03
-3.503195941448211670e-03
6.241391529329121113e-04
-1.376365078613162041e-03
2.146918093785643578e-03
-2.650772221386432648e-03
3.784391738008707762e-04
-2.468766178935766220e-03
8.176612900570034981e-04
7.760765729472041130e-04
2.482740906998515129e-03
1.684620860032737255e-03
-3.298830473795533180e-03
3.578202100470662117e-03
1.630172366276383400e-03
-1.721869106404483318e-03
1.476355828344821930e-03
6.515708519145846367e-04
-8.575886604376137257e-04
-2.708817599341273308e-03
-2.149279695004224777e-03
2.921006642282009125e-03
8.453655755147337914e-05
-2.016485232161357999e-04
-3.836280899122357368e-03
3.138913307338953018e-03
1.784785650670528412e-03
3.278302727267146111e-03
-3.239203244447708130e-03
-7.194813806563615799e-04
-1.914370106533169746e-03
2.578104613348841667e-04
2.598521532490849495e-03
-3.990970144513994455e-04
-1.330339931882917881e-03
3.021624172106385231e-03
2.020341344177722931e-03
3.726459690369665623e-04
6.093836782383732498e-05
-3.644743701443076134e-03
-1.859319279901683331e-03
-8.129049674607813358e-04
2.068820875138044357e-03
3.143702168017625809e-03
-5.591610097326338291e-04
1.884555211290717125e-03
1.356396707706153393e-03
-2.377240918576717377e-03
-2.319557679584249854e-04
2.663024934008717537e-03
3.767698362935334444e-04
-1.941491733305156231e-03
2.283853944391012192e-03
-2.969217253848910332e-03
1.427090028300881386e-03
3.398134140297770500e-03
-6.632120930589735508e-04
-2.979120472446084023e-03
1.964207738637924194e-03
1.240853220224380493e-03
-2.772191772237420082e-03
3.491640323773026466e-03
-1.753359567373991013e-03
-3.210261464118957520e-03
-1.793938223272562027e-03
-2.407606225460767746e-03
9.593518916517496109e-04
3.589838277548551559e-03
-3.499059705063700676e-03
-3.156497841700911522e-03
-2.818959765136241913e-03
5.793341551907360554e-04
1.007871353067457676e-03
3.159162355586886406e-03
-3.600908908993005753e-03
-7.870527915656566620e-04
-2.576989587396383286e-03
2.172862179577350616e-03
1.325334189459681511e-03
3.821303602308034897e-03
-2.410789020359516144e-03
1.657431595958769321e-03
-2.902637468650937080e-03
3.311726264655590057e-03
2.706843195483088493e-03
-1.107157790102064610e-03
1.879577874206006527e-03
4.548424913082271814e-04
-1.243292703293263912e-03
9.698544163256883621e-04
-2.835555933415889740e-04
2.262850757688283920e-03
-9.651953005231916904e-04
-1.758129918016493320e-03
-2.749873092398047447e-03
5.240793107077479362e-04
-1.460457686334848404e-03
-3.518528072163462639e-03
2.061132574453949928e-03
-4.912812728434801102e-04
-2.833472564816474915e-03
-1.753262942656874657e-03
2.387064974755048752e-03
-1.147930044680833817e-03
-3.532453207299113274e-03
3.856518771499395370e-03
-4.503750824369490147e-04
3.757236292585730553e-03
1.487053814344108105e-03
2.779416274279356003e-03
-3.185244044288992882e-03
3.161402652040123940e-03
3.564957529306411743e-03
3.876950824633240700e-03
2.170367399230599403e-03
-2.001174492761492729e-03
-2.721132012084126472e-03
2.069391543045639992e-03
1.044871169142425060e-03
-1.989470329135656357e-04
-3.447323106229305267e-03
-3.330274950712919235e-03
1.808699104003608227e-03
1.923896488733589649e-03
2.590738702565431595e-03
-2.473572501912713051e-03
3.140521468594670296e-03
1.671812846325337887e-03
-3.925047640223056078e-04
1.470230403356254101e-03
-2.306473674252629280e-03
-1.509468071162700653e-03
1.554941409267485142e-03
1.191399991512298584e-03
-1.417773746652528644e-04
-3.741308813914656639e-03
3.766755806282162666e-03
3.157200058922171593e-03
3.567579187802039087e-05
3.176800091750919819e-04
1.740322797559201717e-03
2.018819330260157585e-03
-1.582252327352762222e-03
-1.273121102713048458e-03
-5.535567179322242737e-04
1.838631578721106052e-03
2.136082854121923447e-03
3.857944859191775322e-03
-1.623021555133163929e-03
3.424970665946602821e-03
3.434713580645620823e-04
6.139277247712016106e-04
1.615570276044309139e-03
8.375577162951231003e-04
-1.810615765862166882e-03
3.731784643605351448e-03
-3.398383269086480141e-03
-2.678840653970837593e-03
2.138739218935370445e-03
1.786591368727385998e-03
-1.097957836464047432e-03
3.707597963511943817e-03
-2.956709358841180801e-04
-2.895289333537220955e-03
-3.248807275667786598e-03
-1.913911080919206142e-03
1.278324401937425137e-03
-1.298179966397583485e-03
-3.553342306986451149e-03
-2.562953857704997063e-03
1.700627617537975311e-03
3.078225068747997284e-03
3.873492823913693428e-03
-1.401039306074380875e-03
-4.964098916389048100e-04
-6.747378502041101456e-04
-2.836338477209210396e-03
2.098943572491407394e-03
-2.317473758012056351e-03
-2.759569091722369194e-03
-1.291002263315021992e-03
-2.968817250803112984e-03
-2.810810925439000130e-03
-3.812013892456889153e-03
1.457118079997599125e-03
-2.993088855873793364e-04
-3.596076508983969688e-03
-1.334478583885356784e-04
-2.061280887573957443e-03
-1.506274275016039610e-04
-1.181195140816271305e-03
1.366657088510692120e-03
9.060024167411029339e-04
1.693106256425380707e-03
2.346123568713665009e-03
2.190751256421208382e-03
4.169534659013152122e-04
2.520376816391944885e-03
1.896799774840474129e-03
-8.848196011967957020e-04
2.548197051510214806e-03
-3.358745248988270760e-03
1.495022093877196312e-03
3.323184559121727943e-03
-3.305832622572779655e-03
-2.438434632495045662e-03
-9.966573998099192977e-05
-2.125404542312026024e-03
-1.891085645183920860e-03
1.601562136784195900e-03
-3.822916653007268906e-03
1.538714277558028698e-03
