8.082272834144532681e-04
1.086370553821325302e-03
3.684498136863112450e-03
-1.258034259080886841e-03
2.182370983064174652e-03
-6.331345066428184509e-04
-3.824711311608552933e-03
2.618227619677782059e-03
-1.159736537374556065e-03
-1.046079909428954124e-03
-1.572567503899335861e-03
2.960903104394674301e-03
-1.659246277995407581e-03
2.618934027850627899e-03
3.884156700223684311e-03
1.765746274031698704e-04
1.130145974457263947e-03
2.817169588524848223e-04
-3.685493487864732742e-03
2.015877049416303635e-03
-1.722566084936261177e-04
-2.677832962945103645e-03
-3.217520192265510559e-03
-9.241853258572518826e-04
-1.115421648137271404e-03
-2.769965678453445435e-03
-3.137031104415655136e-03
-1.012959983199834824e-03
5.315731978043913841e-04
1.512530376203358173e-03
-7.694944506511092186e-04
3.357969457283616066e-03
2.481115283444523811e-03
-2.283031120896339417e-03
5.415149498730897903e-04
-7.124759140424430370e-04
2.798195462673902512e-03
3.741448977962136269e-03
1.746812020428478718e-03
1.940276706591248512e-03
-3.913661348633468151e-04
1.606432953849434853e-03
-3.107237862423062325e-03
-3.528939094394445419e-03
1.274954527616500854e-03
-2.127664396539330482e-03
-2.198971575126051903e-03
2.153088804334402084e-03
-1.319570234045386314e-03
-2.118340693414211273e-03
1.864550868049263954e-03
-6.554521969519555569e-04
-3.593005938455462456e-03
3.576234215870499611e-03
2.310858108103275299e-03
-2.532086800783872604e-03
-9.640967473387718201e-04
-2.842096146196126938e-03
-2.487922087311744690e-03
1.810852088965475559e-03
3.652334678918123245e-03
-3.656462999060750008e-03
-6.763294222764670849e-04
-1.481581712141633034e-03
-2.945786342024803162e-03
-4.627205198630690575e-04
-1.400285284034907818e-03
3.157783532515168190e-03
-1.191095216199755669e-03
-3.201285144314169884e-04
-1.109760836698114872e-03
-1.151584205217659473e-03
-3.299795323982834816e-03
-3.696076339110732079e-03
-3.325009718537330627e-03
-5.076383240520954132e-04
2.076683100312948227e-03
3.176572266966104507e-03
-3.618350019678473473e-03
5.222337204031646252e-04
-2.449644263833761215e-03
-1.908297999761998653e-03
-2.640102524310350418e-03
3.289376851171255112e-03
-3.604061668738722801e-03
-6.679992075078189373e-04
2.951341681182384491e-03
-1.653695944696664810e-03
2.347040222957730293e-03
-2.608330221846699715e-03
-3.704648115672171116e-04
-2.250516088679432869e-03
1.768538379110395908e-03
3.217976773157715797e-03
6.259584333747625351e-04
1.592603628523647785e-03
-3.559019882231950760e-03
1.650519785471260548e-03
2.139280084520578384e-03
1.933429855853319168e-03
-1.777288387529551983e-03
-3.169222502037882805e-03
5.747948307543992996e-04
3.163264598697423935e-03
2.637010766193270683e-03
-1.683581736870110035e-03
-1.378695480525493622e-03
3.127582371234893799e-03
3.579281968995928764e-03
3.440534463152289391e-03
2.620119135826826096e-03
4.848283715546131134e-04
3.558028023689985275e-03
1.019529554469045252e-05
-3.272233589086681604e-04
-3.891547385137528181e-04
-2.212748222518712282e-04
5.521940183825790882e-04
1.233832561410963535e-03
2.104059793055057526e-03
-2.457624766975641251e-03
-2.080224221572279930e-03
2.167240716516971588e-03
-2.399150747805833817e-03
-2.675379626452922821e-03
-2.495848340913653374e-03
3.157265018671751022e-03
-3.361936658620834351e-03
-2.262311900267377496e-04
-3.384987358003854752e-03
-7.769923540763556957e-04
-6.935358396731317043e-04
7.689051017223391682e-06
-1.841673860326409340e-03
3.609196282923221588e-03
-1.689584460109472275e-03
3.086590208113193512e-03
6.695414776913821697e-04
1.107673393562436104e-03
6.042091408744454384e-04
-3.792634466663002968e-03
3.001830074936151505e-03
1.893631124403327703e-04
-1.493862480856478214e-03
2.062087645754218102e-03
7.236047531478106976e-04
-1.077927532605826855e-03
-2.521823160350322723e-03
1.894264481961727142e-03
-6.686045089736580849e-04
8.024079725146293640e-04
6.565494695678353310e-04
1.997336978092789650e-03
-3.489875933155417442e-03
-2.035305136814713478e-03
1.683041336946189404e-03
3.019294934347271919e-03
2.312171738594770432e-03
3.848462831228971481e-03
-3.158662701025605202e-03
3.192284610122442245e-03
-3.107846016064286232e-03
6.525982171297073364e-04
-1.195612479932606220e-03
1.252877409569919109e-03
-3.654746105894446373e-03
1.813092851080000401e-03
3.722506109625101089e-03
3.698590444400906563e-03
8.462428231723606586e-04
-2.288397168740630150e-03
1.941460504895076156e-05
-2.345849759876728058e-03
-1.873534987680613995e-03
2.497831359505653381e-03
-2.492871833965182304e-03
5.811703158542513847e-04
1.234448398463428020e-03
-9.912058012560009956e-04
1.142668115790002048e-04
3.358134999871253967e-03
4.828989913221448660e-04
2.763012016657739878e-04
3.273199312388896942e-03
-1.938156347023323178e-04
-2.172606764361262321e-03
-2.531995298340916634e-03
1.214665942825376987e-03
-3.895493922755122185e-03
2.064104890450835228e-03
-9.152102575171738863e-05
-2.474989509209990501e-03
5.064184078946709633e-04
-1.129933050833642483e-03
-1.609656144864857197e-03
1.068617915734648705e-03
-3.211666131392121315e-03
2.763258060440421104e-03
-2.687012311071157455e-03
1.253102236660197377e-04
1.430393895134329796e-03
2.876166487112641335e-03
-2.499101916328072548e-03
-1.339915557764470577e-03
-1.717964769341051579e-03
3.386913100257515907e-03
3.879286581650376320e-03
2.283331938087940216e-03
-3.148101503029465675e-03
-2.469797327648848295e-04
-9.458012937102466822e-05
2.045199740678071976e-03
7.197426748462021351e-04
-2.098737517371773720e-03
3.754336386919021606e-03
-3.010537475347518921e-03
-1.126834307797253132e-03
-2.950581023469567299e-03
8.077871170826256275e-04
-2.664046594873070717e-03
-2.035094192251563072e-03
-1.551872119307518005e-03
-7.774005644023418427e-04
1.795802614651620388e-03
5.732906283810734749e-04
2.655574586242437363e-03
2.709684667934197932e-05
-1.942698028869926929e-03
-2.245758427307009697e-03
7.654674700461328030e-04
1.047607394866645336e-03
2.461301162838935852e-03
-2.911650110036134720e-03
1.755583798512816429e-03
1.046861638315021992e-03
-1.571904984302818775e-03
3.840352175757288933e-03
2.364058047533035278e-03
6.849435740150511265e-04
-1.431990880519151688e-03
3.634581109508872032e-03
-3.551514586433768272e-03
-2.635750221088528633e-03
6.391314673237502575e-04
-3.365599783137440681e-03
-1.870897132903337479e-03
1.853181980550289154e-03
-2.888908609747886658e-03
3.769786329939961433e-03
-1.175087178125977516e-03
-2.100605051964521408e-04
2.336348174139857292e-03
-2.390666864812374115e-03
-3.673083148896694183e-03
-2.747505670413374901e-03
9.555143769830465317e-04
