1.850341795943677425e-03
1.817791140638291836e-03
1.911530271172523499e-03
-2.130107721313834190e-03
3.373429877683520317e-03
-3.052763873711228371e-03
3.113494254648685455e-03
3.370236139744520187e-03
-8.183600148186087608e-04
5.576238036155700684e-04
-3.287869272753596306e-03
-2.348153648199513555e-04
-3.274630988016724586e-03
-2.403134247288107872e-03
3.452389501035213470e-03
-3.638915251940488815e-03
4.080898361280560493e-04
1.426489092409610748e-03
2.141259843483567238e-03
-2.744259545579552650e-03
-1.533161732368171215e-03
-3.636034438386559486e-03
1.687485928414389491e-05
-1.278636162169277668e-03
-5.451155084301717579e-05
3.914431668817996979e-03
-5.451564793474972248e-04
-3.111336613073945045e-03
-2.130338223651051521e-03
-2.919673454016447067e-03
6.744283018633723259e-04
2.662274753674864769e-03
-3.979690955020487309e-04
1.093934290111064911e-03
-3.373912302777171135e-03
1.095243729650974274e-03
1.022645810735411942e-04
2.077319892123341560e-03
-3.129793796688318253e-03
7.628183229826390743e-04
3.889311570674180984e-03
6.760045071132481098e-04
3.373238490894436836e-03
2.488790079951286316e-03
3.388634417206048965e-03
-1.699381857179105282e-03
2.606199821457266808e-03
-1.599101698957383633e-03
-1.511085778474807739e-03
-6.475894479081034660e-04
7.388211670331656933e-04
-1.944836694747209549e-04
3.715785685926675797e-03
-3.139323322102427483e-03
1.552535220980644226e-03
2.505506854504346848e-04
-3.258890938013792038e-03
-1.039207098074257374e-03
3.794635878875851631e-03
3.158191451802849770e-03
-1.363081159070134163e-03
1.868877210654318333e-03
-1.529559260234236717e-03
3.746879985556006432e-03
3.536376170814037323e-03
6.567493255715817213e-05
1.406959374435245991e-03
2.399010409135371447e-04
2.976443385705351830e-03
-4.539244691841304302e-04
8.102750871330499649e-04
1.651818165555596352e-03
-3.018662333488464355e-03
3.156573278829455376e-03
-3.775935387238860130e-03
-2.870123600587248802e-03
2.751049818471074104e-03
2.286649541929364204e-03
-3.731808625161647797e-03
-1.850873231887817383e-03
-2.489198464900255203e-03
4.092699673492461443e-04
-3.092433093115687370e-03
2.701858524233102798e-03
-1.971171470358967781e-03
-5.621720338240265846e-04
-2.418035408481955528e-03
-3.297111019492149353e-03
3.218343248590826988e-03
-3.897028509527444839e-03
-3.693667473271489143e-03
4.616424557752907276e-04
-4.200030525680631399e-04
2.856222679838538170e-03
3.342641750350594521e-03
-2.190017112297937274e-04
2.967254549730569124e-04
8.455074857920408249e-04
3.528268542140722275e-03
7.170707685872912407e-04
6.460003205575048923e-04
-2.057458274066448212e-03
3.778989892452955246e-03
2.602114342153072357e-03
1.011971035040915012e-03
-1.771882962202653289e-04
-2.917521866038441658e-03
-4.033219593111425638e-04
-3.099063411355018616e-03
2.724672667682170868e-03
2.183845732361078262e-03
-6.552066188305616379e-04
-6.388486362993717194e-04
2.193493302911520004e-03
2.642171923071146011e-03
-2.617702120915055275e-03
-1.119059859775006771e-03
-5.926834091951604933e-06
2.678434597328305244e-03
1.210849382914602757e-03
2.815526910126209259e-03
1.156842219643294811e-03
-5.940879345871508121e-04
-2.850669203326106071e-03
-2.225240692496299744e-03
-3.849085653200745583e-03
-8.022728143259882927e-04
5.951934144832193851e-05
3.101740963757038116e-03
1.760957879014313221e-03
-7.295754039660096169e-04
2.532615093514323235e-03
-2.531117061153054237e-03
8.422713726758956909e-04
-3.297800663858652115e-03
-5.641037714667618275e-04
-1.034771325066685677e-03
-3.305064979940652847e-03
-1.910281484015285969e-03
1.521063968539237976e-03
3.550155553966760635e-03
-1.068439916707575321e-03
1.251461333595216274e-03
2.996547147631645203e-03
-6.278505898080766201e-04
-9.549025562591850758e-04
-8.307264070026576519e-04
3.959026071242988110e-04
-2.401254605501890182e-03
3.370929742231965065e-03
-4.292656376492232084e-04
2.960862359032034874e-03
-1.248713233508169651e-03
5.142409281688742340e-05
-2.927425783127546310e-03
-3.744543064385652542e-04
1.732678647385910153e-04
-1.430572359822690487e-03
7.903695222921669483e-04
1.428052783012390137e-03
3.918282745871692896e-04
3.736760409083217382e-04
2.851001918315887451e-03
1.031842664815485477e-03
-7.100492366589605808e-04
3.571652341634035110e-03
-2.217928878962993622e-03
3.053223481401801109e-03
3.417612286284565926e-03
1.308350125327706337e-03
2.472035354003310204e-03
-1.818862045183777809e-03
2.207815647125244141e-03
2.980517921969294548e-03
1.301439042435958982e-04
2.469129394739866257e-03
-1.212144619785249233e-03
2.424804493784904480e-03
-1.753844087943434715e-03
1.001309836283326149e-03
3.755239536985754967e-03
-3.217127639800310135e-03
-2.482331823557615280e-03
-1.299647730775177479e-03
-3.913603723049163818e-04
2.369961839576717466e-05
-1.389007898978888988e-03
3.689906094223260880e-03
3.340959316119551659e-03
1.101114088669419289e-03
9.560151374898850918e-04
-1.944671967066824436e-03
2.381423022598028183e-03
3.251756541430950165e-03
-3.353521227836608887e-03
-2.303999615833163261e-03
3.034083871170878410e-03
-3.480048384517431259e-03
9.638387709856033325e-04
3.058100352063775063e-03
8.947901078499853611e-04
-2.576608210802078247e-03
-1.992317382246255875e-03
1.733623503241688013e-04
-1.909102778881788254e-03
-1.845909981057047844e-03
1.202813233248889446e-03
-1.674399012699723244e-03
-2.122273435816168785e-03
-2.832379424944519997e-03
-1.645253039896488190e-03
-7.875649025663733482e-04
3.225135384127497673e-03
2.834391314536333084e-03
4.102161910850554705e-04
3.642844036221504211e-03
4.296933475416153669e-04
-1.280561671592295170e-03
3.849563654512166977e-03
-3.219028934836387634e-03
-2.715326147153973579e-03
-9.707192657515406609e-04
-2.931122900918126106e-03
-1.606747973710298538e-03
3.859564021695405245e-04
6.643357337452471256e-04
7.914665038697421551e-04
7.670103223063051701e-04
-8.980905404314398766e-04
1.003736862912774086e-03
-1.377340173348784447e-03
-2.816500375047326088e-03
1.822336198529228568e-04
-2.013745019212365150e-03
-3.827631589956581593e-04
-3.764789318665862083e-03
3.788115282077342272e-04
-1.519627287052571774e-03
-2.357209334149956703e-03
2.907689486164599657e-04
1.500843791291117668e-03
-1.118903674068860710e-04
-6.600409396924078465e-04
-1.333115855231881142e-03
-7.160113309510052204e-04
-2.079731784760951996e-03
-2.022563014179468155e-03
2.339363098144531250e-03
8.974938536994159222e-04
-3.163553075864911079e-03
-5.475027137435972691e-04
-4.073122690897434950e-04
1.863863668404519558e-03
6.963702617213129997e-04
3.701332898344844580e-04
9.638255578465759754e-04
