3.121398855000734329e-03
1.763609470799565315e-03
1.174321165308356285e-03
-3.529346780851483345e-03
-1.155725447461009026e-03
8.375701872864738107e-05
-7.354837143793702126e-04
-2.240912755951285362e-03
-2.841666340827941895e-03
2.261548303067684174e-03
3.125040966551750898e-04
1.116825966164469719e-03
3.069601254537701607e-03
2.124359831213951111e-03
-3.005795413628220558e-03
3.843431128188967705e-03
2.966972242575138807e-04
1.107785792555660009e-04
-3.828968619927763939e-04
1.525024650618433952e-03
-1.474296906962990761e-03
1.821733196265995502e-03
3.097019158303737640e-03
-6.458599236793816090e-04
3.607308724895119667e-03
-2.098788041621446609e-03
-1.692101359367370605e-03
-3.749273251742124557e-03
-2.925876993685960770e-03
-1.853984082117676735e-03
-1.932966522872447968e-03
-2.522519789636135101e-04
2.415192546322941780e-03
5.529524059966206551e-04
-7.893202709965407848e-04
-6.185797392390668392e-04
4.320383013691753149e-04
-2.100130543112754822e-03
1.120942528359591961e-03
-1.820470322854816914e-03
3.616313217207789421e-03
-5.796627374365925789e-04
2.597218845039606094e-04
-5.373962922021746635e-04
-2.081691287457942963e-03
6.819923146395012736e-05
-7.486662361770868301e-04
1.361317816190421581e-03
3.343322779983282089e-03
3.767132526263594627e-03
8.908571908250451088e-04
1.439268467947840691e-03
-9.504493791610002518e-04
-8.010214078240096569e-04
-1.387157826684415340e-04
-3.784874454140663147e-03
-6.579415057785809040e-04
1.282641314901411533e-03
-2.382161095738410950e-03
1.650317455641925335e-03
-2.526914700865745544e-03
-5.041533731855452061e-04
-3.524126717820763588e-03
-3.640244714915752411e-03
-2.624632325023412704e-03
-8.170913788489997387e-04
-3.219772828742861748e-03
-2.900800434872508049e-03
-3.456210950389504433e-03
-2.445467049255967140e-03
8.974728407338261604e-04
1.984377391636371613e-03
3.187362570315599442e-03
-3.040174487978219986e-03
-2.788714133203029633e-03
-2.107872394844889641e-03
2.610286930575966835e-03
-5.331396241672337055e-04
-3.630559367593377829e-04
1.280287862755358219e-03
6.431765541492495686e-06
-2.361607039347290993e-03
3.102754708379507065e-03
-2.099552424624562263e-03
-3.567671228665858507e-04
1.383157679811120033e-03
-2.983047161251306534e-03
7.286493200808763504e-04
2.171788364648818970e-03
3.323103301227092743e-03
-1.697607222013175488e-03
2.371305599808692932e-03
1.185701461508870125e-03
-3.609234234318137169e-03
-3.161910717608407140e-05
-2.135079739673528820e-05
3.772609634324908257e-04
-2.521694172173738480e-03
-1.575110014528036118e-03
2.726061211433261633e-04
-3.617488837335258722e-04
2.160949166864156723e-03
-3.602259093895554543e-03
-2.227024560852441937e-05
-1.516418531537055969e-03
-1.396075473167002201e-03
-2.373270923271775246e-03
-2.833417849615216255e-03
2.078648190945386887e-03
-3.464755427557975054e-04
-8.846015552990138531e-04
2.899192739278078079e-03
-3.074683248996734619e-03
-1.584577723406255245e-03
-1.168969552963972092e-03
2.062390325590968132e-03
2.182919532060623169e-03
-3.326975042000412941e-03
7.201518747024238110e-04
3.786142624448984861e-04
-3.153780126012861729e-04
1.500022481195628643e-03
3.627997066359966993e-04
-2.190673956647515297e-03
-3.624763106927275658e-03
3.045724937692284584e-03
1.891913590952754021e-03
3.395788138732314110e-03
1.733379613142460585e-04
-7.278769626282155514e-04
3.212571609765291214e-03
3.153131110593676567e-03
2.849808079190552235e-04
-3.886832389980554581e-03
2.869675401598215103e-03
7.493715384043753147e-04
-7.194777717813849449e-04
-1.093428349122405052e-03
-4.500801442191004753e-04
5.271698464639484882e-04
-6.385773885995149612e-04
-1.074686995707452297e-03
3.643778385594487190e-03
2.320714993402361870e-03
-1.985969720408320427e-03
6.203934317454695702e-04
1.732912263832986355e-03
-3.238165285438299179e-03
-9.180368506349623203e-04
1.203521271236240864e-03
1.942770206369459629e-03
1.682727015577256680e-03
3.399562789127230644e-03
6.632903241552412510e-04
-3.225410357117652893e-03
3.263476770371198654e-03
-2.327426569536328316e-03
-2.415756694972515106e-03
1.402307534590363503e-04
-4.533512110356241465e-04
-9.690377628430724144e-04
9.173254366032779217e-04
1.300414674915373325e-03
1.469652750529348850e-03
-8.180125150829553604e-04
1.928145997226238251e-03
3.017499111592769623e-03
3.157834988087415695e-03
1.145382411777973175e-03
-1.543596736155450344e-03
3.498666919767856598e-03
2.151609864085912704e-03
-1.437572413124144077e-03
-2.505081007257103920e-03
-6.169026164570823312e-06
-2.677859505638480186e-03
-3.323097946122288704e-03
3.080334863625466824e-04
2.400599885731935501e-03
-2.463622484356164932e-03
-5.468949675559997559e-04
2.374823903664946556e-03
2.482461277395486832e-03
2.920218103099614382e-04
-3.862471785396337509e-03
-1.546817831695079803e-03
1.590334344655275345e-03
-2.814050531014800072e-03
3.442744025960564613e-03
3.581517376005649567e-03
3.701222129166126251e-03
-2.736983122304081917e-03
-6.470428197644650936e-04
1.338886911980807781e-03
-3.120684530586004257e-03
5.378993228077888489e-04
2.022490371018648148e-03
4.955300246365368366e-04
-1.567754196003079414e-03
-3.479236271232366562e-03
2.036642748862504959e-03
-3.601059550419449806e-03
3.203302621841430664e-03
-8.621218730695545673e-04
-1.186687964946031570e-03
-1.454311073757708073e-03
3.648632671684026718e-03
-2.701582619920372963e-03
1.639075926505029202e-03
-2.253714017570018768e-03
-3.117836778983473778e-03
-2.218653680756688118e-03
-1.093950471840798855e-03
3.086240030825138092e-03
-1.930486760102212429e-03
-9.630675776861608028e-04
-2.527416450902819633e-03
3.358478192239999771e-03
-3.516306867823004723e-03
2.716933377087116241e-04
-1.397408195771276951e-03
3.720589447766542435e-04
3.446638584136962891e-04
2.341250889003276825e-03
4.659369733417406678e-05
2.219080692157149315e-03
-7.326512131839990616e-04
-1.309438026510179043e-03
2.491206862032413483e-03
-3.435571445152163506e-03
-2.455181209370493889e-03
-3.822203492745757103e-03
3.461107844486832619e-03
1.809273031540215015e-03
1.835660310462117195e-03
7.483126828446984291e-04
-3.267780877649784088e-03
-1.554404851049184799e-03
-3.314456436783075333e-03
-3.051163395866751671e-03
-1.426906790584325790e-03
3.184481523931026459e-03
-1.434041070751845837e-03
-2.524120965972542763e-03
4.581158282235264778e-04
2.062305808067321777e-03
-2.326766727492213249e-03
-1.289838925004005432e-03
2.783437957987189293e-03
5.402365932241082191e-04
-2.085394458845257759e-03
2.564481459558010101e-03
1.781727623892948031e-04
-1.882757409475743771e-03
-5.788828129880130291e-04
1.387103548040613532e-04
