-2.600314328446984291e-03
1.127012656070291996e-04
-6.202336517162621021e-04
-3.897472284734249115e-03
1.871015992946922779e-03
2.454533940181136131e-03
1.239962293766438961e-03
1.718439278192818165e-03
5.365288816392421722e-04
-2.224056283012032509e-03
3.785287728533148766e-03
-3.340024268254637718e-03
3.582159057259559631e-03
-3.652269020676612854e-03
-2.878221217542886734e-03
3.190984250977635384e-03
3.225139575079083443e-03
-1.580805750563740730e-03
3.794300137087702751e-03
2.173047279939055443e-03
-3.805967047810554504e-03
-3.791547613218426704e-03
1.155983423814177513e-03
6.347178714349865913e-04
1.410145661793649197e-03
-1.828365377150475979e-03
2.887331182137131691e-03
2.373505150899291039e-03
3.090997226536273956e-03
-3.262859769165515900e-03
3.903398755937814713e-04
3.229811554774641991e-03
4.786431236425414681e-05
-6.333795026876032352e-04
1.331295701675117016e-03
2.203434705734252930e-03
2.036791265709325671e-04
-1.356877270154654980e-03
-2.236441243439912796e-03
1.771290786564350128e-03
-2.529946155846118927e-03
-9.484048932790756226e-04
3.595242276787757874e-03
-2.259998815134167671e-03
1.538509503006935120e-03
-2.546998905017971992e-03
-3.776856465265154839e-05
8.500037365593016148e-04
-3.605199046432971954e-03
-1.179964980110526085e-03
-1.571620814502239227e-04
-1.327529316768050194e-03
-2.253262791782617569e-03
2.978299744427204132e-04
-2.035201061517000198e-03
3.803833853453397751e-03
-2.075077965855598450e-03
-2.581759588792920113e-03
1.345447846688330173e-03
-7.757187122479081154e-04
-1.513289054855704308e-03
3.715300466865301132e-03
1.537951058708131313e-03
2.155058551579713821e-03
7.678297697566449642e-04
-1.505427062511444092e-03
4.157616058364510536e-04
3.252021269872784615e-03
-1.310986554017290473e-04
-3.840544726699590683e-03
3.515380201861262321e-03
-3.753739409148693085e-03
3.791538299992680550e-03
-2.294538775458931923e-03
6.790577899664640427e-04
-4.883498186245560646e-04
-1.354602514766156673e-03
-2.143165795132517815e-03
1.579160336405038834e-03
-3.365586278960108757e-03
2.047250745818018913e-03
3.040402662009000778e-03
1.084384392015635967e-03
-3.736946498975157738e-03
4.171716500422917306e-05
-9.697174536995589733e-04
-1.380101544782519341e-03
3.811444621533155441e-03
2.754594432190060616e-03
-1.676346291787922382e-03
2.101740567013621330e-03
-3.414848353713750839e-03
-1.994230318814516068e-03
-1.333792344667017460e-03
2.132365480065345764e-03
1.752447336912155151e-03
-2.673654118552803993e-03
2.143443794921040535e-03
1.886991085484623909e-04
-2.330946037545800209e-03
-1.874132431112229824e-03
3.074668115004897118e-03
2.937706420198082924e-03
-2.670173766091465950e-03
3.624348435550928116e-03
2.884873189032077789e-03
3.083403687924146652e-03
5.103739094920456409e-04
-9.756610234035179019e-05
3.240059231757186353e-05
-3.314465517178177834e-03
-3.820135258138179779e-03
-3.903586475644260645e-04
-3.406486241146922112e-03
-5.362590309232473373e-04
8.023359114304184914e-04
2.208272693678736687e-03
1.870705513283610344e-03
-2.990197855979204178e-03
1.302896300330758095e-03
2.425299491733312607e-03
2.509756712242960930e-03
3.233142895624041557e-03
1.468203146941959858e-03
4.852190613746643066e-04
-1.761575695127248764e-03
7.763826870359480381e-04
2.267347183078527451e-03
-8.801138610579073429e-04
2.734096022322773933e-03
-4.302732995711266994e-04
-2.048941794782876968e-03
-1.093505416065454483e-03
3.805095562711358070e-03
3.386624739505350590e-04
-3.624525619670748711e-03
-6.067567155696451664e-04
-1.578230643644928932e-03
-1.905543031170964241e-03
3.749317023903131485e-03
2.060659928247332573e-03
-2.393562346696853638e-03
-1.492870273068547249e-03
-2.164759207516908646e-03
5.512160350917838514e-05
-8.232581894844770432e-04
8.569094352424144745e-04
-3.878431161865592003e-03
3.602639771997928619e-03
2.211980056017637253e-03
2.105447230860590935e-03
6.463757017627358437e-04
7.950252620503306389e-04
3.873034380376338959e-03
1.924717915244400501e-03
3.439440391957759857e-03
-3.641512710601091385e-03
-3.842564532533288002e-03
2.147841500118374825e-03
3.768960013985633850e-03
-2.034410135820508003e-03
2.000720473006367683e-03
-2.882032189518213272e-03
-3.300960524939000607e-04
-5.266260122880339622e-04
-1.268499880097806454e-03
-2.050004695774987340e-04
1.860527321696281433e-03
-3.776952624320983887e-03
-2.871171804144978523e-03
-1.344779739156365395e-03
-2.958182594738900661e-04
1.821778598241508007e-03
-2.350075868889689445e-03
-2.162460237741470337e-03
3.283708356320858002e-03
-1.307036262005567551e-03
3.610491054132580757e-03
-2.117679454386234283e-03
-3.292443929240107536e-03
-3.465389367192983627e-03
2.266016555950045586e-03
5.804462125524878502e-04
2.891446230933070183e-03
2.384248422458767891e-03
3.353314241394400597e-03
1.222744816914200783e-03
-4.765982448589056730e-04
-1.820514909923076630e-03
3.278467920608818531e-04
3.009624313563108444e-03
5.102819413878023624e-04
3.158325096592307091e-03
3.772170748561620712e-03
-3.767033194890245795e-05
-1.015594578348100185e-03
3.884858218953013420e-03
-2.833307487890124321e-03
-6.773085915483534336e-04
-2.362755592912435532e-03
2.817767905071377754e-03
1.255349721759557724e-03
-3.271075198426842690e-03
1.210909453220665455e-03
3.169905627146363258e-03
3.861420322209596634e-03
3.543220693245530128e-03
-3.548926324583590031e-04
2.119167707860469818e-03
-2.162183634936809540e-03
4.906159010715782642e-04
-2.926855522673577070e-04
1.778135658241808414e-03
-9.063335601240396500e-04
1.978498417884111404e-03
-2.576205180957913399e-03
8.399223443120718002e-04
1.336244051344692707e-03
1.167060690931975842e-03
-1.658263267017900944e-03
-1.145692775025963783e-03
3.630028804764151573e-03
-2.014374360442161560e-03
2.693413698580116034e-04
-2.258631400763988495e-03
-9.954329580068588257e-04
-1.172303818748332560e-04
-1.863599522039294243e-03
-2.221207367256283760e-03
2.048481954261660576e-03
2.774049993604421616e-03
-3.494493430480360985e-03
-2.166233956813812256e-03
2.732946537435054779e-03
-3.330643055960536003e-03
-4.650035989470779896e-04
1.739093218930065632e-03
6.995821604505181313e-05
1.854411908425390720e-03
1.544369966723024845e-03
-3.187431953847408295e-03
-6.784608121961355209e-04
2.345095621421933174e-03
1.357573666609823704e-03
-3.374412888661026955e-03
-1.404398470185697079e-03
7.942794036353006959e-05
2.585478592664003372e-03
2.213224768638610840e-03
6.346246664179489017e-05
-2.851606113836169243e-03
3.790577407926321030e-03
-1.511506154201924801e-03
-1.307484693825244904e-03
-3.051189938560128212e-03
5.104033043608069420e-04
