8.711446425877511501e-04
-9.026714833453297615e-04
-7.503235829062759876e-04
-3.730989294126629829e-03
3.445853479206562042e-03
-3.908568993210792542e-03
2.077170647680759430e-03
2.784063108265399933e-04
-3.139762440696358681e-03
-2.479691756889224052e-03
-3.167335875332355499e-03
1.423087902367115021e-03
3.454329678788781166e-03
1.989218639209866524e-03
3.736137296073138714e-04
3.116203937679529190e-03
-3.856869181618094444e-03
2.977465628646314144e-04
-3.231491791666485369e-05
1.558854710310697556e-03
-2.965306863188743591e-03
-3.045758930966258049e-03
-1.936649641720578074e-04
-1.443905755877494812e-03
-8.268948877230286598e-04
5.858046351931989193e-04
1.044986420311033726e-03
4.135948838666081429e-04
-7.596777868457138538e-04
-3.778080921620130539e-03
1.319051370956003666e-03
-2.825652481988072395e-03
1.830730820074677467e-03
1.009768457151949406e-03
-5.181651886232430115e-06
-4.889445262961089611e-04
1.100962050259113312e-03
-3.469704883173108101e-03
-4.864498987444676459e-05
-3.505572443827986717e-03
2.290214033564552665e-04
2.123821992427110672e-03
1.833269372582435608e-03
3.741367021575570107e-03
2.119457814842462540e-03
-2.652389230206608772e-03
-3.343754215165972710e-03
2.074228832498192787e-03
9.865824831649661064e-04
-2.863714937120676041e-03
-7.079560309648513794e-04
-1.531998859718441963e-03
1.771824783645570278e-03
1.124548027291893959e-03
-2.313556848093867302e-03
-1.200792379677295685e-03
1.382956630550324917e-03
-3.137510502710938454e-03
3.574087284505367279e-03
3.022100310772657394e-03
-1.826263032853603363e-03
-1.472279196605086327e-03
1.806334592401981354e-03
2.754087094217538834e-03
-3.076068591326475143e-03
-3.391879145056009293e-03
3.310426138341426849e-03
-2.753285458311438560e-03
-3.417938714846968651e-03
-3.083525516558438540e-04
-2.923129592090845108e-03
3.790056100115180016e-03
8.957481477409601212e-04
1.427249051630496979e-03
2.086521126329898834e-03
2.962661965284496546e-04
-3.698865883052349091e-03
-3.912243526428937912e-03
-3.195721074007451534e-04
-2.119224984198808670e-03
-6.922505563125014305e-04
-1.172054107883013785e-04
-1.899810624308884144e-03
3.826684551313519478e-03
-3.583079436793923378e-03
-1.804253086447715759e-03
1.783511601388454437e-03
6.027432973496615887e-04
-3.494761651381850243e-03
-5.544551531784236431e-04
-2.420343924313783646e-03
-3.790831193327903748e-03
3.825562540441751480e-03
3.799847327172756195e-03
-2.221947303041815758e-03
-2.381400438025593758e-03
-4.820652829948812723e-04
3.762112464755773544e-03
-2.010381547734141350e-03
-1.691830228082835674e-03
-1.428937772288918495e-03
1.436900696717202663e-03
-4.209616454318165779e-04
-1.077148132026195526e-03
-3.157282015308737755e-03
-3.370107617229223251e-03
1.602449454367160797e-03
1.996753970161080360e-03
1.226768945343792439e-03
8.678159210830926895e-04
-2.664195140823721886e-03
3.815676551312208176e-03
-1.534207840450108051e-03
-4.255723033566027880e-04
5.225354689173400402e-04
9.717032662592828274e-04
-3.518005833029747009e-03
1.587732462212443352e-03
-3.573588561266660690e-03
2.841745736077427864e-03
-3.695906372740864754e-03
-1.210706541314721107e-03
3.624669741839170456e-03
-3.063644282519817352e-03
2.430212683975696564e-03
-3.008471801877021790e-03
2.566306386142969131e-03
-2.901404164731502533e-03
-3.625783370807766914e-03
2.688004635274410248e-03
3.325686557218432426e-04
-2.316183410584926605e-03
7.383445627056062222e-04
-1.895548048196360469e-04
3.346697427332401276e-03
1.480603357776999474e-03
-1.910161459818482399e-03
2.528595970943570137e-03
3.709927434101700783e-03
-3.808096982538700104e-03
2.333239652216434479e-03
-5.239133606664836407e-04
-3.724753390997648239e-03
4.602721601258963346e-04
3.398458065930753946e-04
1.864773686975240707e-03
1.043059164658188820e-03
6.233398453332483768e-04
-5.929166800342500210e-04
-2.574787242338061333e-03
-2.594285877421498299e-03
-1.104856492020189762e-03
2.601022366434335709e-03
1.678616972640156746e-03
-9.073169203475117683e-04
3.227570559829473495e-03
-1.591643202118575573e-03
-1.957082189619541168e-03
2.362628234550356865e-03
3.644087119027972221e-03
-1.028448459692299366e-03
-1.523224054835736752e-03
3.816274926066398621e-03
-1.566096558235585690e-03
3.208155278116464615e-03
3.170529380440711975e-03
5.043915589340031147e-04
1.513617229647934437e-03
-1.240110024809837341e-03
1.966943382285535336e-04
-8.160652942024171352e-04
-2.949603134766221046e-03
3.672441933304071426e-03
-2.975601470097899437e-03
-2.257661195471882820e-03
-1.729399431496858597e-03
1.086633419618010521e-03
3.512027673423290253e-03
1.835226546972990036e-03
-1.643414143472909927e-03
1.148105831816792488e-03
2.508968580514192581e-03
5.245383363217115402e-04
-1.256557297892868519e-03
1.615949789993464947e-03
-2.030859031947329640e-04
1.558487769216299057e-03
1.585294376127421856e-03
-3.339937189593911171e-03
-2.693182090297341347e-03
1.810836023651063442e-03
2.458092290908098221e-03
1.883350661955773830e-03
-1.658964669331908226e-03
-4.417822055984288454e-04
-1.342643983662128448e-03
4.041827924083918333e-04
1.579144154675304890e-03
1.929418067447841167e-03
1.057551824487745762e-03
-8.424017578363418579e-04
-1.263974350877106190e-03
2.772947773337364197e-03
-3.183516673743724823e-03
3.181670326739549637e-03
1.437793252989649773e-03
1.321214367635548115e-03
2.678340766578912735e-03
-3.514154115691781044e-03
4.049758135806769133e-04
-3.255088347941637039e-03
2.079222351312637329e-03
-5.556432297453284264e-04
1.485385699197649956e-03
-1.868450432084500790e-03
2.905001631006598473e-03
-2.388010034337639809e-03
-1.820240984670817852e-03
2.068809553747996688e-04
-3.772760508581995964e-03
-1.500396407209336758e-03
-1.898726099170744419e-03
2.906283130869269371e-03
-1.608202699571847916e-03
6.736124050803482533e-04
1.968633849173784256e-03
-1.001966535113751888e-03
2.246425719931721687e-04
-2.940797479823231697e-03
2.916292287409305573e-03
2.859767992049455643e-03
-2.189122140407562256e-03
-1.611388754099607468e-03
1.901519135572016239e-03
8.810849976725876331e-04
7.675311062484979630e-04
-3.655503038316965103e-03
-2.039269311353564262e-03
2.153400331735610962e-03
2.883891342207789421e-03
1.535867690108716488e-03
-3.352540312334895134e-03
-2.975715789943933487e-03
3.429702948778867722e-03
-2.016645157709717751e-03
1.936959801241755486e-03
-3.795269876718521118e-04
-1.683980226516723633e-04
2.449453109875321388e-03
3.995099104940891266e-04
-2.099661389365792274e-03
9.922272292897105217e-04
1.412869314663112164e-03
2.238265704363584518e-03
2.847987925633788109e-03
2.622682135552167892e-03
