-2.171223284676671028e-03
3.558613592758774757e-03
-2.051762072369456291e-03
2.821160946041345596e-03
-2.906911540776491165e-03
3.692573227453976870e-04
1.249018008820712566e-03
6.492652028100565076e-05
1.663973554968833923e-03
-1.514640171080827713e-03
2.073650714010000229e-03
3.857947653159499168e-03
2.031882992014288902e-03
3.021304961293935776e-03
1.448050170438364148e-04
-2.440721029415726662e-03
2.688030013814568520e-03
-9.181331261061131954e-04
-1.865798723883926868e-03
-1.034111483022570610e-03
1.178681501187384129e-03
-2.445920836180448532e-03
5.977447144687175751e-04
2.417102223262190819e-03
-1.651889324421063066e-04
-1.643519033677875996e-03
1.979802502319216728e-03
3.717820858582854271e-03
1.678642584010958672e-03
-4.569664015434682369e-04
-2.533500548452138901e-03
-5.208083312027156353e-04
1.038032583892345428e-03
4.405390063766390085e-04
3.490119415801018476e-04
2.057887148112058640e-03
1.343227806501090527e-03
1.784579246304929256e-03
-1.239188364706933498e-03
-2.443312667310237885e-03
-8.462947444058954716e-04
3.770303912460803986e-03
-3.141945926472544670e-03
-1.176737016066908836e-03
-3.213721502106636763e-04
-2.619792008772492409e-03
-3.543118480592966080e-03
8.594839600846171379e-04
2.379991114139556885e-03
3.067661775276064873e-03
1.287778723053634167e-03
1.288673491217195988e-03
-2.868656767532229424e-03
3.086790209636092186e-03
5.436740684672258794e-05
2.541366033256053925e-03
-1.672780723311007023e-03
-2.179544186219573021e-03
1.641074079088866711e-03
1.314672757871448994e-03
1.946780503203626722e-05
1.571059226989746094e-03
1.321667106822133064e-03
-1.905932324007153511e-03
9.462220477871596813e-04
7.115241023711860180e-04
-5.910359323024749756e-05
3.340819850564002991e-03
1.040774048306047916e-03
2.518266905099153519e-03
3.313257358968257904e-03
3.308152547106146812e-03
2.695814240723848343e-03
-9.200898348353803158e-04
1.572305103763937950e-03
-2.786178374662995338e-03
-1.016829046420753002e-04
-1.519644050858914852e-03
3.310509782750159502e-04
-3.843278158456087112e-03
8.520229021087288857e-04
-2.998708980157971382e-03
1.601700321771204472e-03
9.985895594581961632e-04
-3.317939816042780876e-03
-9.028331260196864605e-04
-3.725430695340037346e-03
-2.326604299014434218e-04
-1.398511347360908985e-03
-3.614792367443442345e-03
-2.746909158304333687e-03
5.612111417576670647e-04
1.833458431065082550e-03
3.284007776528596878e-03
-1.492477713327389210e-05
-2.289846539497375488e-03
-8.302382193505764008e-04
-1.224476494826376438e-03
3.375384490936994553e-03
-1.032523694448173046e-03
2.194374799728393555e-03
-1.055761356838047504e-03
-4.829310928471386433e-04
1.732816337607800961e-03
3.122023539617657661e-03
-1.525245257653295994e-03
2.373657043790444732e-04
-1.322970842011272907e-03
1.950449775904417038e-03
1.421735854819417000e-03
3.110986901447176933e-03
2.092988463118672371e-03
1.323495875112712383e-03
-1.779153593815863132e-03
1.018018228933215141e-03
2.511958009563386440e-04
3.659908659756183624e-03
-3.137770341709256172e-03
-7.514697499573230743e-04
-3.348156809806823730e-03
3.342745825648307800e-03
3.765728091821074486e-03
-3.325724042952060699e-03
1.738581690005958080e-03
1.493984833359718323e-03
4.056784382555633783e-04
-1.709828618913888931e-03
3.164440160617232323e-03
1.109225791878998280e-03
2.965055638924241066e-03
3.300827927887439728e-03
9.079932351596653461e-04
-3.737952793017029762e-03
-2.556640189141035080e-03
-1.420836313627660275e-03
1.532809925265610218e-03
2.209288766607642174e-03
3.547682659700512886e-03
-1.804437197279185057e-04
-9.182467329083010554e-05
6.745099672116339207e-04
1.491090981289744377e-03
2.085280837491154671e-03
-2.198715694248676300e-03
-2.464759396389126778e-03
-1.336010172963142395e-04
3.398220520466566086e-03
-3.260489786043763161e-03
2.801652066409587860e-03
3.150098258629441261e-03
1.670236699283123016e-03
8.308805990964174271e-04
1.284927246160805225e-03
-2.069499343633651733e-03
2.397155622020363808e-03
-1.078504574252292514e-04
-1.359253656119108200e-03
2.417787676677107811e-03
-6.774227949790656567e-04
-3.002797020599246025e-03
1.912922132760286331e-03
-1.078831963241100311e-03
-2.151272725313901901e-03
6.344605353660881519e-04
1.110628945752978325e-03
2.534081460908055305e-03
-3.320338146295398474e-04
3.019885160028934479e-03
-1.762273721396923065e-03
3.796837758272886276e-03
3.280899953097105026e-03
-2.622095635160803795e-03
-2.617581747472286224e-03
1.518269767984747887e-03
3.274137619882822037e-03
-3.877339418977499008e-03
1.697309198789298534e-04
-8.111276110867038369e-05
2.387188840657472610e-03
9.962572949007153511e-05
2.034419216215610504e-03
-6.316686631180346012e-04
5.144386086612939835e-04
-4.224746371619403362e-04
-3.450963122304528952e-04
1.920489157782867551e-04
-3.741036343853920698e-04
-1.379051362164318562e-03
-1.711966935545206070e-03
-1.734149409458041191e-03
-1.279168296605348587e-03
-1.867039827629923820e-03
2.453244756907224655e-03
-2.975348848849534988e-03
-2.601563464850187302e-04
8.861012756824493408e-04
3.191426862031221390e-03
5.941921263001859188e-04
-3.305980237200856209e-03
-1.482413732446730137e-03
2.203270560130476952e-03
-2.194662578403949738e-03
1.960380177479237318e-04
5.975075182504951954e-04
-9.638207266107201576e-04
-3.572167595848441124e-03
3.543385071679949760e-03
-1.253885217010974884e-03
-1.739957486279308796e-03
6.296594510786235332e-04
-1.373982871882617474e-03
9.735374624142423272e-05
1.586379017680883408e-03
3.826599568128585815e-03
-3.439893480390310287e-03
2.489788224920630455e-03
2.295529469847679138e-03
-3.095567459240555763e-03
-1.590326661244034767e-03
9.410950588062405586e-04
3.520013066008687019e-03
2.997634932398796082e-03
7.714416133239865303e-04
1.914928550831973553e-03
-3.842998761683702469e-03
-2.742946846410632133e-03
1.670463592745363712e-03
3.803113009780645370e-03
-2.011645352467894554e-03
1.892579370178282261e-03
-6.573050050064921379e-04
1.872409251518547535e-03
-2.884744666516780853e-03
-2.806408330798149109e-03
-1.829045242629945278e-03
3.293784335255622864e-03
3.704783157445490360e-04
-1.123014953918755054e-03
-3.210356226190924644e-03
1.586853293702006340e-03
1.376704749418422580e-04
6.170391570776700974e-04
-1.792080351151525974e-03
1.759979408234357834e-03
1.404904993250966072e-03
3.559341654181480408e-03
2.861596643924713135e-03
2.394510898739099503e-03
1.645295764319598675e-03
-1.809245441108942032e-04
-7.260532584041357040e-04
-1.316309324465692043e-03
-2.122323727235198021e-03
8.460555109195411205e-04
3.848055377602577209e-03
-2.289231866598129272e-03
