-1.512924907729029655e-03
-2.862847642973065376e-03
3.508227877318859100e-03
5.491792690008878708e-04
4.390061076264828444e-04
1.842078403569757938e-03
-7.008062675595283508e-04
-1.229741144925355911e-03
-3.347353078424930573e-03
-1.473382697440683842e-03
3.762462642043828964e-03
-3.844534279778599739e-03
2.802386414259672165e-03
-1.266477513127028942e-03
-3.558162134140729904e-03
-2.991976682096719742e-03
-1.560307689942419529e-03
1.241005724295973778e-03
-2.076571690849959850e-04
2.175049390643835068e-03
1.107829855754971504e-03
-2.471618819981813431e-03
3.220437793061137199e-03
2.895091194659471512e-03
2.838536631315946579e-03
-2.697855932638049126e-03
-2.470719395205378532e-03
-1.477929909015074372e-04
3.195825032889842987e-03
5.745209637098014355e-04
-9.887963533401489258e-04
-1.902837888337671757e-03
1.099780667573213577e-03
2.738278592005372047e-03
-2.120317949447780848e-04
-1.778420642949640751e-03
3.495937678962945938e-03
3.057519439607858658e-03
1.486725173890590668e-03
2.772224601358175278e-03
9.794682264328002930e-04
2.455328591167926788e-03
-3.165905363857746124e-03
-3.127089701592922211e-03
2.781446557492017746e-03
-7.334548863582313061e-04
-2.759410766884684563e-03
6.565676885657012463e-04
3.159774001687765121e-03
2.351833507418632507e-03
-1.939256908372044563e-03
-4.896696191281080246e-04
1.579349860548973083e-03
-3.295201808214187622e-03
-8.231200627051293850e-04
2.246400108560919762e-03
-3.799139754846692085e-03
2.470994368195533752e-03
3.295766888186335564e-03
1.319918199442327023e-03
-1.532013295218348503e-03
-1.830180990509688854e-03
-1.575885456986725330e-03
-3.883623867295682430e-04
5.920632975175976753e-04
2.313604811206459999e-03
3.355442779138684273e-03
2.679449273273348808e-03
-6.880954606458544731e-04
2.108768792822957039e-03
7.825669017620384693e-04
-6.226205150596797466e-04
2.362347440794110298e-03
3.362231655046343803e-03
-9.462348534725606441e-04
1.460943603888154030e-03
-3.419571148697286844e-04
-3.840543795377016068e-03
1.204306492581963539e-03
1.828129868954420090e-03
2.395642921328544617e-03
-2.063842490315437317e-03
1.803277176804840565e-03
-2.373286522924900055e-03
-1.174570294097065926e-03
3.652307204902172089e-04
-6.054196273908019066e-05
4.644817963708192110e-04
2.694480121135711670e-03
-3.555378178134560585e-03
-8.859893423505127430e-04
-2.916297875344753265e-03
-2.831113757565617561e-03
3.779411083087325096e-03
-1.599614275619387627e-03
-6.935536512173712254e-04
1.800760859623551369e-03
3.751309821382164955e-03
-2.453567867632955313e-04
3.709291806444525719e-03
3.006662242114543915e-03
-2.470693551003932953e-03
-3.475971985608339310e-03
3.763214917853474617e-03
-1.483688713051378727e-03
-3.700525499880313873e-03
-1.034003449603915215e-03
2.074007876217365265e-03
1.774605596438050270e-03
2.244326286017894745e-03
7.136838976293802261e-04
-5.234238342382013798e-04
-2.272947691380977631e-03
2.055821707472205162e-03
2.877605380490422249e-03
3.391241189092397690e-03
-3.489049384370446205e-03
1.435532933101058006e-03
2.271221019327640533e-03
1.270567998290061951e-03
2.372863236814737320e-03
2.334750024601817131e-03
2.970597241073846817e-03
1.746615627780556679e-03
-1.230897032655775547e-03
6.890493095852434635e-04
1.653157174587249756e-03
-2.738659735769033432e-03
-2.024290617555379868e-03
-3.701501060277223587e-03
-5.398577195592224598e-04
-1.471211635362124071e-05
-2.629341557621955872e-03
1.130488308263011277e-04
-3.626098856329917908e-03
-1.935027656145393848e-03
3.844430437311530113e-03
2.538315020501613617e-03
1.797215547412633896e-03
-1.852814224548637867e-03
2.840650035068392754e-03
2.002869965508580208e-03
-2.642167033627629280e-03
-1.975252991542220116e-03
-1.999983505811542273e-04
3.179110586643218994e-03
-3.525760024785995483e-03
2.935065422207117081e-03
-2.089251065626740456e-03
-2.400825032964348793e-03
-1.926482189446687698e-03
2.900114748626947403e-03
-2.456492802593857050e-04
-3.155689919367432594e-03
-2.046977169811725616e-03
3.606349229812622070e-03
3.285931015852838755e-04
2.507263794541358948e-03
-1.082051079720258713e-03
-1.212156144902110100e-03
3.204159904271364212e-03
-2.762392396107316017e-03
1.009709318168461323e-03
2.544372109696269035e-03
-2.149612875655293465e-03
1.934368163347244263e-03
-2.664991188794374466e-03
-3.781391307711601257e-03
9.270939626730978489e-04
2.252001082524657249e-03
3.794257994741201401e-03
-3.722220892086625099e-03
8.855841588228940964e-04
1.111296005547046661e-03
-1.529377186670899391e-03
-3.752560005523264408e-04
1.210424583405256271e-03
-3.388625103980302811e-03
3.489258931949734688e-03
-1.055690809153020382e-03
3.519218415021896362e-03
-2.944804262369871140e-03
2.305074594914913177e-03
1.133051773649640381e-04
-1.224221923621371388e-04
3.607261693105101585e-03
1.828634762205183506e-03
1.316283247433602810e-03
-9.546324145048856735e-04
-1.609295839443802834e-03
-4.195178553345613182e-05
-1.867904444225132465e-03
-3.389735706150531769e-03
3.573508933186531067e-03
-2.590711461380124092e-03
-2.927245805040001869e-03
3.386676078662276268e-03
-4.705948522314429283e-04
-3.728983458131551743e-03
2.802144270390272141e-03
-2.745599020272493362e-03
-3.669138764962553978e-03
1.764262327924370766e-03
1.635918852116446942e-05
2.758842427283525467e-03
-1.277641393244266510e-03
3.000821452587842941e-03
-1.121419016271829605e-03
1.322538737440481782e-04
3.141006454825401306e-03
5.762610453530214727e-05
-2.867048606276512146e-03
7.827395456843078136e-04
1.950556179508566856e-03
-1.807610504329204559e-03
2.442260039970278740e-03
2.095688432746101171e-05
-2.209553495049476624e-03
2.124816877767443657e-03
-6.908972281962633133e-04
1.905033364892005920e-03
-2.907703397795557976e-03
-2.472561551257967949e-03
-1.587694976478815079e-03
-7.787885842844843864e-04
2.073717303574085236e-03
3.911213134415447712e-04
3.091894555836915970e-03
-2.228354336693882942e-03
-6.063290056772530079e-04
-2.189755672588944435e-03
1.480779610574245453e-03
-2.943532075732946396e-03
-2.311907883267849684e-04
2.709425985813140869e-03
-8.083018474280834198e-04
2.517248969525098801e-03
9.481110027991235256e-04
-1.136934442911297083e-04
1.293533714488148689e-04
1.534339622594416142e-03
2.564446069300174713e-03
-2.102514961734414101e-03
-2.973936032503843307e-03
2.695982810109853745e-03
-3.143665613606572151e-03
1.478614285588264465e-03
-3.636742476373910904e-03
-2.753700595349073410e-03
-1.397217158228158951e-03
9.208785922965034842e-05
1.612730789929628372e-03
1.665202784352004528e-03
-1.971805468201637268e-03
3.116696607321500778e-03
-2.547290176153182983e-03
