2.130778040736913681e-03
-3.184786066412925720e-03
2.244218718260526657e-03
-1.356230932287871838e-03
1.660279849602375180e-05
-2.875240053981542587e-03
-2.436196664348244667e-03
-1.298937364481389523e-03
3.360824892297387123e-03
2.089414745569229126e-03
-3.794403281062841415e-03
-2.565641654655337334e-03
1.338844769634306431e-03
-3.325160127133131027e-03
2.597182989120483398e-03
2.405388280749320984e-03
-3.642014693468809128e-03
3.376712556928396225e-03
3.060274291783571243e-03
-7.045132806524634361e-04
7.011245470494031906e-04
-2.222219714894890785e-03
2.426873659715056419e-03
3.007333027198910713e-03
1.581598189659416676e-03
-3.469370538368821144e-03
1.927382429130375385e-03
-1.196188735775649548e-03
-8.592580561526119709e-04
2.391013782471418381e-03
7.269580964930355549e-04
1.806642045266926289e-03
-2.457971917465329170e-03
2.046650275588035583e-03
-1.376720145344734192e-03
-1.513615134172141552e-04
2.431032480672001839e-03
1.597019960172474384e-03
2.921708393841981888e-03
-1.531495596282184124e-03
1.385867828503251076e-03
2.857195213437080383e-03
-1.278892043046653271e-03
2.248125849291682243e-03
-3.677472705021500587e-03
3.456781385466456413e-03
1.471824827603995800e-03
2.081341575831174850e-03
1.815486233681440353e-03
1.784056890755891800e-03
-1.289278035983443260e-03
-2.422800287604331970e-03
-8.963264990597963333e-04
5.417813663370907307e-04
-1.159200561232864857e-03
-3.318249946460127831e-03
-2.455888781696557999e-03
3.255503717809915543e-03
3.646836848929524422e-03
2.334280638024210930e-03
-1.607050769962370396e-03
2.677988086361438036e-04
-3.350209211930632591e-03
2.602017484605312347e-03
1.833159622037783265e-04
2.880449173972010612e-03
-2.105263294652104378e-03
-1.110737910494208336e-03
1.112107303924858570e-03
1.352607039734721184e-03
-2.556354971602559090e-03
-2.884265268221497536e-03
7.860384648665785789e-04
-3.524385625496506691e-03
2.264585578814148903e-03
2.139308722689747810e-03
-1.492545707151293755e-03
-2.210807055234909058e-03
-3.259902819991111755e-03
-7.425548392347991467e-04
2.723087789490818977e-03
-8.756772149354219437e-05
-3.104673232883214951e-03
3.477207385003566742e-03
-3.342499723657965660e-03
2.171885455027222633e-03
2.527795732021331787e-03
3.806667809840291739e-04
-3.399749752134084702e-03
2.421039855107665062e-03
-3.059574402868747711e-03
-1.967974239960312843e-03
3.760760650038719177e-03
-3.233222756534814835e-03
-2.976197749376296997e-03
-1.914068008773028851e-03
1.354343374259769917e-03
7.488286355510354042e-04
-2.173423534259200096e-03
-1.284153200685977936e-03
3.349381964653730392e-03
3.821091726422309875e-03
3.869638545438647270e-03
4.038732731714844704e-04
1.579166855663061142e-03
5.301734199747443199e-04
6.524444324895739555e-04
1.888016471639275551e-03
8.547165780328214169e-04
1.167994996649213135e-04
-1.224202103912830353e-03
-2.547996351495385170e-03
3.123252419754862785e-03
-2.335211494937539101e-03
1.081514288671314716e-03
-3.643691015895456076e-04
-1.424929010681807995e-03
-1.933492836542427540e-03
1.258907606825232506e-03
-2.291467506438493729e-03
-2.928235102444887161e-03
-1.033124513924121857e-03
1.836274866946041584e-03
2.363777719438076019e-03
-5.644332850351929665e-04
2.848381875082850456e-03
-2.967579988762736320e-03
-1.850309665314853191e-03
-3.071310231462121010e-03
-2.365677151829004288e-03
2.852439647540450096e-03
-3.623148426413536072e-03
-3.383252536877989769e-03
-3.832243150100111961e-03
3.599551506340503693e-03
-1.050374121405184269e-03
3.901815798599272966e-04
-2.395199844613671303e-03
-9.928189683705568314e-04
2.958703407784923911e-05
-9.826526511460542679e-04
-2.882475964725017548e-03
-2.417912008240818977e-03
9.969061939045786858e-04
-3.707960480824112892e-03
4.508851852733641863e-04
-7.766976486891508102e-04
3.234677016735076904e-03
-1.547928259242326021e-04
2.433105371892452240e-03
-2.773098880425095558e-03
-2.959699369966983795e-03
2.176583278924226761e-03
3.753555065486580133e-04
-1.989104552194476128e-03
-1.045606215484440327e-03
3.429578151553869247e-03
-3.575575537979602814e-03
-1.438559149391949177e-03
3.998656757175922394e-04
-7.835405995137989521e-05
3.723626490682363510e-03
-7.560913218185305595e-04
-2.771884435787796974e-03
-3.001305274665355682e-03
-3.871471388265490532e-03
-3.057425376027822495e-03
-2.357821911573410034e-03
-2.323869848623871803e-03
-5.484769353643059731e-04
-2.130941284121945500e-04
-1.840378274209797382e-03
8.343124063685536385e-04
1.507592038251459599e-03
3.525082720443606377e-03
-1.822592224925756454e-03
2.006317721679806709e-03
2.834004815667867661e-03
-1.464359345845878124e-03
-2.903091721236705780e-03
-1.304543344303965569e-03
-2.694569528102874756e-03
2.538267057389020920e-03
3.668685676530003548e-03
3.231133799999952316e-03
-3.328742459416389465e-03
1.969526987522840500e-03
1.998230814933776855e-03
2.195299137383699417e-03
-3.254216164350509644e-03
1.408145817549666390e-05
-2.663936233147978783e-03
-3.482601605355739594e-03
9.865263709798455238e-04
3.881473792716860771e-03
2.537806052714586258e-03
-2.762291114777326584e-03
9.085871861316263676e-04
-1.527734799310564995e-03
3.875312395393848419e-03
-3.441051347181200981e-03
3.790531540289521217e-03
-2.543117851018905640e-03
-2.738644136115908623e-03
6.390210473909974098e-04
-2.660301106516271830e-04
-3.326638136059045792e-03
-2.380496443947777152e-04
-1.381659822072833776e-04
-2.452485961839556694e-03
2.249589888378977776e-03
1.239577657543122768e-03
3.280546283349394798e-03
2.884944202378392220e-03
-2.590459538623690605e-03
1.870538224466145039e-03
2.229103120043873787e-03
2.265300136059522629e-03
2.032830147072672844e-03
-1.867023645900189877e-03
1.682421076111495495e-03
5.218550795689225197e-04
3.363410723977722228e-05
-2.521416172385215759e-03
5.957913235761225224e-04
2.061215462163090706e-03
-3.598887473344802856e-03
3.364625619724392891e-03
1.172318239696323872e-03
-1.084852192434482276e-05
-1.314613968133926392e-03
1.418768952134996653e-04
2.373703522607684135e-03
1.869996776804327965e-03
-2.330740448087453842e-03
3.077386878430843353e-03
-2.464831341058015823e-04
-3.184318076819181442e-03
3.472413634881377220e-03
1.989013049751520157e-03
1.414743368513882160e-03
3.088817931711673737e-03
-2.945282496511936188e-03
-2.283998997882008553e-03
-7.804476772435009480e-04
-1.609401660971343517e-03
-6.299109663814306259e-04
-2.338789927307516336e-04
-3.281958634033799171e-03
7.343214820139110088e-04
9.938683360815048218e-04
-3.232476592529565096e-04
1.902008545584976673e-03
5.731189739890396595e-04
2.340547507628798485e-03
-8.757928735576570034e-04
