-8.500799303874373436e-04
-2.239789348095655441e-03
-8.050045580603182316e-04
2.191125349781941622e-05
8.078980026766657829e-04
2.730730688199400902e-03
-2.697927411645650864e-04
3.015101188793778419e-03
-1.595523557625710964e-03
2.549280179664492607e-03
-2.954530529677867889e-03
-2.542654052376747131e-03
-5.089214755571447313e-05
6.257315981201827526e-04
5.790323484688997269e-04
2.964113838970661163e-03
-2.556315157562494278e-04
5.912514825467951596e-05
-2.210135571658611298e-03
-1.590126077644526958e-03
-2.396338153630495071e-03
-3.821812570095062256e-03
-3.680420806631445885e-03
2.254994469694793224e-04
2.096348034683614969e-04
1.770046306774020195e-03
-2.397076226770877838e-03
-3.698292654007673264e-03
-2.313973847776651382e-03
1.181418192572891712e-03
1.456912141293287277e-03
-1.495734031777828932e-04
3.542135469615459442e-03
4.567434079945087433e-04
3.874910762533545494e-03
3.723769448697566986e-03
2.602800377644598484e-04
3.296675393357872963e-03
2.360656391829252243e-03
-1.763805048540234566e-03
2.906605135649442673e-03
2.448005368933081627e-03
-1.255757408216595650e-03
3.821965306997299194e-03
-2.770281163975596428e-03
-1.202396466396749020e-03
2.144370926544070244e-03
1.426899543730542064e-04
1.988950134546030313e-05
2.565324073657393456e-03
2.609275979921221733e-03
-2.855734899640083313e-03
1.449853763915598392e-03
6.819667178206145763e-04
-1.110413228161633015e-03
-6.595694867428392172e-05
-3.519708756357431412e-03
-3.179088002070784569e-03
-2.067326102405786514e-03
-1.624478609301149845e-03
-3.154154168441891670e-03
1.451986143365502357e-03
3.879985772073268890e-03
1.138872816227376461e-03
-1.743852160871028900e-03
-2.454976318404078484e-03
-1.846724539063870907e-03
2.455248963087797165e-03
1.500664395280182362e-03
1.790657523088157177e-03
-3.450104268267750740e-03
2.315213438123464584e-03
2.317409263923764229e-03
-1.070566708222031593e-03
6.357472157105803490e-04
3.501862986013293266e-03
3.641820512712001801e-03
1.979266759008169174e-03
-3.848822554573416710e-03
1.528547960333526134e-03
-2.553187543526291847e-03
-8.854413754306733608e-04
9.683790849521756172e-04
1.542903250083327293e-03
9.386249439558014274e-05
-1.652460545301437378e-03
-1.386003801599144936e-03
3.082374576479196548e-03
-1.831835135817527771e-03
-6.951908580958843231e-04
2.509106881916522980e-03
-3.598907496780157089e-03
-1.650404417887330055e-03
7.082742522470653057e-04
-2.950769616290926933e-03
5.927050369791686535e-04
-1.037427340634167194e-03
5.709957913495600224e-04
4.045798850711435080e-04
1.296833623200654984e-03
1.323398086242377758e-03
1.074532628990709782e-04
4.041211795993149281e-04
9.012990049086511135e-04
-1.160636893473565578e-03
-3.043806937057524920e-04
-2.394110662862658501e-03
2.407650928944349289e-03
1.101533533073961735e-03
7.263730512931942940e-04
2.188593382015824318e-03
1.612650463357567787e-03
-2.944119507446885109e-03
-5.889475869480520487e-05
3.348536789417266846e-03
-6.653115269728004932e-04
5.940573755651712418e-04
8.878215448930859566e-04
2.032417571172118187e-03
-6.920254672877490520e-04
-3.794214688241481781e-03
2.053365809842944145e-03
-2.554060891270637512e-03
-1.033161883242428303e-03
3.671905433293431997e-04
-2.370946342125535011e-03
1.702232868410646915e-03
1.717464416287839413e-03
-9.052797104232013226e-04
-3.885416314005851746e-03
-6.526223733089864254e-04
1.668675686232745647e-03
2.759085735306143761e-03
-1.911281142383813858e-03
2.530169673264026642e-03
6.748090963810682297e-04
3.491469658911228180e-03
-2.744943834841251373e-03
1.453468808904290199e-03
4.124598344787955284e-04
2.573199803009629250e-03
-3.148619784042239189e-03
1.364474650472402573e-03
3.603385528549551964e-03
3.416969906538724899e-03
-1.586450729519128799e-03
3.406774485483765602e-03
-1.708169700577855110e-03
1.065048621967434883e-03
1.292624074267223477e-04
-2.962585072964429855e-03
2.869974821805953979e-03
-1.942610717378556728e-03
-6.128314998932182789e-05
-2.738537965342402458e-03
-2.213673433288931847e-03
-1.337089808657765388e-03
1.534539856947958469e-03
-3.888907376676797867e-03
-1.717119826935231686e-03
4.841985937673598528e-04
-1.520082587376236916e-03
1.492435578256845474e-03
3.215248230844736099e-03
3.697039792314171791e-03
-4.743907775264233351e-04
1.568770967423915863e-03
-2.606273628771305084e-03
1.512525253929197788e-03
2.840140135958790779e-03
3.580740303732454777e-04
-1.698359847068786621e-03
2.620579442009329796e-03
-7.194039062596857548e-04
-2.839461434632539749e-03
-2.022057538852095604e-03
-3.586666891351342201e-03
-3.064989112317562103e-03
1.646746648475527763e-03
2.632747869938611984e-03
5.262469057925045490e-04
2.932197181507945061e-03
2.501555718481540680e-03
-2.930867951363325119e-03
-1.436733728041872382e-04
3.687784774228930473e-03
-3.580161370337009430e-03
2.250037854537367821e-03
8.537681424058973789e-06
-1.353383297100663185e-03
-3.196191508322954178e-03
-5.629509687423706055e-04
-2.484177006408572197e-03
2.899773651733994484e-03
1.167636597529053688e-03
2.968393964692950249e-04
8.675575372762978077e-04
3.558975644409656525e-03
1.388774486258625984e-03
-2.563200192525982857e-03
-3.851616289466619492e-03
1.014984445646405220e-03
3.170469077304005623e-03
-2.319516381248831749e-03
-1.320778392255306244e-03
2.776675857603549957e-03
-3.885293379426002502e-03
2.459851093590259552e-03
3.518451703712344170e-04
-1.748437527567148209e-03
-3.856563474982976913e-03
-2.920726081356406212e-03
3.502203850075602531e-03
3.799031255766749382e-03
5.207494832575321198e-04
3.826535772532224655e-03
5.013860063627362251e-04
-1.219939091242849827e-03
-6.555257132276892662e-04
-2.644838998094201088e-03
-2.276830840855836868e-03
1.923452131450176239e-03
5.839304649271070957e-04
-1.177038415335118771e-03
-2.746945247054100037e-03
8.220599847845733166e-04
5.429006341728381813e-05
2.555069979280233383e-03
-2.801031805574893951e-03
-9.269256261177361012e-04
-1.347935642115771770e-03
-2.571753691881895065e-03
2.091065747663378716e-03
3.052533371374011040e-03
2.474739449098706245e-03
-1.468802685849368572e-03
2.126991515979170799e-03
-1.475988538004457951e-03
1.589258658896142151e-06
2.557021565735340118e-03
-1.079458510503172874e-03
-3.205922665074467659e-03
1.665098476223647594e-03
2.147448540199548006e-04
-1.094063045457005501e-03
-2.382502425462007523e-04
1.953749218955636024e-03
3.889734856784343719e-03
-2.314318902790546417e-03
1.488906098529696465e-03
-9.212181321345269680e-04
1.139741274528205395e-03
-1.137840910814702511e-03
2.592389238998293877e-03
1.575522823259234428e-03
1.675393548794090748e-03
