9.562682243995368481e-04
-5.664374330081045628e-04
-3.634326392784714699e-03
6.051794043742120266e-04
2.716885413974523544e-03
-2.090408699586987495e-03
-5.464479909278452396e-04
-4.253378137946128845e-04
-1.327029312960803509e-03
-3.263445571064949036e-03
3.290529130026698112e-03
-3.500584280118346214e-03
3.548541571944952011e-03
1.517586875706911087e-03
2.922520972788333893e-03
-1.201724051497876644e-03
2.726813312619924545e-03
-2.523101167753338814e-03
1.662984606809914112e-03
2.292479388415813446e-03
1.584773650392889977e-03
-1.647342578507959843e-03
-3.687414340674877167e-03
-3.022117074579000473e-03
2.053297590464353561e-03
-2.924842527136206627e-03
5.150873330421745777e-04
2.381748781772330403e-04
-2.925320004578679800e-04
-3.698494983837008476e-03
1.943144714459776878e-03
-1.534840790554881096e-03
-3.571224631741642952e-03
-3.177682403475046158e-03
3.820418613031506538e-03
-7.997592911124229431e-05
2.608934417366981506e-03
-1.138746854849159718e-03
-2.997828996740281582e-04
-1.555269816890358925e-03
-1.256974879652261734e-03
1.160690677352249622e-03
1.718375016935169697e-03
-2.085624961182475090e-03
-1.270294305868446827e-03
-2.241213107481598854e-03
3.504267195239663124e-03
1.406792318448424339e-03
-2.468887018039822578e-03
3.785277949646115303e-03
3.447747090831398964e-03
-2.694423077628016472e-03
-8.648161747260019183e-05
3.148865886032581329e-03
4.808327066712081432e-04
-2.320967148989439011e-03
-2.039576414972543716e-03
2.011815784499049187e-03
-2.898549428209662437e-03
5.411261226981878281e-04
-3.453503595665097237e-03
2.898204606026411057e-03
-1.608878839761018753e-03
-3.030220977962017059e-03
-2.767189871519804001e-03
6.303439295152202249e-05
3.164127701893448830e-03
1.651749189477413893e-04
-3.390818019397556782e-04
2.574319718405604362e-03
8.688984089531004429e-04
2.447885693982243538e-03
-3.228285815566778183e-03
2.299599145771935582e-04
1.355205778963863850e-03
2.533750608563423157e-03
-2.444008598104119301e-03
1.054720371030271053e-03
2.219579648226499557e-03
-1.678877306403592229e-04
-3.429523436352610588e-03
1.406549708917737007e-03
-2.399143268121406436e-04
7.978569483384490013e-04
1.087047567125409842e-04
-3.409745637327432632e-03
-1.928841695189476013e-03
4.532655875664204359e-04
-3.641294781118631363e-03
1.608316670171916485e-03
-7.321980665437877178e-04
-2.531128004193305969e-03
4.875135709880851209e-05
-2.970864064991474152e-03
3.040274139493703842e-03
-2.516495762392878532e-03
-2.351931761950254440e-03
9.829207556322216988e-04
9.881268488243222237e-04
2.449522493407130241e-03
-1.318039139732718468e-03
-2.369272522628307343e-03
1.292853034101426601e-03
-3.240039572119712830e-03
-2.059800550341606140e-03
6.995804724283516407e-04
1.636954257264733315e-03
-6.412021466530859470e-04
-1.267156912945210934e-03
-2.615613397210836411e-03
-3.728807670995593071e-03
1.143392873927950859e-03
3.742926754057407379e-03
2.413095207884907722e-03
3.619089489802718163e-03
-7.366983336396515369e-04
-3.021782962605357170e-03
-3.493813565000891685e-03
-1.096450607292354107e-03
-1.540870754979550838e-03
1.833076588809490204e-03
9.860328864306211472e-04
-3.045615274459123611e-03
-3.308497834950685501e-03
-3.262073500081896782e-03
2.877254504710435867e-03
2.383005339652299881e-03
3.578786505386233330e-03
-3.177030012011528015e-03
-2.586424583569169044e-03
1.547019812278449535e-03
-3.079544520005583763e-03
-5.754946032539010048e-04
3.354143351316452026e-03
-3.235496813431382179e-03
-1.318354770774021745e-04
3.097260138019919395e-03
1.990811666473746300e-03
-3.078599227592349052e-03
7.818837184458971024e-04
-3.561353543773293495e-03
-1.027008518576622009e-03
-3.254905808717012405e-03
-1.523619866929948330e-03
1.172846881672739983e-03
2.853071084246039391e-03
-2.381649566814303398e-03
2.623698441311717033e-03
-2.452010288834571838e-03
1.269737113034352660e-04
5.850695888511836529e-04
-1.221897255163639784e-04
1.969806617125868797e-03
2.173201646655797958e-03
3.996823506895452738e-04
-1.299350289627909660e-03
1.638162997551262379e-03
6.812231149524450302e-04
-1.625075587071478367e-03
-9.199753985740244389e-04
-2.351572038605809212e-03
2.401953563094139099e-03
1.355961430817842484e-03
-3.248333232477307320e-03
-2.726415172219276428e-03
2.691162750124931335e-03
-2.608459210023283958e-03
-2.549935830757021904e-03
1.042383722960948944e-03
-1.476863399147987366e-03
3.513627452775835991e-03
-1.621008414076641202e-04
-3.836576826870441437e-03
-2.616741228848695755e-03
-1.198508311063051224e-03
-4.886580863967537880e-04
6.027183189871720970e-05
1.836799347074702382e-04
-2.303309505805373192e-03
-2.526386175304651260e-03
-2.113533206284046173e-03
-2.786612603813409805e-03
4.572792386170476675e-04
2.340250182896852493e-03
-1.976646948605775833e-03
-2.156448783352971077e-03
6.340658001136034727e-05
3.145690541714429855e-03
2.094034571200609207e-03
2.659419806150253862e-05
-1.578907686052843928e-04
1.573188696056604385e-03
9.718743967823684216e-04
-2.967889420688152313e-03
-1.517465425422415137e-04
-2.389501780271530151e-03
-3.388011595234274864e-03
1.241303281858563423e-03
-1.676553161814808846e-03
1.910110819153487682e-03
-3.293846268206834793e-03
-3.163246205076575279e-03
3.679073415696620941e-03
-3.894091118127107620e-03
-3.624683304224163294e-04
1.361856819130480289e-03
3.762032603845000267e-03
-2.659800462424755096e-03
2.337315585464239120e-03
3.746815957129001617e-03
2.604993991553783417e-03
-2.194840228185057640e-03
-1.529050176031887531e-03
-8.185011101886630058e-04
1.451347605325281620e-03
-2.043510321527719498e-03
-3.796049160882830620e-03
-2.180560259148478508e-03
-3.732906421646475792e-03
-2.939029829576611519e-03
-3.788262547459453344e-04
3.765579545870423317e-03
3.337618429213762283e-03
2.196992747485637665e-03
-2.094736089929938316e-03
-8.756971219554543495e-04
-9.240334038622677326e-04
2.851972589269280434e-03
-7.355154375545680523e-04
-6.441499863285571337e-05
8.635745034553110600e-04
-3.761741565540432930e-03
-2.902141306549310684e-03
-2.324109431356191635e-03
-3.701413748785853386e-03
2.980432240292429924e-03
2.366498083574697375e-04
-2.465196419507265091e-03
1.018828945234417915e-03
-1.869530533440411091e-04
-2.866741269826889038e-03
2.023206092417240143e-03
2.393281785771250725e-03
2.613528398796916008e-03
1.762498868629336357e-03
3.029238665476441383e-03
2.801525697577744722e-04
3.033963032066822052e-03
-3.533621202223002911e-05
-3.533123526722192764e-03
2.829076023772358894e-03
-3.296723298262804747e-05
-3.665250027552247047e-03
2.784889657050371170e-03
-1.723823137581348419e-03
-2.851282013580203056e-03
