-1.936980523169040680e-03
-2.488058293238282204e-03
1.464219996705651283e-03
9.758819942362606525e-04
-1.604916295036673546e-03
-2.391834743320941925e-03
3.391651902347803116e-03
2.540190005674958229e-03
-7.957075722515583038e-04
-3.870796936098486185e-04
-3.272246685810387135e-04
1.555434777401387691e-03
2.104595070704817772e-03
1.456772442907094955e-03
3.369199344888329506e-03
-2.720726188272237778e-03
2.477493137121200562e-03
2.647993620485067368e-03
-3.423810703679919243e-03
-1.101679634302854538e-03
-7.750690565444529057e-04
-2.959139877930283546e-03
-7.776597049087285995e-04
-6.361378473229706287e-04
-1.276333205169066787e-04
-9.693984175100922585e-04
2.646180102601647377e-03
-3.873943584039807320e-03
-1.420273096300661564e-03
-3.317698137834668159e-03
1.059139380231499672e-03
3.667057026177644730e-03
-3.076114691793918610e-03
-1.620606635697185993e-03
1.558002317324280739e-03
-4.192955384496599436e-04
4.997623182134702802e-05
-2.134114736691117287e-03
3.112670034170150757e-03
-2.277975581819191575e-04
1.684071496129035950e-03
-3.385324962437152863e-03
1.361025380901992321e-03
-1.066958066076040268e-03
2.533849328756332397e-03
-1.533453818410634995e-03
3.014754271134734154e-03
3.669224679470062256e-03
9.660840732976794243e-04
3.351651597768068314e-03
4.185636134934611619e-05
-3.134819911792874336e-03
-3.858600743114948273e-03
-8.844816475175321102e-04
-6.138327880762517452e-04
1.735675265081226826e-03
-2.009597606956958771e-03
1.744722714647650719e-03
-2.442471915856003761e-03
4.345870820543495938e-06
-8.109475602395832539e-04
-3.700229339301586151e-03
-3.180761123076081276e-03
-8.435382624156773090e-04
-3.502967068925499916e-03
-1.338865142315626144e-03
-2.452693297527730465e-04
-9.385012090206146240e-04
9.965873323380947113e-04
4.291583318263292313e-04
2.355518285185098648e-03
-3.832549555227160454e-03
1.302534248679876328e-03
-3.308153012767434120e-03
1.882819458842277527e-03
2.603171858936548233e-03
-3.434052341617643833e-04
2.638624748215079308e-03
-1.099723158404231071e-03
3.333702683448791504e-03
-4.602489352691918612e-04
6.458185380324721336e-04
-2.584492554888129234e-03
-6.152087007649242878e-04
2.201654016971588135e-03
7.380566094070672989e-04
6.739863310940563679e-04
-2.022886881604790688e-03
-9.743807604536414146e-04
-3.749736351892352104e-03
-3.465036206762306392e-05
7.365259225480258465e-04
7.445770461345091462e-05
1.624103460926562548e-04
-3.299875650554895401e-03
1.560005708597600460e-03
-2.703757723793387413e-03
3.740603802725672722e-03
-3.733671037480235100e-04
-2.312156371772289276e-03
1.225662184879183769e-03
-4.530398582573980093e-04
3.290398977696895599e-03
-1.349193509668111801e-03
-2.672217553481459618e-03
2.045667497441172600e-03
-1.407354720868170261e-04
9.226724505424499512e-04
2.579405205324292183e-03
6.827724282629787922e-04
-1.820527686504647136e-04
-7.225240697152912617e-04
2.783661009743809700e-03
-1.561241690069437027e-03
1.913876621983945370e-04
-1.413341029547154903e-03
-2.735304646193981171e-03
-1.467522233724594116e-03
-1.105058981920592487e-05
4.362902836874127388e-04
3.030775580555200577e-03
1.111274817958474159e-03
3.671562299132347107e-03
-1.914320630021393299e-03
-2.503986936062574387e-03
4.179755633231252432e-04
1.108074560761451721e-03
-3.964084608014672995e-04
1.550338347442448139e-03
8.445465937256813049e-04
9.507793001830577850e-04
-2.055698540061712265e-03
-2.619508886709809303e-03
-1.968948869034647942e-03
-1.483939355239272118e-03
3.464857349172234535e-03
1.434230129234492779e-03
3.035825211554765701e-03
-1.392507576383650303e-03
5.947176832705736160e-04
3.843027167022228241e-03
-1.965571893379092216e-03
3.351983847096562386e-03
2.645583124831318855e-03
-2.730120904743671417e-03
-1.972941448912024498e-03
-8.299911860376596451e-04
2.961484482511878014e-03
5.997513653710484505e-04
2.136144321411848068e-03
2.798489294946193695e-03
3.451448166742920876e-03
-2.486811019480228424e-03
-1.520877471193671227e-03
2.034112811088562012e-03
1.742868917062878609e-04
2.406575251370668411e-03
-2.943895291537046432e-03
9.130302350968122482e-04
-3.749359399080276489e-03
-3.982519265264272690e-04
2.768454607576131821e-03
-5.746189272031188011e-04
6.279392400756478310e-04
-7.946434780023992062e-04
2.840035012923181057e-04
-3.349055536091327667e-03
2.338244579732418060e-03
-9.898322168737649918e-04
-3.482016501948237419e-03
-3.095698310062289238e-03
-3.698467975482344627e-03
-3.787031164392828941e-03
-9.645221289247274399e-04
-3.627081867307424545e-03
-1.902046147733926773e-03
3.563246689736843109e-03
3.554228227585554123e-03
2.725808881223201752e-03
-1.587328035384416580e-03
-1.572425011545419693e-03
-1.876659574918448925e-03
-3.422642359510064125e-03
-1.761011895723640919e-03
-3.869684413075447083e-03
-1.509155263192951679e-03
1.103296017390675843e-05
-3.812715876847505569e-04
-2.672396367415785789e-03
2.375659765675663948e-03
3.045426681637763977e-03
1.554930699057877064e-03
1.816037343814969063e-03
-2.716308517847210169e-05
-2.454539528116583824e-03
5.436068167909979820e-04
-3.352747065946459770e-03
-7.337372517213225365e-04
-2.325570210814476013e-03
-3.223845851607620716e-04
-3.935216227546334267e-04
1.924187527038156986e-03
1.866431906819343567e-03
-1.019077608361840248e-03
-2.579332096502184868e-03
3.127802861854434013e-03
-1.026345489663071930e-04
3.025453072041273117e-03
2.814090694300830364e-04
8.395494078285992146e-04
2.628042828291654587e-03
3.404294839128851891e-03
1.115600112825632095e-03
-1.897747279144823551e-03
-3.506341308820992708e-04
4.287765768822282553e-04
-9.924591286107897758e-04
1.083842013031244278e-03
1.247097738087177277e-03
8.072129567153751850e-04
-1.342898700386285782e-03
3.297463292255997658e-03
2.543793525546789169e-03
-5.368313286453485489e-04
2.804450225085020065e-03
1.411313307471573353e-03
-1.046488527208566666e-03
1.625102828256785870e-03
-2.244390052510425448e-04
3.032901091501116753e-03
4.031937569379806519e-04
1.419974491000175476e-03
-3.718782914802432060e-03
2.834706101566553116e-03
1.869257073849439621e-03
-5.456436774693429470e-04
-1.807187683880329132e-03
-2.813664497807621956e-03
1.021582749672234058e-03
3.798215184360742569e-03
-2.731813816353678703e-03
3.275383729487657547e-03
-1.815862604416906834e-03
-2.494907705113291740e-03
-1.994556281715631485e-03
-2.753254259005188942e-03
9.179589687846601009e-04
-3.773441712837666273e-04
-3.837499767541885376e-03
-1.662494032643735409e-03
-2.206526551162824035e-04
-1.501410733908414841e-04
3.199925180524587631e-03
-1.622608629986643791e-03
3.453636309131979942e-03
-1.226235181093215942e-03
