1.650300226174294949e-03
-7.327395142056047916e-04
2.085423329845070839e-03
3.818072145804762840e-03
2.140602096915245056e-03
-2.576013328507542610e-03
3.322534728795289993e-03
1.309673534706234932e-03
2.350801602005958557e-03
1.326293800957500935e-03
3.286087652668356895e-03
1.744467735989019275e-04
-3.083551768213510513e-03
-5.506883608177304268e-04
-2.779669826850295067e-03
-8.825584081932902336e-04
3.735781647264957428e-03
-8.424199040746316314e-05
3.274264279752969742e-03
1.740195439197123051e-03
9.740611421875655651e-04
-1.832297537475824356e-03
-1.369607984088361263e-03
-2.057559788227081299e-03
2.695479197427630424e-03
4.493598535191267729e-04
1.374667859636247158e-03
1.636289292946457863e-03
-3.108730306848883629e-03
2.236338797956705093e-03
-1.486700493842363358e-03
-1.042894786223769188e-03
-2.634625416249036789e-03
7.828131783753633499e-04
-1.084542134776711464e-03
-1.938157365657389164e-03
2.046354813501238823e-03
-3.189405892044305801e-03
7.617445080541074276e-04
-2.102973638102412224e-03
2.644596621394157410e-03
-5.922689451836049557e-04
-1.461247011320665479e-04
3.082443727180361748e-04
-4.210415063425898552e-04
-1.697655417956411839e-03
1.690465025603771210e-03
-6.098204175941646099e-04
-2.941140905022621155e-03
4.688450135290622711e-04
-1.458120677853003144e-04
-3.796818666160106659e-03
9.348529856652021408e-04
-1.188878784887492657e-03
-2.354679163545370102e-03
7.270058849826455116e-04
-1.508401357568800449e-03
-5.403661634773015976e-04
-1.004252699203789234e-04
1.314579974859952927e-03
-2.646588953211903572e-03
-1.725067850202322006e-03
-3.788154339417815208e-03
-2.123958431184291840e-03
-3.397946129553020000e-04
2.459608018398284912e-03
-3.314546542242169380e-03
-2.352625364437699318e-03
5.348298582248389721e-04
3.593429224565625191e-03
-1.608155551366508007e-03
3.043697448447346687e-03
-2.316628117114305496e-03
1.435371930710971355e-03
1.599430688656866550e-03
-4.887899267487227917e-04
-3.553615824785083532e-04
-1.536354888230562210e-03
2.301266649737954140e-03
5.799853825010359287e-04
3.447504015639424324e-03
3.485016990453004837e-03
3.642625641077756882e-03
-2.337824786081910133e-03
-1.959968823939561844e-03
-1.551668043248355389e-03
2.177668648073449731e-04
3.576836897991597652e-04
1.516532618552446365e-03
1.994669903069734573e-03
1.998920226469635963e-03
1.092275560949929059e-04
9.477455168962478638e-04
3.672532038763165474e-03
-3.384741721674799919e-03
3.429794451221823692e-03
4.339121223893016577e-04
2.471647458150982857e-04
-2.039821556536480784e-04
2.018927130848169327e-03
2.398458309471607208e-03
1.011623768135905266e-03
-1.647040131501853466e-03
3.842035075649619102e-03
-2.318269689567387104e-04
1.949045225046575069e-03
2.939047524705529213e-03
-1.133876387029886246e-03
3.157914150506258011e-03
2.577818697318434715e-03
3.356000175699591637e-03
2.376317745074629784e-03
3.636950859799981117e-03
-1.418587868101894855e-03
2.557619241997599602e-03
2.135485177859663963e-03
-2.257592743262648582e-03
7.007364765740931034e-04
2.334498334676027298e-03
3.892584471032023430e-03
-3.160923486575484276e-03
3.773964010179042816e-03
-2.876666607335209846e-03
-4.847777017857879400e-04
3.501562168821692467e-03
4.961324157193303108e-04
2.584833186119794846e-03
-1.591282663866877556e-03
1.987184863537549973e-03
1.210172413266263902e-04
-2.030812203884124756e-03
-1.921448856592178345e-03
-3.761569270864129066e-03
-5.622124299407005310e-04
-1.346797682344913483e-03
-2.476134803146123886e-03
1.106237410567700863e-03
-5.613308167085051537e-04
3.262271638959646225e-03
-3.563535399734973907e-03
-3.666964359581470490e-03
-2.572105731815099716e-03
2.384380670264363289e-03
-2.637830562889575958e-03
-3.339148126542568207e-03
2.489643404260277748e-03
-2.468123333528637886e-03
-1.816365402191877365e-03
-3.844260936602950096e-03
3.113617189228534698e-03
1.536641153506934643e-03
1.343258889392018318e-03
-1.701861503534018993e-03
1.685251947492361069e-03
-2.468684455379843712e-03
3.255205461755394936e-03
-1.003501936793327332e-03
3.565244551282376051e-04
1.025004778057336807e-03
3.546036314219236374e-03
-3.693080740049481392e-03
-6.988086970522999763e-04
1.995199592784047127e-03
3.652892773970961571e-04
-3.641653340309858322e-03
2.496576635167002678e-03
-1.159379375167191029e-03
-2.927549881860613823e-03
-2.177622867748141289e-03
-8.942693239077925682e-04
3.642053110525012016e-03
1.981722656637430191e-03
-8.396489429287612438e-04
-1.316771493293344975e-03
1.189869828522205353e-03
1.686508185230195522e-03
1.636992325074970722e-03
1.364932395517826080e-04
-3.199246944859623909e-03
-1.575595582835376263e-03
-2.042623702436685562e-03
-2.691207919269800186e-03
3.809533780440688133e-03
-1.479573838878422976e-04
-1.382696675136685371e-03
-1.265814993530511856e-03
-1.364593626931309700e-03
6.308496231213212013e-04
-1.002819510176777840e-03
-9.642252116464078426e-04
2.843586960807442665e-03
2.957756398245692253e-03
-2.214149106293916702e-03
-1.848798827268183231e-03
-1.843865960836410522e-03
-2.784965559840202332e-03
-1.781602040864527225e-04
8.995030075311660767e-04
-2.246460178866982460e-03
1.186964800581336021e-03
-1.456973259337246418e-03
-2.277323510497808456e-03
3.461802611127495766e-03
3.539501223713159561e-03
-3.171176882460713387e-03
1.740993233397603035e-03
3.731455653905868530e-03
1.613446744158864021e-03
2.940430073067545891e-03
-9.142511407844722271e-04
1.451224554330110550e-03
2.103806938976049423e-03
2.495831809937953949e-03
-2.346488647162914276e-03
3.002883750014007092e-04
3.083030926063656807e-03
3.231883281841874123e-03
3.725902875885367393e-03
-3.097721375524997711e-03
3.235660842619836330e-04
2.875398495234549046e-04
-3.782311687245965004e-03
-2.963072853162884712e-03
-2.480942290276288986e-03
3.010282525792717934e-03
9.233876480720937252e-04
-2.534429309889674187e-03
-1.709506264887750149e-03
-1.595192705281078815e-03
-2.624039538204669952e-03
1.865191617980599403e-03
-1.442097011022269726e-03
3.131135134026408195e-03
2.279139822348952293e-03
-2.712191315367817879e-03
6.392624345608055592e-05
2.917136065661907196e-03
2.544196788221597672e-03
-2.376545453444123268e-04
1.668395707383751869e-03
-1.365958712995052338e-03
-2.686254680156707764e-03
2.988518681377172470e-03
1.068197540007531643e-03
-3.444781061261892319e-03
-2.889986149966716766e-03
-3.572033718228340149e-03
1.059000147506594658e-03
5.281082703731954098e-04
-1.969332806766033173e-03
3.536306321620941162e-03
-3.391863428987562656e-04
3.137233667075634003e-03
6.748797604814171791e-04
-3.394993720576167107e-03
-1.888476690510287881e-04
