9.792817290872335434e-04
-6.836935062892735004e-04
6.259651854634284973e-04
1.522346748970448971e-03
-1.771930139511823654e-03
4.336772544775158167e-04
1.673774095252156258e-03
-3.364022821187973022e-03
2.342432504519820213e-03
3.876189934089779854e-03
-2.819445217028260231e-03
1.304052304476499557e-03
-2.518824301660060883e-03
-2.794193103909492493e-03
-1.595156500115990639e-03
3.041467163711786270e-03
-1.746928435750305653e-03
2.503385767340660095e-03
-3.425814211368560791e-03
8.179373689927160740e-04
-2.491170540452003479e-03
1.652493374422192574e-03
1.718700630590319633e-03
3.346298588439822197e-03
-2.168125007301568985e-03
3.208637470379471779e-03
-3.891537431627511978e-03
4.212865605950355530e-04
3.634609282016754150e-03
-2.093337010592222214e-03
-1.133874175138771534e-04
4.350536037236452103e-04
-3.333453423692844808e-05
-1.113029662519693375e-03
-2.493208739906549454e-03
-3.118074964731931686e-03
1.910624210722744465e-03
1.457081234548240900e-04
2.252945909276604652e-03
-8.735345909371972084e-05
1.122657675296068192e-03
-3.426740644499659538e-03
-3.578536561690270901e-04
4.046160029247403145e-04
1.622877316549420357e-03
-1.862120698206126690e-03
1.792137976735830307e-03
3.538262099027633667e-03
-1.104454277083277702e-03
-1.093319617211818695e-03
2.448315965011715889e-03
7.112846942618489265e-04
3.311012405902147293e-03
-2.881797961890697479e-03
-2.487046003807336092e-04
-8.372249430976808071e-04
5.810573929920792580e-04
4.168138548266142607e-04
-3.748857881873846054e-03
7.649209583178162575e-04
2.181114861741662025e-03
3.381241345778107643e-03
2.389799570664763451e-03
-8.903294801712036133e-04
-3.268102183938026428e-03
3.036957001313567162e-03
5.651075625792145729e-04
-1.070508151315152645e-03
3.561136079952120781e-03
1.821297802962362766e-03
-6.034725229255855083e-04
-3.660170361399650574e-03
3.376928507350385189e-04
4.924843087792396545e-04
3.834782866761088371e-03
-8.828990394249558449e-04
-2.766351215541362762e-03
-3.187568159773945808e-03
2.246540039777755737e-03
-8.006123243831098080e-04
7.958674104884266853e-04
2.575010992586612701e-03
1.161783351562917233e-03
2.924242988228797913e-03
2.632652409374713898e-03
1.467265246901661158e-04
1.201021135784685612e-03
3.235319745726883411e-04
2.105735940858721733e-03
-3.403125796467065811e-03
-3.140889748465269804e-04
1.315772300586104393e-03
2.046137116849422455e-03
-3.851547371596097946e-03
1.412343932315707207e-03
8.378401398658752441e-04
3.855877090245485306e-03
1.957778731593862176e-04
-2.633538097143173218e-03
-1.822541467845439911e-03
2.751194406300783157e-03
1.845123013481497765e-03
-2.948231063783168793e-03
3.292403416708111763e-03
2.873061690479516983e-03
-2.011592965573072433e-03
1.429566531442105770e-03
-3.494441974908113480e-03
-3.152880351990461349e-03
3.693040926009416580e-03
2.206099219620227814e-03
1.361647387966513634e-03
7.585244602523744106e-04
-3.580691991373896599e-03
3.073292551562190056e-03
-1.647625700570642948e-03
1.364795956760644913e-03
7.529040158260613680e-05
2.671850612387061119e-03
2.187064616009593010e-03
2.288318006321787834e-03
-1.546116429381072521e-03
-3.853173693642020226e-03
-1.992670120671391487e-03
2.633730880916118622e-03
-1.645275042392313480e-03
-3.466146765276789665e-03
9.072384564206004143e-04
3.193249925971031189e-03
1.130001692217774689e-06
2.982536796480417252e-03
3.591431770473718643e-03
1.235043164342641830e-03
5.205773049965500832e-04
-1.574481488205492496e-03
-3.427836811169981956e-03
1.156844431534409523e-03
-2.162257209420204163e-03
-8.646397036500275135e-04
-2.188539830967783928e-03
-4.229513579048216343e-04
-2.778247289825230837e-04
9.741158573888242245e-04
2.798574278131127357e-03
-2.503852359950542450e-03
1.388592063449323177e-03
-1.510480069555342197e-03
1.847829553298652172e-03
7.250367198139429092e-04
3.497734898701310158e-03
1.504515646956861019e-03
-3.582881996408104897e-03
2.882707340177148581e-04
-2.240445697680115700e-03
5.597202689386904240e-04
2.198713191319257021e-04
3.759894752874970436e-03
-3.729144344106316566e-03
-1.558156567625701427e-03
1.752194133587181568e-03
-3.636864130385220051e-04
-2.165695885196328163e-03
-8.462343248538672924e-05
-7.894881855463609099e-05
-2.352414187043905258e-03
-4.009480762761086226e-04
-2.152510714950039983e-04
-1.127185067161917686e-03
3.717435291036963463e-03
-2.702415687963366508e-03
-3.431941615417599678e-03
-3.290646942332386971e-03
3.390918020159006119e-03
1.341863535344600677e-03
9.673351887613534927e-04
3.228424582630395889e-03
3.334581153467297554e-03
-3.689934965223073959e-03
4.471155625651590526e-05
2.791241509839892387e-03
1.475488301366567612e-03
1.000699470750987530e-03
-7.631706539541482925e-04
2.873101038858294487e-03
9.417187538929283619e-04
-1.959271030500531197e-03
-3.164909547194838524e-03
-2.212326740846037865e-03
-2.905266825109720230e-03
1.787725952453911304e-03
-2.777800895273685455e-03
2.794907428324222565e-03
-3.368997713550925255e-04
4.773135879077017307e-04
2.709447173401713371e-03
1.007059123367071152e-03
-9.308541775681078434e-04
2.180218463763594627e-03
-2.471082378178834915e-03
1.214254880324006081e-03
3.441927721723914146e-03
1.682355301454663277e-03
-3.688122378662228584e-03
-8.058215607888996601e-04
-1.647800789214670658e-03
1.435490325093269348e-03
2.191291860071942210e-04
2.308752591488882899e-04
1.828231615945696831e-03
-2.830563578754663467e-03
3.683667397126555443e-03
3.097378648817539215e-03
3.599031129851937294e-03
1.198934274725615978e-03
-3.365049604326486588e-03
1.776557532139122486e-03
-2.183737931773066521e-03
4.109118308406323195e-04
1.515514682978391647e-03
2.086509019136428833e-03
7.799733430147171021e-04
-2.293424215167760849e-03
1.964051742106676102e-03
-1.398400287143886089e-03
3.633776213973760605e-03
2.903817221522331238e-03
1.335074659436941147e-03
-3.588292980566620827e-03
2.760127419605851173e-03
-2.524808514863252640e-03
-4.208700556773692369e-04
2.281866734847426414e-03
3.209911810699850321e-04
1.228014822117984295e-03
-1.741643995046615601e-03
3.018816001713275909e-03
-1.029677456244826317e-03
8.974518859758973122e-04
7.128171855583786964e-04
3.798443591222167015e-03
-1.602170174010097980e-03
1.208977657370269299e-03
2.137502888217568398e-03
-6.342034321278333664e-04
-8.428451255895197392e-04
-3.537648124620318413e-03
2.558193868026137352e-03
3.391726873815059662e-03
-8.406315464526414871e-05
-2.329567912966012955e-03
8.314686128869652748e-04
-1.129956683143973351e-03
-2.687739441171288490e-03
-1.009557090583257377e-04
2.557235071435570717e-03
6.449427455663681030e-04
