2.634845674037933350e-03
-3.669912694022059441e-03
-1.379508757963776588e-03
-8.699112222529947758e-04
1.871192012913525105e-03
-2.835441380739212036e-03
2.202701987698674202e-03
-1.362165086902678013e-03
2.530987141653895378e-03
-9.331847541034221649e-04
-3.252399852499365807e-03
2.934534568339586258e-03
-3.729626303538680077e-03
3.581933211535215378e-03
-1.462056534364819527e-03
-1.612374180695042014e-04
-1.486501423642039299e-03
3.654231783002614975e-03
-3.346082288771867752e-03
3.300137905171141028e-05
-2.140583703294396400e-03
3.469296498224139214e-03
-2.292124700034037232e-04
1.963352551683783531e-03
-2.246573567390441895e-03
-2.088852226734161377e-03
3.032131586223840714e-03
-1.246212166734039783e-03
-4.003684443887323141e-04
2.988864434882998466e-03
-1.651317230425775051e-03
2.408442785963416100e-03
4.113846516702324152e-04
-3.095877822488546371e-03
-1.056360051734372973e-04
-8.035638893488794565e-05
2.320859814062714577e-03
-3.145590657368302345e-03
-2.197766210883855820e-03
-8.831722661852836609e-04
3.313875291496515274e-03
-1.082494040019810200e-03
-1.095911604352295399e-03
1.615989953279495239e-03
-3.873790614306926727e-03
-2.301105268998071551e-05
-3.225314198061823845e-03
5.202126922085881233e-04
3.221891820430755615e-03
1.355164422420784831e-04
-3.566051367670297623e-03
3.677681554108858109e-03
-2.387672895565629005e-03
-1.432179240509867668e-03
-3.728298703208565712e-03
-3.588054096326231956e-03
-1.454339246265590191e-03
-1.764176413416862488e-03
2.350964816287159920e-03
2.965545048937201500e-03
2.699037315323948860e-03
2.006308641284704208e-03
2.292810859216842800e-05
7.646066369488835335e-04
9.573496645316481590e-04
-1.435763784684240818e-03
-1.993889920413494110e-03
-2.660658443346619606e-03
1.548361615277826786e-03
-2.986493054777383804e-03
-3.189020790159702301e-03
-3.742348635569214821e-03
2.817849690472939983e-06
-2.037179656326770782e-03
-9.561402257531881332e-04
-1.988605828955769539e-03
2.232964849099516869e-03
-1.569972140714526176e-03
9.088164079003036022e-04
2.906629350036382675e-03
-3.798138117417693138e-03
8.814793545752763748e-04
2.070580609142780304e-03
-1.215803786180913448e-03
-8.156152907758951187e-04
1.195449440274387598e-04
-1.994820544496178627e-03
-6.563376518897712231e-04
-2.746924583334475756e-04
-7.784229237586259842e-04
-5.286323139443993568e-04
-1.915156171889975667e-04
4.956721095368266106e-04
2.207737648859620094e-03
2.795932115986943245e-03
3.037479182239621878e-04
-3.183092689141631126e-03
-3.487040055915713310e-03
-3.170322626829147339e-03
2.744457917287945747e-03
-2.296177670359611511e-03
9.350518812425434589e-04
-2.030972624197602272e-03
2.806965785566717386e-04
-1.779358135536313057e-03
1.644606934860348701e-03
-1.829154323786497116e-03
3.659866051748394966e-04
2.956700278446078300e-03
3.828990738838911057e-03
1.300721429288387299e-03
1.593358581885695457e-03
-2.578200772404670715e-03
-3.479110018815845251e-04
-1.403695903718471527e-03
-3.664903109893202782e-03
-9.001522557809948921e-04
-1.305171172134578228e-03
1.669532270170748234e-03
-2.141222590580582619e-03
-3.908814396709203720e-03
-3.199363593012094498e-03
1.061327871866524220e-03
2.037132857367396355e-03
-3.314970294013619423e-03
-1.203255611471831799e-03
-3.240882419049739838e-03
-2.195715671405196190e-03
3.692564205266535282e-04
1.208854722790420055e-03
3.037257818505167961e-03
-3.404516959562897682e-03
-1.535561634227633476e-03
3.633753396570682526e-03
1.512949820607900620e-03
1.073923078365623951e-03
3.707656869664788246e-03
-1.555619994178414345e-03
-3.742792876437306404e-03
-5.218820297159254551e-04
-1.860702410340309143e-03
1.846223021857440472e-03
1.670555560849606991e-03
2.688016043975949287e-03
3.381851129233837128e-03
-2.712130546569824219e-03
3.260635538026690483e-03
3.823030507192015648e-03
-2.009071875363588333e-03
2.722558565437793732e-03
-3.104170609731227160e-04
-1.399712637066841125e-03
6.633736775256693363e-04
3.844534046947956085e-03
-1.645584823563694954e-03
1.572088105604052544e-03
-9.263335377909243107e-04
7.007577805779874325e-04
4.553285634756321087e-06
6.624480010941624641e-04
-3.449093550443649292e-03
2.673726528882980347e-03
1.809377572499215603e-03
-2.761167997960001230e-04
8.115987839119043201e-06
-1.505984342657029629e-03
-1.608649181434884667e-04
-2.169231418520212173e-03
-2.091382630169391632e-03
8.966522291302680969e-04
-3.584796795621514320e-03
-2.804667456075549126e-03
-1.004964229650795460e-03
-8.221467141993343830e-04
-1.819331519072875381e-04
2.938630292192101479e-03
-1.996407983824610710e-03
-1.791476970538496971e-03
3.827469656243920326e-03
1.818368444219231606e-03
-3.606694051995873451e-03
3.441029461100697517e-03
-3.743203822523355484e-03
2.165292389690876007e-03
-2.808470046147704124e-03
-5.914482171647250652e-04
-4.984572660760022700e-05
2.115726703777909279e-03
-3.480539424344897270e-03
2.662454033270478249e-03
3.670251462608575821e-03
-1.429934403859078884e-03
1.334325526840984821e-03
-1.553660491481423378e-03
3.401390044018626213e-03
-3.696415340527892113e-03
-3.177912207320332527e-03
-2.967714332044124603e-03
2.199031645432114601e-03
2.790794242173433304e-03
-1.230024936376139522e-04
2.016622573137283325e-03
-1.341591123491525650e-03
7.080804789438843727e-04
-1.047110883519053459e-03
-1.138535677455365658e-03
-1.946433214470744133e-03
-1.821890124119818211e-03
2.813690574839711189e-03
3.702826797962188721e-03
1.659182249568402767e-03
3.914513799827545881e-04
2.815414918586611748e-03
2.761928830295801163e-03
3.542479593306779861e-03
2.725555328652262688e-03
3.834412898868322372e-03
-2.571484772488474846e-03
-3.640181617811322212e-03
1.469495939090847969e-03
-8.502484415657818317e-04
4.237432149238884449e-04
-2.671332622412592173e-04
-3.893443150445818901e-03
2.890630625188350677e-03
-1.138144871219992638e-03
8.845453266985714436e-04
-1.528673339635133743e-03
-8.155486430041491985e-04
-7.640040712431073189e-04
-1.402922323904931545e-03
-2.574044745415449142e-03
-3.858731593936681747e-03
-3.032431704923510551e-03
2.156389178708195686e-03
2.238172339275479317e-03
4.334661352913826704e-04
-7.177634979598224163e-04
1.538701908430084586e-04
-3.767690504901111126e-04
7.687716279178857803e-04
-5.839397199451923370e-04
-3.537777112796902657e-03
-2.487908117473125458e-03
-1.458495535189285874e-04
1.770407980075106025e-04
1.181107945740222931e-03
1.170778181403875351e-03
5.062358686700463295e-04
3.241108497604727745e-03
-1.149066374637186527e-03
5.296435556374490261e-04
3.301523160189390182e-03
3.453421872109174728e-03
-1.772232004441320896e-03
-3.232353774365037680e-04
