-1.296933041885495186e-03
8.251218823716044426e-04
-2.765318611636757851e-03
3.217770252376794815e-03
1.882150652818381786e-03
2.597023267298936844e-03
2.381971338763833046e-03
-3.870882093906402588e-03
-3.146114249830134213e-05
2.017870312556624413e-03
5.229968810454010963e-04
-3.427722724154591560e-03
-1.892734435386955738e-03
3.871813416481018066e-03
-3.733403049409389496e-03
-7.633109926246106625e-04
-2.420616103336215019e-03
-2.564893336966633797e-03
2.414808142930269241e-03
1.938673667609691620e-03
4.669734044000506401e-04
-3.050983417779207230e-03
1.495516044087707996e-03
-2.737375907599925995e-04
-1.907656202092766762e-03
-2.541175810620188713e-03
-3.509100060909986496e-03
2.885242924094200134e-03
3.280798438936471939e-03
-2.098764525726437569e-03
9.422235307283699512e-04
-1.565016224049031734e-03
2.166992519050836563e-03
7.065225508995354176e-04
-2.668993081897497177e-03
-1.299920026212930679e-03
2.234271960332989693e-03
1.575415022671222687e-03
-5.045792204327881336e-04
-2.493145409971475601e-03
-7.791728130541741848e-04
-3.067261772230267525e-03
-2.340974286198616028e-03
1.906092627905309200e-03
-2.480833791196346283e-03
-4.764609038829803467e-04
8.633841644041240215e-04
1.175770303234457970e-03
1.023127464577555656e-03
1.035537454299628735e-03
-9.341291151940822601e-04
-2.551612851675599813e-04
6.195218884386122227e-05
8.464290294796228409e-04
-3.803976811468601227e-03
-2.396575640887022018e-03
-2.031804528087377548e-03
-1.972432655747979879e-04
2.025271067395806313e-03
3.272578818723559380e-03
-1.938484376296401024e-03
1.376447966322302818e-03
-5.137735279276967049e-04
4.191418120171874762e-04
9.431472280994057655e-04
3.402433823794126511e-03
1.845697639510035515e-03
-8.619825821369886398e-04
6.726437713950872421e-04
-2.399211749434471130e-03
2.205197699368000031e-03
1.036546076647937298e-03
1.577408052980899811e-03
-1.837074407376348972e-03
-9.174937731586396694e-04
2.406225074082612991e-03
-3.106764052063226700e-04
1.380059256916865706e-04
-3.404984017834067345e-03
2.448204206302762032e-03
1.927496748976409435e-03
-3.829835681244730949e-03
2.955181989818811417e-03
-2.073241397738456726e-03
-3.683784278109669685e-03
3.476207377389073372e-03
-1.919332775287330151e-03
-3.781711449846625328e-03
2.005627175094559789e-04
1.688958262093365192e-03
2.085844287648797035e-03
1.422909903340041637e-03
-2.753690816462039948e-03
-3.246644046157598495e-03
2.867195988073945045e-03
-2.533322898671030998e-03
1.842271187342703342e-03
-9.846178581938147545e-04
2.634502481669187546e-03
2.138564130291342735e-03
2.406056504696607590e-03
-3.459652420133352280e-03
1.854871166869997978e-03
3.505820874124765396e-03
-3.300143871456384659e-03
-5.500327679328620434e-04
-1.996155129745602608e-03
-4.893641453236341476e-04
3.197273239493370056e-03
-8.343031513504683971e-04
-1.233925228007137775e-03
-3.052676096558570862e-03
2.923599211499094963e-03
1.748277223668992519e-03
-2.813081489875912666e-03
-1.469750655815005302e-03
-1.086503732949495316e-03
-1.564403530210256577e-03
3.130801720544695854e-03
-5.265091895125806332e-04
3.652268787845969200e-03
1.292800880037248135e-03
-5.268216482363641262e-04
1.894474145956337452e-03
2.131071873009204865e-03
2.022690605372190475e-03
-3.123162779957056046e-03
-3.135752049274742603e-04
-2.771630242932587862e-04
-9.141507325693964958e-04
2.766383811831474304e-03
3.029224229976534843e-03
2.395640825852751732e-03
-6.564190261997282505e-04
2.971914829686284065e-03
-4.726794941234402359e-05
7.697567925788462162e-04
-9.911279194056987762e-04
-2.999296179041266441e-03
1.807986176572740078e-03
-5.310707492753863335e-04
-2.908235881477594376e-03
2.646512817591428757e-03
-2.158388961106538773e-03
-1.277944189496338367e-03
-2.529924968257546425e-03
-4.576484207063913345e-04
-2.875895705074071884e-03
3.278297372162342072e-03
2.976691583171486855e-03
1.115120365284383297e-03
-1.275738817639648914e-03
-3.475028788670897484e-03
2.547890180721879005e-03
1.611448358744382858e-03
1.170248106063809246e-05
-3.706821298692375422e-04
-2.319522900506854057e-03
-3.181507810950279236e-03
1.639327150769531727e-03
-1.894794055260717869e-03
2.195128472521901131e-03
2.031689742580056190e-03
1.622603042051196098e-03
2.690507972147315741e-04
2.391506917774677277e-03
-1.282510493183508515e-04
-1.532628783024847507e-03
-2.141441073035821319e-04
-2.911823568865656853e-03
2.158773131668567657e-03
-1.133281239162897691e-05
2.824946772307157516e-03
-1.972314435988664627e-03
3.673110622912645340e-03
2.608355367556214333e-03
-4.901728825643658638e-04
-3.131426055915653706e-04
-4.500538634601980448e-04
-6.139579345472157001e-04
1.360328402370214462e-03
2.888465998694300652e-03
-3.486375091597437859e-03
2.346143824979662895e-03
-2.160532400012016296e-03
7.704019080847501755e-04
-3.439285559579730034e-03
-2.617991995066404343e-04
-9.283615509048104286e-04
-2.642406150698661804e-03
1.789852394722402096e-03
4.748728315462358296e-05
-1.542116515338420868e-03
2.618358004838228226e-03
4.200698458589613438e-04
-2.153584035113453865e-03
3.334493376314640045e-03
-7.027348037809133530e-04
2.522476250305771828e-03
-3.071318846195936203e-03
5.841685924679040909e-04
2.828181721270084381e-03
5.430434830486774445e-04
-1.595616457052528858e-03
-1.340952003374695778e-03
1.058571622706949711e-03
3.470454830676317215e-03
-1.318637048825621605e-03
-3.300121286883950233e-03
2.004086272791028023e-03
-2.634185831993818283e-03
-2.680918900296092033e-03
1.129804062657058239e-03
1.410021097399294376e-03
-2.681580837815999985e-03
-1.882904907688498497e-03
1.119150780141353607e-03
1.749528804793953896e-03
-3.471747040748596191e-03
1.119700027629733086e-03
-9.188648982672020793e-05
3.222683444619178772e-04
8.776332251727581024e-04
1.100350986234843731e-03
7.863224018365144730e-04
3.101315116509795189e-03
-2.390980720520019531e-03
-1.576081383973360062e-03
-2.919819438830018044e-03
2.815592102706432343e-03
3.361656097695231438e-03
3.703112946823239326e-03
2.209606813266873360e-03
-3.255429444834589958e-03
-3.031442174687981606e-03
-2.204968594014644623e-03
-1.265101833269000053e-03
-3.529430367052555084e-03
-1.169081660918891430e-03
-2.901915693655610085e-03
-6.609499541809782386e-05
3.531992202624678612e-03
3.140258835628628731e-03
3.034052904695272446e-03
3.891780739650130272e-03
-1.758766360580921173e-03
1.081534428521990776e-04
-1.920744893141090870e-03
-1.807680353522300720e-03
1.912925043143332005e-03
-2.959046745672821999e-03
1.963647548109292984e-03
-2.906493144109845161e-03
-1.784210558980703354e-03
6.390875787474215031e-04
3.420477965846657753e-03
