-1.246457104571163654e-03
-4.834007995668798685e-04
-2.011731266975402832e-03
1.794444629922509193e-03
3.240643301978707314e-03
-3.739788662642240524e-03
-1.128584262914955616e-03
3.198219463229179382e-03
-1.789614441804587841e-03
2.963748993352055550e-03
1.810071291401982307e-03
-2.434629015624523163e-03
-2.838913118466734886e-03
-6.623351946473121643e-04
3.471861360594630241e-03
-2.292484277859330177e-03
-1.378725864924490452e-03
-1.021834206767380238e-03
-3.496669232845306396e-03
-3.853327129036188126e-03
-3.823375562205910683e-03
-1.891098218038678169e-03
2.677491400390863419e-03
3.134724101983010769e-04
-1.123272813856601715e-03
-5.324583617039024830e-04
-8.449781453236937523e-04
-2.320384141057729721e-03
2.037363126873970032e-03
1.830454100854694843e-03
3.056467976421117783e-03
1.121067209169268608e-03
2.119426149874925613e-03
-1.305209007114171982e-03
-3.007056657224893570e-03
-1.702863257378339767e-03
-1.877222442999482155e-03
-1.381532871164381504e-03
7.159457309171557426e-04
1.347452867776155472e-03
-3.629361744970083237e-03
-2.673628507182002068e-03
-2.250655525131151080e-04
-1.733286189846694469e-03
-1.879076939076185226e-03
-1.133617246523499489e-03
1.007931074127554893e-03
-2.246067160740494728e-03
-7.209572358988225460e-04
2.987897954881191254e-03
2.988581312820315361e-03
-6.133972201496362686e-04
-2.433356276014819741e-04
1.450608251616358757e-03
3.871683031320571899e-03
-1.083203591406345367e-03
2.762998919934034348e-03
1.138068502768874168e-03
1.820607867557555437e-04
-3.603534307330846786e-03
3.093449864536523819e-03
-2.051767660304903984e-03
-2.632140880450606346e-03
-1.313888496952131391e-04
-3.173221834003925323e-03
-3.784258849918842316e-03
1.377109583700075746e-04
1.152882352471351624e-03
2.463693032041192055e-03
-7.383432239294052124e-04
-2.296196762472391129e-03
-1.546542334835976362e-04
-2.243837807327508926e-04
3.515652380883693695e-03
-1.570218300912529230e-04
-8.244063938036561012e-04
-3.293483750894665718e-03
3.054615110158920288e-03
-2.951061818748712540e-03
-2.906185574829578400e-03
-3.225826192647218704e-03
2.549072960391640663e-03
-1.007303013466298580e-03
7.518136990256607533e-04
1.618722337298095226e-03
-3.085268428549170494e-03
6.252039456740021706e-04
4.412042908370494843e-04
-4.422553756739944220e-04
1.226175343617796898e-03
-1.765696564689278603e-03
-1.884527038782835007e-03
-3.301105694845318794e-03
3.108554985374212265e-03
-2.648148452863097191e-03
-1.799814635887742043e-03
-3.125465009361505508e-03
2.874376950785517693e-03
-3.834804054349660873e-03
1.318505615927278996e-03
2.669346518814563751e-03
-1.816008938476443291e-03
-2.303127432242035866e-03
-1.547411899082362652e-03
3.875738009810447693e-03
3.758549064514227211e-05
-7.968705613166093826e-04
2.788095502182841301e-03
-3.135572187602519989e-03
2.782572293654084206e-03
-8.080936386249959469e-04
-1.095403335057199001e-03
3.813072908087633550e-05
-2.632780000567436218e-03
2.002530032768845558e-03
-5.048303864896297455e-04
-6.041718297637999058e-04
-2.233347389847040176e-03
-1.391569850966334343e-03
2.971058245748281479e-03
-2.396675699856132269e-04
3.051718231290578842e-03
1.677207881584763527e-03
3.286871593445539474e-03
2.651556678756605834e-05
-3.223706735298037529e-03
3.892880631610751152e-03
8.819579961709678173e-04
6.759256357327103615e-04
-3.839293960481882095e-03
-6.441636360250413418e-04
1.722076442092657089e-03
8.552892541047185659e-05
-6.318480009213089943e-04
1.340389251708984375e-03
-1.904140925034880638e-03
1.670991652645170689e-03
3.652276471257209778e-03
2.049245871603488922e-03
-1.599756418727338314e-03
-3.284767037257552147e-03
2.911277348175644875e-03
6.469931686297059059e-04
-3.215337870642542839e-03
3.524648491293191910e-03
-3.408469783607870340e-04
-2.517728600651025772e-03
-2.622124971821904182e-03
-1.003427081741392612e-03
-9.947902435669675469e-05
3.926067074644379318e-05
1.564484904520213604e-03
-1.025362522341310978e-03
-1.732436474412679672e-03
-3.127605887129902840e-03
5.743627116316929460e-05
5.857053329236805439e-04
3.498633857816457748e-03
7.456007879227399826e-04
2.753915265202522278e-03
1.012827153317630291e-03
-2.870895667001605034e-03
-1.294431043788790703e-03
1.910177292302250862e-03
1.534736482426524162e-03
3.514165524393320084e-03
-1.180704100988805294e-03
-9.605337399989366531e-04
-2.069619484245777130e-03
1.006934908218681812e-03
1.089453813619911671e-03
2.511884958948940039e-04
3.278436139225959778e-03
3.786651417613029480e-03
2.324525965377688408e-03
-8.814515895210206509e-04
-5.849661538377404213e-04
-2.248166594654321671e-03
1.365767238894477487e-04
-3.904273500666022301e-03
3.206812543794512749e-03
2.149102045223116875e-03
-2.714328235015273094e-03
1.910116872750222683e-03
2.797774039208889008e-03
-1.397569198161363602e-03
8.444911800324916840e-04
6.526763900183141232e-04
1.860615739133208990e-04
3.375311207491904497e-04
-1.387765281833708286e-03
3.777152393013238907e-03
-7.563559920527040958e-04
3.596395952627062798e-03
-3.201556857675313950e-03
4.429554101079702377e-04
2.449469640851020813e-03
2.066980581730604172e-03
1.867148792371153831e-03
-3.362189047038555145e-03
2.433911431580781937e-03
1.187922433018684387e-03
2.353432500967755914e-04
8.079397375695407391e-04
-2.463321143295615911e-04
-2.544573973864316940e-03
1.136907143518328667e-03
1.947028213180601597e-03
1.972224563360214233e-03
-6.255918997339904308e-04
1.436595222912728786e-03
7.024814840406179428e-04
-9.658882045187056065e-04
2.298887353390455246e-03
5.131278885528445244e-04
7.021211058599874377e-05
-2.300118096172809601e-03
3.778846934437751770e-03
-7.387979712802916765e-05
-1.409911550581455231e-03
-9.126398363150656223e-04
-3.156219376251101494e-03
-3.786846064031124115e-03
1.826038584113121033e-03
-1.343666226603090763e-03
2.829621313139796257e-03
1.592364395037293434e-03
-2.519879490137100220e-03
2.849509008228778839e-03
-1.761288731358945370e-03
-3.896080888807773590e-04
-2.004796639084815979e-03
-2.190926112234592438e-03
2.906493144109845161e-03
1.772724208422005177e-03
-1.253349473699927330e-03
-2.836989937350153923e-03
-3.998790052719414234e-04
3.987753370893187821e-05
-2.781442133709788322e-03
3.822791390120983124e-03
3.671229816973209381e-03
-1.355846878141164780e-03
1.131781173171475530e-04
-3.088922239840030670e-03
-2.484279451891779900e-03
3.418421605601906776e-03
3.918371803592890501e-04
3.763531567528843880e-03
-1.573056215420365334e-03
2.484874334186315536e-03
-1.977395964786410332e-03
-6.641530198976397514e-04
-2.148853382095694542e-03
-1.542218029499053955e-03
8.899070671759545803e-04
