3.521375358104705811e-03
-2.280066022649407387e-03
-7.180048851296305656e-04
-2.546783536672592163e-03
-2.005194313824176788e-03
-3.214345546439290047e-03
9.583229548297822475e-04
2.704561455175280571e-03
-2.724186750128865242e-03
3.061385126784443855e-03
-2.153003588318824768e-03
1.759574050083756447e-03
2.591964148450642824e-04
-1.701646833680570126e-03
-3.207364585250616074e-03
-3.965528158005326986e-04
4.266015021130442619e-04
2.986648119986057281e-03
-3.818610683083534241e-03
1.430106232874095440e-03
1.383944065310060978e-03
-2.699293429031968117e-03
2.342850668355822563e-03
3.639100817963480949e-03
9.664734825491905212e-04
3.157902683597058058e-04
-3.855451941490173340e-03
-1.075459411367774010e-03
-3.345145669300109148e-04
3.381399670615792274e-03
-2.107523847371339798e-03
-3.818747121840715408e-03
1.344777643680572510e-03
3.082150593400001526e-03
1.661698217503726482e-03
-1.955275423824787140e-03
-2.000709995627403259e-03
-2.007562201470136642e-03
-2.484132768586277962e-03
-3.261154517531394958e-03
-1.319319242611527443e-03
1.928238314576447010e-03
2.122309291735291481e-03
-8.020878303796052933e-04
1.181857427582144737e-03
-3.392681246623396873e-03
-1.537077594548463821e-03
-1.579154981300234795e-03
3.288709558546543121e-03
-1.982975518330931664e-03
1.344591844826936722e-03
2.820786787196993828e-03
-1.732688047923147678e-03
1.993491547182202339e-03
-9.878815762931481004e-05
3.374196123331785202e-03
1.997310435399413109e-03
6.119030877016484737e-04
-3.662845818325877190e-03
-1.177862053737044334e-03
3.332527587190270424e-03
2.880827232729643583e-04
9.305019630119204521e-04
3.429511270951479673e-04
3.220963990315794945e-04
-1.515872776508331299e-03
-1.865879748947918415e-03
-1.380519708618521690e-03
-1.627041143365204334e-03
-1.453157601645216346e-04
-2.974792150780558586e-03
-3.309658495709300041e-03
3.783088643103837967e-03
-3.825985360890626907e-03
-1.774157513864338398e-03
2.731185173615813255e-03
-3.297713585197925568e-03
1.904474920593202114e-03
3.752994583919644356e-03
2.165158046409487724e-03
3.225579857826232910e-03
-8.634187397547066212e-04
1.732576056383550167e-03
-2.849366981536149979e-03
2.748680301010608673e-03
-1.473359181545674801e-03
-9.140506736002862453e-04
2.263261470943689346e-03
-2.397365169599652290e-03
-2.821198431774973869e-03
1.266668550670146942e-03
1.516175922006368637e-03
1.639350201003253460e-03
-2.997377654537558556e-03
-2.937062410637736320e-03
-6.816894165240228176e-04
-6.942745530977845192e-04
-3.146304050460457802e-03
-2.139956690371036530e-03
2.349932678043842316e-03
3.023567376658320427e-03
2.264148788526654243e-03
2.198006492108106613e-03
-1.139576081186532974e-03
2.319375053048133850e-03
5.769586423411965370e-04
2.842875896021723747e-03
2.547196112573146820e-03
-1.674059662036597729e-03
-4.648151516448706388e-04
4.939883365295827389e-04
3.846526087727397680e-04
-1.201246515847742558e-03
2.184904180467128754e-03
1.990666205529123545e-04
6.122821359895169735e-04
-2.824576571583747864e-03
2.310784067958593369e-03
3.873637469951063395e-04
3.065875265747308731e-03
-6.299334927462041378e-04
-5.902111297473311424e-04
-3.544086357578635216e-03
-3.423816524446010590e-03
1.670559751801192760e-03
-1.750090508721768856e-03
-3.644534386694431305e-03
-3.653623396530747414e-03
7.329192158067598939e-05
9.582036873325705528e-04
-1.498836441896855831e-03
2.797853376250714064e-04
3.627243568189442158e-04
-3.373722429387271404e-04
-3.320367773994803429e-03
3.733986057341098785e-03
1.062833587639033794e-03
-9.435359970666468143e-04
-2.080905251204967499e-03
2.565642353147268295e-03
-1.698833890259265900e-03
-3.156535967718809843e-04
-6.144454237073659897e-04
1.467921654693782330e-03
-2.631176495924592018e-03
-5.582570520346052945e-05
-1.392993610352277756e-03
2.414158225292339921e-04
1.194101176224648952e-03
1.547439722344279289e-03
3.519153979141265154e-04
-1.501053688116371632e-03
3.743992128875106573e-04
1.252635847777128220e-03
-1.937100547365844250e-03
4.852375132031738758e-04
-8.270535035990178585e-04
6.204572127899155021e-05
1.706453156657516956e-03
-1.171460608020424843e-03
-1.291094347834587097e-03
3.458122722804546356e-03
2.396585186943411827e-03
-2.447564154863357544e-03
3.536740783601999283e-03
-9.302946273237466812e-04
7.251707138493657112e-04
2.872112439945340157e-03
-1.180722756544128060e-04
3.281656885519623756e-03
1.280997646972537041e-03
-2.057755133137106895e-03
3.162987064570188522e-03
-6.612489814870059490e-04
6.545573123730719090e-04
-2.882290631532669067e-03
-3.852745052427053452e-03
-3.028350649401545525e-03
-1.639284193515777588e-03
-2.775432309135794640e-03
-1.162877073511481285e-03
9.615974267944693565e-04
-3.449389012530446053e-03
-2.365207066759467125e-03
-3.715798957273364067e-03
2.395359799265861511e-03
-3.789208130910992622e-03
3.544617444276809692e-03
3.701594192534685135e-03
-3.352300962433218956e-03
-1.838090363889932632e-03
-9.316527284681797028e-04
-1.338018686510622501e-03
5.994865787215530872e-04
5.976275424472987652e-04
-1.711835968308150768e-03
-1.189273752970620990e-04
-1.408740994520485401e-03
-7.203834247775375843e-04
3.076364286243915558e-03
3.461241023615002632e-03
1.005627782433293760e-04
2.188482554629445076e-03
3.712981240823864937e-03
-3.858508076518774033e-03
-1.263602520339190960e-03
3.825781168416142464e-03
-3.409592667594552040e-03
3.335510380566120148e-03
2.141789766028523445e-03
-1.616179477423429489e-03
3.510373644530773163e-03
2.638918114826083183e-03
9.044893668033182621e-04
2.597898244857788086e-03
3.042172873392701149e-03
-1.107859541662037373e-03
1.672152429819107056e-03
-3.667971817776560783e-03
7.692126091569662094e-04
-2.102397382259368896e-03
-3.500160295516252518e-03
2.238256623968482018e-03
-1.086390577256679535e-03
-2.932130591943860054e-03
3.872679662890732288e-04
-3.286923281848430634e-03
2.525410847738385201e-03
-2.341493731364607811e-03
-1.183934273285558447e-05
2.540561603382229805e-03
-3.623879281803965569e-03
-2.722893841564655304e-03
-3.891401691362261772e-03
1.661846879869699478e-03
1.542248530313372612e-03
7.749865180812776089e-04
-2.617612481117248535e-04
1.336720655672252178e-03
1.621947740204632282e-03
2.961649151984602213e-04
-7.382490439340472221e-04
-3.548977663740515709e-03
2.008587121963500977e-03
2.423809142783284187e-03
1.972234342247247696e-03
-2.132556634023785591e-03
3.758806735277175903e-03
2.164644887670874596e-03
8.657521102577447891e-04
3.494541859254240990e-03
-7.551186135970056057e-04
1.531203626655042171e-03
-1.312708482146263123e-03
-3.921772877220064402e-04
-9.537647711113095284e-04
