-2.897578815463930368e-04
-7.377520669251680374e-04
-6.216423935256898403e-04
2.300510881468653679e-03
-1.111435238271951675e-03
-2.070053946226835251e-03
2.161826472729444504e-03
3.401188412681221962e-03
3.460365114733576775e-03
6.125216605141758919e-04
-4.126318672206252813e-04
-1.963432179763913155e-03
8.005531853996217251e-04
7.015833980403840542e-04
-9.686195990070700645e-04
3.672829363495111465e-03
-4.315754631534218788e-04
4.520917718764394522e-05
2.563099376857280731e-03
3.331063082441687584e-03
4.760823139804415405e-05
4.304306930862367153e-04
-2.506440505385398865e-03
-2.650022179295774549e-05
1.801145030185580254e-03
5.004169070161879063e-04
2.677603159099817276e-03
-6.301029934547841549e-04
-3.684363560751080513e-03
1.003989949822425842e-03
3.308028681203722954e-03
-1.623138901777565479e-03
-1.953406026586890221e-03
-4.340813611634075642e-04
-5.321642311173491180e-05
-1.021131291054189205e-03
2.049834933131933212e-03
-3.712270176038146019e-03
2.350294962525367737e-03
2.731687389314174652e-03
8.191655506379902363e-04
-1.085510593838989735e-03
-2.287848619744181633e-03
6.691855378448963165e-04
3.840210149064660072e-03
-5.739010521210730076e-04
9.324143757112324238e-04
1.039688941091299057e-03
-2.876533428207039833e-03
7.508270209655165672e-05
1.945570693351328373e-03
-2.343955216929316521e-03
8.191695087589323521e-04
-1.050360850058495998e-03
-2.607428003102540970e-03
3.862929763272404671e-03
-3.876844421029090881e-03
3.103999653831124306e-03
-1.739237108267843723e-03
1.788577181287109852e-03
-1.338897505775094032e-03
-3.165430855005979538e-03
-2.804890042170882225e-03
2.755667665041983128e-04
-1.508758577983826399e-04
-1.937594264745712280e-03
-2.176820067688822746e-03
-2.633620752021670341e-03
1.396044972352683544e-03
-1.077262801118195057e-03
-1.549705746583640575e-03
-2.923983382061123848e-03
8.838143548928201199e-04
2.507186029106378555e-03
-2.220955677330493927e-03
6.891053635627031326e-04
-2.886364702135324478e-03
-1.438358449377119541e-03
3.207429079338908195e-03
-3.241732250899076462e-03
2.839428372681140900e-03
-1.993120880797505379e-03
2.971797483041882515e-03
2.596091013401746750e-03
-2.446854254230856895e-03
-6.084693013690412045e-04
-1.311227097176015377e-03
3.602332901209592819e-03
2.341926097869873047e-03
3.210889117326587439e-04
-1.722266548313200474e-03
-3.531739814206957817e-03
3.547412808984518051e-03
-2.753821900114417076e-03
-1.874774927273392677e-03
3.614447312429547310e-03
-3.893275046721100807e-03
-3.127762814983725548e-03
-2.589200856164097786e-03
1.605050056241452694e-03
-2.844627015292644501e-03
-3.733037738129496574e-03
-1.709160278551280499e-03
1.969209639355540276e-03
1.809948007576167583e-03
1.210191403515636921e-04
-1.525143394246697426e-03
-1.003150595352053642e-03
-6.866877665743231773e-04
-1.515993964858353138e-03
2.663509221747517586e-03
-5.249307723715901375e-04
2.364833344472572207e-04
2.237844513729214668e-03
-2.367233159020543098e-03
-3.882690099999308586e-03
-1.126599265262484550e-03
2.165853511542081833e-03
-1.005614874884486198e-03
-2.375680254772305489e-03
-2.036417834460735321e-03
1.757206191541627049e-04
-1.948220771737396717e-03
2.439901931211352348e-03
1.023746561259031296e-03
-5.966263124719262123e-04
-1.504844112787395716e-04
-3.693327773362398148e-03
5.206466303206980228e-04
1.797466073185205460e-03
7.948910933919250965e-04
1.517500262707471848e-03
3.624636679887771606e-03
3.261013887822628021e-03
-1.676289364695549011e-03
-3.212062409147620201e-03
-2.780327573418617249e-03
-2.143502002581954002e-03
1.881192321889102459e-03
3.514562034979462624e-03
6.272381870076060295e-04
4.311234533815877512e-06
-2.363186795264482498e-03
3.846593433991074562e-03
2.514796797186136246e-03
-2.318211831152439117e-03
2.156790578737854958e-03
2.208236139267683029e-03
-3.264767816290259361e-03
-2.397662494331598282e-03
3.764483844861388206e-03
-1.225417479872703552e-03
-3.044575452804565430e-03
2.106899162754416466e-03
2.202804666012525558e-03
-2.297270344570279121e-03
-6.680788937956094742e-04
-1.278818002901971340e-03
3.623278113082051277e-03
-2.761482610367238522e-04
-9.911085944622755051e-04
-1.940491260029375553e-03
1.589865569258108735e-04
-2.672245958819985390e-03
-2.007048809900879860e-03
-2.427158644422888756e-03
2.884475979954004288e-03
1.291424850933253765e-03
3.879374125972390175e-03
-4.060749488417059183e-04
-1.329587073996663094e-03
-6.722793914377689362e-04
5.684563657268881798e-04
2.521205926313996315e-03
-3.675085492432117462e-03
-7.387424702756106853e-04
3.390470519661903381e-04
-3.772203926928341389e-04
6.229696446098387241e-04
2.497903769835829735e-04
1.074219821020960808e-03
1.651502447202801704e-03
-1.514364383183419704e-03
-3.000189783051609993e-03
-4.651042982004582882e-04
-3.377326531335711479e-03
6.383532891049981117e-04
-2.129014814272522926e-03
4.531507438514381647e-04
-1.594926114194095135e-03
3.765746252611279488e-03
-1.472594449296593666e-03
-1.153761171735823154e-03
3.878490766510367393e-03
1.494050957262516022e-03
3.360545495525002480e-03
2.742588985711336136e-03
2.013671444728970528e-03
-2.670905087143182755e-04
3.568021114915609360e-03
2.470619743689894676e-03
3.355222521349787712e-03
3.678774693980813026e-03
-2.210040576756000519e-03
-3.128847107291221619e-03
-1.924970885738730431e-03
-3.161736996844410896e-03
-7.085480028763413429e-04
-3.227310371585190296e-04
8.969281916506588459e-04
1.780065824277698994e-03
-2.454819157719612122e-03
2.163785276934504509e-03
-3.539338475093245506e-03
1.653811195865273476e-03
-3.634336637333035469e-03
2.373721217736601830e-04
-2.083687577396631241e-03
1.483257976360619068e-03
-1.343192183412611485e-03
2.410411136224865913e-03
-2.854513237252831459e-03
-1.772285788320004940e-03
2.363009611144661903e-03
-1.410905853845179081e-03
-1.955655607162043452e-04
-3.202154301106929779e-03
-1.233109040185809135e-03
-1.750401221215724945e-03
-1.247510430403053761e-03
-3.551059169694781303e-03
-3.377116518095135689e-04
-2.394112758338451385e-03
-1.696107792668044567e-03
3.330775070935487747e-03
-2.904816297814249992e-03
-1.401062705554068089e-03
3.025281330337747931e-05
-2.820641966536641121e-03
-3.762210486456751823e-03
-2.956209238618612289e-03
-5.286940722726285458e-04
-1.229447545483708382e-03
2.940498525276780128e-03
-2.481055678799748421e-03
2.742577577009797096e-03
2.210208680480718613e-03
9.971141116693615913e-04
9.506935602985322475e-04
1.073893276043236256e-03
2.785796532407402992e-03
-2.945037093013525009e-03
-1.754450262524187565e-03
-1.963681075721979141e-03
9.009332279674708843e-04
9.853218216449022293e-04
