-3.126265481114387512e-03
3.203351050615310669e-03
1.609484199434518814e-03
3.455481957644224167e-03
-1.606260077096521854e-03
-2.579968655481934547e-03
-1.168304239399731159e-03
2.571852412074804306e-03
-3.759384696877532406e-07
3.290720051154494286e-04
-2.229733392596244812e-03
-1.590454601682722569e-03
-4.700644640251994133e-04
-1.372483442537486553e-03
9.064593905350193381e-05
-1.658884430071339011e-04
2.359073376283049583e-03
1.720958738587796688e-03
-1.120706088840961456e-03
-1.179751357994973660e-03
1.223721774294972420e-03
-8.547916659153997898e-04
3.256141208112239838e-03
-2.416866598650813103e-03
-3.801569109782576561e-03
-3.405826864764094353e-04
9.416296961717307568e-04
3.458288731053471565e-03
1.229989342391490936e-03
1.674652216024696827e-03
1.258179661817848682e-03
-2.973579801619052887e-03
2.774907508864998817e-03
3.108256263658404350e-03
-2.575487131252884865e-03
3.403265262022614479e-03
1.261483179405331612e-03
2.878111263271421194e-04
-1.204293454065918922e-03
-3.015599213540554047e-04
-3.900968004018068314e-03
1.567106461152434349e-03
-5.316815222613513470e-04
4.704170278273522854e-04
3.452187171205878258e-03
2.767149591818451881e-03
-1.029010629281401634e-03
-2.698557182156946510e-05
-3.804293228313326836e-03
-2.564518246799707413e-03
-3.033631073776632547e-04
-2.501130336895585060e-03
-1.298888353630900383e-03
-2.693978371098637581e-03
-3.271022345870733261e-03
3.469064831733703613e-03
-1.320010866038501263e-03
3.636528039351105690e-03
1.217061420902609825e-03
-3.721920540556311607e-03
-2.558490028604865074e-03
2.283973386511206627e-03
3.596172435209155083e-03
-1.556764822453260422e-03
1.436941325664520264e-03
-2.223474904894828796e-03
-5.585689214058220387e-04
-3.224788466468453407e-03
-3.549826564267277718e-03
1.563180703669786453e-03
2.444116864353418350e-03
6.727036670781672001e-04
-3.008366329595446587e-03
-3.464884357526898384e-03
3.204107342753559351e-04
-1.499681151472032070e-03
3.345560980960726738e-04
-3.243081737309694290e-03
8.610726217739284039e-04
-3.442622255533933640e-04
-3.476460697129368782e-03
2.567730844020843506e-03
2.722854493185877800e-03
-3.531486261636018753e-03
-9.884801693260669708e-04
-3.159420099109411240e-03
1.190469483844935894e-03
1.894065528176724911e-03
-3.446903778240084648e-03
2.372651797486469150e-04
-1.488889567553997040e-03
-6.656784098595380783e-04
3.382784547284245491e-03
-3.023921512067317963e-03
-1.309311017394065857e-03
-6.129859248176217079e-04
2.565670001786202192e-04
-2.714793663471937180e-04
-1.442665583454072475e-03
-2.495600841939449310e-03
3.477300051599740982e-03
-6.538283196277916431e-05
3.328075399622321129e-03
1.814455376006662846e-03
-2.300091087818145752e-03
1.690684352070093155e-03
4.512307641562074423e-04
-2.371283713728189468e-03
1.625083968974649906e-03
-2.374590607360005379e-03
2.883063862100243568e-03
1.406092196702957153e-03
3.287612227723002434e-03
-2.641717437654733658e-03
-2.816969063133001328e-03
1.977839274331927299e-03
7.748262578388676047e-05
2.741585485637187958e-03
1.432618591934442520e-03
3.319938667118549347e-03
8.412215975113213062e-04
-1.065819757059216499e-03
-3.463008906692266464e-03
-1.650811638683080673e-03
1.094823353923857212e-03
-3.353784792125225067e-03
9.511283715255558491e-04
9.201581124216318130e-04
1.173781929537653923e-03
1.604570075869560242e-03
2.213323488831520081e-03
-1.580155105330049992e-03
3.113011189270764589e-05
7.501104846596717834e-05
-1.981294248253107071e-03
-2.710043336264789104e-04
-1.829757937230169773e-03
2.590510703157633543e-04
-1.514562871307134628e-03
3.289499552920460701e-03
1.275497372262179852e-03
-3.207906847819685936e-03
-4.922979278489947319e-04
-2.663383027538657188e-03
-3.549473127350211143e-03
2.972195623442530632e-03
-3.123363479971885681e-03
3.627668600529432297e-03
3.732560435310006142e-03
2.165867714211344719e-03
3.567574778571724892e-03
-2.679192693904042244e-03
3.889899700880050659e-03
-2.760985167697072029e-03
-1.366392010822892189e-03
6.120972684584558010e-04
-3.753011347725987434e-03
1.463086111471056938e-03
3.231529146432876587e-03
3.499522805213928223e-03
1.884936122223734856e-03
-2.987484447658061981e-03
-2.812523394823074341e-03
2.875587670132517815e-03
-1.912365434691309929e-03
-1.447404938517138362e-04
-3.123066853731870651e-03
7.697996625211089849e-05
-1.191714196465909481e-03
2.502847346477210522e-04
-2.030593575909733772e-03
1.273971865884959698e-03
3.856231924146413803e-03
2.097368007525801659e-03
-1.236512209288775921e-03
-1.278182258829474449e-03
-2.558889565989375114e-03
4.148787411395460367e-06
2.172341104596853256e-03
-2.888316987082362175e-03
-4.459628544282168150e-04
2.681543584913015366e-03
1.657824614085257053e-04
-3.847249172395095229e-05
-8.895164355635643005e-04
-1.375107560306787491e-03
-9.424272575415670872e-04
1.964662224054336548e-03
-1.915474887937307358e-03
2.294209087267518044e-03
2.981578873004764318e-04
-3.640857990831136703e-03
1.907458528876304626e-03
3.128384007140994072e-03
1.903050346300005913e-03
-2.175759989768266678e-03
3.439965425059199333e-03
-3.528509987518191338e-03
-1.881218282505869865e-03
-3.700312459841370583e-03
1.620410708710551262e-03
1.206878921948373318e-03
-1.399493892677128315e-03
3.334765555337071419e-03
1.016340611386112869e-04
-3.143366891890764236e-03
-2.610124880447983742e-03
-1.850685337558388710e-03
-2.058057812973856926e-03
-1.617202302441000938e-03
3.546937601640820503e-03
2.248147968202829361e-03
2.241146285086870193e-03
1.613461761735379696e-03
3.050657920539379120e-03
-2.110849600285291672e-03
-1.596333109773695469e-03
1.518646371550858021e-03
6.481889286078512669e-04
-3.473661607131361961e-03
-8.175098919309675694e-04
-2.179809613153338432e-03
3.617264563217759132e-03
-1.860464544733986259e-05
3.713551675900816917e-03
7.195276557467877865e-04
-6.803831201978027821e-04
4.590804164763540030e-04
2.223075280198827386e-04
1.368789584375917912e-03
2.618321450427174568e-03
-3.212773706763982773e-03
1.867190236225724220e-03
-2.626857021823525429e-03
-1.012322725728154182e-03
2.025232650339603424e-03
3.412883030250668526e-03
3.639942500740289688e-03
-7.942903321236371994e-04
1.783230836736038327e-04
-1.605373923666775227e-03
-2.314210869371891022e-03
2.292812569066882133e-03
1.415049337083473802e-04
-3.782802377827465534e-04
2.508649136871099472e-03
3.594269801396876574e-04
3.550793742761015892e-03
-2.121396595612168312e-03
1.098089269362390041e-03
3.173325443640351295e-03
2.237858250737190247e-03
-1.237710006535053253e-03
-1.481676357798278332e-03
1.804732019081711769e-03
-2.902565523982048035e-03
