-2.997507108375430107e-03
1.411805169482249767e-05
1.223462750203907490e-04
-2.080589532852172852e-03
-2.478163922205567360e-03
2.494736108928918839e-03
2.081643760902807117e-04
-3.428542520850896835e-03
-1.989565935218706727e-04
3.328787628561258316e-03
-3.522071521729230881e-03
3.770765615627169609e-03
3.021774347871541977e-03
-2.248243428766727448e-03
-3.459137165918946266e-03
2.907249145209789276e-03
1.662223134189844131e-03
1.583808218128979206e-03
1.671346020884811878e-03
-3.350189654156565666e-03
3.064377233386039734e-03
-1.379239402012899518e-04
2.578053390607237816e-03
-1.974113751202821732e-03
-2.673031529411673546e-03
-1.373169827274978161e-03
2.454340690746903419e-03
-1.279695425182580948e-03
2.938745077699422836e-03
-2.386463573202490807e-03
-1.169730559922754765e-03
-2.464566845446825027e-03
2.546337433159351349e-03
1.734782010316848755e-03
3.579615382477641106e-03
-2.577338833361864090e-03
1.159767416538670659e-04
3.403745591640472412e-03
-1.540151773951947689e-03
1.637373818084597588e-03
-3.239901503548026085e-03
2.347092377021908760e-03
-1.657949294894933701e-03
1.629833364859223366e-03
-2.994890674017369747e-04
2.860968932509422302e-03
3.776159835979342461e-03
1.651078695431351662e-03
-2.957182703539729118e-03
-3.446800168603658676e-03
4.476595495361834764e-04
3.557780291885137558e-04
9.385015000589191914e-04
7.985607953742146492e-05
1.821435405872762203e-03
-2.147105988115072250e-03
-1.097925356589257717e-03
3.234973410144448280e-03
-3.154655452817678452e-03
-2.539834531489759684e-04
-3.528384026139974594e-03
2.513097133487462997e-03
-8.053540659602731466e-05
5.423432448878884315e-04
-1.794509240426123142e-03
3.385738236829638481e-04
-2.696594456210732460e-03
-3.487459849566221237e-03
-3.104399191215634346e-03
1.248775399290025234e-03
-3.765184374060481787e-04
3.694652812555432320e-03
-2.251360565423965454e-03
5.952651845291256905e-04
-1.432032586308196187e-04
-6.933996337465941906e-04
-2.037137164734303951e-04
-1.510997419245541096e-03
-1.843593636294826865e-04
-2.088627545163035393e-03
-5.494257493410259485e-05
3.070707025472074747e-04
-2.338833874091506004e-03
3.470317460596561432e-03
-2.627506386488676071e-03
-2.593802753835916519e-03
-1.844964426709339023e-04
8.394566830247640610e-04
1.770959584973752499e-03
-3.443636232987046242e-03
5.269040120765566826e-04
2.726304112002253532e-03
-8.843959221849218011e-05
3.123892704024910927e-03
-2.744653727859258652e-03
-1.875457586720585823e-03
-1.409006770700216293e-03
-3.703566733747720718e-03
-3.893458517268300056e-03
2.025543944910168648e-03
-2.185759600251913071e-03
1.695618149824440479e-03
2.325052162632346153e-03
7.168994634412229061e-04
1.761534716933965683e-03
1.719056162983179092e-03
1.193034579046070576e-03
2.275228966027498245e-03
-2.920175436884164810e-03
-2.532221376895904541e-03
2.744260011240839958e-03
3.905725432559847832e-03
-2.632220042869448662e-03
3.797158598899841309e-03
8.916058577597141266e-04
2.934246789664030075e-03
2.935612807050347328e-03
1.300339237786829472e-03
-1.782149076461791992e-03
-1.977090025320649147e-03
2.607015660032629967e-03
-1.764388638548552990e-03
-1.848340849392116070e-03
-3.645294927991926670e-04
-7.490136194974184036e-04
-3.607146441936492920e-03
-1.036955392919480801e-03
-1.331189530901610851e-03
2.479538554325699806e-03
1.381448237225413322e-03
1.795376068912446499e-03
-2.960253041237592697e-03
2.502278657630085945e-03
-1.024760073050856590e-03
1.014282344840466976e-03
-2.459215931594371796e-03
3.621606389060616493e-03
-1.428185845725238323e-03
2.559091895818710327e-03
3.470582189038395882e-03
1.234543975442647934e-03
-1.342674950137734413e-03
4.757970746140927076e-04
5.037068040110170841e-04
2.181855088565498590e-04
1.604376244358718395e-03
2.194646745920181274e-03
-3.479759907349944115e-03
-1.707832212559878826e-03
-3.219311358407139778e-03
-3.871160559356212616e-03
-3.868378931656479836e-03
-3.254718321841210127e-04
-3.329512197524309158e-03
9.357325034216046333e-04
4.894580342806875706e-04
1.613668049685657024e-03
-1.883276621811091900e-03
-3.014379180967807770e-03
-3.576348070055246353e-03
2.321406733244657516e-03
2.299061510711908340e-03
-4.155561618972569704e-04
-1.597115806362126023e-05
-8.012583130039274693e-04
-2.556468592956662178e-03
-1.433096476830542088e-03
3.202063497155904770e-03
5.972347571514546871e-04
-6.730894092470407486e-04
2.275002654641866684e-03
3.476904006674885750e-03
1.897879643365740776e-03
-3.010325599461793900e-03
2.144689788110554218e-04
-3.466298570856451988e-03
-3.661089809611439705e-03
7.096034241840243340e-04
-2.705965656787157059e-03
3.131525591015815735e-03
9.512050892226397991e-04
-5.727184470742940903e-04
-2.552322577685117722e-03
1.065133605152368546e-03
3.179832361638545990e-03
-3.156309481710195541e-03
8.106188033707439899e-04
3.892714157700538635e-03
-2.587086055427789688e-03
2.884871326386928558e-03
1.826327876187860966e-03
1.389650627970695496e-03
-9.274453623220324516e-04
-2.171211643144488335e-03
-1.522511360235512257e-03
-1.037759822793304920e-03
2.614930504932999611e-03
2.225674688816070557e-03
1.234386814758181572e-03
-2.732086693868041039e-03
3.261693287640810013e-03
-7.684161537326872349e-04
-9.737507789395749569e-04
7.810694514773786068e-04
1.557225594297051430e-03
-3.612932283431291580e-03
-7.134498446248471737e-04
1.672482583671808243e-03
1.434110803529620171e-03
-2.282475819811224937e-03
-1.626633456908166409e-03
-1.705468981526792049e-03
1.180795952677726746e-03
5.483849090524017811e-04
8.091061026789247990e-04
3.189929760992527008e-03
-2.769127953797578812e-03
-3.254950046539306641e-03
-2.710040193051099777e-03
-3.108067321591079235e-04
6.467256462201476097e-04
-2.613974967971444130e-03
-1.043353113345801830e-03
-1.748639042489230633e-03
1.800736295990645885e-03
5.880069802515208721e-04
1.146469439845532179e-04
-3.216826589778065681e-03
3.281259210780262947e-03
4.362158360891044140e-04
-3.516272641718387604e-03
-1.079095411114394665e-03
-1.149981631897389889e-03
3.158410545438528061e-03
-2.292027696967124939e-03
2.530541969463229179e-03
-1.981326378881931305e-03
-2.222345443442463875e-03
2.533275866881012917e-03
3.583041485399007797e-03
3.324990393593907356e-04
3.602826735004782677e-03
-1.423568814061582088e-03
-4.822476475965231657e-04
1.287282357225194573e-04
3.098742570728063583e-03
-4.159813688602298498e-04
3.432893892750144005e-03
3.465327201411128044e-03
-2.242892514914274216e-04
1.736891455948352814e-03
-5.958314868621528149e-04
-2.272896468639373779e-03
-3.196524630766361952e-04
-3.033991204574704170e-03
3.821482649073004723e-03
