2.410218818113207817e-03
3.459367668256163597e-03
2.194279804825782776e-03
-2.800802001729607582e-03
-1.844044309109449387e-03
3.093571402132511139e-03
-2.407842548564076424e-03
3.014591638930141926e-04
-2.631521318107843399e-03
-1.181666157208383083e-03
-1.577972579980269074e-04
-2.022071275860071182e-03
-3.786165034398436546e-03
2.566481241956353188e-03
-3.357670502737164497e-03
-2.826711395755410194e-03
3.824827144853770733e-04
5.233281990513205528e-04
-1.864672987721860409e-03
1.499977312050759792e-03
3.338845912367105484e-03
2.845586277544498444e-04
1.801152247935533524e-03
-1.309042330831289291e-03
2.161756157875061035e-03
-8.139184792526066303e-04
-1.710009528324007988e-03
-1.718067214824259281e-03
2.982746227644383907e-04
-5.194818950258195400e-04
1.175278448499739170e-03
-3.324611810967326164e-03
-2.486568875610828400e-03
1.082843053154647350e-03
-3.438011277467012405e-03
-2.647782443091273308e-03
3.242478007450699806e-03
-3.558706026524305344e-03
2.263393951579928398e-03
-2.905876317527145147e-04
-3.243267303332686424e-03
-3.719581582117825747e-04
-3.868265077471733093e-03
1.452471042284741998e-04
-2.653279108926653862e-03
-8.410067530348896980e-04
-9.935359703376889229e-04
-2.092602662742137909e-03
-1.721143489703536034e-03
-2.750628860667347908e-03
1.874805893748998642e-03
2.082495338981971145e-04
-2.784116426482796669e-03
-1.894173794426023960e-03
1.031811232678592205e-03
-8.526472374796867371e-04
-1.947602489963173866e-03
-7.598437368869781494e-04
5.821857484988868237e-06
-3.887339262291789055e-03
-3.087573684751987457e-03
-1.011562184430658817e-03
2.095208037644624710e-03
3.682866226881742477e-03
1.423238310962915421e-03
-3.415045794099569321e-03
4.822350456379354000e-04
2.661609090864658356e-03
-1.410784199833869934e-03
-3.004706231877207756e-03
-2.390330424532294273e-03
6.213571177795529366e-04
-2.539085224270820618e-03
-3.695949213579297066e-03
-9.906967170536518097e-04
2.857248298823833466e-03
-2.391523215919733047e-03
-3.757911268621683121e-03
-2.066692977678030729e-04
1.140562701039016247e-03
-7.593313930556178093e-04
2.779474714770913124e-03
-1.467946916818618774e-03
-9.720657253637909889e-04
5.063494318164885044e-04
1.103536225855350494e-03
-1.015861867927014828e-03
9.295464842580258846e-04
2.334777498617768288e-03
2.631876384839415550e-03
2.469111233949661255e-03
-2.234650310128927231e-03
-3.027584636583924294e-03
-3.646664787083864212e-03
3.715320257470011711e-03
-3.382259747013449669e-03
3.771034302189946175e-03
-3.155741840600967407e-03
-2.380053978413343430e-03
-5.506083834916353226e-04
2.408940577879548073e-03
1.356363180093467236e-03
-1.092321705073118210e-03
-3.290924476459622383e-03
-3.168416442349553108e-03
-1.310719409957528114e-03
6.424483726732432842e-04
2.447150473017245531e-04
3.691555466502904892e-03
-2.876195125281810760e-03
1.723776571452617645e-03
3.102785907685756683e-03
4.708114720415323973e-04
5.864418344572186470e-04
4.630753537639975548e-04
-4.294266691431403160e-04
-2.084486419335007668e-03
3.563088364899158478e-03
1.202082494273781776e-03
-2.238848246634006500e-03
2.220621099695563316e-03
2.215955872088670731e-03
3.046754514798521996e-03
-3.296337323263287544e-03
5.501213599927723408e-04
-3.037748858332633972e-03
-3.087616059929132462e-03
2.422097604721784592e-03
-2.835176186636090279e-03
-2.462984994053840637e-03
1.577150309458374977e-03
2.944746986031532288e-03
5.260984762571752071e-04
2.847494790330529213e-03
-2.608631039038300514e-03
-3.208841197192668915e-03
-2.542539034038782120e-03
-2.435599453747272491e-03
-1.402731519192457199e-03
-5.854754126630723476e-04
-7.307471823878586292e-04
2.531243255361914635e-03
-3.619278082624077797e-03
-2.573815640062093735e-03
-3.450741758570075035e-03
1.621699775569140911e-03
-1.976872794330120087e-03
-1.560382515890523791e-04
-9.597456664778292179e-04
-3.306467318907380104e-03
1.138309235102497041e-04
7.856904412619769573e-04
-2.757634501904249191e-04
1.097462722100317478e-03
3.686247393488883972e-03
-1.183655462227761745e-03
3.219846636056900024e-03
7.405962678603827953e-04
2.344869135413318872e-04
1.424554386176168919e-03
-1.476334873586893082e-03
2.941823564469814301e-03
1.315127941779792309e-03
3.048772457987070084e-03
-1.993602607399225235e-03
1.538284006528556347e-03
7.706260075792670250e-04
-2.341435058042407036e-03
1.696922583505511284e-03
3.129380987957119942e-03
-2.563784131780266762e-03
3.635591361671686172e-03
2.856436884030699730e-03
-2.632151299621909857e-04
2.488822676241397858e-03
-3.207463072612881660e-03
-2.614153083413839340e-03
-2.647686284035444260e-03
-2.038113540038466454e-03
-3.573378315195441246e-03
-2.151083666831254959e-03
-1.277617295272648335e-03
3.776184516027569771e-03
2.250557532534003258e-03
1.678493339568376541e-03
3.800677077379077673e-04
3.437047358602285385e-03
-8.671215255162678659e-06
-1.137627987191081047e-03
-3.083481220528483391e-03
7.607455481775105000e-04
8.737741736695170403e-04
2.317471080459654331e-04
-2.932649571448564529e-03
-2.652576658874750137e-03
2.392892492935061455e-03
8.368286653421819210e-04
3.127743722870945930e-03
3.638045862317085266e-03
-2.036557067185640335e-03
-2.127011772245168686e-03
-1.855214941315352917e-03
2.589059760794043541e-03
3.614827524870634079e-03
-1.614470733329653740e-03
-1.998091349378228188e-03
-2.106700791046023369e-03
-3.113639075309038162e-03
-6.545166252180933952e-05
-2.590673393569886684e-04
2.062910702079534531e-03
-3.857887582853436470e-03
3.761697094887495041e-03
2.912934636697173119e-03
2.392772876191884279e-05
-3.332615830004215240e-03
5.561600555665791035e-04
2.955140778794884682e-03
9.875870309770107269e-04
2.932685660198330879e-03
-3.804037813097238541e-03
-5.420701345428824425e-04
3.431744175031781197e-03
3.196053905412554741e-03
3.896348178386688232e-03
-2.448075450956821442e-03
1.074934029020369053e-03
1.579767209477722645e-03
-1.723344670608639717e-03
2.687562024220824242e-03
-1.988730626180768013e-03
-1.320177572779357433e-03
2.071108436211943626e-03
1.535712974146008492e-03
-2.331203315407037735e-03
-3.522379847709089518e-04
3.703403519466519356e-03
-3.779072547331452370e-03
-1.888948841951787472e-03
-4.453941946849226952e-04
-2.129005035385489464e-03
1.915659522637724876e-03
1.731360913254320621e-03
-3.435403341427445412e-03
-2.158873016014695168e-03
-1.733590266667306423e-03
-3.806416178122162819e-03
-3.273966722190380096e-03
-3.887920407578349113e-03
-3.864767961204051971e-03
-1.475749653764069080e-03
-2.193153603002429008e-03
-1.974784070625901222e-03
-9.632114233681932092e-05
3.668674034997820854e-03
-3.774716751649975777e-03
