2.760676434263586998e-03
4.593244739226065576e-05
3.380657639354467392e-03
-1.591052510775625706e-03
9.582010097801685333e-04
-1.100843874155543745e-04
-2.761323703452944756e-03
3.394335974007844925e-03
9.239637292921543121e-04
-2.720696618780493736e-03
-1.014637411572039127e-03
3.809298621490597725e-03
-3.214233089238405228e-03
-2.515908796340227127e-03
3.637718968093395233e-03
-2.594797406345605850e-03
3.813864430412650108e-03
-9.707110584713518620e-04
-1.153662218712270260e-03
-2.647125627845525742e-03
-1.008619903586804867e-03
2.014130121096968651e-03
3.099344205111265182e-03
-2.505249809473752975e-03
3.804377978667616844e-03
2.345807297388091683e-04
9.821741696214303374e-05
-2.588010393083095551e-03
4.088212517672218382e-05
2.595977159217000008e-03
1.257298863492906094e-03
1.217156765051186085e-03
-2.722910838201642036e-03
-2.578917425125837326e-03
-3.170259296894073486e-03
-3.123490838333964348e-03
3.547968575730919838e-03
1.355367567157372832e-05
-7.781721069477498531e-05
3.614891320466995239e-03
-6.984671927057206631e-04
1.362911309115588665e-03
-3.560919547453522682e-03
1.749001559801399708e-03
-3.133159829303622246e-03
-1.031867344863712788e-03
-2.769677899777889252e-03
-2.129101660102605820e-03
6.726136780343949795e-04
-1.638529007323086262e-03
-2.428280655294656754e-03
1.754551194608211517e-03
2.468499587848782539e-03
2.047375077381730080e-03
-1.623891177587211132e-03
-1.254338072612881660e-03
-3.845599014312028885e-03
-2.461346099153161049e-03
3.718438092619180679e-03
2.446517115458846092e-03
-3.495952347293496132e-03
-1.367626682622358203e-04
-1.437927130609750748e-03
1.200499129481613636e-03
2.074684016406536102e-03
3.601267002522945404e-03
-1.392496051266789436e-03
9.192567667923867702e-04
1.719076884910464287e-03
-4.165912105236202478e-04
-1.105996081605553627e-03
1.674604369327425957e-03
2.086179796606302261e-03
3.492959775030612946e-03
1.637890469282865524e-03
-3.234575502574443817e-03
2.559055807068943977e-03
3.464284120127558708e-03
-1.499920384958386421e-03
3.899614792317152023e-03
3.164935158565640450e-03
-1.231789588928222656e-03
-2.419732976704835892e-03
3.182323649525642395e-03
3.308623330667614937e-03
3.498305566608905792e-03
-5.689337194780819118e-05
1.267743937205523252e-04
-8.296255837194621563e-04
-2.168090548366308212e-03
-7.852355483919382095e-04
-3.391413949429988861e-03
3.649869235232472420e-03
2.920908620581030846e-03
-3.164280904456973076e-03
-2.519434085115790367e-03
-3.883738827425986528e-04
1.028984319418668747e-03
3.812406212091445923e-03
3.354222979396581650e-03
-2.641323488205671310e-03
2.366992412135004997e-03
2.992332912981510162e-03
1.208913978189229965e-03
-1.641896436922252178e-03
2.315870020538568497e-03
2.882670378312468529e-03
-5.767326802015304565e-04
-1.761410385370254517e-03
1.079016947187483311e-03
-3.343555144965648651e-03
2.080494537949562073e-03
2.444746438413858414e-03
3.762343898415565491e-03
2.956350101158022881e-03
-2.903858199715614319e-03
-2.686179475858807564e-03
-5.809104186482727528e-04
2.695129485800862312e-03
-7.431778358295559883e-04
-2.783778589218854904e-03
-1.654946594499051571e-03
-2.863279776647686958e-03
1.441533793695271015e-03
3.738284576684236526e-03
-3.759232349693775177e-03
2.184346813010051847e-04
-1.905120676383376122e-03
-2.312701893970370293e-03
-3.344004508107900620e-04
-2.523160306736826897e-03
-1.281170290894806385e-03
2.350445371121168137e-03
-2.831848338246345520e-03
-7.916534668765962124e-04
-6.136656156741082668e-04
-5.202059983275830746e-04
8.784263627603650093e-04
-1.755191362462937832e-03
-2.454767003655433655e-03
2.532862126827239990e-04
2.301765605807304382e-03
-1.692201767582446337e-04
8.814465254545211792e-04
2.035888843238353729e-03
2.450661733746528625e-03
-1.752107869833707809e-03
-1.738911145366728306e-03
-2.408028347417712212e-03
-2.003408735617995262e-03
4.745570477098226547e-04
-1.800402882508933544e-03
-2.958182885777205229e-04
9.289676672779023647e-04
-1.376899745082482696e-04
-1.555800670757889748e-03
1.359912799671292305e-03
1.862891367636620998e-03
3.882053075358271599e-03
8.975277887657284737e-04
1.967445947229862213e-03
-2.677438780665397644e-03
-2.424180973321199417e-03
3.655805718153715134e-03
-3.076395078096538782e-04
-3.812528157141059637e-04
2.408075379207730293e-03
-1.167449154308997095e-04
-1.672770944423973560e-03
-3.399073379114270210e-03
-5.305685335770249367e-04
-2.249599900096654892e-03
1.344728167168796062e-03
8.612041128799319267e-04
2.025337656959891319e-03
-3.345843870192766190e-04
4.542281094472855330e-04
6.823738804087042809e-04
-3.831133013591170311e-03
3.229518886655569077e-03
-3.860465250909328461e-03
-2.178796101361513138e-03
-9.935237467288970947e-04
-1.458325888961553574e-03
-1.481037819758057594e-03
2.091472735628485680e-03
-3.114098682999610901e-03
2.854453632608056068e-04
1.837891060858964920e-03
1.427996088750660419e-03
-3.672828315757215023e-04
-2.926060464233160019e-03
3.379860660061240196e-03
1.614433829672634602e-03
-2.059478545561432838e-03
3.866410348564386368e-03
2.208456397056579590e-03
-3.738089464604854584e-03
-6.584110669791698456e-04
-3.559866687282919884e-03
-3.006973303854465485e-03
6.063023465685546398e-04
-1.474784105084836483e-03
9.396453388035297394e-04
8.880043751560151577e-04
2.072748960927128792e-03
2.284964080899953842e-03
3.047439502552151680e-03
1.137142753577791154e-04
-2.254378516227006912e-03
1.196310389786958694e-03
2.294736448675394058e-03
-2.184083685278892517e-03
3.891647560521960258e-03
-2.444547135382890701e-03
2.452029380947351456e-03
9.571588598191738129e-04
2.229051664471626282e-03
-2.201264491304755211e-03
-3.651718376204371452e-03
-3.593381028622388840e-03
1.785380765795707703e-03
9.148590615950524807e-04
8.337129256688058376e-04
3.711394267156720161e-03
2.997985109686851501e-03
3.724307753145694733e-03
-2.161177340894937515e-03
3.566576051525771618e-04
9.486697963438928127e-04
-6.535650463774800301e-04
3.581690369173884392e-03
-2.862764988094568253e-03
2.306833397597074509e-03
2.731967018917202950e-03
-1.839783362811431289e-04
-2.048191148787736893e-03
1.139501342549920082e-03
-1.988360891118645668e-03
-2.978199627250432968e-03
-1.882374752312898636e-03
2.252266043797135353e-03
-2.017099410295486450e-03
3.268334781751036644e-03
3.152587218210101128e-03
5.994918683427385986e-05
-7.333763642236590385e-04
1.948534394614398479e-03
-1.106585026718676090e-03
-1.670943689532577991e-03
-3.271298250183463097e-03
-1.356951252091675997e-04
-5.176650593057274818e-04
-2.992108231410384178e-03
1.652966253459453583e-03
3.099806839600205421e-03
