-4.919080529361963272e-04
7.120601367205381393e-04
-5.643512704409658909e-04
2.321506850421428680e-03
-1.999586529564112425e-04
2.980508841574192047e-03
7.869541295804083347e-04
-3.046170575544238091e-03
3.415838582441210747e-03
3.713979385793209076e-03
8.839375805109739304e-04
3.462700871750712395e-03
-1.737668644636869431e-03
2.909060567617416382e-03
-4.331291129346936941e-04
9.437692351639270782e-04
1.131661352701485157e-03
-1.426404458470642567e-03
-2.465160330757498741e-03
2.813454484567046165e-03
7.875141454860568047e-05
2.662311540916562080e-03
3.375473897904157639e-03
1.362933311611413956e-03
-2.482431009411811829e-03
3.710245247930288315e-03
-1.406117691658437252e-03
-2.704321872442960739e-03
2.353393647354096174e-04
5.422571557573974133e-04
8.147913613356649876e-04
-2.505790616851300001e-04
2.996534574776887894e-03
3.515737596899271011e-03
2.395542105659842491e-03
1.825079903937876225e-03
3.388191806152462959e-03
3.456016536802053452e-03
-3.781870938837528229e-03
-2.947095083072781563e-03
-3.346579149365425110e-03
-3.320181043818593025e-03
3.013185923919081688e-03
9.850158821791410446e-04
2.618140541017055511e-03
3.156726947054266930e-03
-1.857532770372927189e-03
-3.307935781776905060e-03
-2.215228509157896042e-03
-1.603142358362674713e-03
3.870827204082161188e-04
8.461669203825294971e-04
-2.855457365512847900e-03
1.252411049790680408e-03
8.091598283499479294e-04
-1.995917409658432007e-03
2.402727259323000908e-03
-2.709068066906183958e-04
-1.099529326893389225e-03
-2.618215745314955711e-03
1.174077158793807030e-03
2.768999838735908270e-04
-1.297509414143860340e-03
2.541029592975974083e-03
-8.608862990513443947e-04
-3.291809698566794395e-03
2.343094209209084511e-03
2.319938270375132561e-03
1.925638644024729729e-04
-3.203069791197776794e-03
3.444970585405826569e-03
1.596408583282027394e-05
1.628770260140299797e-03
1.648434554226696491e-04
-3.884608391672372818e-03
-1.018277835100889206e-03
3.627316094934940338e-03
3.519353456795215607e-03
1.359362970106303692e-03
-7.145223207771778107e-04
3.227996174246072769e-03
-3.308838000521063805e-03
2.657075878232717514e-03
-1.668948912993073463e-03
1.200179802253842354e-03
-2.852234756574034691e-03
-1.849013147875666618e-03
3.107762197032570839e-03
-2.338368678465485573e-03
6.055445410311222076e-04
1.001256750896573067e-03
-3.120324807241559029e-03
3.659100912045687437e-05
-2.663347986526787281e-04
-1.465984503738582134e-03
-2.079534577205777168e-03
1.389705692417919636e-03
-1.301052398048341274e-03
-1.474926539231091738e-04
-3.290508175268769264e-03
2.783266594633460045e-03
-4.904106026515364647e-04
-3.763772314414381981e-03
2.107478445395827293e-03
1.760007115080952644e-03
7.982510724104940891e-04
2.379006706178188324e-03
1.797803211957216263e-03
-1.996238948777318001e-03
1.181872630695579574e-05
3.828289045486599207e-04
2.887890907004475594e-03
3.722256515175104141e-03
-1.968486234545707703e-03
1.538868877105414867e-03
-2.073916373774409294e-03
-3.747959388419985771e-03
4.141950921621173620e-04
-5.091449129395186901e-04
4.420163750182837248e-04
3.040701849386096001e-03
3.404056886211037636e-03
1.181446248665452003e-03
-2.572432393208146095e-03
-3.882950404658913612e-03
2.897810190916061401e-03
-3.401319961994886398e-03
2.996020251885056496e-03
2.170434920117259026e-03
-3.871944965794682503e-03
3.231687471270561218e-03
2.980039920657873154e-03
-2.376509830355644226e-03
1.153267221525311470e-03
-1.448930473998188972e-03
-1.246466068550944328e-03
-2.237256616353988647e-03
-1.753031974658370018e-03
2.008602721616625786e-03
1.007137761916965246e-04
-3.451771568506956100e-03
-3.538423450663685799e-03
-4.835330764763057232e-04
-2.764814125839620829e-04
-2.273165155202150345e-03
-2.850830787792801857e-03
-7.643096032552421093e-04
3.132284153252840042e-03
-1.732179429382085800e-03
1.590813510119915009e-03
-2.085522282868623734e-03
2.130943117663264275e-03
1.704472117125988007e-03
6.660671206191182137e-04
-3.050243016332387924e-03
-7.241580169647932053e-04
-3.396931337192654610e-03
3.607847960665822029e-03
-3.290307940915226936e-03
1.598787959665060043e-03
-3.447700524702668190e-03
3.547025145962834358e-03
-3.048027167096734047e-03
-1.266872044652700424e-03
-1.668170327320694923e-03
1.706445124000310898e-03
-3.484198357909917831e-03
-3.712251083925366402e-03
1.227614819072186947e-03
-3.155778627842664719e-03
-3.007874591276049614e-03
2.516263339202851057e-04
-2.871023723855614662e-03
-3.019239753484725952e-03
3.884764155372977257e-03
1.646758522838354111e-03
-3.847459331154823303e-03
-6.475473637692630291e-04
-1.051382278092205524e-03
4.677680262830108404e-04
3.200278151780366898e-03
-3.558454045560210943e-04
3.380110021680593491e-03
-9.210210992023348808e-04
-2.181175863370299339e-03
-3.797071054577827454e-03
2.964153187349438667e-03
1.048745238222181797e-03
-3.049047081731259823e-04
-2.808022836688905954e-04
1.731698052026331425e-03
7.690379861742258072e-04
1.969895558431744576e-03
1.653223996981978416e-03
-3.489490365609526634e-03
2.569100586697459221e-03
-6.028699572198092937e-04
-2.138859592378139496e-03
2.159954048693180084e-03
2.278756117448210716e-03
3.536157775670289993e-03
1.863252691691741347e-04
3.090869402512907982e-03
1.821760786697268486e-03
1.482804073020815849e-03
-2.185754565289244056e-04
2.763868309557437897e-03
-3.252973780035972595e-03
1.529950241092592478e-04
-2.961648628115653992e-03
8.805911056697368622e-04
-6.830607162555679679e-05
-3.806663909927010536e-03
3.448812523856759071e-03
4.895587917417287827e-04
-1.006626756861805916e-03
-3.743606386706233025e-03
-1.849769731052219868e-03
2.603308763355016708e-03
7.478750194422900677e-04
2.823775575961917639e-04
-2.952206414192914963e-03
-6.156307063065469265e-04
-3.090478247031569481e-03
-2.091304399073123932e-03
-5.739008774980902672e-04
1.678792526945471764e-03
-3.828649874776601791e-03
1.038120717566926032e-05
8.127602632157504559e-05
-3.102215996477752924e-04
2.464635996147990227e-03
-3.205948043614625931e-03
3.581446362659335136e-03
2.131378278136253357e-03
7.789018127368763089e-05
-3.693679464049637318e-04
2.272669691592454910e-03
-6.712726899422705173e-04
-3.357631154358386993e-03
1.773687778040766716e-03
1.589612802490592003e-03
7.576040225103497505e-04
4.826837684959173203e-04
1.911371713504195213e-03
-3.044423880055546761e-03
2.793789841234683990e-03
3.710075980052351952e-03
8.260497124865651131e-04
2.181427320465445518e-03
-2.188283484429121017e-03
-1.466026005800813437e-04
2.971080364659428596e-03
2.218726323917508125e-03
-8.185231708921492100e-04
2.734889858402311802e-04
