2.577603328973054886e-03
-1.596842193976044655e-04
-2.638039644807577133e-03
2.522827824577689171e-03
-1.292758272029459476e-03
1.342852920060977340e-04
-1.689157448709011078e-03
-2.660239115357398987e-03
-2.221425675088539720e-04
3.877479117363691330e-03
-9.228938142769038677e-05
-2.732558641582727432e-03
2.572683151811361313e-03
3.223146777600049973e-03
-8.726386004127562046e-04
1.695787417702376842e-03
3.132601268589496613e-03
-1.800427911803126335e-03
-7.783944965922273695e-06
-3.638322232291102409e-03
1.846285071223974228e-03
-1.223322935402393341e-03
1.929555553942918777e-03
-1.619658432900905609e-03
-2.163107739761471748e-03
-3.002180310431867838e-04
2.795702079311013222e-03
7.558580255135893822e-04
2.400953322649002075e-03
-3.074298379942774773e-03
-1.259253767784684896e-04
2.061760053038597107e-03
-1.993912272155284882e-03
5.334451561793684959e-04
-3.826872911304235458e-03
1.582001801580190659e-03
-9.960820898413658142e-04
-3.552523907274007797e-03
8.571087964810431004e-04
-4.823644994758069515e-04
3.578132484108209610e-03
-2.225907519459724426e-03
-3.238337580114603043e-03
2.023053122684359550e-03
-1.166149391792714596e-03
2.975122071802616119e-03
1.748028909787535667e-03
-3.900621668435633183e-04
1.739683561027050018e-03
-7.708942284807562828e-04
-2.463362179696559906e-03
1.551109249703586102e-03
1.240553217940032482e-03
-1.528889639303088188e-03
2.770455786958336830e-03
-9.154632571153342724e-04
-6.759602110832929611e-04
-2.259654924273490906e-03
-1.052350271493196487e-03
5.083420182927511632e-05
-1.097303116694092751e-03
1.103669055737555027e-03
-2.204461023211479187e-03
2.782720548566430807e-04
-2.799949608743190765e-03
-2.883796347305178642e-03
-3.510085633024573326e-03
-6.917417631484568119e-04
-7.630267646163702011e-04
-7.963549433043226600e-05
-3.223782870918512344e-03
3.252875991165637970e-03
3.641322255134582520e-03
-3.805252257734537125e-03
-1.680774264968931675e-03
-1.653764280490577221e-03
3.399010747671127319e-03
-9.293165639974176884e-04
1.999842701479792595e-03
-8.207627106457948685e-04
3.814500989392399788e-03
-1.932396786287426949e-03
-1.432065502740442753e-03
-1.140989363193511963e-03
-2.792352810502052307e-03
-7.102568633854389191e-04
-1.068352255970239639e-03
2.277802443131804466e-03
1.738923136144876480e-03
-1.994282705709338188e-03
2.644381020218133926e-03
-2.853267127647995949e-03
7.595613715238869190e-05
1.098818029277026653e-03
-2.363268140470609069e-05
9.635430760681629181e-04
-2.914977958425879478e-03
-2.897044876590371132e-03
5.987108452245593071e-04
-3.506018081679940224e-03
9.048794745467603207e-04
-1.994678052142262459e-03
-1.349998172372579575e-03
1.433301717042922974e-03
-5.855610943399369717e-04
-2.567958552390336990e-03
3.354387357831001282e-03
-3.683284856379032135e-03
1.501743681728839874e-03
-3.620391013100743294e-03
3.396126907318830490e-03
8.421937236562371254e-04
3.477543592453002930e-03
2.338399412110447884e-03
-3.408038523048162460e-03
3.211609087884426117e-03
-3.230527974665164948e-03
-2.268137643113732338e-03
2.812017453834414482e-03
-2.116789110004901886e-03
-2.387775341048836708e-03
-3.532376140356063843e-03
-1.720523112453520298e-03
-9.491992532275617123e-04
-3.398155793547630310e-03
1.789729576557874680e-04
7.859239121899008751e-04
2.668159548193216324e-03
-3.530615242198109627e-03
1.669993653194978833e-04
3.026650985702872276e-03
-1.848043524660170078e-03
6.713551701977849007e-04
-5.179832223802804947e-04
-5.072853527963161469e-04
-2.101842779666185379e-03
-1.218242337927222252e-03
4.602212575264275074e-04
-9.385329904034733772e-04
8.334453450515866280e-04
-9.913026588037610054e-04
1.262295263586565852e-04
-2.752303611487150192e-03
-3.457397921010851860e-03
-1.602481119334697723e-03
2.129694446921348572e-03
-4.393736016936600208e-04
3.481421852484345436e-03
2.587244380265474319e-03
-1.228119479492306709e-03
1.099087894544936717e-04
-1.223221654072403908e-03
-2.474191365763545036e-03
1.214897725731134415e-03
-2.524642273783683777e-03
-2.859773114323616028e-03
3.148102434352040291e-03
-2.162619028240442276e-03
-2.530157333239912987e-03
1.741010230034589767e-03
-2.722248667851090431e-03
1.108616939745843410e-03
3.519131336361169815e-03
3.858615644276142120e-03
5.938821122981607914e-04
-3.069464117288589478e-03
-1.235696254298090935e-03
-9.803803404793143272e-04
-3.175762481987476349e-03
-1.400505891069769859e-03
-5.987358163110911846e-04
2.859973814338445663e-03
-2.740473719313740730e-03
7.309520733542740345e-04
1.442922861315310001e-03
3.073811763897538185e-03
3.014848916791379452e-04
2.733206383709330112e-05
-1.184686203487217426e-03
1.472451258450746536e-03
3.691203601192682981e-04
-3.551206551492214203e-03
6.140019395388662815e-04
-1.896666944958269596e-03
-4.361247410997748375e-04
7.514682947658002377e-04
-2.166732214391231537e-03
2.746277255937457085e-03
2.902790438383817673e-03
1.363165094517171383e-03
-1.001163691398687661e-04
1.802493818104267120e-03
1.775931566953659058e-03
-2.896599704399704933e-03
-1.667945180088281631e-03
-3.108645789325237274e-03
6.901437882333993912e-04
2.171297324821352959e-03
-2.618910046294331551e-03
1.147092785686254501e-03
-1.014537876471877098e-03
-3.739829640835523605e-03
-8.314145961776375771e-04
-9.685826371423900127e-04
1.123611466027796268e-03
-2.417183713987469673e-03
-3.818799508735537529e-03
-7.097637717379257083e-05
1.207039109431207180e-03
-3.640990937128663063e-03
-8.732059504836797714e-04
-3.811774076893925667e-03
-2.736136317253112793e-03
3.097923472523689270e-04
-2.557242405600845814e-04
4.774670815095305443e-04
3.282185411080718040e-03
-3.452935256063938141e-03
7.792557589709758759e-04
2.580896485596895218e-03
1.724559231661260128e-03
1.686506555415689945e-03
1.172776450403034687e-03
1.721796579658985138e-03
-7.364623597823083401e-04
-2.447539474815130234e-03
3.678485052660107613e-03
-1.442056731320917606e-03
1.813080394640564919e-03
5.632890679407864809e-05
2.559123560786247253e-03
1.467947731725871563e-03
1.958580920472741127e-03
-3.835945157334208488e-03
2.207746263593435287e-03
1.319657778367400169e-03
2.172599633922800422e-04
1.150554817286320031e-04
3.425433766096830368e-03
1.178386388346552849e-03
1.252799993380904198e-03
2.283261390402913094e-03
-8.750707493163645267e-04
2.769240643829107285e-03
3.309894818812608719e-03
2.238862449303269386e-03
4.969522706232964993e-04
-2.521015936508774757e-03
-2.322409767657518387e-03
2.430105349048972130e-03
-3.858894575387239456e-03
2.910348819568753242e-03
3.354504937306046486e-03
-1.669625402428209782e-03
-1.784163992851972580e-03
7.135228952392935753e-04
