-7.529529975727200508e-04
3.659160574898123741e-03
-1.119977911002933979e-03
1.452215365134179592e-03
2.840534318238496780e-03
-3.090408397838473320e-03
-2.997602568939328194e-03
-9.973146370612084866e-05
3.610984189435839653e-03
4.268530465196818113e-04
3.808003617450594902e-03
3.820238867774605751e-03
-3.571202047169208527e-03
1.995937898755073547e-03
1.602620352059602737e-03
5.945371813140809536e-04
9.402036666870117188e-04
-5.004527629353106022e-04
9.881529258564114571e-04
1.672570593655109406e-03
3.884452395141124725e-03
-2.899440936744213104e-03
-2.737832255661487579e-03
2.487880876287817955e-03
4.322679014876484871e-04
-3.050894476473331451e-03
3.962220580433495343e-05
3.799345344305038452e-03
1.563564408570528030e-03
-2.633467316627502441e-03
-3.790119895711541176e-03
3.340359544381499290e-04
2.887257141992449760e-03
-2.967306645587086678e-03
-2.740124007686972618e-03
1.125640817917883396e-03
-3.104752395302057266e-03
1.070191850885748863e-03
2.502866555005311966e-03
-1.334113534539937973e-03
1.882282202132046223e-03
1.738684135489165783e-03
-2.805790398269891739e-03
2.658051962498575449e-04
5.827611312270164490e-04
1.699494314379990101e-03
2.921988256275653839e-03
-2.157262759283185005e-03
2.905897854361683130e-04
-2.117334865033626556e-03
-1.598977833054959774e-03
1.085477415472269058e-03
-3.268981119617819786e-03
-2.146230079233646393e-03
3.651839448139071465e-03
-3.698937362059950829e-03
-3.072884865105152130e-03
3.349332837387919426e-03
1.647118129767477512e-03
-1.874466310255229473e-03
9.000739082694053650e-04
-2.057463862001895905e-03
-3.574012313038110733e-03
2.464365679770708084e-03
-2.487833553459495306e-04
-2.768706995993852615e-03
2.220747293904423714e-03
3.198010614141821861e-03
3.273556474596261978e-03
2.410009503364562988e-03
-3.028538310900330544e-03
2.944782609120011330e-03
5.318265757523477077e-04
-1.634387648664414883e-03
-1.897168229334056377e-03
9.598782344255596399e-05
-1.938312896527349949e-03
-1.903345226310193539e-03
2.264925744384527206e-03
3.810125868767499924e-03
-1.394349499605596066e-03
1.359768357360735536e-04
-2.451706444844603539e-03
1.099880435504019260e-03
-2.542006084695458412e-03
2.975623065140098333e-04
3.310095518827438354e-03
1.660863927099853754e-04
3.762112231925129890e-03
2.070104819722473621e-04
2.075021711789304391e-06
7.375005516223609447e-04
2.049742499366402626e-03
1.844222191721200943e-03
-3.739512059837579727e-03
-2.476421650499105453e-03
2.857417101040482521e-03
-2.435558708384633064e-04
3.212017007172107697e-03
-1.000537304207682610e-03
3.356939414516091347e-03
-3.588052932173013687e-04
1.490977476350963116e-03
1.862687407992780209e-03
1.901329378597438335e-03
-4.059423645230708644e-06
3.525176725815981627e-04
-3.540236968547105789e-03
8.734291623113676906e-05
-2.101003890857100487e-03
-2.183778909966349602e-03
8.835246553644537926e-04
1.325744415225926787e-05
3.415099345147609711e-03
-2.951999660581350327e-03
-2.801172202453017235e-03
1.606287318281829357e-03
2.854915335774421692e-03
2.558802952989935875e-03
-1.160908257588744164e-03
-9.588160901330411434e-04
4.784380435012280941e-04
5.830119480378925800e-04
3.251025220379233360e-03
-2.783421659842133522e-04
2.266044495627284050e-03
-3.712053410708904266e-03
1.296033384278416634e-03
1.289579668082296848e-03
-1.368859200738370419e-03
-3.341778181493282318e-03
-6.727538420818746090e-04
8.454173221252858639e-04
1.029506325721740723e-03
-1.013505170703865588e-04
-1.957709435373544693e-03
3.732646582648158073e-03
8.140063146129250526e-04
3.451685188338160515e-03
2.387685002759099007e-03
-3.008876461535692215e-03
-2.285122172906994820e-03
2.853498794138431549e-03
-9.175336454063653946e-04
2.164342440664768219e-03
3.842417849227786064e-03
-3.237146418541669846e-03
-1.916691311635077000e-03
-3.484815126284956932e-03
6.105105276219546795e-04
-2.127625280991196632e-03
6.086578941904008389e-04
-2.362705068662762642e-03
7.887397659942507744e-04
-1.369052915833890438e-03
-3.340573981404304504e-03
-3.159426851198077202e-03
1.287366496399044991e-03
-3.382173366844654083e-03
-1.034781802445650101e-03
2.086892025545239449e-03
4.152184119448065758e-04
-2.150418004021048546e-03
2.631522482261061668e-03
3.593796864151954651e-03
2.991478657349944115e-03
-1.025370671413838863e-03
1.276823924854397774e-03
-2.794971514958888292e-04
-3.385298186913132668e-03
7.724360330030322075e-04
1.709096482954919338e-03
-2.019819105044007301e-03
-1.528713735751807690e-03
1.385373645462095737e-03
1.779457554221153259e-03
-1.604456629138439894e-04
2.903630724176764488e-03
-5.643455078825354576e-04
1.964259194210171700e-03
-3.604697063565254211e-03
-1.383575960062444210e-03
1.234625669894739985e-04
-3.612995205912739038e-04
1.160451211035251617e-03
1.439846586436033249e-03
2.349053043872117996e-03
3.071488579735159874e-03
-3.544742939993739128e-04
-1.342056435532867908e-03
3.170562908053398132e-03
-1.062116236425936222e-03
1.940056681632995605e-03
-3.054867731407284737e-03
-3.371202154085040092e-03
-9.104954660870134830e-04
3.518604207783937454e-03
2.113769296556711197e-03
2.886106027290225029e-03
-1.218331744894385338e-03
-6.791372434236109257e-04
1.877776347100734711e-03
-1.263947458937764168e-03
-4.765781341120600700e-04
-4.706255567725747824e-04
-1.649891375564038754e-03
1.599223003722727299e-03
-1.625302829779684544e-03
1.517190947197377682e-03
2.814697567373514175e-03
-1.052935374900698662e-03
-1.010799605865031481e-04
2.408817643299698830e-03
3.185971872881054878e-03
1.443937653675675392e-03
-1.492948969826102257e-03
-2.298546023666858673e-03
3.302436089143157005e-03
-2.173012588173151016e-03
1.421791617758572102e-03
8.634244441054761410e-04
-8.827424026094377041e-04
-1.960286172106862068e-03
3.428377909585833549e-03
1.324437442235648632e-03
-3.429579082876443863e-03
-3.892687382176518440e-03
3.764913184568285942e-03
2.667790045961737633e-03
-6.301547400653362274e-04
2.748819766566157341e-03
3.200739622116088867e-03
3.651616862043738365e-03
3.805930027738213539e-03
3.071707906201481819e-03
-2.027723938226699829e-03
1.195670687593519688e-03
1.511962967924773693e-03
-3.592760767787694931e-03
-2.200445393100380898e-03
1.260105287656188011e-03
-1.014405745081603527e-03
-7.533174939453601837e-04
3.414722625166177750e-03
-3.396067302674055099e-03
-2.092162845656275749e-03
1.271731103770434856e-03
3.143067937344312668e-03
2.364824991673231125e-03
-5.696908337995409966e-04
-3.221885766834020615e-03
1.816068892367184162e-03
-4.716652256320230663e-05
-1.085491734556853771e-03
9.765971917659044266e-04
-1.768429763615131378e-03
