2.876838669180870056e-03
3.373152809217572212e-03
2.695971634238958359e-03
-2.553705358877778053e-03
-3.376584267243742943e-03
1.794073381461203098e-03
-2.956687007099390030e-03
1.093759317882359028e-03
-1.736578065901994705e-03
-2.505343873053789139e-03
-1.945244963280856609e-03
-1.104857772588729858e-03
-1.052294042892754078e-03
-2.541646361351013184e-03
6.926853093318641186e-04
3.439042251557111740e-03
-2.008424606174230576e-03
3.070852952077984810e-03
1.834122231230139732e-04
-2.952538779936730862e-04
-2.362020080909132957e-03
-1.514697563834488392e-03
3.131696721538901329e-03
3.074388368986546993e-04
-2.470027538947761059e-04
3.750754112843424082e-04
3.753390628844499588e-03
-2.690431429073214531e-03
2.343354281038045883e-03
-3.668668432510457933e-05
3.471151925623416901e-03
1.842774217948317528e-03
2.240117173641920090e-04
3.562166821211576462e-03
1.719343708828091621e-03
1.246433472260832787e-03
3.119544126093387604e-03
4.100249498151242733e-04
-1.457378966733813286e-04
-2.649630885571241379e-03
2.816368651110678911e-04
-1.013069180771708488e-03
3.289887681603431702e-03
-1.839448930695652962e-03
2.239228691905736923e-03
-2.818645909428596497e-03
3.260757308453321457e-03
-1.768699381500482559e-03
-6.748230662196874619e-04
3.404081217013299465e-04
-2.372997114434838295e-03
-6.204019882716238499e-04
-1.136257560574449599e-04
1.190523384138941765e-03
1.342469011433422565e-03
-4.121713864151388407e-04
2.348014852032065392e-03
-4.598953237291425467e-04
3.502429462969303131e-03
2.150130225345492363e-03
-3.033966990187764168e-03
3.532304195687174797e-03
1.463597058318555355e-03
1.659508212469518185e-03
2.855003345757722855e-03
-5.593881942331790924e-04
2.663610212039202452e-04
-1.392446341924369335e-03
3.568757325410842896e-03
9.220521897077560425e-04
-3.300565294921398163e-03
3.333248896524310112e-03
-3.819742705672979355e-03
-1.218139426782727242e-03
-3.732743207365274429e-04
2.490716520696878433e-03
1.923142583109438419e-03
2.362731029279530048e-04
6.282315007410943508e-04
-3.763979766517877579e-03
1.034497865475714207e-03
-1.519361161626875401e-03
3.603742457926273346e-03
3.597442992031574249e-05
-3.528083907440304756e-03
-2.874478464946150780e-03
1.605060417205095291e-03
-3.343664808198809624e-03
7.359207374975085258e-04
1.589905587024986744e-03
-3.295477072242647409e-04
-3.869810840114951134e-03
2.684234408661723137e-03
3.657357301563024521e-03
3.229479538276791573e-03
-2.028817776590585709e-03
-1.726650050841271877e-03
-3.767134621739387512e-03
3.420257242396473885e-03
2.994212321937084198e-03
1.015724963508546352e-03
2.282022498548030853e-03
-6.009886856190860271e-04
3.327547339722514153e-03
8.120628190226852894e-04
-2.834220416843891144e-03
-1.663146773353219032e-03
1.746475812979042530e-03
-1.394401770085096359e-03
3.647934412583708763e-03
-3.628518898040056229e-03
-3.743266861420124769e-04
-3.624115372076630592e-03
-1.276909024454653263e-03
-2.649279544129967690e-03
6.445844774134457111e-04
-3.054227447137236595e-03
-1.669443212449550629e-03
1.800565165467560291e-03
-1.595912268385291100e-03
-3.030054969713091850e-03
-6.610829150304198265e-04
1.241842866875231266e-03
3.338408132549375296e-04
1.598578644916415215e-03
1.522044476587325335e-04
2.504396717995405197e-03
-3.665642580017447472e-04
2.579186344519257545e-03
2.843470545485615730e-03
5.257501616142690182e-04
-5.241786711849272251e-04
2.404595958068966866e-03
-8.087105816230177879e-04
-3.088951110839843750e-03
-4.000636545242741704e-05
1.352123799733817577e-03
-1.637809909880161285e-03
8.340108324773609638e-04
-4.000889384769834578e-05
-2.349006012082099915e-03
1.115322462283074856e-03
-3.583538345992565155e-03
3.526252927258610725e-03
9.718688088469207287e-04
-1.260827528312802315e-03
-8.761851931922137737e-04
1.675079576671123505e-03
1.123025896959006786e-03
-3.629415528848767281e-03
-1.880364026874303818e-03
6.313188350759446621e-04
-2.474764827638864517e-03
7.693300140090286732e-04
-6.426058826036751270e-04
-1.612551161088049412e-03
1.050507416948676109e-03
3.444969421252608299e-03
3.577483817934989929e-03
3.087650053203105927e-03
2.249972894787788391e-03
1.391875091940164566e-03
-2.558585954830050468e-03
-6.022555171512067318e-04
-1.960608176887035370e-03
-2.435948466882109642e-03
-2.445259015075862408e-04
1.522793434560298920e-03
-2.791076665744185448e-03
1.593955093994736671e-03
3.289817599579691887e-03
-6.950495298951864243e-04
3.324476536363363266e-03
-7.302146404981613159e-04
2.757695969194173813e-03
3.891642903909087181e-03
1.902171061374247074e-03
1.144437235780060291e-03
1.039208145812153816e-03
-1.348529360257089138e-03
-7.762828608974814415e-04
-1.642148359678685665e-03
-9.354647481814026833e-04
9.381285053677856922e-04
6.913193501532077789e-04
2.550706500187516212e-03
6.038255523890256882e-04
3.104180563241243362e-03
-2.882024564314633608e-04
8.762417128309607506e-04
8.126800821628421545e-06
3.132147714495658875e-03
3.397206077352166176e-03
-2.746159676462411880e-03
3.806798253208398819e-03
-1.618176116608083248e-03
9.131844853982329369e-04
3.441379405558109283e-03
-8.429792360402643681e-04
3.369734156876802444e-03
-3.134660422801971436e-03
2.954357769340276718e-03
2.800659975036978722e-03
3.303928533568978310e-04
1.991742523387074471e-03
-4.636579833459109068e-04
-3.574896836653351784e-03
5.961735732853412628e-04
3.033207729458808899e-03
3.030033083632588387e-03
2.327569294720888138e-03
3.464309847913682461e-04
3.014402696862816811e-03
2.544067334383726120e-03
2.695192524697631598e-04
9.895380353555083275e-04
-3.298768540844321251e-03
1.644334173761308193e-03
-3.562176600098609924e-03
-3.017403068952262402e-04
-1.442497246898710728e-03
1.504239044152200222e-03
2.919846680015325546e-03
-3.595551243051886559e-05
2.298382809385657310e-03
3.190522314980626106e-03
2.699057513382285833e-04
4.168408049736171961e-04
3.057502675801515579e-03
-2.462856471538543701e-03
1.288082683458924294e-03
-3.280641976743936539e-03
2.481745555996894836e-03
-3.376911336090415716e-04
-3.942637122236192226e-04
-2.096076495945453644e-03
-2.857499057427048683e-03
-6.446043262258172035e-04
-2.682500053197145462e-03
-3.617829876020550728e-03
1.066241646185517311e-03
-6.141220219433307648e-04
3.668510471470654011e-04
1.437560538761317730e-03
-1.311351312324404716e-03
-9.518716979073360562e-05
7.420225883834064007e-04
2.500280505046248436e-03
-1.608080230653285980e-03
7.068436243571341038e-04
3.092890372499823570e-03
-1.386954216286540031e-03
-1.145977876149117947e-03
8.300873450934886932e-04
-3.160644089803099632e-03
-2.847636584192514420e-03
