-1.944912481121718884e-03
-1.178555772639811039e-03
3.386139404028654099e-03
3.625184763222932816e-03
-2.965699648484587669e-03
2.379963872954249382e-03
-3.208005800843238831e-03
-3.521284554153680801e-03
-2.500633941963315010e-03
-3.322504227980971336e-03
-2.107355045154690742e-03
3.245106665417551994e-03
-1.150477444753050804e-03
-9.832163341343402863e-04
-1.486468536313623190e-04
1.460991625208407640e-04
7.913328590802848339e-04
-3.657081630080938339e-03
5.281009944155812263e-04
-9.020631114253774285e-05
-6.611190619878470898e-04
-2.624913118779659271e-03
1.313291140832006931e-04
-3.365151118487119675e-03
1.390476245433092117e-03
-1.612001215107738972e-03
-2.555091865360736847e-03
3.506699809804558754e-03
2.108819782733917236e-03
3.739942098036408424e-03
3.625488840043544769e-03
-2.400270750513300300e-04
-2.762425865512341261e-04
-4.535841289907693863e-04
-1.638814690522849560e-03
5.584585596807301044e-05
-4.681924765463918447e-04
-2.378090517595410347e-03
-1.918403548188507557e-03
6.812995998188853264e-04
1.724773755995556712e-04
-2.636062679812312126e-03
7.924584788270294666e-04
-2.725725760683417320e-03
-2.309938427060842514e-04
-3.556832903996109962e-03
-1.978866523131728172e-03
3.592574968934059143e-03
-4.063949163537472486e-04
2.471561543643474579e-03
2.558756386861205101e-03
3.268294312874786556e-05
1.519220997579395771e-03
4.256197426002472639e-04
-2.461821306496858597e-03
4.056488105561584234e-04
2.320463769137859344e-03
-8.073088974924758077e-05
-2.357511781156063080e-03
-2.737838309258222580e-03
2.293414901942014694e-03
2.459167502820491791e-03
1.580871292389929295e-03
-2.721602795645594597e-03
1.422487664967775345e-03
3.724569920450448990e-03
-1.625174540095031261e-03
-2.780601382255554199e-03
2.971226116642355919e-03
1.691965735517442226e-03
-3.519205609336495399e-03
3.637938760221004486e-03
-3.284019883722066879e-03
-1.967643154785037041e-03
-1.973955193534493446e-03
-2.239890629425644875e-03
1.345531083643436432e-03
-3.728417912498116493e-03
5.787151749245822430e-04
-3.137618070468306541e-03
1.530419220216572285e-03
-6.063803448341786861e-04
-3.672287100926041603e-03
3.504314925521612167e-03
1.657037413679063320e-03
2.620532643049955368e-03
3.862891113385558128e-03
1.197035075165331364e-03
2.672426169738173485e-03
-1.166886722785420716e-04
2.753114327788352966e-03
3.261581528931856155e-03
-3.878801362589001656e-03
2.141340402886271477e-03
1.961535417649429291e-06
-2.080014208331704140e-03
2.994803653564304113e-04
1.756890094839036465e-03
1.047955942340195179e-03
3.686751471832394600e-03
3.297076560556888580e-03
-3.663422772660851479e-03
2.584024099633097649e-03
3.811520058661699295e-03
1.047687139362096786e-03
1.573277986608445644e-03
-3.150589996948838234e-03
8.769244886934757233e-04
-6.321523105725646019e-04
-3.546211402863264084e-03
-1.187883666716516018e-03
-2.480136929079890251e-03
-2.654875861480832100e-03
-2.058070851489901543e-03
-3.794644726440310478e-03
-3.665626747533679008e-03
1.314639579504728317e-03
-1.377560663968324661e-03
-2.787288045510649681e-03
6.257097993511706591e-05
1.852949266321957111e-03
-1.574054360389709473e-03
2.351140836253762245e-03
-2.664759289473295212e-03
-3.180982545018196106e-03
1.791809336282312870e-03
-1.533056842163205147e-03
-1.842207624576985836e-03
3.840839024633169174e-03
1.074305502697825432e-03
5.143522867001593113e-05
-1.846751314587891102e-03
-1.860262593254446983e-03
-2.223079791292548180e-03
1.672830665484070778e-03
3.375953761860728264e-03
7.899181218817830086e-04
-2.456428483128547668e-03
1.682430040091276169e-03
4.345878260210156441e-04
3.929570084437727928e-04
-7.442043861374258995e-04
9.218551567755639553e-04
1.682938542217016220e-03
1.764638349413871765e-03
-2.517571439966559410e-03
-3.507158253341913223e-04
-6.343331770040094852e-04
-3.902850206941366196e-03
3.532649483531713486e-03
1.344959950074553490e-03
-3.418457461521029472e-03
-1.853841007687151432e-03
2.703353762626647949e-03
-3.629506332799792290e-03
3.781423438340425491e-03
5.845248233526945114e-05
-2.935343945864588022e-04
-3.659048117697238922e-03
1.744012464769184589e-03
-2.843577414751052856e-03
1.202210260089486837e-04
-3.912704996764659882e-03
2.543314127251505852e-03
-2.254468854516744614e-03
-2.831916790455579758e-04
3.385136602446436882e-03
1.500405953265726566e-03
1.650440681260079145e-04
2.853919984772801399e-03
2.262318041175603867e-03
-7.204930298030376434e-04
-2.347855363041162491e-03
-6.313312915153801441e-04
3.298341471236199141e-04
6.598438485525548458e-04
2.340404316782951355e-03
9.639696218073368073e-04
-1.027324004098773003e-03
-3.325905650854110718e-03
-4.010252887383103371e-04
-1.216936274431645870e-03
-3.239923855289816856e-03
2.117679454386234283e-03
3.167307659168727696e-05
3.879047464579343796e-03
7.526701083406805992e-04
-3.744303248822689056e-03
-2.464944962412118912e-03
-8.916049846448004246e-04
-3.087437653448432684e-05
2.865114482119679451e-03
-2.151770284399390221e-03
1.326540135778486729e-03
-2.323664026334881783e-03
3.451060038059949875e-03
-3.023830649908632040e-04
-7.063181838020682335e-04
-9.722999529913067818e-04
-3.504267428070306778e-03
-5.871792673133313656e-04
-1.423130044713616371e-03
-3.828055225312709808e-03
1.160476822406053543e-03
-3.075757762417197227e-03
2.648028079420328140e-03
-6.313223857432603836e-04
7.310436340048909187e-04
1.604748656973242760e-03
-3.576577175408601761e-03
6.194409215822815895e-04
2.823787508532404900e-03
2.273690886795520782e-03
-2.180912531912326813e-03
1.621015486307442188e-03
-7.962911040522158146e-04
3.374904859811067581e-03
-3.399564884603023529e-03
2.069568727165460587e-03
1.389447250403463840e-03
-2.152742352336645126e-03
-1.113620819523930550e-03
-2.032223390415310860e-03
2.476808847859501839e-03
3.602375043556094170e-03
-1.259849872440099716e-03
6.529181264340877533e-04
2.967690816149115562e-03
-2.312788128620013595e-04
2.409598324447870255e-03
3.563238307833671570e-03
-1.493616728112101555e-03
-2.469751518219709396e-03
-1.922263880260288715e-03
2.214019419625401497e-03
1.346319448202848434e-03
-2.146810758858919144e-03
1.616598572582006454e-03
-1.672647660598158836e-03
-3.167466493323445320e-03
1.292532426305115223e-03
-3.680350491777062416e-03
-1.773942261934280396e-03
2.068158239126205444e-03
-7.014381699264049530e-04
3.439733060076832771e-03
-2.144565107300877571e-03
-2.345633693039417267e-03
-1.102448441088199615e-03
1.394717546645551920e-04
2.587598748505115509e-03
2.315924968570470810e-03
-2.610956784337759018e-03
-2.284598594997078180e-04
-3.260393161326646805e-03
-2.213124651461839676e-03
