2.267475938424468040e-03
-2.072029979899525642e-03
6.070798262953758240e-04
5.597699782811105251e-04
2.967233536764979362e-03
-3.800202626734972000e-03
3.538146847859025002e-03
-9.395758388563990593e-05
8.311119163408875465e-04
1.220475416630506516e-03
3.560974495485424995e-03
2.859551459550857544e-03
-1.810278627090156078e-03
1.554787042550742626e-03
-1.843055360950529575e-03
1.944168587215244770e-03
-2.417166251689195633e-03
-4.632055351976305246e-04
1.204916188726201653e-04
-1.196404569782316685e-03
-2.396449213847517967e-03
-3.558672324288636446e-04
2.511387690901756287e-03
-1.421354245394468307e-03
-2.922168467193841934e-03
-3.639332018792629242e-03
-1.919349888339638710e-03
-2.922467654570937157e-03
-3.308709710836410522e-03
2.238811459392309189e-03
3.161808708682656288e-03
-3.495172131806612015e-03
2.800199436023831367e-03
2.237815409898757935e-03
-2.226726850494742393e-03
1.586534548550844193e-03
-1.705617760308086872e-03
2.574608894065022469e-03
-2.412287431070581079e-04
-2.206809120252728462e-03
-1.333149848505854607e-03
-3.050661878660321236e-03
-1.388208009302616119e-03
-2.757958834990859032e-03
2.588503528386354446e-03
7.885986124165356159e-04
3.701301757246255875e-03
1.275844406336545944e-04
1.515381969511508942e-03
3.649030113592743874e-03
1.382165937684476376e-03
-2.836953848600387573e-03
-1.318163936957716942e-03
-2.685298677533864975e-03
-3.530408022925257683e-03
3.608103143051266670e-03
-3.647886449471116066e-03
3.128730924800038338e-03
-1.628442434594035149e-03
-1.819830038584768772e-03
2.420528093352913857e-03
2.472371794283390045e-03
-2.673991722986102104e-03
-1.052138512022793293e-03
1.401069574058055878e-03
-2.342058141948655248e-04
9.140657493844628334e-04
2.468451159074902534e-03
-3.691050922498106956e-03
6.372900679707527161e-04
3.214186057448387146e-03
-3.213448682799935341e-03
-3.458466613665223122e-03
-3.059517825022339821e-03
-2.753582317382097244e-03
-2.817507600411772728e-03
-4.327780916355550289e-04
3.585363738238811493e-03
-3.408566350117325783e-03
1.009500818327069283e-03
-3.745333990082144737e-03
3.047521226108074188e-03
3.877351759001612663e-03
-2.131617628037929535e-03
2.037153346464037895e-03
1.096151885576546192e-03
-1.861550263129174709e-03
-2.738270675763487816e-03
-3.533928189426660538e-03
-2.587596653029322624e-03
-2.521936083212494850e-03
-3.166611306369304657e-03
-1.494158641435205936e-04
4.442552162799984217e-04
-3.246601670980453491e-03
3.772883675992488861e-03
-3.317489987239241600e-03
3.840195015072822571e-03
3.373396117240190506e-03
-3.239388344809412956e-03
-1.115216640755534172e-03
3.140564775094389915e-03
3.045866498723626137e-03
-1.239272649399936199e-03
-2.833986189216375351e-03
5.133844679221510887e-04
-9.270942537114024162e-04
-3.120722714811563492e-03
9.681404917500913143e-04
4.343313630670309067e-04
-1.981821143999695778e-03
1.895511639304459095e-03
3.102132817730307579e-03
2.476407913491129875e-03
-9.540329338051378727e-04
8.197555434890091419e-04
-2.480757655575871468e-03
1.204247470013797283e-03
1.700562308542430401e-03
-5.171327502466738224e-04
1.093135098926723003e-03
1.506278524175286293e-03
2.862679073587059975e-03
1.955402549356222153e-03
2.636549994349479675e-03
-3.015503752976655960e-03
3.299121046438813210e-03
-2.041811123490333557e-03
9.235709439963102341e-04
-1.818906050175428391e-03
-3.185064997524023056e-03
-1.684839720837771893e-03
-3.788110567256808281e-03
2.790288301184773445e-03
-2.309853909537196159e-03
-3.680190071463584900e-03
-9.805790614336729050e-04
-1.437697210349142551e-03
3.395444946363568306e-04
-2.695428673177957535e-03
-2.961096120998263359e-03
-8.200117736123502254e-04
-1.668124226853251457e-03
2.603262895718216896e-03
-2.552599413320422173e-03
3.610401414334774017e-03
3.181324107572436333e-03
2.454821020364761353e-03
-4.116327618248760700e-04
-4.559581575449556112e-04
3.386085620149970055e-03
2.061456441879272461e-03
1.471083844080567360e-03
2.651464892551302910e-03
4.863605718128383160e-04
-2.130763139575719833e-03
1.051395665854215622e-03
2.357330638915300369e-03
-1.952597871422767639e-03
1.764691900461912155e-03
3.052016021683812141e-03
-3.139417385682463646e-03
-3.612878266721963882e-03
-3.396018000785261393e-04
3.913913969881832600e-04
-2.842745045199990273e-03
3.675972344353795052e-03
1.638878369703888893e-03
2.057421719655394554e-03
-1.509382040239870548e-03
2.563414163887500763e-03
1.282786368392407894e-03
2.563301706686615944e-03
3.399635432288050652e-03
2.451712265610694885e-03
-1.068250858224928379e-03
3.197643905878067017e-03
-1.619901391677558422e-03
-1.862073899246752262e-03
2.727755927480757236e-04
3.584511345252394676e-03
-3.406186588108539581e-03
-1.664560870267450809e-03
1.469384762458503246e-03
-1.179565326310694218e-03
8.373412420041859150e-04
2.704072743654251099e-03
2.928940346464514732e-03
3.504994791001081467e-03
-1.598503440618515015e-03
-3.524370258674025536e-03
-2.391068497672677040e-03
-2.548265270888805389e-03
7.889469852671027184e-04
3.853387897834181786e-03
1.452235039323568344e-03
-2.201156457886099815e-03
2.582313492894172668e-03
3.514560405164957047e-03
3.180938307195901871e-03
4.440506163518875837e-04
1.681599649600684643e-03
1.071765203960239887e-03
3.755047917366027832e-03
3.079087240621447563e-03
1.902376883663237095e-03
-1.179746934212744236e-03
9.321911493316292763e-04
2.363702282309532166e-03
-8.810788131086155772e-05
-2.920700935646891594e-03
-7.206122973002493382e-04
-1.659621484577655792e-03
-1.733412151224911213e-03
-1.998431689571589231e-04
4.762057214975357056e-04
-2.700056182220578194e-03
2.661668229848146439e-03
3.619095310568809509e-03
-2.089044079184532166e-03
-1.193977892398834229e-03
-2.033542143180966377e-03
-5.580250290222465992e-04
3.682454582303762436e-03
-2.344167325645685196e-03
-9.225977701134979725e-04
1.083792885765433311e-03
3.628593636676669121e-03
-8.499390096403658390e-04
5.310236592777073383e-04
-2.303807763382792473e-03
-3.612747183069586754e-03
-3.454071003943681717e-03
-3.217155579477548599e-03
3.492960939183831215e-03
1.259781070984899998e-03
1.793323899619281292e-03
-4.969346919097006321e-04
2.623110543936491013e-03
-2.836081199347972870e-03
-2.651277929544448853e-03
5.588174099102616310e-04
2.835986088030040264e-04
1.229550107382237911e-03
-3.613878274336457253e-03
-1.602555741555988789e-03
-2.159166178898885846e-04
-3.373372601345181465e-03
-1.463833730667829514e-03
-9.697623900137841702e-04
3.266743384301662445e-03
-2.844874106813222170e-04
-2.582184970378875732e-04
3.314306028187274933e-03
3.002268727868795395e-03
1.178766950033605099e-03
