-2.996639814227819443e-03
-2.059364691376686096e-03
4.790000675711780787e-04
-3.880216972902417183e-03
3.401292487978935242e-03
-1.189964241348206997e-03
-2.485516015440225601e-04
-3.316750749945640564e-03
9.237024351023137569e-04
-2.901243045926094055e-03
3.351851133629679680e-03
2.148824045434594154e-03
1.080227550119161606e-03
-1.207612454891204834e-03
-3.648858051747083664e-03
1.019373070448637009e-03
-3.659216919913887978e-03
2.432310255244374275e-03
-2.636614954099059105e-03
-1.480747014284133911e-03
2.168749459087848663e-03
-3.396217944100499153e-04
-2.018578117713332176e-03
-3.692521946504712105e-03
-3.848738560918718576e-04
2.455974929034709930e-03
3.237250726670026779e-03
1.084581672330386937e-04
-3.445709822699427605e-03
-2.449331572279334068e-03
1.398661639541387558e-03
-1.461784471757709980e-03
6.597364554181694984e-04
2.271846169605851173e-03
1.859612762928009033e-03
-2.343464177101850510e-03
-8.547995239496231079e-04
-9.145934018306434155e-04
3.385347314178943634e-03
7.753440877422690392e-05
-1.514578587375581264e-03
-2.449774416163563728e-03
-8.780317730270326138e-04
-7.295378600247204304e-05
8.634109981358051300e-04
-4.989391891285777092e-04
-2.555560786277055740e-03
-2.364130457863211632e-03
8.911693585105240345e-04
-2.970992121845483780e-03
-3.627526573836803436e-03
2.032485324889421463e-03
-1.473976531997323036e-03
3.293232526630163193e-03
-2.327000955119729042e-03
-2.123625483363866806e-03
1.007793354801833630e-03
-3.575609065592288971e-03
-1.077177235856652260e-03
6.368686172208981588e-06
-3.355826716870069504e-03
3.230391303077340126e-03
-3.749214811250567436e-03
-1.220305101014673710e-03
-5.455231876112520695e-04
-3.336784429848194122e-03
2.003936795517802238e-03
-2.523166127502918243e-03
3.444219706580042839e-03
1.531742280349135399e-03
3.521282458677887917e-03
-3.303406760096549988e-03
3.314971923828125000e-03
-1.709312316961586475e-03
-2.306178939761593938e-04
-3.398651024326682091e-03
3.136578481644392014e-03
3.862725337967276573e-03
2.996946452185511589e-03
-2.892670454457402229e-03
2.230284037068486214e-03
-8.717976161278784275e-04
-3.140498301945626736e-04
-2.037537517026066780e-03
-6.684063118882477283e-04
3.486773930490016937e-03
5.558237171499058604e-05
-5.110686179250478745e-04
-1.585546298883855343e-03
-2.629532245919108391e-03
5.428237491287291050e-04
1.914395019412040710e-03
1.046343822963535786e-03
-1.976793166249990463e-03
5.612060776911675930e-04
3.090520622208714485e-03
4.935893812216818333e-04
-3.268664935603737831e-03
-2.594631630927324295e-03
9.833126096054911613e-04
4.555178165901452303e-04
3.571176435798406601e-03
-8.547672769054770470e-04
1.218683202750980854e-03
-1.540709519758820534e-03
-3.241969272494316101e-03
2.954200142994523048e-03
-6.729596061632037163e-04
-8.762371144257485867e-04
1.523884828202426434e-03
2.289497060701251030e-03
-3.200697712600231171e-03
-1.972416881471872330e-03
2.963150152936577797e-03
2.427017781883478165e-03
7.444670773111283779e-04
-3.073214087635278702e-03
-3.430925542488694191e-03
1.706996699795126915e-03
-2.766154007986187935e-03
-3.231208305805921555e-03
3.445460228249430656e-03
3.735645906999707222e-03
-1.206209417432546616e-03
-2.835628809407353401e-03
-1.776098972186446190e-03
-1.960356719791889191e-03
-2.193721011281013489e-03
2.403584541752934456e-03
-8.187919738702476025e-04
1.480742939747869968e-04
-2.052902709692716599e-03
-3.349703329149633646e-04
6.087061483412981033e-04
-1.131967757828533649e-03
-1.161484979093074799e-03
1.216646283864974976e-03
-5.584299215115606785e-04
-3.215175529476255178e-04
-5.291101406328380108e-04
3.833121620118618011e-03
-1.059000845998525620e-03
-3.138622036203742027e-03
-3.425832604989409447e-03
-1.142630594586080406e-06
3.352270927280187607e-03
3.310069907456636429e-03
3.104590810835361481e-03
1.995040802285075188e-03
-3.733071731403470039e-03
-2.720972057431936264e-03
2.032283693552017212e-03
-3.789214184507727623e-03
-2.718803705647587776e-03
3.292037406936287880e-03
2.332477364689111710e-03
3.901224583387374878e-03
3.816367534454911947e-04
7.485114037990570068e-04
7.400698959827423096e-04
-3.499563783407211304e-03
1.500840298831462860e-03
-2.533883089199662209e-03
3.193903248757123947e-03
-3.728776238858699799e-03
-3.098531160503625870e-03
2.524945419281721115e-03
-1.537367701530456543e-03
3.904156154021620750e-03
-3.453798359259963036e-03
-3.612914006225764751e-04
-3.482033265754580498e-03
7.856793235987424850e-04
-1.076272455975413322e-03
3.099154680967330933e-03
2.382704056799411774e-03
1.010973937809467316e-03
2.452853601425886154e-03
-3.390847239643335342e-03
4.432363311934750527e-06
1.829099026508629322e-03
1.646338729187846184e-03
-1.613873057067394257e-03
-3.111976897343993187e-03
2.344586886465549469e-03
3.551710629835724831e-03
-2.215533982962369919e-03
-1.075490959919989109e-03
-2.402048092335462570e-03
9.531902032904326916e-04
3.129104152321815491e-03
1.486398745328187943e-03
1.934969099238514900e-03
3.706376533955335617e-03
1.201952458359301090e-03
6.945232744328677654e-04
2.725343219935894012e-03
-2.218042733147740364e-03
2.098950091749429703e-03
3.088042605668306351e-03
7.361517637036740780e-04
1.299165189266204834e-03
-1.703857909888029099e-03
6.480046431533992290e-04
-1.799268065951764584e-03
-8.758511394262313843e-04
1.157123246230185032e-03
-1.415873412042856216e-04
-2.309503033757209778e-03
-2.419200493022799492e-03
3.594312875065952539e-04
-5.964987212792038918e-04
-1.130584976635873318e-03
-2.072936156764626503e-03
-2.479012473486363888e-04
-2.339797094464302063e-03
5.254865973256528378e-04
-1.039185677655041218e-03
-1.452764146961271763e-03
2.441543852910399437e-03
2.469812519848346710e-03
-1.964600291103124619e-03
-3.611261723563075066e-03
-1.040738861775025725e-04
1.247938605956733227e-03
-2.502205781638622284e-03
1.246825093403458595e-03
8.348801056854426861e-04
-2.682106103748083115e-03
1.574518508277833462e-03
-1.663035480305552483e-03
-1.227642409503459930e-03
-2.087859902530908585e-03
-2.524110954254865646e-03
2.542380243539810181e-03
1.148474868386983871e-03
2.084858715534210205e-03
-4.456335445865988731e-04
4.614130593836307526e-04
2.474382519721984863e-03
-2.629342721775174141e-03
2.135013928636908531e-03
-2.681721933186054230e-03
-3.800971899181604385e-03
2.480047987774014473e-03
2.207154873758554459e-03
-1.717038918286561966e-03
1.504349289461970329e-03
-6.200390052981674671e-04
-2.731744432821869850e-03
-4.744610487250611186e-05
1.719416351988911629e-03
3.506327979266643524e-03
-2.588175237178802490e-03
-1.924715237691998482e-03
1.996969338506460190e-03
