3.341108327731490135e-03
-2.160920994356274605e-03
-1.116055063903331757e-03
3.111495170742273331e-03
-1.846284372732043266e-03
-3.806158900260925293e-03
-5.635326378978788853e-04
1.129452139139175415e-03
-1.631931372685357928e-04
-3.395884996280074120e-03
-2.365512773394584656e-03
-3.771761897951364517e-03
1.181084313429892063e-03
-3.663447685539722443e-03
-3.793062409386038780e-03
-4.640442493837326765e-04
3.690032055601477623e-03
-2.224496565759181976e-03
8.297229069285094738e-04
6.502438336610794067e-04
-2.049314789474010468e-03
5.175576661713421345e-04
-1.966137788258492947e-04
2.590322983451187611e-04
3.815007396042346954e-03
1.099805347621440887e-03
6.785066216252744198e-04
-2.174967667087912560e-03
1.942561008036136627e-03
6.300707464106380939e-04
-1.547248219139873981e-03
-3.526947228237986565e-03
1.920314971357584000e-03
2.056738361716270447e-03
2.657436067238450050e-03
-3.310576314106583595e-03
-6.548067904077470303e-04
7.178687374107539654e-04
-1.494126510806381702e-03
-1.615992165170609951e-03
-2.583180088549852371e-03
-1.065089949406683445e-03
-1.832130015827715397e-03
-2.903918502852320671e-03
-1.452149241231381893e-03
2.812806051224470139e-03
-4.479971175896935165e-05
3.741959342733025551e-03
-1.905508455820381641e-03
-2.539189998060464859e-03
-2.684863284230232239e-03
2.295786747708916664e-03
3.221173305064439774e-03
-2.662753220647573471e-03
1.568053150549530983e-03
-1.583495992235839367e-03
-2.020110143348574638e-03
2.906053559854626656e-03
1.314559020102024078e-03
2.588024130091071129e-03
-1.610220409929752350e-03
3.590629668906331062e-03
3.078089794144034386e-03
-2.625343040563166142e-04
-3.234052099287509918e-03
-2.190266968682408333e-03
-1.603750744834542274e-03
2.788071753457188606e-03
2.271435223519802094e-03
-2.194695873185992241e-03
1.334193628281354904e-03
1.932030892930924892e-03
-1.790291746146976948e-03
3.557800082489848137e-03
8.963365689851343632e-04
-9.023956372402608395e-04
-3.213546471670269966e-03
3.466161899268627167e-03
2.809850731864571571e-03
-2.355048200115561485e-03
-1.694378210231661797e-03
-1.334747183136641979e-03
2.301882952451705933e-03
1.292221597395837307e-03
-1.382019603624939919e-03
2.649278379976749420e-03
1.046286546625196934e-03
2.769950311630964279e-03
-9.633052395656704903e-04
-1.047757221385836601e-03
2.846806542947888374e-03
1.451553194783627987e-03
-2.985008060932159424e-03
-5.345587269403040409e-04
-2.904323395341634750e-03
-2.317686565220355988e-03
-4.220216360408812761e-04
5.010822205804288387e-04
1.841093646362423897e-03
1.552119618281722069e-03
2.179854491259902716e-04
-2.233435632660984993e-03
3.815854433923959732e-03
4.555064078886061907e-04
5.661199102178215981e-04
-8.632189710624516010e-04
-2.931803697720170021e-03
-3.754253266379237175e-03
-3.733797697350382805e-03
9.315549978055059910e-04
9.403665171703323722e-05
1.046224730089306831e-03
-2.146083163097500801e-03
-1.895243418402969837e-03
3.223448526114225388e-03
-1.933326129801571369e-03
3.127850592136383057e-03
3.840153338387608528e-03
2.107091480866074562e-03
-2.432322362437844276e-03
-1.276862458325922489e-03
-3.158381441608071327e-03
-3.933592233806848526e-04
-1.691030571237206459e-03
3.264247672632336617e-03
3.381606191396713257e-03
-2.592490054666996002e-03
-2.903775079175829887e-03
-1.210295231430791318e-04
-3.178815532010048628e-04
-2.504861913621425629e-03
8.873418555594980717e-04
2.409194363281130791e-03
1.115051447413861752e-03
-1.114049344323575497e-03
-1.560660894028842449e-03
-3.735620761290192604e-03
2.057427307590842247e-03
3.046101657673716545e-03
3.673280123621225357e-03
-2.146448474377393723e-03
-2.701022895053029060e-03
3.867208026349544525e-03
1.688862685114145279e-03
-3.695928957313299179e-03
-6.701386300846934319e-04
-3.207147354260087013e-03
-4.041818319819867611e-04
1.298120943829417229e-03
-3.073258092626929283e-03
-3.147415816783905029e-03
1.357681030640378594e-04
-1.530859270133078098e-03
-8.829095750115811825e-04
6.308850715868175030e-04
-2.472470747306942940e-03
3.622443182393908501e-03
2.143316669389605522e-03
1.488082460127770901e-03
-4.710285866167396307e-04
-5.326416576281189919e-04
-1.792422030121088028e-03
-1.971213612705469131e-03
-2.892903750762343407e-03
2.466981532052159309e-03
-2.353280317038297653e-03
-2.141770441085100174e-03
-3.129924647510051727e-03
1.550014712847769260e-03
-1.503351493738591671e-03
-3.247080370783805847e-03
-3.129643155261874199e-03
3.543488215655088425e-03
-1.279432093724608421e-03
1.627067103981971741e-04
2.914744429290294647e-03
1.996390055865049362e-03
3.382122609764337540e-03
-3.602144541218876839e-03
2.618252066895365715e-03
-1.568424864672124386e-03
3.171823685988783836e-03
-1.223802333697676659e-03
-1.220087055116891861e-03
-3.006452927365899086e-03
1.709001022391021252e-03
1.857628230936825275e-03
4.632380732800811529e-04
1.743330503813922405e-04
-3.456770209595561028e-03
-1.748809008859097958e-03
-1.369788311421871185e-03
-3.217656863853335381e-03
2.923657186329364777e-03
3.160379128530621529e-04
3.179722465574741364e-03
9.041879675351083279e-04
3.096839413046836853e-03
-2.911088755354285240e-03
1.083186711184680462e-03
2.273039426654577255e-03
-3.669044934213161469e-03
3.181841922923922539e-03
-2.352826762944459915e-03
3.890819381922483444e-03
-2.061094623059034348e-03
1.724725938402116299e-03
1.034815068123862147e-04
-8.495295187458395958e-04
1.503569772467017174e-03
3.370427060872316360e-03
2.874084515497088432e-03
1.958156703040003777e-03
2.372595248743891716e-03
-1.851951354183256626e-03
-3.685401985421776772e-03
-3.508467227220535278e-03
-1.570492895552888513e-04
1.083884737454354763e-03
-1.427821931429207325e-03
1.827882369980216026e-03
-3.811470232903957367e-03
3.199630184099078178e-03
-1.463393098674714565e-03
-3.427252173423767090e-03
-2.162925433367490768e-03
7.673159125261008739e-04
-4.673878429457545280e-04
2.590988064184784889e-03
-7.476462633349001408e-04
3.324159188196063042e-03
-1.132506877183914185e-03
-5.604434991255402565e-04
-2.590621123090386391e-03
5.148255149833858013e-04
5.958899855613708496e-04
-3.560317913070321083e-03
-2.971885987790301442e-05
3.362742951139807701e-03
-1.124627422541379929e-03
-1.961342990398406982e-03
2.766134857665747404e-04
2.835222985595464706e-03
-1.004391815513372421e-03
-3.414266277104616165e-03
2.760095056146383286e-03
-3.340849420055747032e-03
-2.036952180787920952e-03
-4.294289974495768547e-04
3.832242451608181000e-03
1.902789692394435406e-03
2.343711908906698227e-03
2.626431174576282501e-03
2.712895628064870834e-03
-4.251158970873802900e-04
7.198597886599600315e-04
