-1.814859133446589112e-04
3.041394986212253571e-03
6.342830602079629898e-04
-1.339975395239889622e-03
2.936893608421087265e-03
3.371227066963911057e-04
1.259499549632892013e-04
2.853367943316698074e-03
6.617378676310181618e-04
-1.525234081782400608e-03
3.270863322541117668e-03
-1.654337625950574875e-03
-2.651179442182183266e-03
-3.466150490567088127e-03
2.118768636137247086e-03
-1.414400292560458183e-03
-3.902644384652376175e-03
-2.668110420927405357e-03
2.583833411335945129e-03
1.384047092869877815e-03
2.581164473667740822e-03
2.836313251464162022e-05
2.655440010130405426e-03
1.159153878688812256e-03
1.984295435249805450e-03
-1.986131304875016212e-03
2.135436981916427612e-03
2.278928877785801888e-03
-8.385818800888955593e-04
-3.816987853497266769e-03
-3.609073814004659653e-03
1.834030146710574627e-03
-3.038265742361545563e-03
-1.933877123519778252e-03
3.063524374738335609e-03
-3.857007541228085756e-04
3.271645400673151016e-03
4.098384233657270670e-04
-2.617254620417952538e-03
2.412748057395219803e-03
-1.576812006533145905e-03
3.560570534318685532e-03
-2.697525080293416977e-03
-3.976156003773212433e-04
2.429976128041744232e-03
3.859451040625572205e-03
3.205648856237530708e-03
-3.761263098567724228e-03
-1.980439294129610062e-03
-2.339271828532218933e-03
-3.304827259853482246e-03
2.074229530990123749e-03
-3.456079401075839996e-03
1.090129488147795200e-03
1.553849433548748493e-03
3.577455412596464157e-03
-1.745931687764823437e-03
3.458646126091480255e-03
7.102080853655934334e-04
-2.109545981511473656e-03
-1.907076803036034107e-03
-2.902293927036225796e-04
1.263118232600390911e-03
9.103989577852189541e-04
2.103541977703571320e-03
4.740743606816977262e-04
-2.074515912681818008e-03
-2.588064642623066902e-03
1.060289923771051690e-05
-2.411339664831757545e-03
1.018434762954711914e-03
-2.751338179223239422e-04
1.999793341383337975e-03
-1.142099732533097267e-03
3.216019365936517715e-03
-1.721438369713723660e-03
5.636624409817159176e-04
-2.277698367834091187e-03
-1.717296661809086800e-03
-2.904987893998622894e-03
-2.383658662438392639e-03
1.278499257750809193e-03
9.442925220355391502e-04
2.015944570302963257e-03
9.916871786117553711e-04
-1.311860280111432076e-03
7.712799124419689178e-04
1.148486626334488392e-03
1.769925816915929317e-03
2.003095432883128524e-04
-2.324835222680121660e-04
3.389437217265367508e-03
-1.759928767569363117e-03
3.580958349630236626e-03
8.500685798935592175e-04
-1.303624303545802832e-04
-3.262849990278482437e-03
-1.422745408490300179e-03
1.300574280321598053e-03
1.990155549719929695e-03
-1.358477515168488026e-03
3.216116689145565033e-03
3.004570491611957550e-03
3.141735447570681572e-03
3.445368492975831032e-03
-2.660064259544014931e-03
-2.018533414229750633e-03
2.384693594649434090e-03
-3.088266123086214066e-03
-2.335397759452462196e-03
-3.259304794482886791e-04
-6.869602657388895750e-05
-2.921608509495854378e-03
1.969839446246623993e-03
3.081537783145904541e-03
1.317456481046974659e-03
2.788941143080592155e-03
-2.273047110065817833e-03
1.324542332440614700e-03
2.902720123529434204e-03
-3.405256196856498718e-03
-3.659614827483892441e-03
1.969611737877130508e-03
3.446840913966298103e-03
3.611564869061112404e-03
-2.559604123234748840e-03
-2.234596322523429990e-04
2.031894866377115250e-03
-2.121067838743329048e-03
-1.769442693330347538e-03
3.471795702353119850e-03
8.548632031306624413e-04
1.827307976782321930e-03
-1.197512145154178143e-03
-2.839820459485054016e-03
1.848779618740081787e-03
-2.175139088649302721e-04
-8.000783855095505714e-04
-3.221243154257535934e-03
2.019971841946244240e-03
2.477370435371994972e-03
1.908294158056378365e-03
1.583795296028256416e-03
3.727738512679934502e-03
1.480873906984925270e-03
-2.769430866464972496e-03
2.819628687575459480e-03
2.928880043327808380e-03
-1.910517574287950993e-03
3.567739855498075485e-03
2.961559221148490906e-04
3.855332732200622559e-03
3.122691297903656960e-03
-2.783521311357617378e-03
1.482754130847752094e-03
-2.910391660407185555e-03
2.024393063038587570e-03
3.175342921167612076e-03
-2.839063061401247978e-03
-8.027160656638443470e-04
8.655491983518004417e-04
1.897277426905930042e-03
3.779310500249266624e-03
-2.767698839306831360e-03
8.062393171712756157e-04
2.548310440033674240e-03
1.427252078428864479e-03
-1.917185494676232338e-03
-2.503230469301342964e-03
2.794412430375814438e-03
1.076658372767269611e-03
5.135826650075614452e-04
3.744295099750161171e-03
6.674435280729085207e-05
-1.910156104713678360e-03
-7.742572925053536892e-04
4.012887366116046906e-04
-2.857321407645940781e-03
9.633017471060156822e-04
3.373676212504506111e-03
-2.428638283163309097e-03
1.157298800535500050e-03
6.683674291707575321e-05
-2.283179899677634239e-03
3.768757916986942291e-03
3.553004236891865730e-03
3.687534946948289871e-03
2.277674153447151184e-03
2.439240925014019012e-04
3.235987853258848190e-03
-6.113819545134902000e-04
-2.105709572788327932e-04
-1.358758076094090939e-03
-3.899910952895879745e-03
-2.488328376784920692e-03
-2.443199045956134796e-03
-5.269341272651217878e-05
9.171683923341333866e-04
-1.845635822974145412e-03
1.294523477554321289e-03
3.387197502888739109e-04
2.203519921749830246e-03
-2.070199465379118919e-03
-2.915411023423075676e-03
-1.180948689579963684e-03
-1.461789128370583057e-03
3.454276593402028084e-03
3.259810851886868477e-03
-2.668316476047039032e-03
2.540705259889364243e-03
1.719980849884450436e-03
3.256457566749304533e-04
3.383991075679659843e-03
2.299674670211970806e-04
-1.502237981185317039e-03
-2.298092585988342762e-04
-1.210409565828740597e-03
-2.684373641386628151e-03
-1.482939347624778748e-03
-2.880862448364496231e-03
2.880421234294772148e-03
2.039092592895030975e-03
-8.983931620605289936e-04
-2.283609705045819283e-03
2.898110076785087585e-03
-3.557924646884202957e-03
-3.652731422334909439e-03
-1.115203602239489555e-03
2.261707559227943420e-03
1.997862011194229126e-03
-3.084563184529542923e-03
2.192979911342263222e-03
-5.853718612343072891e-04
-3.040648298338055611e-03
3.619758412241935730e-03
-1.123181544244289398e-03
1.883578486740589142e-03
2.844452625140547752e-03
3.866929793730378151e-03
-1.191540039144456387e-03
-1.357663189992308617e-03
3.015991533175110817e-03
1.363431336358189583e-03
-3.305824357084929943e-04
2.337776124477386475e-03
2.844637259840965271e-03
-3.005395410582423210e-03
3.418145701289176941e-03
8.996492251753807068e-04
3.023823257535696030e-03
-3.838820339296944439e-05
-1.633476815186440945e-03
-2.305375877767801285e-03
1.635161228477954865e-03
-1.599252922460436821e-03
-2.990724751725792885e-03
